365
62 15 55 43 93 30 44 62 62 23 37 36 85 59 41 100 72 64 26 76 51 62 69 7 34 89
25938 15008 16647 11103 12772 11682 25164 22363 10657 9244 13522 10969 11022 1627 7268 16340 11019 26442 15015 20128 11942 21559 17716 14457 7603 23776
9343 24135 19849 11147 15470 30651 9770 11425 18322 7910 20453 11237 20359 563 9536 21622 10014 9074 19436 19867 11236 24717 24765 24244 13200 19576
16044 13640 19442 9627 9222 15379 15229 12937 15048 11935 20967 9805 16273 7984 22419 21826 13224 18793 33077 6874 14778 10747 16055 13099 7800 24463
13712 22425 24318 15141 10026 16021 19909 17589 10403 18651 14199 5083 23124 7035 7841 25206 12908 25227 24704 12848 18232 9677 8539 18259 18078 20290
23849 15840 7471 10006 12346 4259 11438 17249 11390 18599 10496 10646 10304 13618 15270 14493 17380 18900 9410 6946 10141 34925 16765 19582 4567 13103
5549 25784 12120 11330 10664 16282 12324 27164 3641 10482 11138 8581 17775 16451 13079 22230 20054 20305 29905 16255 10747 17884 18764 14945 5894 16490
17235 8353 15048 6111 11434 22211 3307 15094 9360 15603 16222 13564 16580 16582 16125 18405 14990 21565 20501 15935 10150 16157 17689 21082 7806 12576
15442 14248 15988 7801 11703 26150 9692 19045 18891 13947 14213 10379 29779 11176 18134 16503 10783 11056 22174 26792 9778 14269 16178 11080 17823 19742
12195 7016 18626 7995 15639 9589 9499 7071 24373 11729 22487 16075 14783 5463 16826 17670 11766 3681 13639 11638 14199 20003 21366 21204 6082 21906
19401 15157 16518 11650 15843 14906 5796 3694 4373 12419 13569 10343 17390 0 22141 16877 16274 13376 14529 19406 15055 15396 21494 7989 5630 18041
9809 5002 11093 20556 11364 7090 10755 9731 11503 11907 9476 8740 21915 13279 13389 20256 15236 12125 20829 22902 11758 18095 20736 17872 2497 22191
12301 16342 11729 9055 12130 5004 6222 0 18559 13626 17804 12556 16754 7255 17876 13323 13565 17152 14097 9881 18171 16476 19778 28490 13937 19749
16490 18895 15955 13266 13040 15773 2875 22492 17300 9912 20376 11385 18127 8594 21126 13286 16975 4272 24159 10490 8967 34399 21938 5809 12373 29168
14159 16520 20707 11081 10601 7195 2089 9730 12162 11817 13650 19183 17781 8552 15702 19948 13422 17135 15629 20809 20914 15128 15037 13526 4095 15717
9817 20672 17323 6838 8993 18029 13567 26463 0 6448 3301 12215 22352 7819 17928 15437 12748 2522 33814 20218 8260 12915 20760 14421 19994 11317
14217 21910 12785 15950 11534 19180 10309 12551 18638 7125 8204 15010 11740 6978 18670 8603 18007 8587 20516 27668 6159 20649 21168 24030 9572 23869
13283 4630 13793 13155 12770 10578 16959 16048 9909 15283 12505 11226 27116 3433 13754 13229 18812 17031 26270 25055 10451 30974 25163 17619 6341 14621
16929 9871 18273 8662 13762 13390 6862 7025 12213 8299 19386 12096 11400 14979 13085 18987 17175 20489 17048 21492 10595 11109 25952 7795 5028 24802
24055 11338 15243 17522 12086 3908 21507 12398 7812 8263 5698 11097 6702 11596 11099 8318 11805 26360 10702 11877 8420 12833 18463 16691 13709 24401
17916 13019 12284 5978 14642 29343 19278 20340 8106 14188 12658 18266 19769 11214 8741 17027 17913 24221 13185 13947 8525 17220 11928 20415 1672 19250
5319 5575 14017 19319 14534 15089 12313 4887 8771 11753 11023 13063 13049 9673 16686 15955 15709 15527 14089 7854 7749 26959 19296 23622 4295 22780
17822 19566 17798 13771 12325 22627 16026 0 12280 15938 12205 9054 9341 11038 14661 17498 16034 15086 21296 18045 16180 17434 23358 7694 4498 20425
17447 7211 23118 8772 21312 14529 1078 11011 18730 10531 16757 5508 15266 7987 15631 15975 11964 12880 34363 12055 14884 10263 19114 20098 6735 13851
11099 17992 17168 11457 9907 9735 5775 26534 3125 13677 26905 9038 10168 9512 13908 15413 19229 13290 9995 16988 10597 14177 23731 21919 19557 20059
18399 21513 18322 16431 15251 0 3259 16105 7587 14860 24873 10959 17336 9208 12699 17577 17558 11059 32238 15453 13818 4980 23844 12673 23819 20034
20581 27050 12468 16966 14584 18347 21129 13301 7065 15441 18673 9158 17217 19576 14392 20198 12541 16970 20901 4486 13872 22219 12473 23210 19896 21107
19671 14013 20555 17557 13907 7772 13838 1766 14770 15009 11738 10897 17806 9002 19577 13902 18421 18023 6487 16758 11362 7600 19283 17312 23808 17377
11015 17708 18412 6862 9392 26070 6898 4968 8212 17621 15838 9547 20185 7569 12801 16715 12032 20203 21000 13249 12578 5474 11952 15138 13072 19800
14588 22141 15562 20473 13146 20534 8772 6483 18933 10949 16762 19537 10995 10954 12734 22723 15144 31644 16601 31240 14471 20926 21249 5399 20670 21339
9488 2075 21221 15836 8497 15631 9896 6284 10900 16199 16665 15368 14140 13258 7684 10176 18798 18973 20175 20228 7806 18594 15624 7113 12456 17120
18614 22065 15828 10147 14985 22361 7176 12509 14221 15030 15251 13950 11733 7590 10727 17437 17252 27921 18367 11633 16038 19640 18772 13939 14751 20884
10210 29976 13599 15157 14751 28447 8545 27244 14957 17558 26795 10776 19487 5785 4052 15220 17242 21528 14357 15952 7308 31938 14365 19903 14143 20452
12851 20361 17320 13786 14485 19518 10810 14373 12054 11542 16263 9758 15491 7221 14839 15213 11118 23562 10952 15600 15231 21597 18112 20964 10448 12003
15225 18673 19251 17140 9729 14352 8563 18364 13355 11474 16058 18473 14333 1132 12443 15722 12523 13071 13447 24347 17202 28837 21912 8940 12254 25330
13009 10655 20326 18673 9471 20635 7229 11094 9519 5015 15102 9691 11165 10877 19578 19682 19218 17328 24668 17151 15851 25957 18045 26060 0 19202
16681 11535 15435 11836 12905 24001 9652 14298 23198 14750 1054 6445 6863 9855 5822 17776 12783 15407 23833 18078 11871 20713 15569 21914 12121 18481
19210 26631 20366 13497 13712 19287 15797 18274 17731 20190 20985 8968 11372 8405 12448 13510 13973 11682 12318 9085 15152 29358 23930 17251 17497 10158
15782 24887 17777 8501 10597 7312 16187 17363 21604 17040 21416 6621 14957 2760 16084 25207 15116 5526 19583 6050 10239 14317 16342 30588 18746 13855
10242 16983 21454 13451 11938 8585 7510 28186 5786 12998 14516 15036 11013 14628 9375 23329 12160 36366 17842 18192 8404 16914 15050 19062 4594 18580
13290 12893 13961 14561 13063 21548 6525 19126 12023 8713 21268 13119 18250 23741 4725 12383 16579 7451 25328 20611 11483 19480 16218 15873 12941 21045
11481 5241 19932 10297 12575 22860 15407 21636 5336 9228 8384 11167 18161 15294 11125 15934 15260 12347 15950 16612 15392 16061 24329 12974 11733 18239
13409 4935 9550 10201 11167 12019 7534 25041 13288 10608 9016 11884 17786 5241 13513 26266 13378 32896 4412 23947 8017 26590 24166 11042 18143 17265
9196 17432 18492 19488 14268 16751 21177 15858 3776 10412 17752 10152 12611 7543 19474 21364 16993 11777 24778 21825 4561 8688 22896 13944 15715 19924
9787 17977 18291 17184 8706 29245 9621 14278 19068 14735 20825 4196 19493 15410 20944 25635 15844 8672 16459 26364 15906 19126 22053 17786 16549 21398
15296 15314 15887 11308 16549 20521 5121 14997 17254 12707 6132 13593 22361 7721 8935 16728 11084 15068 5468 18641 11636 20853 18922 11068 6974 19885
11822 8154 18552 16951 16015 22419 0 6268 12657 12327 19397 13337 13252 19416 25755 7286 12729 4443 29230 18866 12207 13365 19396 10509 5930 21832
16249 19299 19957 7222 16409 16537 2897 16121 18590 14615 11196 10947 20187 15836 15582 10166 19002 5514 28272 24018 6499 30875 16823 16516 368 15512
13814 31793 19911 20513 17426 10165 7087 27361 18547 13667 16064 9799 19595 16179 17381 25592 18395 30968 22898 15296 12347 16845 19933 23626 6630 18120
17354 9648 6255 14620 10419 17375 13680 21257 5953 11361 12426 8536 14668 7547 11243 24906 15115 9319 25659 21796 7985 14310 25167 16509 8247 16884
20604 7342 17727 9965 10794 17457 9418 5296 4256 8914 19435 8561 16499 9700 13456 21550 17233 14115 15448 17435 15718 6777 9454 20082 4327 17122
16556 8853 11185 8482 15129 13853 11400 16596 4498 16394 9754 14176 3027 12580 7662 18748 13014 10622 11324 20380 9628 13990 24284 15454 1728 18052
17956 17616 17792 6161 11203 7483 13738 18948 19228 18871 15384 14670 15481 10791 15727 16759 13667 32736 15231 12600 14479 21125 23605 16707 13384 18907
13122 13092 11219 10562 11015 15778 1005 26409 8713 12903 20311 10532 16619 2844 13119 26582 14523 10284 27653 25421 12436 23845 17515 13045 7788 20402
18494 20466 12746 12943 11150 19939 12735 0 15395 9295 18757 9445 16142 10526 6548 23656 12810 15281 20283 11764 13613 22224 16112 11662 6747 23717
12463 10313 15341 6789 10418 27635 12627 19327 3732 15958 17379 5689 20100 4762 12762 17123 16902 38995 14507 11861 9105 24733 16382 21787 6271 20184
9445 13948 17784 11187 10206 20774 6102 13746 10218 8474 18600 14046 13047 17304 8564 21252 15936 16038 30955 12097 4146 10496 20216 19937 17905 29584
22425 14189 13860 10900 16714 11486 10344 23970 11692 7143 14210 8558 19613 14297 9444 17730 17555 7595 13370 17613 15649 16476 18741 13521 9736 21007
16043 20336 17460 19589 15537 11388 14719 29259 1948 10919 2048 10891 14137 12168 9004 16164 13171 15518 24252 18790 13706 23417 27515 9710 6125 17087
1271 2770 15194 10237 12978 6775 1945 22552 20476 13203 17228 7951 15602 13282 14572 24130 14779 22041 21403 15331 10857 8979 16012 20498 16840 22556
14076 20708 14884 16959 12481 15937 17742 19713 21787 14274 12050 10120 22927 1980 14379 16291 11854 16669 18494 15823 16446 17327 14647 12110 1807 18548
14806 2622 14986 8126 11967 24665 24533 6909 12725 14254 12678 9134 23660 9499 11733 15457 13267 28692 5894 16333 9480 11334 17398 13128 12096 22090
15073 0 11233 11821 10112 13342 4625 20851 11093 20567 8155 18942 17390 14000 17016 21895 14349 20767 23891 28936 12956 17619 21267 8925 14989 18705
10306 12886 11784 7696 13355 21763 13548 17707 12701 2658 13890 11576 23567 18892 12595 21451 16674 18953 3040 13806 16007 14515 14492 23620 17474 20370
13822 13451 12120 20046 15291 22387 11164 16260 11140 25776 6650 6445 15513 14877 12600 20895 16130 20063 1672 19544 15620 23359 21497 5171 12915 16513
20008 14433 18437 20540 10683 11409 7390 19190 8557 11211 24740 11811 12238 9051 11643 15856 14703 10834 22459 15766 10850 20376 20425 14827 14310 23086
10917 15471 19420 11574 13668 13373 13404 7247 18535 13501 18320 6492 21969 20868 11851 21820 11753 9058 22579 23536 5883 23744 23211 5131 3208 20759
17392 30045 11896 9407 7682 20761 25467 13699 13311 23359 5462 10880 25151 10913 4857 14874 13425 8365 17266 11553 15110 14912 16191 15294 25884 21455
13365 36324 7841 18500 7287 10370 13465 24254 11079 11335 18063 15934 8394 10257 17891 21739 14371 13525 22501 24577 11475 24030 15296 19697 8803 14439
17614 12443 22125 12083 15395 18691 9898 3597 14998 6320 19266 16097 12414 6803 17093 23414 12113 21141 17705 7295 16146 6184 13692 6568 6192 16049
8400 18326 22817 14155 10882 25451 3539 7054 3102 14260 23912 7577 466 11608 15841 17003 17198 8598 27760 14364 18161 23173 21070 26977 14698 22251
17277 17497 17994 10669 6513 25309 13141 0 7000 11381 20807 13822 20744 14875 24240 11514 14957 33650 36083 19178 11883 26895 23253 17894 6437 24780
16378 16820 11532 11076 9708 0 10494 24630 6591 15175 24681 18560 21259 14206 15944 18189 18807 6092 21823 13604 11282 24352 12365 16019 12952 19768
12744 20589 14632 12262 13312 4352 8040 12332 9711 5959 6382 10616 13313 8540 13496 21544 10481 15204 23721 19531 10222 10148 20803 18069 0 14330
9538 7968 12503 17238 14305 17885 16022 28553 16414 21569 16619 14299 16401 7908 18257 24400 14996 27076 10301 25380 13443 19154 12240 8763 12330 19158
14113 8873 10853 10780 12389 18839 5071 10595 16131 9133 13972 15238 24022 4027 17021 25157 15398 7869 10336 11828 10751 20391 21453 0 7237 25223
11290 14092 15592 9725 17230 16277 7965 20948 11031 14320 27778 10422 9279 11129 8937 21296 14348 10983 13099 20766 16671 25366 13120 27717 16084 18262
14877 3905 13273 15919 8974 23864 12044 24941 18232 11664 19404 10796 13215 17229 20305 15266 14912 18356 23952 27915 6315 12659 18413 12922 4541 20831
7478 7870 18942 7706 15175 18555 15571 29642 9216 20511 10398 15868 17862 13559 8596 24450 13037 16350 24927 19232 13146 14041 11358 6169 10421 25125
16098 16120 14050 12365 10430 0 15368 13290 14416 9503 20071 10343 13919 276 8492 18758 18010 6946 17700 18099 14961 19530 25876 8336 18202 24645
15797 29721 18774 12049 7363 25925 0 4894 7982 19390 11703 5494 16117 18569 11955 26599 9771 20747 26274 5449 9171 14272 12842 15734 12590 12379
14027 10102 18398 15475 9008 18218 19731 12983 7475 11393 14300 9221 23294 11581 17490 17142 13929 2189 8405 14268 13993 14851 24716 8325 9052 16039
22981 19875 20708 6849 7851 23496 1697 21015 7560 9436 12116 13457 11855 6613 11830 18529 13738 11782 20588 23656 6119 14612 17131 15590 26969 22975
18001 10711 15820 11265 10130 13801 16512 22351 14130 12479 22857 18698 7307 18199 20672 19278 13913 26543 18460 19420 12946 21228 21540 22234 15132 15368
6446 9764 19428 16083 13213 16388 14278 10798 14820 13517 20207 11609 13576 6984 5620 15744 16919 21644 23761 9313 9358 18921 16256 10049 9432 10938
12287 18881 18349 9484 16412 14010 12624 26992 9579 18751 9978 9336 17928 14533 10447 11352 14836 21556 13042 14003 14860 22886 22560 14468 13378 16337
19329 360 13898 9539 14445 13722 7668 7276 13881 21698 29400 6258 7258 6289 10824 19961 13962 26330 20841 15324 11310 19172 13247 8676 1654 19755
14999 18625 8224 3495 11107 15258 10828 12297 12560 21999 18009 13249 23571 7994 14191 18256 18180 9089 11355 15175 15066 23021 18497 13196 9607 20628
11558 31369 9160 11744 13214 24283 9333 13720 4387 17066 5863 14402 14165 13715 20205 16724 15625 22571 24164 20424 9838 20448 16279 28438 16291 29766
12060 16377 14046 11236 15382 23631 6094 13729 19854 14626 5877 11628 20636 19834 16127 11078 11227 22606 29742 19238 15164 20872 22205 20403 15517 14626
11537 14220 14938 19141 12508 19662 23792 26840 8916 7666 15219 8221 9307 27868 20284 11511 17444 21713 16413 14027 13628 21163 13074 11680 9493 15348
7746 6133 15993 10834 9690 18228 19663 19458 8562 13391 10917 9709 12807 16876 20465 22286 16781 15256 15598 26998 13890 11907 20110 19221 16666 24905
13211 19587 651 14888 14922 1648 15540 4321 11939 9707 14631 16430 13111 19765 15054 20360 16187 30161 20689 21351 8920 19638 26829 23989 7044 19707
12892 25529 9572 14510 13045 8519 11570 15518 11137 11047 16156 12128 19188 5593 16664 24587 16805 7470 16532 14165 11773 15459 18407 15256 7533 19333
17841 15111 22791 19448 16334 7624 9874 18703 9543 20114 19233 15401 19132 11491 13470 17471 12752 4355 9394 18422 11082 32433 26348 11024 2890 23128
22473 21755 7725 11970 13596 16266 16275 6442 15235 16830 16109 11556 6645 4054 10418 13576 13551 17893 16300 24519 9427 27829 15255 25281 11191 12799
16580 5763 17718 8294 14573 21825 14574 6943 7382 15919 15983 8590 15202 16583 23498 23602 14152 9951 23870 17196 11683 20032 14714 12889 13783 10066
14386 7140 15901 14900 13507 24414 12481 14002 17950 1655 17839 8824 12126 14123 16849 26799 11674 23443 13527 15220 12513 17291 25495 21196 13858 17409
17709 19871 12836 13763 16422 11598 14173 5960 18543 12648 8560 12813 18996 3614 20669 24566 12902 16258 15043 22690 9252 38252 15860 0 9153 14174
17172 11280 20694 12198 11493 13545 14194 19781 17510 13511 16864 14610 19625 19413 12278 20471 14550 14699 16033 12317 22132 28932 18235 26677 15088 15360
22862 15440 15894 11706 9881 10296 6103 21808 13767 15721 11973 13375 6337 7963 8018 17356 12605 9762 9617 19381 11671 7534 15971 16082 10884 19342
8268 1099 16095 13893 8901 17560 4519 20343 13485 16407 11174 9563 15711 9918 17272 19718 19105 22399 21221 15732 11631 21081 20448 31959 15186 18819
16880 18988 8841 9696 12551 25799 7146 15799 14441 17520 6299 6434 17397 8175 13975 19050 15207 12623 13418 20176 8617 18638 26436 21597 3838 18612
15273 18573 18690 16152 14936 18249 8841 7471 27525 18830 16701 10101 11729 13379 16904 15743 16387 12497 22506 11425 11326 21533 16324 17284 15022 21536
20221 17407 12446 6524 14949 7813 12610 7435 13542 12779 14001 8699 15855 9784 21257 29193 16769 547 29718 16780 21395 20171 21328 17425 8741 21495
16919 20321 17857 9871 13736 21338 11691 20871 15399 16100 13168 18537 14368 13840 7564 26186 12267 20440 15973 14955 10949 12773 14062 20380 0 16393
24119 18326 15358 19011 13107 10139 21631 1999 0 10773 10881 8586 17626 13711 10893 9115 15785 21406 16106 18777 14660 6447 16450 8558 24623 21600
21294 21071 14688 11242 14220 12109 12286 21338 13492 16173 20345 17069 25665 14316 14732 20808 16514 37326 15773 19728 8518 19473 17415 20199 16733 16775
12010 12050 12927 9433 13440 17743 19031 20389 5279 21426 17007 7031 17825 6036 12886 15121 13868 26375 16275 12510 11948 17567 21004 18689 0 14148
9303 19262 15704 16199 13690 23426 9373 19548 18668 20308 20195 15302 9909 21064 12960 24305 16690 17848 18183 21054 15523 12872 21797 15311 17775 18008
18792 11330 16992 15064 14460 23593 7999 11886 6944 10250 23577 9539 8203 17468 19007 13673 19049 19663 18836 18747 13942 23571 18817 16289 14169 25075
14191 27922 12882 16147 15796 16567 17158 6764 14056 17247 10222 10832 24591 8898 10906 8718 13174 10225 20221 23553 12635 12567 24606 25282 3490 23137
19732 13642 19150 17585 11380 13191 6431 20614 12978 17618 20682 8028 17671 8850 28819 16621 13267 14460 8964 26026 17608 20103 23515 20681 10978 19859
8709 1178 14248 14660 10027 18291 10744 23467 10182 12342 8223 7792 15556 13314 14703 17996 13000 11594 7152 23314 20255 22444 21532 14648 19909 20190
16482 7369 9999 14226 11906 8415 9919 11502 13411 13222 13258 18182 10577 12245 17772 22741 14336 15496 22802 28691 18950 20443 11902 7170 14286 23341
11960 4875 16779 10156 9902 21016 4944 10934 17687 14946 11584 12752 10535 15749 10670 20385 12239 16103 11696 20948 12575 15875 16631 9099 2546 22468
23867 11976 18105 11048 9820 16539 13622 11245 9307 20405 11386 9404 15146 11662 16554 23511 15775 854 16430 13007 7586 17148 22919 15791 6126 18010
17401 3487 23420 8961 10622 21221 0 6175 4500 19480 14784 8058 15251 19054 3642 13735 13892 20036 21950 24079 9485 18990 16386 11466 9424 18974
17840 15764 15842 9942 12334 23132 14389 19454 15822 17940 6159 12432 17316 12849 12600 14138 15236 19901 26931 23908 9574 11262 25307 18184 11017 16066
12052 24351 11882 17899 10616 27310 8378 11828 2336 20500 22605 9139 15625 12902 18792 11068 13456 30691 15926 25187 9672 8219 26743 22693 3724 12862
24156 7340 16894 14996 12243 17753 12827 17984 12907 11072 5836 6350 15962 23435 14486 21233 9820 17467 15134 15643 9883 19150 18350 20646 6942 20458
22125 12355 17328 14065 13160 19274 13525 13975 15937 17158 14918 8619 15537 7761 11538 17854 12243 15823 14439 13645 5460 22573 24968 17225 4996 20374
7017 3661 16958 18318 12101 19722 3288 7905 10210 13786 21623 8159 2925 13416 20527 20860 17020 22084 28071 10025 11493 32348 9133 19796 5381 10238
10980 31838 16370 11758 14479 27112 0 18824 12752 13170 13722 11814 18370 11516 14717 18163 14941 3471 11108 11737 13758 22561 18944 9339 16392 19849
11673 5957 9119 13955 10561 14422 2671 0 8565 3033 17830 12308 20175 10989 14549 15000 13726 20426 23437 18355 8126 17157 26946 5972 12302 16904
15189 14271 17025 10266 12100 6588 16909 15525 6933 7138 21565 3977 11942 21005 13723 22411 14189 10748 12936 24736 13232 32012 17907 12017 19272 24877
19614 16852 18005 17591 6380 13402 3432 25202 12037 12117 0 7756 15972 8463 16911 16749 15296 7868 20081 17877 17409 24516 19681 18938 12082 18823
11541 16949 20429 13534 10818 23459 8766 12667 13073 12789 18198 14980 7948 13842 4926 16132 11749 12178 19248 23297 17299 21834 15841 8650 20110 23675
17451 14254 11159 14213 15126 15861 8162 13991 5971 9580 24809 12675 8890 4784 18934 19431 17309 20281 25630 8122 14236 21887 19225 13845 5011 18635
13308 17805 19704 15868 9273 27056 5192 15170 14989 10460 22839 18301 17112 12016 16080 12694 12192 13051 17696 23742 11941 12933 19882 19600 11305 19646
19311 11188 21758 12842 15172 24515 14083 22665 13759 4976 18691 8682 12048 9076 12423 20492 15069 13542 28572 26105 11375 26254 22153 14210 10582 14163
19994 8489 20612 11413 12432 17672 7915 8217 9313 7037 12228 11775 20279 23675 13976 25873 15874 27140 21589 7758 13167 13003 27505 17829 16230 17216
10215 19153 21917 17954 11195 2746 10649 19396 6179 16164 25400 12168 4171 11488 11285 20004 13296 23601 13182 18150 14717 14372 18783 17871 10625 20357
6726 13189 11277 13612 15805 22094 19476 17645 12180 10884 11809 9936 22189 13319 16241 19364 16993 25447 6475 15658 16377 16407 24322 12518 10629 22352
13387 15128 14272 16029 14293 28473 4429 7974 13352 11835 25148 13858 22314 12032 19186 22680 17613 6720 23294 15236 3387 12578 20430 22620 12140 18945
13490 24464 16827 12162 12653 8366 8077 5708 22799 13761 17335 12720 10344 17664 11800 26691 13078 16733 23647 15914 12102 21840 12453 20800 6762 22380
25765 19990 16847 11778 14793 21669 7009 7822 15389 6841 16747 13404 15736 18522 20603 13984 15909 6165 11005 13364 11019 10532 23445 11066 13757 17580
21869 23355 13850 14578 10708 9058 17181 13792 13352 12914 18904 12873 19352 10518 13294 15322 12160 32505 13810 5336 16808 13585 19800 11885 8891 22157
10770 1 12189 11466 15684 10342 10701 19630 236 8354 14773 13724 15430 8465 11263 15387 14154 17395 28050 14682 16926 10227 18940 17657 15076 21423
11362 20715 19092 10673 10539 10937 14862 3311 11936 14654 21283 9826 20028 12281 9428 18055 16546 20124 17109 18367 9857 16329 23862 17242 7348 11977
12321 13074 17935 14040 14976 19972 13084 10260 19277 15008 22110 8639 11108 13659 5820 21612 15126 19104 22767 35613 10918 22243 15531 19576 17991 16107
19811 16363 17848 16480 11109 19042 11459 16808 18510 10024 14672 15878 8948 12662 24089 9502 20414 19225 26319 19912 11775 12842 20160 17136 13232 19456
14766 10430 16673 16709 14302 15595 7013 15616 24884 5772 13748 12494 13341 19006 15210 19586 14360 19070 17984 15943 14654 30755 18974 18826 9745 7357
13845 9153 11238 14708 11258 8587 12216 16116 16747 13597 1063 7612 11839 13840 10954 14208 15091 17595 23487 12475 13644 11543 9404 23791 19172 23538
19420 926 18550 12385 11943 14540 1984 9490 12437 16973 18370 8579 12685 16908 15247 24388 12282 10193 15842 20999 13990 17868 15759 21763 16710 9507
16973 12658 16724 10595 16017 13536 6086 8974 19485 13785 18949 9497 16592 5591 20096 19532 10684 12188 24438 15100 14405 23661 16194 6721 1990 16565
13877 19416 22165 8712 15253 16459 14420 22275 19200 10278 31340 15141 20962 14988 10572 24816 14366 9035 20731 16634 9012 23441 21411 18777 15673 22963
15317 2121 18730 11305 12230 17853 6876 3813 17290 12224 13794 10911 9729 9300 19457 15417 16408 8596 9791 20927 12258 21458 18867 4367 14837 15085
16533 14878 15831 18167 13339 24495 10034 29122 12741 9659 13192 6609 18049 10292 12129 15164 11795 6783 19192 16746 15499 15152 21640 5514 15269 17761
8372 8469 13774 10909 12620 15142 14789 20596 19737 9998 12000 9990 13573 10218 20600 15453 17630 9498 19324 18447 9753 15990 19388 11487 4736 15491
12868 5930 15882 17176 14037 22759 8213 9709 22683 25103 26736 12911 9351 18853 18084 22048 16016 23980 11088 24495 13476 13732 24907 31157 12925 18079
13140 11898 13880 13808 12395 17724 6044 10039 12203 12601 20412 9436 14539 18450 15177 14300 14256 19786 12842 19620 11312 27165 19610 17677 6560 15977
11213 22435 13339 14285 10059 4010 1234 0 11061 17071 21467 11045 16880 10864 14457 16026 11534 16183 12474 7188 10257 14263 19027 28180 12216 15340
20068 0 17845 13655 15586 22030 10510 22450 15793 10948 17712 15829 11638 17878 5102 20689 13678 17003 11214 20479 12692 19236 16469 8754 11854 25674
13667 8729 16960 11066 11885 6701 8930 15923 6864 16427 13341 12978 21794 11901 13891 12456 15143 12947 19439 23790 9399 16669 19879 15103 14192 17676
18515 10557 10380 14883 16857 21727 15323 9314 20396 14804 3138 12608 13444 6795 21389 13571 14175 27011 11807 22430 9069 27263 21143 12066 11419 19303
21848 20217 18807 18844 10797 15618 6582 4998 5355 9343 22530 9828 16469 4028 14904 22427 15635 17825 18823 23826 16874 3018 22426 16230 7311 14541
9182 18650 14432 17792 14850 15658 11143 9043 16287 13052 13117 11476 17871 8950 12416 13322 13908 14526 13303 24007 10939 12435 15774 14301 16900 18186
23897 15184 18554 13040 10574 15525 10220 15878 10449 11465 15339 14311 20487 14988 15152 12583 13702 9875 16818 23790 5544 22858 19227 12832 8018 20572
15714 16191 9424 16618 14271 18035 9942 7897 17952 21778 3156 7380 10495 14400 12494 22006 12750 25223 24153 6309 13052 18909 24526 18706 15533 20316
20594 13767 13113 15224 11118 11794 10231 13921 15032 6221 23807 14145 23919 10580 5385 19686 16894 16677 5414 19933 10572 27762 11226 10042 10337 19151
9843 23774 11943 14187 12675 16526 3754 13801 15554 9957 9827 11874 18654 7807 14179 5257 15694 7592 12833 16782 16934 21750 21715 7661 5670 19081
9056 15245 13837 9286 12055 30866 550 18889 9851 13398 18572 19616 15777 14665 19649 18143 14254 18507 34979 23375 16021 14378 17023 16637 14416 19171
22033 20516 14027 12456 13273 30314 0 13877 9670 11330 19929 16135 11817 11069 14045 22953 16719 6094 11675 23570 10617 21763 15493 17306 18273 15041
15198 24840 17694 11501 12850 25840 16171 7378 13313 12267 20657 15719 16908 8802 12694 19854 15980 12402 9316 20530 13510 10674 16614 15751 11536 16581
14205 18726 14802 17786 10779 5812 17285 16455 2840 16059 22020 13513 18103 11725 19180 14901 13857 19640 22133 27869 18127 20047 15165 20927 18150 19134
14657 0 9574 15021 10806 28014 3563 2886 11894 18060 16733 11656 21278 21095 11614 22680 12828 9681 20805 14898 17257 17002 24703 32039 1571 15841
21425 22332 11921 9634 13097 16329 16875 10764 5930 13901 14204 6111 15051 16492 12436 18082 10664 20134 24329 18912 17079 16126 11038 13470 15785 24264
17816 7244 10831 16177 15218 10225 10651 23972 18644 21155 15911 15000 7341 20715 18458 25067 11876 20693 16037 25834 13036 15682 17416 12804 4881 18945
12746 11651 16129 15632 15377 11560 14230 24811 14866 11994 12918 9351 13714 8757 12905 18763 11774 19440 13173 18982 7973 21094 22740 21559 6864 21641
19287 6898 20461 9681 16557 18191 13938 6932 11893 11456 5891 11168 22777 15699 7359 26916 18120 27306 27412 9683 12928 25792 16936 23501 4178 22435
13017 12758 13160 14127 9334 33914 10958 10336 15510 16625 12303 14604 22031 16444 13879 13244 12552 14925 17529 13849 7362 13818 22052 12169 0 14372
7842 20299 14972 10920 13941 9714 12187 10760 13006 20329 20232 13938 24481 18663 14857 10522 12858 13600 21967 13547 14281 14412 15729 18995 15639 12988
16328 11515 22187 14140 14179 9199 8320 10671 6593 13834 18831 14442 13444 7809 8286 20742 16095 22443 23255 27829 12482 12441 22429 13309 12285 15761
21398 13469 14660 13999 17640 18169 0 15844 10681 10306 7080 6378 17158 9983 15392 27025 15300 17809 12520 14419 8730 22197 24229 15665 6659 16839
13755 13727 18756 15655 17267 20028 6793 21069 13454 19611 6817 9439 13194 10439 13699 20003 13364 19722 13403 16286 15555 14827 18116 24886 12585 18644
17383 12888 19370 13795 15044 22662 10625 18796 5247 12622 11702 13666 16432 17812 16774 18360 18478 11123 17933 18175 15098 7814 21666 11828 5884 25380
13519 17432 16682 12135 10844 15896 4852 19665 12124 15068 15989 11595 15073 10724 16412 28521 17353 16492 23568 17796 15402 31025 15762 28882 13172 12919
14611 0 17353 8992 15618 14363 5866 17472 18090 10848 8243 14236 9670 7370 8675 10219 16006 12512 6138 14959 10371 23934 20675 14360 10225 17048
20849 4400 12863 18639 9652 23510 3729 20424 15574 9004 15115 11006 15812 10785 17414 34346 12164 27438 25995 13777 11346 20910 19613 20757 1778 23492
17522 15007 20040 16674 13249 12633 19573 19203 12737 14064 10767 15938 6643 6968 14357 16753 15524 21572 0 21992 10115 28333 17112 14133 18265 14923
18220 11786 14228 12457 10997 11492 6150 0 14006 12030 28337 19646 10386 13109 9670 18688 15618 19207 23416 16231 10121 23322 27514 20516 16941 23518
19307 13807 21698 16874 10318 15933 5482 11189 20852 18721 17606 4174 1757 11990 18476 17686 11093 5401 9570 19543 10352 14508 26899 6902 15599 23633
16033 0 10740 13256 18495 19698 9924 6073 17711 19438 11687 14460 11247 12717 20995 19968 11761 26383 12686 20686 9371 21568 19264 16640 14406 24105
17920 12522 17528 9794 11531 20781 7429 15349 7923 23871 26471 12380 18509 17711 9175 15136 11493 22804 20177 15678 10932 30586 24432 18627 18980 20104
15057 29948 19374 12145 12880 16625 22177 16237 15718 8259 12713 9059 12751 3303 12889 22400 16777 11752 28868 17222 10994 24133 19978 14761 3435 20343
19389 10309 12351 16802 13597 22523 0 2059 11639 8331 7182 12091 26238 13482 11021 24246 15016 9361 17664 22432 12420 23838 19801 9416 8297 22176
16307 11447 15281 8785 12086 14909 22222 6633 12296 16148 9611 13845 20160 21110 13325 16450 14892 15779 17078 18954 13580 20760 16780 17360 15581 23924
19496 22402 9828 11670 15289 15903 3700 22271 12037 4500 15205 11672 6317 21102 10175 26071 12624 6809 22328 13044 9772 9173 17729 13964 14146 15074
17419 25436 23125 16624 17145 17906 7656 12987 14756 17236 14896 13282 19816 14811 17652 21883 16062 13499 8863 18126 13778 27383 18080 15866 1670 25295
19030 3985 12050 15429 14623 23224 12201 17279 14913 13755 17892 11436 16023 4928 21079 12582 18677 18217 3146 8622 10669 24806 20673 19031 7925 23232
15092 12343 19427 14063 15479 245 8606 24070 17266 8754 13587 7898 13753 10225 8368 21429 14717 17933 9644 15690 11581 14603 14901 18132 10350 19411
15404 20491 18929 5206 15876 13307 7117 7392 12291 16530 26083 15597 14750 10686 14479 23839 10021 13247 20072 19743 10592 7350 13780 11422 10022 21290
16961 15094 14432 12912 10535 22669 20491 19295 18911 14939 17854 7885 16417 17706 20496 24566 17248 10927 14422 5105 10836 4850 10615 22328 14214 22717
16902 6888 16066 13534 12205 19187 13773 17864 6623 8822 11331 13124 18140 5047 16306 28895 15809 16018 20124 19351 10996 18292 20910 9678 13457 21428
8178 11804 13933 17821 15649 16944 4564 22161 13833 21010 9613 10163 17965 5958 12198 12996 12423 18906 13905 10415 10289 18825 21411 23920 0 13101
25198 18682 16790 14659 14700 14304 17917 12734 6927 18465 6405 13467 12071 17773 23898 8010 13393 11083 17785 14513 10869 23404 15948 10592 15670 17368
16155 5016 16131 12064 8622 16676 16057 11463 15535 13748 13606 17557 17275 14503 4795 17331 16393 8235 3641 15949 14159 25608 24621 20577 14936 18738
8170 21595 10983 9916 14717 9948 14179 19943 5505 15437 28276 18086 14369 7259 21234 17457 12436 7361 24487 24930 6355 22193 20660 16353 2133 9065
13456 19980 20400 12096 16788 21392 11546 925 1586 17573 18386 7585 19919 13611 15325 12223 15757 8752 16783 21645 8418 3566 24818 20768 22498 20205
14512 8953 14985 16192 11242 15525 10112 25629 18983 18913 26268 7753 10602 13983 14296 18746 9788 0 26298 15503 9999 27725 16684 21644 8291 23055
8761 8661 20060 7864 13324 30059 9538 6943 11816 16376 21418 11971 29494 11862 11866 25131 16940 7899 20577 12468 10473 18016 19559 17365 1792 16028
13106 6835 15792 17218 14564 12537 13776 21544 19480 9079 12644 14527 19746 20107 12802 12255 13740 14614 19457 32154 9488 20029 28076 13031 6683 16133
16238 16625 13706 9232 6060 19392 13449 9125 15866 9897 14383 18474 19527 13263 12569 19056 17083 22709 15319 16095 9770 7817 24836 23454 8875 19046
15100 10057 21768 14793 15432 20066 7703 17783 18807 8532 11542 12472 13912 9901 18709 10950 15658 7487 25765 22580 16739 30703 23539 28776 16205 14876
18825 22388 13972 11579 11359 20049 14287 20382 10019 15485 15343 14771 16235 11709 12680 21694 13106 7418 11975 22956 12661 19212 22647 21330 21391 19621
19696 17929 10345 12421 8521 19134 10986 15720 4726 10791 15269 9030 23894 11047 14551 17019 16144 14486 10280 27469 7705 12626 17940 12954 13114 18327
18595 1063 13840 7007 14939 16810 18836 20225 8319 10055 15839 15186 13667 12144 19382 8588 16051 8777 16110 29522 17971 14344 16617 18509 9167 16095
16625 0 13270 10954 13887 9459 10029 14896 11630 13970 14457 11415 12184 9148 14320 21890 20419 29498 32884 18003 6283 14875 17991 20215 10304 16430
17303 12215 15991 8949 12951 20150 12239 22117 1267 18491 12503 9492 11248 12745 17698 18398 10836 23385 18909 26094 7542 32337 17184 12892 9360 14811
15940 18414 13851 14236 12592 18071 1240 10702 11036 17543 8440 9885 15314 12742 10194 19471 9873 12167 20652 16491 13107 14183 20279 11928 17197 25523
15912 20442 8567 12292 11201 30307 8269 10895 20942 12641 15366 6849 24525 17993 25659 17398 13022 12452 20561 11521 17232 8468 17490 21390 9266 19124
27445 25646 17795 9376 8254 10774 16695 14240 0 14331 8750 11796 22191 19028 5587 15286 13864 14882 23046 20107 9715 12480 28658 22078 15103 10154
9612 18007 22693 9039 7761 15783 10581 8100 7851 11238 14153 16688 12565 0 11748 26130 13296 19348 19066 23010 13775 9327 24119 17099 19663 15969
8378 9696 20808 11968 13101 13966 9391 23986 13429 19622 19089 7849 17636 8296 17622 20190 15819 22097 12568 22055 11143 32177 23768 10000 9105 26603
26725 17511 13507 12667 13470 11042 16123 15329 13897 14175 23131 15951 12331 18256 20275 28593 17715 22358 20402 25041 11976 21155 19684 19154 7211 22160
21971 20237 13221 11918 15018 14057 5206 12732 19689 11983 12618 13237 19820 9927 16718 15650 14646 25682 14311 25966 9311 18970 10474 16259 15778 21158
11036 17573 10939 18251 17035 10753 6737 17141 13893 10495 19708 15978 18087 8101 19183 30040 19552 9069 14052 14642 9618 11920 20170 1478 28166 22872
15549 20347 17697 9999 16240 16981 13314 23877 15577 14645 14178 8510 13790 11226 21918 22641 16205 17307 13895 10693 13406 21058 11343 22556 16270 27225
14888 16769 11204 13324 12580 3279 6344 12919 1942 13169 13710 12034 12519 12427 15075 22574 13782 27064 18346 21736 13741 18487 20486 17382 8587 20023
9919 20227 8997 16991 8466 16427 21791 24295 9443 12156 13537 9457 14988 10545 8286 14792 11930 21646 19858 15044 6816 10680 19471 0 6449 17531
20172 19227 12939 7891 15575 11730 16220 26578 21221 18945 18320 9670 10447 4463 20788 11951 15794 21359 5213 20257 7758 31018 23542 16455 17293 16586
20616 19995 8156 13303 12136 22006 9049 10439 12488 18882 12981 12294 14127 15094 13193 20078 11651 21945 22268 19463 14728 22881 17513 15496 13214 12265
19955 11263 18945 10395 14431 23181 8796 0 19276 6478 6786 9191 15073 352 14356 5050 17503 9683 8249 19156 9369 12817 17928 20480 29787 13550
19855 9256 15479 12199 15176 15432 15111 5618 11258 12716 18019 18908 18322 15380 16796 13750 14581 22030 31046 8416 16012 17363 18187 16142 4673 15559
21420 14470 11675 14917 9206 16235 9469 16466 7182 10710 28008 14337 18864 9301 19546 23245 16422 9018 8053 18600 9195 13880 19221 14696 17775 17782
14436 14305 14748 20324 12951 26403 15751 7751 12400 5551 22746 9088 16682 9321 24862 21178 12583 9673 24688 21545 11893 21506 26811 22082 21651 13824
17319 10991 12983 13552 9025 12048 3274 12521 12370 14910 21293 11033 19054 13088 15887 21228 14828 11227 12115 13073 9896 19994 20693 1138 10676 15432
11961 17249 16199 12391 13118 7687 15157 14033 4075 14044 19188 7977 10716 17636 14276 17377 18046 15324 19026 24079 8000 15218 18789 12449 14358 16396
14295 11871 16278 15964 14296 16344 18354 27559 15020 12157 7732 6849 13943 16255 16496 12511 12977 33562 20823 20203 12360 27468 23592 15033 12899 19837
22981 21903 13416 15508 16715 16597 12100 13989 12812 13610 14459 13759 11130 13990 18772 15665 9354 18023 18700 12812 11655 13197 16582 12135 10058 18718
20275 7767 17291 18355 16629 7762 16547 9130 9375 4309 13627 8032 15373 12217 20533 12786 14571 15006 16816 16078 7611 16403 17509 13169 0 17532
10606 20174 20858 15472 8993 13456 14495 30982 11420 11337 7011 14451 15764 10436 16879 23308 12505 15739 21376 26948 16026 14507 17245 16351 2423 14324
20320 9839 17280 2589 14654 29199 10279 25104 14165 18834 12074 10140 19266 8778 5899 21416 18648 6709 22235 10759 11467 16580 18932 16992 15210 17830
17804 18436 10943 13337 15864 17856 15107 26843 0 17247 15524 10656 17975 9836 16340 11369 14747 23574 26222 22689 11026 22763 17759 22962 8337 24400
15329 10790 12947 14641 14852 13279 7517 14629 15129 15125 19887 7065 15473 5454 15544 22022 12497 1712 26304 7297 8358 18181 19595 22009 16194 26675
10884 22171 19149 14509 13463 14915 2990 14999 8681 9521 13702 8637 10688 1770 18878 23544 19336 11065 19180 14464 7695 10302 19385 13296 13019 15193
16914 8565 10028 17462 11793 16388 16401 5069 8227 16407 21414 20015 16248 8795 16302 15121 15298 23328 26745 26490 11661 765 27845 19307 7647 18833
18532 22527 15115 13651 10895 35964 9618 25177 6062 16972 14217 14687 6813 11762 13256 17875 12856 26403 15313 14403 16450 22714 19905 14531 15874 21345
20735 10587 12625 14058 15414 22086 9519 7599 13462 12861 18311 4693 18923 10110 9678 16584 11016 16128 24882 32616 13865 16930 20495 13566 14870 23349
17205 13323 11399 20907 10686 30242 6959 5764 9534 10895 14099 10077 20675 9341 14021 10328 16041 22751 21766 14917 3362 20009 17075 18436 13954 17348
12830 30119 10023 19804 16156 15326 717 23311 12382 11827 16791 15061 15268 10047 14157 10818 9855 24041 21178 5984 14609 15530 15717 10367 5608 22762
12992 13426 15351 13202 13211 17224 14192 0 7832 13993 20413 10406 27745 7919 12911 19088 15514 22771 10287 20970 14901 22527 20630 20868 10490 21193
13818 19677 14111 15765 10520 8665 5348 4922 10928 14610 12692 14143 18944 4449 21408 15756 15888 24745 8067 17751 15987 10287 24428 12655 8372 21274
19214 17708 22381 15195 12303 18494 21793 0 20224 4750 8172 10716 21497 5167 11299 25959 16690 19633 9981 12666 9861 25968 16679 12966 9194 18349
11398 27078 10157 14171 15464 6452 4080 330 19063 10520 9855 7735 11444 15536 15107 18037 16956 19802 23679 15584 6022 13214 14075 15291 7892 18991
13423 20719 24086 13564 14951 19111 14294 3461 9282 14443 17668 12773 22072 11505 22941 16904 13032 8907 16636 21092 9594 16355 21291 27029 990 21386
8369 13604 17499 17008 14299 13322 7201 11984 4131 9525 25338 13880 24886 23843 21684 26499 9144 26283 14721 12780 11158 18529 24288 11416 17069 12726
24860 28186 23302 14957 11285 10821 9472 18338 14548 10863 16413 13595 21272 6047 5953 29645 14769 28959 25205 21870 12574 14909 25567 20812 15997 21109
15112 15126 9079 12255 13054 15296 14986 16542 22304 16296 17405 15180 24452 8261 18366 19713 14030 21818 15768 19566 10940 14425 10511 16322 8225 14820
18483 9775 15543 15249 12192 17363 6169 13844 6233 11453 20306 12585 15720 19048 10506 16480 14395 17719 22227 12731 6748 19830 20306 19601 16081 26463
21349 5282 7520 16457 9602 13969 6865 17248 8402 10941 5353 16124 14361 17472 13463 15374 17641 6878 18276 21197 12797 9034 19320 18848 9668 27235
17690 9427 20987 14916 14541 8951 16523 23211 4351 12776 26073 8859 12596 11073 17916 21823 15564 25886 26683 16436 14336 10803 14275 23441 13886 21954
16924 13349 15789 19263 11701 16584 11325 3890 9587 13400 7474 14561 20295 4632 11136 20865 11258 8344 27114 24411 7637 10889 13488 7244 9709 18125
11678 447 17362 11095 10558 13512 3617 14776 20725 13643 19367 13709 13655 3749 13164 17238 12408 15999 25398 22745 13533 14792 21049 10180 3309 26528
18163 19919 16701 12091 4901 24400 10408 17198 1459 9541 11592 8905 3532 7748 18451 18045 14804 21173 18007 21772 13814 10141 20311 19750 16598 23990
14774 16705 13245 16037 15194 3606 15705 8086 13232 17847 15061 7752 14180 15632 18292 24476 14790 15559 27866 15702 11983 22682 28529 16806 2379 17887
19274 8668 17889 14386 11459 3561 18419 5003 17098 5504 24994 16904 13804 23756 11058 11708 13973 14334 24541 20253 10243 23211 11666 8631 14409 19774
19198 14244 16587 15867 8668 23554 10684 16145 7080 19875 8650 7625 9077 17436 10509 15301 12506 27623 5068 26267 10545 17136 22011 22914 5541 16709
20695 14276 16012 12021 11797 15908 8729 17466 16905 12100 10691 17953 13384 13733 19250 16280 13947 27683 22033 24448 15020 15749 16822 16858 5060 13757
9755 18541 18807 10666 15848 14030 9739 37720 11736 8441 11535 14713 14603 12067 11870 16074 12066 17043 9565 14633 8104 11202 19588 31356 10806 15603
11887 26781 14262 11418 13689 15162 11547 14549 22287 11742 0 7525 16390 9254 12066 14420 13988 15583 3397 14846 8816 12805 16015 13405 20105 22564
24506 17477 18529 10060 13220 20039 3555 13964 8820 12921 17598 15605 14268 11010 13279 14640 13191 12037 23925 18991 11551 3101 17815 21637 13992 20678
11201 18204 11921 13885 12952 19007 17080 23375 13270 17411 8248 10469 18617 10989 11594 8689 10395 15506 20814 12311 12149 24155 19799 20141 13764 24899
20788 20645 15275 14626 13622 7114 12867 9613 0 12428 19230 6942 11754 9943 12255 19763 10969 25218 13536 25068 8164 14277 23638 17280 9797 14306
20018 10296 12372 20277 16257 21387 4294 3350 2251 15978 21183 8049 24517 22789 16759 14677 17674 15944 22091 19444 9537 15204 18675 21023 940 27569
16580 2078 22943 16517 15876 23957 14879 25853 21408 17791 6746 16532 25708 15440 14035 21080 15118 8268 24199 27817 10738 10591 22380 5616 11402 16763
10360 33054 16128 12772 10606 15828 14206 19745 11895 11393 17465 13878 20663 8466 15454 23750 14706 12733 18727 19538 11309 9032 18275 16668 15604 19082
13817 2187 14890 12823 13766 30884 13151 23389 14411 10662 25280 10953 26653 21660 11730 23920 9503 1373 32111 19710 7800 16330 28622 12219 12555 16504
24852 13526 20206 10237 12639 12842 16689 10756 13598 16529 9400 5819 12822 2735 6882 20369 14912 16306 20132 35064 11451 6346 18453 33774 16303 17483
13369 11792 14692 14031 8781 24459 7199 0 9182 18540 13666 12486 17032 16552 13050 13898 17891 9599 22903 17002 8376 19127 20851 10804 6590 15102
15885 24089 15660 15876 14183 3024 1155 7730 13219 16898 14286 13344 16349 11198 15383 16923 18250 26417 18258 16685 12816 17844 12625 9707 18592 20820
16270 19140 11726 9115 9069 9970 14228 14661 9833 13850 19049 13924 9270 15884 11711 19329 15878 21116 8281 22855 8512 21447 17006 15939 27198 17970
15951 10377 12427 8191 13272 21925 5610 9923 10837 16908 11534 14833 26451 16348 9166 29029 19004 17713 19946 16784 15710 22386 21325 19276 11313 22424
8635 0 16953 12349 10312 19595 7813 3565 11974 8772 23919 19236 19773 13305 8372 19064 14200 12705 20024 8793 17678 10396 11615 26107 16227 10167
17437 10160 16368 11582 17402 30302 19827 7424 9706 9762 15473 14467 11485 6335 7575 14631 16536 33226 24124 11656 15880 18758 23893 627 11599 17923
19769 19082 20192 17997 12936 10211 1153 2726 16642 6958 11173 12519 10281 9796 13590 11490 15418 16957 4481 15023 15223 19201 18973 15805 16757 23938
14344 0 10046 11227 13199 11779 9317 28983 10258 15575 16162 9960 22785 19661 18852 19958 13487 8226 12363 24971 7986 24649 13149 9969 22387 19091
18875 21355 18052 12700 11808 16783 13271 8054 20581 12066 22452 12034 22800 14016 9982 22216 15595 19758 12342 9377 5933 23311 20484 8837 12356 17737
20971 21716 15073 8462 9143 23387 15075 8519 13620 10950 14694 15251 21735 20265 15938 10726 15328 12695 10817 23677 10290 16044 21834 21938 0 16253
17476 16352 22486 13310 16931 15718 16408 11606 6298 15011 14916 18727 7861 13554 16586 16878 16343 16586 18203 13928 15614 28181 22698 0 14931 19057
14239 23011 12231 9813 10648 13089 4039 19035 3580 9671 15276 16893 14994 6746 9933 17930 12026 10617 19610 23343 8861 21391 20875 28641 0 15547
23961 15041 16257 17709 15708 22878 12705 9762 11001 14428 6768 17040 25812 11587 8545 17797 14139 26528 14821 10552 10029 10963 23021 19944 14179 22845
13225 24064 18052 17304 13525 22468 11270 23002 14890 15737 15644 15477 13768 25172 13365 17127 16129 7917 6167 21356 13913 22662 15583 12002 5288 20627
9716 16091 20861 11080 10600 11739 5541 14989 11882 16071 21289 8035 30352 12681 6124 18262 13355 17665 22203 17741 8176 4372 16091 30875 12757 15296
16841 30669 12914 11540 14165 27039 12460 11615 605 17124 15174 16053 3411 18653 18993 14570 14443 27069 8707 7239 9482 17841 16934 23546 17485 12404
18160 0 12840 14464 17516 23671 15641 21091 13584 12769 13194 8165 12095 20826 21734 15467 13109 13748 23356 27802 10872 14276 18915 28362 6701 20564
23288 11870 25111 10096 14225 17222 9996 17142 678 12155 16539 14843 16890 19498 13438 19860 18032 26517 19349 19947 10833 21928 17307 17925 0 21210
18083 0 13536 18625 6824 19435 12260 25962 14308 13515 18638 12031 20789 4826 14798 17508 14348 20734 32510 14383 13174 31205 19461 26954 9506 25602
14827 5545 13412 13646 17178 27475 19360 18921 9077 10875 21992 7887 15472 12862 16578 10831 15676 25436 18846 25792 9847 17610 16726 22714 3605 20116
17730 23105 16701 20283 12351 11153 673 19175 14984 8848 8871 7238 18055 7776 14198 18072 17084 11072 22744 24534 10984 9514 16737 16762 14979 19076
14691 12492 19007 14314 13618 23237 13399 20042 14234 13616 15871 8927 23563 5910 14645 20317 11955 14008 35532 28767 14038 26113 13558 16294 5272 18518
11908 12825 18127 13425 8871 12749 14952 13243 23662 20508 8931 15147 1593 12471 15902 15827 15810 7692 16155 23879 14174 20015 20209 17096 6917 16757
9134 15579 11635 10515 11166 17350 9574 15493 5613 15131 14398 13966 10484 9843 16550 12949 17385 11965 7078 23861 12779 21583 24661 15131 4842 18759
23147 10006 22316 26997 10724 25797 4854 10097 9383 6981 16831 10810 22379 11621 15933 20064 11768 40995 14553 24528 9229 23929 21163 14837 10813 21718
15680 15367 18582 15716 11963 27070 1172 31650 13952 10864 14733 9325 17589 13304 15119 15150 16552 13645 18636 12880 12812 19415 24273 19791 11517 19837
17575 17187 11716 9204 17144 0 5899 5107 11451 10406 13206 10662 20722 15655 13136 14122 14083 20738 25455 26404 11424 22984 19825 20990 7514 11929
16802 23378 16773 11154 10392 21077 9720 18681 5826 12640 14151 6051 29914 4082 17231 18523 12617 19079 18479 15538 11575 17772 9672 22995 9856 22256
9095 22195 11214 16815 11766 18613 9462 13521 13592 18361 6259 16334 21279 10283 15583 21652 20530 19476 8605 14625 4008 8175 14329 1413 14277 15171
21329 7357 17309 18307 12097 0 2639 15473 16379 13106 15451 6487 29255 15194 14403 8064 14095 19344 32816 28409 11030 17521 16936 15559 13327 24598
9537 9972 12321 16766 10477 30439 8830 17133 18977 19655 23055 12312 13759 18800 14695 18778 12074 15257 18738 19105 18186 1682 23580 9809 20923 17215
21791 20680 17379 17624 7012 22821 9153 10898 4242 14480 7435 11483 20295 10707 11848 22753 13248 8766 14868 11608 9236 14480 18842 15824 11454 23130
21391 9280 17795 13782 10036 25954 12992 16620 11921 17670 8952 13534 21559 8201 14337 28692 17273 12172 33300 15091 15644 28023 20095 16213 11448 17429
21658 7528 15775 13850 10907 13943 15340 15456 16429 13411 23465 13031 11389 6421 17908 24005 17635 12871 23838 15306 11314 8018 9471 19472 22143 24836
15875 15883 12511 10273 15511 6375 11510 5267 11110 27858 17617 5769 16617 1925 10564 21060 14410 18815 26720 17397 11258 5861 22306 23903 7124 21873
21076 4768 12336 15856 11091 12143 15178 16796 8107 5293 12822 11827 11178 16468 14760 20838 10540 23228 3858 21848 12011 1835 16444 12166 6280 17904
17966 6781 16060 9047 11611 18085 30410 18241 12963 26879 2766 11931 16064 13817 13318 12389 15186 19456 3936 10749 10174 12188 24968 11019 19883 22919
12091 16575 15451 17143 11542 22068 11886 26035 10892 14046 0 15003 22525 13417 19703 14601 12537 20800 13831 17989 8493 15357 23407 7069 18798 13939
14775 9777 12154 13448 12964 13138 2853 23941 16177 11787 12560 9772 16968 4352 10063 20816 14942 14701 8297 16526 15450 10863 13429 28973 9040 25967
9657 20530 12457 15748 8554 9964 11316 11168 6736 16839 14231 10348 17793 5593 19015 19119 16295 21064 23028 18413 12149 18790 17662 13784 11833 9199
19104 11129 8017 12866 14883 16162 4283 18247 4852 15093 10498 14319 12652 9321 18755 6595 17747 15178 6062 14935 12699 9511 15931 22505 9910 18599
16188 22396 15850 15853 13231 18328 8941 31936 12781 20582 15496 15022 13477 5345 13349 24121 14988 3913 8111 11719 14929 8633 18492 20533 10759 20113
14157 3152 16697 21410 12864 21847 14538 15137 18759 8736 10077 10392 13147 8757 13057 13621 17760 25411 24157 28957 9174 9952 18144 23366 10304 14037
15169 4310 15247 14774 13230 26718 10760 17378 8861 12369 12451 13395 2309 8339 13085 18850 12283 26705 27797 16735 10435 17561 9268 22361 9311 18722
6882 13043 13205 10888 8031 16956 11443 13882 7964 13210 13318 14506 21617 14592 9014 24043 14608 17519 29324 20824 9020 18475 12152 9081 12248 13943
10726 16754 15014 13667 11153 22728 12661 8227 7299 12373 17476 14109 18732 13042 18464 17005 18744 33446 19746 8164 11593 38253 22839 19359 23840 15065
27494 6724 13830 14820 10443 17551 9549 17247 6011 3110 14670 10810 19555 7819 14855 23661 15127 10369 20679 13265 11758 8487 21279 16528 21840 18948
13482 20789 20034 6143 13950 18700 843 13462 14223 17994 10179 8632 15419 3139 20129 23492 12398 27520 14927 12266 11730 16752 23057 16829 6040 19163
20782 12760 18694 12168 14442 20300 8586 25961 4473 17474 16031 15920 18470 0 10929 13588 12077 14794 28218 15320 17557 23188 11519 24084 0 12775
20143 633 17457 12981 14029 16035 3171 20236 23148 10286 24279 16164 23409 0 13344 15860 15224 17105 30682 10490 6550 21474 14741 18590 8003 13956
21288 24991 14014 14626 12739 22808 2725 8442 5886 15005 15091 13524 19377 4487 17004 20619 15657 12741 24479 8043 7425 21200 23398 9306 0 16561
15204 25837 17951 12806 11889 18919 21039 18922 9041 20615 7030 13093 19532 15850 14927 24316 14276 12850 16824 17972 9619 30065 21150 10013 15448 22628
14991 20750 18294 20183 13150 15436 15245 13248 30882 10431 15862 11688 18344 18543 14757 11323 14031 10313 27653 21841 14909 13853 22698 6952 6274 14476
14887 13487 16424 15303 11108 26763 6204 17018 12713 15530 13168 8962 14854 13890 16626 8196 12314 17642 16106 16727 9170 33716 16133 26409 11819 24359
16182 28948 13862 17219 11821 0 9895 18989 18669 13748 12781 7752 23453 21543 10823 17440 13501 28679 27075 7055 13988 6333 16668 19585 6551 21504
22647 16110 18102 18669 13192 13323 16935 11403 13434 15760 7134 12409 17691 15306 9914 15995 17855 11194 11916 17446 7619 16476 17023 10005 13255 23976
14695 7088 15946 15815 16224 27040 5918 3630 9781 10921 18866 12276 14825 7231 13351 16468 12739 11830 15924 29571 17604 14217 14972 10530 20385 23036
11501 4235 15055 11094 12317 17688 13989 8925 3624 7129 10923 15225 17255 8623 6493 22182 15612 35904 27211 8043 11183 15912 16488 15328 9252 18571
10619 1146 7790 19857 14174 2437 7701 19783 8780 12817 12823 19880 17432 12711 13543 16382 9483 19940 23884 21220 11403 14215 16381 15767 10229 20698
17599 27287 15816 8364 12750 23177 24310 14091 18708 14107 17322 12804 17974 8558 12920 11019 13304 45684 26940 20646 9868 21844 21259 19395 15706 22643
15857 0 16240 17401 11790 21907 8819 16731 10631 10506 24825 11501 24263 13116 7438 10926 19711 17269 20699 12277 15169 25839 23073 6777 15849 20448
18573 4384 10967 7316 14970 3750 0 11722 15590 15812 15584 9105 16736 2830 23502 16061 9919 22599 15181 20493 11654 14900 18474 23374 3704 15058
14432 1025 14667 18527 18914 9160 14010 12621 16176 3632 20814 6632 17812 10725 11371 21848 18041 8209 18293 15778 10424 18888 15072 288 11940 22318
15354 10234 18835 15147 14532 29148 0 20455 13315 6770 13667 10199 13668 7740 9744 17206 13883 22136 17568 21323 9931 18874 23812 21267 8499 19094
17616 14820 18282 9470 10385 7300 3396 29887 6534 14044 18808 14703 21709 0 13519 20428 12575 20990 27982 12609 13385 26132 7365 20966 11753 29928
14479 3016 20502 7045 17827 16157 15311 14420 17846 19545 12454 11569 15487 14242 13636 17542 16968 24757 10243 15106 8100 19411 20809 15281 23672 18915
16457 10186 19871 17517 11387 19545 19923 13070 12706 12849 6331 12038 11102 13376 9924 17001 11644 12965 21445 17688 12426 20989 9974 13494 0 16541
11348 17135 16885 12406 8112 14433 18195 6219 17822 10714 22840 18066 17699 12768 19086 14801 17659 23015 12869 10174 16106 15576 21411 22670 9659 16969
18023 21459 17817 11316 12218 23413 4378 19284 8477 178 24512 14174 11363 13834 8876 24764 17315 27704 34968 18969 15335 15179 23142 20836 14971 14398
22024 30013 13335 15042 10769 12059 7294 21919 6035 8544 11361 12952 13959 4305 13746 19605 10455 19533 3702 18887 13121 10647 10839 13280 13207 16004
20270 0 17014 16360 15921 20511 16709 9117 3403 17220 24771 15919 18460 5516 10922 14665 11808 12303 12517 17112 10854 18716 24241 6240 6893 19835
5618 27318 13003 13371 17717 10684 18143 14473 14342 8304 13674 12220 15077 6660 5961 18458 12877 32057 24315 17183 13801 32574 20210 25315 8867 27677
16320 3141 17152 12307 12083 8802 16108 28521 7834 11125 13357 9891 18166 4745 14325 18156 12725 14980 25185 12358 13763 15464 23791 15039 9219 22307
13067 16086 7504 11134 11857 13073 13587 24032 12933 17293 18450 8421 11137 7503 17006 15759 15385 14551 25730 18115 18534 16852 20999 22075 8719 18589
19546 23762 13187 13009 17113 1704 12974 13688 2344 14578 19997 14167 13450 7018 14878 14971 16044 24749 17049 18084 13864 19510 12559 7260 0 20675
17440 15217 13719 15513 12510 19573 10619 13080 18824 9894 12442 10025 10331 9537 13265 10161 13958 27225 16191 20258 11482 16754 22137 12389 14332 13705
23683 32829 12270 17578 8281 17663 2581 24349 7207 11745 17030 10148 3529 730 23351 21935 9877 31612 13557 18642 13327 18636 16567 13809 21248 17499
14626 16439 9764 12613 11808 14955 750 10007 11187 13961 11735 19145 16934 9589 23615 14143 14261 18594 24831 17881 13302 15176 16924 15022 24696 23982
18403 23958 19726 11404 11148 20462 16724 11598 5101 17204 17614 9410 23159 5443 13159 17055 14129 20228 15957 27322 6058 15404 16731 13805 11362 15711
13067 10017 16370 11358 12425 20851 11728 17837 16761 10165 21295 9045 15205 14174 13033 18264 14358 25601 17043 9689 15085 27076 20246 10006 14063 22717
20831 6455 17579 12354 10173 11842 129 11691 19737 3321 29679 15650 16996 8659 6698 20849 13710 27082 13997 19948 12710 19933 16445 23784 13139 22503
20503 15244 16889 16873 13831 23139 3416 7831 15525 7966 12305 14436 22092 6874 19065 21593 13654 23874 18046 23492 8111 8808 21742 15630 24577 17430
15618 9884 14706 10391 8256 16765 9118 11855 15012 13897 14729 12881 26925 8924 20188 11972 14294 27098 17420 20521 6292 22881 18643 12790 5220 16873
24029 19124 16925 11142 14129 4048 10914 14808 11114 11560 21166 9837 18963 9835 20501 19049 18647 14968 41407 14508 7517 20785 15861 14338 10972 22113
12686 13117 20613 9264 12317 8875 10790 22472 10248 12840 16701 11419 14894 2469 17832 16796 15072 10020 10661 26025 7749 18038 17957 2469 8083 14968
14981 18777 18363 13228 10089 12427 10916 18487 16020 12784 9321 8616 11536 12667 8390 17071 14770 14502 10903 19776 15239 14596 20439 6733 26273 21006
24314 5140 13289 11658 10690 21267 16205 13071 5242 11572 5397 12354 18400 19549 11408 13705 16369 3080 15351 27572 16376 29217 20047 16759 3400 20702
20200 22216 14945 15404 10471 16792 7143 13167 6466 16091 32771 14017 27515 13840 6601 12880 15798 21909 19570 22106 13943 21677 16101 13994 14355 20839
13401 21905 17651 16313 13824 10048 15558 8108 9967 6949 13628 21606 27902 1334 12343 12627 18509 23932 28283 20339 17609 22551 14314 14418 5492 25284
20691 11721 15306 11316 15433 17027 11433 12482 5922 11586 5203 8483 6239 9769 20337 20714 14429 15935 23755 19462 17600 20864 23598 0 7584 14447
13017 10476 17866 10190 12426 26936 7198 9835 7192 15172 11351 5362 25052 16686 16383 26458 15946 15186 19667 18272 12941 20161 11234 16513 12074 23285
12406 0 15237 13016 14858 18138 0 14134 11518 16495 13573 15771 13391 12457 16066 17304 14383 10596 30234 4798 13503 16183 17344 37257 5126 18720
16572 22375 15903 12289 16772 13335 4272 14296 10606 10406 2404 5415 12951 26896 17727 18684 11969 20169 17865 7012 16764 15059 26088 0 6889 11447
17824 14565 15595 19147 17852 20420 9723 10769 15170 12146 13957 9120 12603 9559 12482 23748 14823 6946 26382 12253 13272 31793 23187 19413 25462 17251
19376 17205 22937 15467 14243 17223 11782 15620 3848 12677 7880 6833 17170 18747 17879 18991 15471 14056 19379 18356 15258 16895 21670 15779 12365 19552
22424 18317 18888 16520 6788 16393 10569 7837 16376 12028 24924 8532 20539 10117 12206 21463 16780 25131 14691 30404 11797 7062 21018 21318 12421 22410
