365
7 32 72 58 9 83 87 15 16 76 10 94 82 34 30 20 15 98 9 69 42 92 2 34 69 57
19768 10899 16859 10541 22592 17044 18022 11424 13047 8418 34594 13083 21702 10538 27238 11468 18452 9142 0 26916 20532 8721 16098 21631 16887 18716
15150 26329 14202 18451 22930 10289 16507 4812 27647 7091 24633 5448 13091 11885 18835 9529 11145 18847 8358 18737 21806 23015 19804 36180 15752 16101
28236 14002 15415 3465 21410 11784 22469 17614 13601 13581 690 8795 20513 8413 23638 7168 22094 8918 13065 15598 20339 22653 12710 21823 17817 15221
19763 22052 16965 22569 22382 13739 21645 20920 7400 19238 17289 4812 18527 10484 15495 11776 17105 8278 20855 17041 27315 21057 11578 19814 12360 16266
15607 18401 14610 6217 17287 9939 19127 4061 10109 12345 17977 4667 5833 4848 21683 12417 21761 4263 7432 15324 25724 19248 18851 26148 17098 14891
26790 5751 14597 15405 27414 11694 21797 7268 11906 9836 10658 16475 21327 9869 16879 17325 24615 10540 3528 11622 23624 9659 21808 8057 17273 12071
8653 14800 16866 20841 26051 12538 22278 16919 10684 14889 21178 7812 16670 17969 19608 12721 32344 13769 23603 23424 16594 17407 19018 20870 9859 18379
12019 13963 16615 10756 22210 16700 18972 11770 7150 15998 18068 19762 12431 14 23336 11405 26209 13924 19234 6765 18782 14868 23214 7308 13333 17893
5851 13738 18795 18648 21388 11828 30210 12038 13475 23292 15199 15692 6636 15854 34775 10020 26985 10545 19663 4498 15622 9832 21016 24772 11528 17913
20181 26316 19687 21947 20435 11697 25839 8892 13698 15652 27718 9804 17566 8305 12581 7942 31185 6730 8595 16242 22075 13498 18570 11187 9121 13118
23950 25451 16501 13234 13345 12505 14729 12545 16677 7646 14305 7497 17845 15795 18509 6069 15365 3698 17768 11960 13670 13442 22069 10273 16426 21816
16965 23909 18452 16226 21522 11671 19682 22877 11159 9787 28205 17752 25965 11036 12543 7391 14250 8717 28342 14486 20860 18681 23092 20931 11852 15339
18254 16467 15745 8401 6627 14432 12949 15420 22304 3915 9493 10359 4701 24074 23678 13219 30733 10375 15782 12666 21159 21272 26191 4523 14101 20784
18748 16013 19566 16576 19607 13967 21848 20300 23188 10310 15821 22643 14766 17533 31529 9462 27223 16292 14430 10701 11098 14183 19258 12025 17807 19017
29946 21431 15478 10726 20751 9773 15314 23912 15891 3532 25250 17236 14905 8745 4577 4262 20197 5162 9933 8033 25442 16254 23583 15937 32231 18428
23653 5460 14642 14362 24835 10373 12995 32468 17312 0 25897 11813 9794 8342 8217 675 10915 10831 6918 16154 15241 17745 21364 16955 3969 13451
13477 11286 16043 22467 22732 11528 17887 13618 23460 11863 32949 12581 13767 15602 27552 6934 19129 13176 6786 6795 16575 16098 14385 28434 22663 16196
15859 11894 13699 7798 17150 6201 25505 18026 10319 11251 16322 10249 13888 17151 20498 13877 18145 7789 3979 17975 15971 12671 14035 16066 9105 15266
28061 20454 16144 10529 20503 12793 25190 17360 14502 11594 26077 14770 20736 12935 6501 12828 21870 6912 29537 14458 21125 13173 20341 19791 10528 17985
22657 15073 19126 23551 19538 12254 23273 14602 21624 11543 19903 9389 17259 18149 12190 6820 25709 5874 16100 6274 6550 17660 17786 11811 5803 17792
24383 23936 17328 14939 15971 13226 16037 10813 15887 9474 39559 6439 7526 4488 14615 6293 21679 11066 17160 19585 13550 16394 16891 22331 19973 17117
21207 11426 17981 18242 22276 10079 23213 7808 14545 12562 21594 5492 10544 3594 22192 2049 15034 9360 6562 12388 17950 8999 21466 27843 26753 13880
25962 10579 15378 14726 13905 13478 17280 22896 12835 5901 27795 7859 19935 13993 26040 402 21144 3540 24432 19722 6283 16596 25178 4349 21507 16363
17574 26703 15989 5400 18161 13393 14507 19933 24099 8422 9298 19663 14780 4017 12217 12037 7666 7915 1474 6363 14733 4762 19343 802 21218 17764
26450 30054 12918 15648 21034 10714 22281 16524 26546 19379 15532 6590 22970 7574 22729 12719 23560 17010 21636 7592 11585 21322 21681 11808 31534 23299
13497 15746 11347 3367 14633 13509 8520 5530 24378 5821 16798 14467 5852 9695 15093 10082 19808 13055 5062 19408 19154 14526 15881 17851 7058 18827
26878 22441 12554 15780 17695 16518 18501 9643 16159 13367 14334 22670 14000 9272 21073 11001 22803 8734 11843 19166 15328 16569 20125 28487 12358 17272
17700 28413 16391 8573 16936 11594 28816 26445 18558 12208 26140 4183 12716 20038 26373 4967 20254 14574 13787 12866 21364 28716 15173 21210 15709 20417
19536 11631 8472 13722 21591 16383 22682 23113 25039 10077 28708 648 11836 18436 20697 6928 20348 4807 5251 16343 25452 16001 18578 25861 8138 21363
17056 8175 18128 23139 16112 8897 24858 20235 26671 12237 22423 21389 27349 11018 21393 17143 19351 5880 7971 7461 23517 22560 23075 23761 20296 21159
23788 23340 16599 9594 18223 10872 21164 25509 20337 10598 32525 15847 6522 15546 17753 13976 4742 4500 22814 10036 27874 20927 13604 28214 11978 15602
30586 14383 17728 22548 24664 9830 22456 15541 18814 9239 16176 16769 18590 9255 17236 13387 16364 7566 6635 10820 33676 10012 19291 11636 12572 17722
10803 18462 18572 2386 16111 10387 19005 18718 20300 12398 18343 3102 5925 8847 23247 15380 15552 4867 28837 11831 19296 21674 19370 32055 16627 19579
27334 13116 23675 15400 17345 15699 18359 20044 25425 13551 7944 14927 20040 6703 14216 8970 19906 13268 6418 21986 17620 33791 23356 23826 8824 19871
28893 27904 14166 14088 14553 10858 16585 13701 23867 19550 15115 7890 23132 6496 23871 13080 23704 7907 7185 11819 21263 5515 18929 19078 21908 19363
11269 3649 18502 0 17530 10130 13735 27279 5538 7808 13583 16682 5223 11602 17813 7666 22331 9913 18251 5604 21111 19549 15636 7338 13904 23583
22264 7284 17651 11270 20483 16155 27465 4735 14684 18624 16795 22441 14898 12926 14502 3482 13288 5795 15684 11539 3551 13484 15836 7520 6182 19789
14205 2373 15810 21653 22110 10287 17217 23882 26502 10298 23725 16133 10724 16126 19037 10604 14294 11100 12971 16769 16657 13143 14597 15173 16295 17358
13626 23693 13868 8434 21159 12672 18515 32171 20710 15604 25159 11883 10110 7877 17581 7362 26004 2200 32747 21572 22609 8675 17323 27810 11326 10694
28733 26580 14923 7732 16235 11342 20772 17098 18773 15391 17921 18866 26730 15220 12564 12175 12770 14426 17198 11027 29565 20184 12557 33113 18621 20475
21144 24279 15897 8403 15401 13259 13264 16160 14555 3453 18125 7018 28325 9825 16544 21330 22886 9527 17512 18447 15524 13074 22268 24614 9500 16300
10702 19877 14054 0 18629 11421 14689 7719 24500 2386 22829 10166 9752 14550 23788 8617 18757 1327 2949 9738 16495 25266 21333 18674 4101 14912
12868 6444 14501 9458 14899 12712 22356 21086 14570 18880 12045 9968 16478 10203 7862 7142 22268 12101 8635 23557 17161 22115 17888 20087 18801 21012
19024 21564 15690 21268 22605 9523 16314 6033 27522 18355 21007 19300 8338 18570 30647 5176 25948 10578 26335 20676 14504 21646 25203 13959 4874 18167
5830 21386 21260 23427 23992 13738 23789 37640 14267 8762 15208 9418 24547 12944 10110 12869 12717 8003 11395 11032 14938 15854 16168 15199 18778 17970
11968 21606 15685 11616 22206 14398 21619 2738 17428 5839 22859 5845 7974 10524 25232 9806 21587 19567 12477 9728 19071 19374 14839 10757 25126 16179
22601 16077 17133 14341 19736 14339 28348 19997 26065 7092 22018 13204 3562 7059 17029 18876 22001 2111 22432 16394 21467 21720 14692 24856 16289 11723
14755 33393 16844 15447 25535 10873 21500 17137 24119 13725 19698 10304 18920 10693 26430 11601 17367 0 23221 13080 24477 18298 19695 24844 8383 17235
25735 16901 16931 21061 19665 10487 15594 16019 25587 9298 6966 15437 12697 8808 14666 1269 25061 1593 14122 22426 20546 14711 17864 30984 12210 22910
21816 17994 15090 2444 20759 11568 18019 11651 22964 12477 12192 12721 13081 5540 22160 11228 16580 10193 12689 21210 9850 11974 22356 10687 13348 19382
4768 24354 16303 15120 12101 8228 38336 19323 23131 10167 16661 8654 4685 11046 23819 9265 14282 21126 5124 17533 17724 8465 24433 5167 6496 16472
18937 30709 12000 13338 19662 10565 5190 6668 2180 11808 24339 8050 19306 7572 12168 15380 10077 6577 17823 20661 31638 15243 19514 24180 13112 12411
18759 7731 15342 7699 26602 10634 10557 17698 24719 6739 1943 5599 22660 14528 26830 8687 21044 9989 15775 21782 16743 22773 21587 12252 15305 17964
18734 14885 19202 23538 24877 9418 18713 19917 22767 3412 28371 15449 3833 15119 4899 14101 26356 10539 13624 14682 27909 21395 17753 26474 17365 15538
12820 25073 8684 12147 14021 14844 13314 24279 13610 11072 17913 13132 5593 7094 17109 10463 16846 7040 7450 10021 22863 11790 16336 15019 7617 18862
19040 24990 12881 11109 25799 8158 10396 7251 6993 10099 18089 15198 24023 6948 13694 16850 21273 8541 24260 13248 15994 28684 22054 15436 11442 16651
36008 14388 18947 18067 22519 14022 18848 31632 21212 14589 20674 15920 22441 6989 23128 18403 19229 0 7474 5528 18714 8249 17095 4333 23515 18110
21230 23733 20995 19750 25878 9644 21345 26647 13033 12755 26339 9627 9651 11616 9893 4830 14959 16534 18111 7805 24531 14186 17550 20932 26166 18740
9371 23584 19004 16591 18938 12371 26893 17276 17479 18312 15226 6462 12460 12807 20610 14104 36052 10544 15420 6601 18975 16120 16016 15585 18566 20975
17040 20955 15047 9880 20438 8743 26478 19256 16084 6340 20774 10848 16476 13552 17393 7604 16288 13117 25880 17411 7367 17923 18719 5923 32224 15245
20362 13051 19112 17299 17336 14608 14608 24004 18210 13188 22351 14682 20432 9706 14969 18079 17989 1507 18827 11165 6046 20402 16087 21661 19793 21404
16851 26066 15400 9716 6887 8192 14136 13059 21125 11803 8263 15967 11197 12685 3604 15107 33702 15849 31239 12148 20953 18434 15198 4025 9420 17818
10713 16450 17837 6206 23752 9952 23856 9393 12074 15764 17873 8722 5984 15401 24833 5185 10364 10236 0 20737 18044 23510 16910 14201 20975 15535
25589 14182 13367 17186 17369 13402 14525 6994 17432 17625 17813 8163 12370 7547 8021 6474 7970 6228 12587 15881 16531 11610 21373 6246 28021 19887
21010 26096 16994 10340 16961 16730 11782 15795 16757 22908 16532 9556 15713 18207 12696 14565 25571 16717 15662 8163 8889 27489 20250 16969 4205 20069
16500 11617 15309 19864 20818 10922 12858 23004 19051 13042 21049 15307 6608 14835 13974 12385 21481 5870 20161 26245 12167 13975 18442 24869 17247 18393
19425 16791 19562 2878 25901 9047 22025 29725 15677 7346 14392 5920 7293 10819 29145 15436 11877 16878 17735 13444 19194 14869 15418 16771 13747 18368
21356 18140 17941 8870 26947 12392 19791 19342 21464 16344 21226 13650 20019 10939 21818 15960 24735 9067 5537 14652 10800 26113 23512 14465 15897 17578
15260 25267 18629 7567 25463 11709 12599 20977 20966 11202 6915 18264 23031 10433 20373 11942 21871 18979 11422 12115 17564 15245 19554 15142 13818 18047
17462 23494 18479 18150 14402 13422 21198 11947 21545 17796 18070 5246 18501 9380 9737 11292 13153 5746 12859 22643 27168 10749 21966 4230 20134 14050
23862 13712 16993 3934 23211 10817 15801 20140 15537 16390 24827 11240 18683 6441 15883 7879 5485 0 0 8531 27045 12971 18763 22779 9138 14166
14167 25416 15139 15848 21746 18544 16512 18334 17827 6175 38955 14605 8935 19060 16991 6348 19272 10373 5033 12843 8742 11638 22990 25013 15120 16533
25568 21069 13155 3457 20507 11012 10872 11239 10216 13529 18637 6909 11158 3704 18869 13133 19943 2865 28479 17656 19460 12451 15779 5275 29990 10749
32532 30173 20821 19344 17216 15298 16799 24051 26790 21742 25414 13686 17168 8637 8757 2334 14288 5598 11881 12448 0 16332 22614 21918 11635 15241
17709 23732 15295 18943 16504 8783 9818 29753 17160 14871 12638 21210 3960 3001 26605 8773 18461 15168 25395 18799 16840 21862 14061 22199 6889 21944
5559 18988 19934 8947 11601 12310 19102 0 24551 8005 8562 10933 19077 12191 6185 14128 21872 5736 13272 24184 19041 15058 21517 12188 21940 18583
10065 0 17803 17204 16041 9678 13948 24354 20836 22310 18435 5314 21568 16238 18608 5994 35557 8509 17881 15221 20163 24332 16834 14909 25003 19965
26073 14754 22414 19034 10059 9105 31212 15445 9598 8661 22866 23825 18315 4944 21908 12460 13480 2221 6326 20930 29508 17097 21894 20254 25585 14065
18810 15883 13799 14717 9493 10604 23849 18997 24109 11797 24131 7452 6347 6409 18700 15089 22551 0 18378 11937 13678 12142 19563 25731 9247 16886
23365 14252 17205 13267 22072 11817 21018 20614 21826 8608 25015 11204 13954 11572 13749 7937 24090 12366 27773 7878 21679 25491 19729 21830 20642 18379
30545 14092 13501 10976 16353 10242 26278 16983 30584 10919 6899 10326 17259 11670 11625 11065 24468 2845 1934 8410 13460 22186 21524 16778 5827 15381
16046 11035 14984 18930 19434 15396 18217 11589 9339 10348 10170 14490 15571 8598 20849 8608 26234 15879 5840 18058 6242 26570 18359 7835 8569 18706
13868 17113 19161 13193 18841 12958 15255 6401 20725 16607 28767 14299 27134 12685 12225 12959 8416 8692 10890 16597 19999 18411 24730 21033 22696 20328
34285 8380 18638 15948 17582 12423 13999 30262 17211 15334 17706 14025 6413 11056 23136 13443 21507 16526 10365 17112 27204 19917 23838 23280 30396 16321
20300 36664 12682 4820 23152 9094 29006 12389 20635 11973 22386 10255 23619 12229 20769 13311 26324 7222 14331 7063 18894 16784 19138 14950 11030 18064
16166 33964 18991 15541 14367 15263 10923 13379 16717 13650 20765 5274 15514 18886 28019 5548 25402 4486 5865 18528 29465 19926 20190 19306 15570 17625
17500 25644 11884 11851 14140 14514 13619 15394 19260 14959 9272 8121 10362 9931 15207 10805 13156 6702 6873 15760 26181 16328 16208 17695 13166 13311
18574 19446 10584 18656 22214 11123 14283 2878 21537 19093 18194 5031 4474 19221 15025 6573 25883 14119 6060 20783 15279 9300 17228 23939 19885 20145
26478 9374 18559 27015 20807 10931 19266 9779 24084 3276 19081 16496 11987 876 10482 1228 16390 11199 7460 16817 25108 8221 18526 10034 17649 16172
18741 24528 15827 10554 16568 9187 24934 17612 16982 14795 20769 13877 15382 12921 11650 5447 12250 5748 13010 22253 23439 19130 18475 21650 19012 20552
26520 25213 25198 12406 19531 11816 33180 27743 15998 17954 23861 20458 4697 5626 22526 8600 11559 8677 18201 18285 18553 11114 17662 26177 20215 16643
17973 23063 21353 14661 20366 10090 18059 4890 9980 11745 27259 1285 22372 11731 17824 4277 26775 9911 11035 17889 27227 22954 21280 20881 8586 15663
15802 11643 10927 11025 28297 10124 6609 9113 26906 7476 22430 19804 8850 10734 20692 6137 30259 3837 15819 14560 20920 15822 21448 16802 29300 13326
26657 22807 11793 11858 17691 9418 17176 4675 27486 8884 19708 11593 1424 16160 14196 5798 19770 5206 19368 18173 14341 9873 16315 11383 10131 13614
19441 17920 18792 12644 20311 13108 18663 20612 11031 6949 22108 8710 8257 0 21241 9585 13234 7672 22463 3542 13525 14237 18071 16644 15324 20087
14289 7976 15455 21957 20010 12055 14450 15435 12708 12657 12584 20816 16227 22642 13903 12806 18709 5970 3064 21773 13469 21361 26262 35790 7999 13278
24065 22890 12081 12983 20339 10938 22354 19860 19984 9249 20915 9430 6628 26054 15811 1198 18547 0 20252 13352 21787 21440 13768 9351 21518 17175
13305 10351 19397 6891 17310 16592 19731 5644 16397 15039 13472 15392 8566 13271 16657 14043 19099 6385 10469 11187 23834 10406 19503 20498 17052 14306
8721 27389 11883 14682 17151 9899 14643 20140 16781 16083 30593 20651 12472 12811 16609 6472 22780 17170 7771 8678 20168 11216 16824 4143 3391 20341
21917 12669 16887 18605 23400 11215 13950 17240 9440 9508 18543 9489 15456 10365 11343 14278 18517 4349 12658 18982 17903 23733 18262 25390 19440 20155
8044 15225 15868 8157 23920 15121 21282 28246 20122 18653 19352 11421 17186 11612 18183 13242 22695 11031 8723 11871 23201 14773 16014 7229 5800 17774
20698 14107 17590 4729 22327 15963 12853 30545 21218 8736 28458 7694 20318 3480 14815 5397 24627 5517 22831 8443 21764 18968 22220 12084 18205 19425
18639 13336 16232 16817 17687 13050 23887 29424 17061 11837 11281 17701 15654 14318 23961 8588 32116 18120 2137 9714 27003 7273 17784 24899 23552 16461
15252 23541 14414 2175 21640 9738 15281 14596 18560 11635 11841 5400 29749 8840 17262 9577 20392 10935 12284 13638 12706 19891 16463 18429 7563 17794
24044 23940 14569 5925 20697 7142 14813 14076 14604 4733 6127 11827 9532 5280 11952 5496 24818 8211 20136 10143 21797 14813 22455 9172 14379 17205
18585 8269 17218 13994 19471 14835 19224 32022 19479 11346 13984 8217 26630 5908 19432 0 19686 9554 92 16630 25998 11430 19158 14253 6653 16087
23176 22841 15424 13024 32140 12683 7662 12738 22418 3985 15687 12437 7696 14146 9962 11224 11559 2707 19657 15136 19242 22490 16731 23808 16849 15043
8576 18872 15704 13256 20182 14167 27483 7083 16763 13095 25846 12528 13362 3459 15549 13196 19876 6663 5379 8979 25947 19841 18083 152 15418 21383
22323 18469 16971 21112 23946 10309 13386 14916 15660 13478 23616 14986 10082 2510 12121 10592 11547 16356 4422 9553 14655 13215 22302 16746 19751 15873
20626 28954 16374 16356 14706 12120 16699 17159 16803 21202 33556 15389 13797 14330 16868 15996 13978 20031 15065 10661 6419 16435 22042 27567 11940 17972
17162 23707 15033 10380 10050 9558 23701 7021 11766 3961 21939 14764 16580 12213 15884 966 16638 3180 6870 19530 12984 10760 19125 25408 14277 16370
22749 15189 16220 2027 21634 9978 16884 4233 16114 12822 24237 11315 8505 22919 30402 5133 15542 14237 18695 13473 16458 19831 19218 18668 7957 10684
14306 3542 18743 5119 22355 8936 16880 32419 24124 5464 20655 11326 7464 16022 15799 7691 8812 1726 25189 9938 24952 5138 18790 24803 24919 18687
20872 24633 17113 16986 20505 10174 11548 6525 20455 17404 14758 5212 3998 6258 19843 14360 21482 6612 4666 0 27123 23725 21636 19755 11876 17083
19146 23822 15649 19544 11821 12888 14470 18511 21885 14535 18019 13363 37874 11409 23545 7447 22773 8034 25223 10801 21358 7959 21742 3545 21648 18986
15704 23498 19602 15636 18220 12495 9989 9834 14784 20334 18826 5161 17518 6051 34985 13656 16176 16889 16106 21066 8048 16185 12928 21038 18945 16624
13808 13268 13171 4383 11729 8638 23150 17662 25132 12970 17686 11460 13739 13239 14507 13435 25560 18869 5415 6972 19160 21686 18113 1271 16974 13895
22664 19443 21482 9614 15440 8243 27736 9096 18497 8814 35037 5980 12383 6478 14074 15654 19532 15621 7621 18483 31964 22448 18009 19350 11755 22965
12581 15152 16334 15174 22602 13682 23480 7945 15860 12444 26362 15130 14367 22171 10137 10461 36333 11794 8766 4300 17216 18059 12004 20343 9797 17963
19574 19224 14000 16801 19241 14691 13961 25520 18307 8069 12443 6528 18438 2660 2273 10644 21282 6218 31754 11661 26992 8086 19224 12928 13647 15390
20936 8669 19281 3805 25346 10430 20222 21325 14687 19901 23091 11913 20306 9240 14837 21711 20570 10478 1620 23932 17068 5606 18845 22529 20899 17034
18698 13351 17557 7447 14503 11040 15760 7042 24410 19399 20717 12476 6672 13574 11035 9392 15027 6471 16790 11534 14505 15362 21586 23283 25885 21046
25549 29288 11235 13038 15398 11960 17947 12693 17428 15499 4864 9147 25785 4793 27224 2918 19736 7264 7895 17424 32497 21696 17057 4461 0 14983
21607 19459 18145 24572 26082 10639 12505 27660 24659 15572 19607 11517 39720 7968 18429 19280 26846 6567 9753 8709 15321 14335 18368 22900 13803 18877
18727 22596 17930 18041 21365 8732 27393 9051 13734 8033 9867 13157 17222 418 13825 12582 16125 11581 22558 11531 21850 16576 20803 28740 22410 20070
15147 23501 12922 20458 18417 15270 14165 1745 20539 11784 10989 10426 21254 8763 22818 15912 19434 7403 16639 5880 30742 15509 21988 13826 17757 21393
21785 14587 13389 16787 26328 19041 13244 5128 22314 8389 19670 17526 10468 3746 21898 13328 15277 7420 9112 19257 25229 8187 12482 7039 8267 17139
6937 26862 21000 16359 15346 13172 21873 13748 11878 15106 9376 5440 16032 13177 14394 9870 23989 3724 11178 11206 14678 14607 21241 6644 15613 17743
32370 10784 16914 16925 18081 11935 17950 21206 13937 8732 21098 14339 17028 11494 29746 11799 19201 4141 17144 14953 19775 11200 16508 25462 19741 14208
18386 7784 16884 9317 19542 7289 9453 0 15637 7153 26285 15756 9694 12973 15311 9576 16221 13816 25170 9905 17764 21866 11391 6763 11228 20063
5231 27088 17052 14595 18885 3951 19749 23614 25789 13108 20095 14766 10395 12532 17388 10595 23687 14094 11520 9057 16997 14365 14686 20001 20271 20508
13986 15543 19503 17382 17172 15853 16410 23036 20447 14674 33572 13684 0 8688 15202 7439 11763 4368 10668 7168 25810 16115 23002 22867 16622 14864
20767 14361 17973 11345 13759 12623 27726 25953 16618 12520 33537 10000 8261 11016 15678 18278 17117 16132 1628 18207 26756 14447 13183 18136 11910 19729
22426 9755 14726 13805 22985 11412 19573 22010 16386 9393 13385 12274 3364 7312 15162 0 16304 7654 6264 10115 24201 12891 16137 28330 25336 19307
11005 33142 18267 11040 24335 14972 19843 17183 26065 13861 2947 8017 14384 0 25949 13369 11867 17412 7638 12794 24712 20961 21070 17396 22853 19208
22180 6333 11631 15359 27034 18339 18063 18474 16670 13322 24239 19347 0 12208 6086 10079 13190 7462 23056 11631 20112 22948 20129 7535 22976 25315
19588 34243 9745 16599 13288 10391 14472 14361 21962 12493 26309 11569 27867 14598 3065 9516 18720 3372 14517 0 19486 17419 14960 12858 12904 19528
27477 15611 22006 13486 26441 8910 17189 10234 20209 20165 20335 14597 6916 2339 17940 6267 15269 9933 15797 10926 29671 7572 21454 29932 26147 16373
18269 19995 18465 13551 20274 13322 19453 13202 13277 18648 16605 15484 31354 23377 18551 2776 14174 13205 23871 13094 25223 15561 18780 10253 12752 21658
4848 22519 13914 22097 27050 11687 12785 25712 13824 13467 32189 6216 100 6361 15696 13684 26658 8630 14241 10239 13889 15618 19001 22190 3341 19677
24476 24387 15570 17304 21651 17484 28972 13772 18335 11945 10897 5970 23574 5240 10937 12199 14255 11081 117 17671 21829 17845 19335 31202 28758 17908
31026 17747 14653 14599 19263 10249 19596 10288 24598 13042 18018 6028 17445 13735 11419 15503 28675 12068 23065 9784 14031 7766 19918 17458 23544 17582
10226 23503 17103 13082 25926 13756 15879 14993 8334 6845 25022 2488 16078 107 24847 4940 17907 6103 17611 13886 16911 17941 14798 20576 13238 16828
17917 9678 13684 9321 16245 10151 22137 9961 20332 2507 21607 9830 5807 3921 13399 11048 22258 1158 2088 22582 31067 8680 16330 20238 27102 17242
19698 30540 17642 5235 14213 10810 16975 15100 16942 13549 16643 10222 9156 3136 15948 6738 25403 20655 15641 14931 7919 12948 14711 18248 11819 15992
22447 16314 18625 10545 23086 14217 24647 16824 19506 10155 11482 7822 19446 10638 13079 3731 29834 8880 8171 16862 17017 27752 18516 5629 14502 14177
11907 25847 14333 12437 18676 8601 25145 12784 18361 12242 20884 10088 18745 9760 11213 7129 14297 14761 24244 17542 12521 21217 20092 21380 14416 15709
16214 13651 19564 13880 21614 11080 16365 14064 15369 10972 33069 19463 8549 0 4903 13590 18746 14041 19113 18985 16739 11774 17229 25623 22590 19423
17642 10287 13648 8844 23880 13580 26846 8021 30784 5833 16003 3358 20578 20384 20520 8796 17341 7008 16400 4945 23613 13890 19871 18866 17912 19607
13665 16481 16766 7359 21126 17408 22539 14631 14975 9691 22924 14054 92 14181 19906 8654 18258 8657 7168 13383 23509 22344 19214 22908 16219 18922
10537 25506 18392 14432 17097 10871 20134 10805 24397 17993 14165 15046 6528 6639 16495 8796 18707 12444 8892 23480 12982 20148 18430 25993 7098 16803
27800 12609 17717 17617 23659 13797 19962 14594 7141 5670 12413 7631 27330 16302 12013 11884 18592 10680 17685 17821 25051 19971 24257 16060 5650 14282
20318 15937 17180 3972 21788 12698 17628 10509 22533 15817 30014 13778 17638 17237 15473 11493 21914 10323 0 14918 23120 22381 17076 14227 12963 18682
27198 20629 11993 6471 19648 15227 21376 7414 12657 2959 11627 6881 8014 7300 20030 18576 17740 11568 16967 21322 26941 792 20525 14768 19994 15847
29091 17591 13369 0 13798 10503 17690 7028 28402 11600 28611 19182 0 7096 19238 8502 23429 6843 10388 24137 23967 11341 25123 13692 27895 19385
13037 15866 14226 5018 12949 14076 15014 11721 15056 16177 0 10571 16103 17453 15057 9453 23085 2879 1958 10891 18812 15007 18840 7110 17095 18079
6303 22830 15130 17337 22840 10001 23951 20544 10655 14513 18012 4958 15864 8398 22514 8287 17976 10475 8472 11678 16786 20966 18400 25571 9892 16785
11705 18169 17767 7895 14010 15027 22541 18884 22764 11498 13914 12814 22353 15742 21409 18310 13186 9420 18429 18032 25445 23632 12356 19809 22233 16166
19331 23043 11951 21082 21966 9775 11997 5836 30123 10763 18994 15741 13012 2364 11824 16291 25443 11764 15475 21679 20249 32659 13014 22850 17450 17998
27772 34288 9960 22588 25815 11379 28629 21662 17904 15351 16555 8776 18268 7501 18395 9390 18074 7148 5564 14508 14075 14311 16741 22855 15002 17730
15831 15068 16595 12881 21268 12303 15620 12528 13760 15175 15723 2955 25237 18094 26715 8021 20926 3717 24475 15386 25176 18835 25030 24970 15821 14799
22069 2827 17595 19091 16617 11016 22581 14407 16845 19668 21966 6624 20633 8856 21359 17969 13111 4952 1306 14984 30430 22622 22600 4338 12984 17764
29754 14903 9287 10091 12749 14262 12344 14116 22514 10884 16191 13430 14213 15823 19880 7353 19068 2495 23235 14222 5932 21211 24079 21374 9614 17850
19702 16509 18599 17432 24710 17042 23765 14996 17876 16698 7402 20928 19370 9370 13713 2363 19228 8681 0 20201 19943 22710 19410 12490 15580 16774
12428 17119 20382 18243 19633 11924 27457 21728 16351 24178 19736 16352 0 11913 12461 18485 12447 10415 6075 17164 22582 13571 13964 27021 24496 21190
31611 19695 14281 22699 22369 14470 19579 16830 11783 19642 1611 7380 19033 13603 28006 7689 23280 3160 3408 16643 29413 27642 13866 16955 20062 9835
21981 8806 11504 13628 23690 7877 22067 1642 13432 16688 32235 9436 19360 3622 15035 11647 18380 15358 11495 19052 22328 16968 20263 18071 11814 20803
19768 12436 16842 13910 18596 9389 20795 3548 13302 6191 10238 8127 4073 11645 13335 13609 31281 8234 24076 16942 28987 12600 11815 20507 24844 18194
11655 19534 16385 15390 25487 8872 15386 13769 6254 15312 11611 6141 21607 6183 9940 13302 21116 9703 22825 14556 17351 12256 21251 9446 15914 18201
25120 24412 17224 13185 14884 10990 15049 17097 2732 7908 19789 17610 17679 22367 18367 8263 17093 10894 0 15180 17442 18363 19245 2201 24681 14602
15006 22932 10075 11509 18827 13611 16916 27624 22057 11396 18426 19273 16262 14099 15530 8974 29860 8705 8384 25048 21034 7393 21178 15449 19758 15279
18268 18904 12863 19565 23514 13627 11182 15614 13990 10650 18918 11002 15173 12430 18607 13424 18178 8543 18056 15078 9040 24242 21290 0 25874 16830
26793 6454 16900 5090 21928 13041 23666 18990 22087 9335 28765 0 18753 7826 7609 11567 21058 17973 19344 9423 12607 22571 22473 14517 10879 14287
19171 21080 20362 0 15686 9297 13561 12669 14253 2339 15373 15843 20706 4380 10488 11576 15773 35 5181 14890 15195 17220 18052 16358 16299 19207
13459 19148 16410 12034 14374 13726 15740 25797 15019 6995 24328 8263 21215 23072 7208 9156 20456 23973 16050 20670 14937 15925 15183 16923 19558 19600
20245 6155 17301 11273 15301 16808 29297 30142 17921 9732 15292 14722 855 12256 29174 7393 13431 11898 22256 17743 18254 16370 22074 22784 9462 21005
15806 28168 18601 16702 16924 8469 29678 29612 4201 16769 23570 9505 10499 6161 17614 3962 14126 13018 11587 14796 12495 10015 17080 30384 20953 19968
17110 10422 15076 10449 14563 11191 12157 19464 24708 11244 16714 19772 12972 22109 21270 10662 7605 16360 13771 6825 19933 21315 19947 28268 13453 18182
14359 35859 21685 13953 20203 13903 15934 15017 7088 17693 14833 10753 16759 14381 16323 13717 21454 11768 29321 11351 23549 17436 19727 17198 8597 19486
10832 15255 18538 14205 18437 8038 17654 946 23795 6148 26848 13875 2990 554 17655 4380 20994 16325 3130 16022 25781 11095 13085 24761 20485 16655
7490 25748 16355 7740 18865 10805 26446 20151 6879 11764 14497 5985 2788 16439 21765 9918 20285 11491 20317 4890 13817 14937 16580 12061 9763 12062
15567 16419 13105 11866 16195 11138 20479 21136 22647 13756 20443 14618 10044 0 23993 11228 19275 853 10351 18452 18026 21019 14594 15845 20086 15972
8697 793 13713 13506 13160 10286 18036 4823 21787 9886 10270 13588 4155 4580 15791 10668 16612 2810 24446 10075 19353 21283 20260 25859 15858 11018
8708 19411 15454 12575 14987 4453 8125 7269 23606 9302 18845 13937 3361 13688 8290 12694 25799 11517 11847 14369 11923 19384 23142 34570 3367 16625
16118 15134 12425 16532 30922 15008 15889 15513 7605 14004 35366 8592 7840 3433 12315 12160 10974 10731 22683 20351 24602 17229 16733 17639 18421 14892
34984 19990 15898 16191 24098 11344 10843 16586 25122 16425 27925 9102 10547 7810 17847 11089 31291 13552 6054 29021 24401 21515 27704 12172 14007 21168
28529 35463 20126 18667 21005 8283 13329 19950 18575 9905 23443 15283 17203 14891 22058 14665 13063 4229 4114 27065 19304 15910 22070 18250 17597 16096
14817 14917 11948 10862 21132 10480 16996 18173 21564 7991 14599 10090 21205 8774 18379 11793 20701 8814 2233 17785 25292 18983 15639 31272 15362 15833
11582 14825 15919 10424 26625 9555 23852 11233 15435 15885 26896 13986 8322 14468 14434 7217 12309 13505 8401 16124 25764 13397 13429 3348 6791 14969
24838 24655 14225 16502 21790 5419 17617 26051 17746 10446 21289 17875 9072 0 6969 7481 20192 454 8485 11898 21543 12065 16464 19856 13185 23207
34353 23401 17329 12056 10110 8964 14082 13933 10634 11345 27846 10462 17704 14407 17083 917 26279 9982 6365 20251 15551 14398 16080 4444 19089 17532
21519 40015 15704 16593 18979 12678 23905 12790 8062 16558 19768 7177 7245 22882 19145 19649 15518 14215 6362 21757 16889 21849 21219 10548 8031 18756
17211 29258 20791 8371 16675 14608 15494 23678 7192 10905 18092 6622 17506 19608 18469 4601 15388 5188 11566 28574 19811 22347 15086 6002 13839 23566
10701 28324 16603 7623 25033 12475 11873 3303 24096 6983 18745 12483 10132 1875 29475 12109 24080 15286 14661 9459 28184 19635 28336 25053 20583 15774
44551 15644 16061 12294 19515 5715 24195 15057 17653 13674 28322 18497 20007 11765 25603 8512 11549 10128 6834 16357 22088 11653 19712 28245 17833 24825
9285 15215 16039 20720 18325 14350 22746 25411 24372 21971 12763 16375 23405 5201 11797 14908 14504 15326 21506 11490 17691 16664 19929 29851 11497 18010
14225 14677 16719 9300 22244 9060 12091 14850 21424 8266 23716 8874 6936 7699 33290 3691 19269 15073 2002 8123 27082 18727 18812 12157 16829 16230
24208 28255 14162 15874 14814 6841 22599 13552 21299 14592 13800 12856 22942 14338 19820 14121 23118 10563 8168 9933 33445 18418 17757 39731 12636 17649
15753 7073 15891 13061 16265 12029 29709 18173 14072 16310 24396 18196 15748 15488 9624 5518 21277 13424 11305 10708 14777 16424 18228 26574 10151 15668
9967 20630 12395 10614 18843 7902 17519 18803 14987 12352 18552 19892 12049 3565 12587 14805 28681 12482 1683 18641 28176 21423 17878 12424 16665 25964
18807 27810 15617 14659 18701 9021 17677 16893 16566 12615 20015 16840 12675 14577 22838 8330 34770 0 9933 18690 25420 9305 21285 17826 13033 14438
10065 10638 11171 16165 16761 10041 14462 3318 18714 9567 22969 5421 11027 8885 23648 4019 12785 8805 17053 15617 14606 13712 17077 23592 26231 17052
20529 12548 15801 7842 22226 12630 15077 19864 15243 6640 14078 11919 18242 3147 16105 12020 22264 477 5679 13897 31219 7710 18585 25270 15445 16037
20919 11061 16306 22439 13948 9805 13698 17516 17172 8650 10582 12769 9390 9251 23611 11051 26374 13393 4255 18440 19699 22445 15713 17575 11821 19049
16203 27355 17071 11677 27676 11868 25760 16518 23517 12172 23923 11677 11240 14780 30520 6395 29400 13945 18963 13493 11961 24532 23776 14730 14194 20522
22508 9583 13867 17357 29378 13157 29234 458 18236 11718 18343 8625 5884 7781 20071 10082 10250 11771 7227 19213 34430 10250 20059 25755 19311 20939
23858 18788 19099 5685 19382 12113 21515 8922 21487 13787 23720 3942 17540 18895 11725 10905 24995 15492 17580 26520 6096 22668 19381 21088 27457 15734
21703 16152 14374 12204 14204 13182 23567 27963 25840 17777 16864 14151 22263 13115 10960 6305 27931 783 17952 19328 14088 14622 18173 11633 14946 19965
17360 17949 11179 10831 15133 10511 17415 20850 9865 14491 16769 8282 13533 15322 15894 7784 22274 0 0 5553 29272 15692 16086 17009 6585 18595
12724 29416 19380 18072 23070 15603 23082 20123 17824 9583 22722 11922 14225 13367 9716 7684 10869 11584 13959 8897 23866 14668 16750 6722 8884 18043
11843 17736 15874 13980 19729 8832 19269 25807 12848 12186 22489 8744 22460 6919 12022 2026 27409 4512 17025 23267 9532 11886 19676 20413 19552 20495
37683 12898 18567 19802 14029 10776 22829 10750 20449 13603 13813 7211 14056 18451 25694 10828 14096 3070 10899 17565 17281 16686 17967 19966 18668 16887
22812 3063 15717 10257 24435 8854 17707 4276 17625 17457 20661 7620 13419 13178 18473 8188 22569 12681 14339 10077 19784 20232 16269 15105 7021 19974
23429 11518 15348 5667 17167 12354 19036 20132 13592 15606 19514 14244 21430 0 22411 2732 22849 12480 9116 21157 21823 23572 20576 17210 15464 18352
27351 8569 16015 21313 18426 14068 16372 7828 26933 7133 18103 5224 13086 8545 17455 2338 24084 12640 7913 11399 21151 14060 24818 31834 11074 16424
23351 23445 8815 9130 24706 7843 16958 16624 9868 12724 21249 6525 18747 3116 29443 7173 19823 16068 14076 24313 17749 10217 14083 22321 10484 21641
12083 20854 13385 2434 22029 9451 29666 10602 18439 15638 25863 14104 10395 11736 28138 10244 18561 19359 18825 6986 20648 13371 21551 20720 17827 22895
26849 28597 25013 16822 16667 11071 17364 4991 13377 16705 14453 17677 23672 6063 28295 1218 14594 12099 3227 16584 17567 15604 15261 14991 12523 17614
10285 27926 14272 16559 19894 11893 18600 19967 16951 16876 24609 9979 11301 4161 9874 12310 16729 6470 15109 14049 19380 16925 15947 32751 15333 15424
18170 12669 17636 18559 15205 9271 21419 9340 24785 7600 20104 931 6778 12963 19053 10740 19925 9189 11020 7573 23639 19085 18267 3672 20627 17192
25877 18196 17008 11336 21569 5991 13684 10240 17088 12333 33632 10006 17613 18644 21864 17297 12285 17085 13694 15498 21502 24052 14315 30811 9386 19127
22924 18924 11507 4217 16950 11259 26683 24330 15960 14065 25665 12437 5863 12982 13273 8017 24665 13045 13632 15532 17989 19227 16931 20460 9530 15830
22488 11277 16850 10963 24697 7406 10770 21113 24726 13526 1703 6084 21558 17644 9808 12217 13550 11882 10437 14425 13055 10343 16862 13561 13300 19873
20218 16386 17608 16714 23144 13391 26144 7284 24817 12389 13546 0 4118 13119 18876 7967 6119 11177 11691 23710 8866 21741 17178 23196 15339 15348
32086 24757 17839 12704 18454 11889 20517 17418 8990 12603 15283 8604 13423 14735 4332 12126 11131 12126 8519 15850 10181 16443 19764 7706 17712 19830
12582 13126 13748 12653 13827 11945 15275 12886 27509 14273 16726 12351 16821 21889 5580 4205 12184 9384 12395 12237 9785 21317 22237 13476 14509 16633
24427 29992 20189 14151 29125 11765 9465 9107 11882 17086 18476 8357 3157 18213 10222 17289 20771 7684 18073 17386 12866 12080 21864 18547 17567 21885
8434 11533 18334 17417 19137 16625 11377 15325 15185 11796 10458 4669 13527 12355 19212 13715 7534 5871 0 20030 13286 14740 16917 27822 21161 19076
23504 3052 16833 2468 18406 10445 18303 27121 17154 6121 9555 13267 6005 10518 13701 11443 22175 3038 18763 26459 25479 15242 20488 24324 6952 15800
21778 24631 15576 21247 24567 10674 21249 21019 22691 8525 9838 9848 8701 14248 19972 3260 23640 7655 20694 15573 18732 15582 15456 32806 25198 17704
12625 13419 16930 7656 13953 13632 26044 20807 22982 14629 22354 11388 10273 4151 23704 6110 20585 1542 2023 24847 24810 17708 22663 5827 11265 16087
20918 5425 13839 14317 25059 10102 21123 23976 8575 4805 14611 14676 4058 5361 20489 6222 9898 8804 5524 14513 24589 14053 14396 22824 24858 18542
16599 32699 15937 18515 20392 13954 30396 22189 11658 11065 11996 9948 306 6196 24565 10051 15742 15955 27359 11925 26146 13111 17581 11212 4655 20888
8776 19990 15426 6664 22610 16867 13079 26807 21161 9491 24033 12746 10370 14162 8135 13701 17700 9171 9138 13830 22541 24166 14367 22369 0 14809
16835 10085 12048 6842 15797 11776 9366 26182 22228 17550 16951 5331 19714 9504 17750 8776 12653 4470 16882 7825 19595 16160 24684 19684 24936 18200
13550 20515 15894 6779 15613 9699 19844 16730 20567 6829 21330 1556 23443 11670 20931 8888 25244 5614 6931 6509 18597 13469 16772 10335 10905 15641
23398 19266 12639 8584 21317 11701 16335 21185 17922 4007 27158 15491 21624 11356 14410 9188 23039 11033 15129 10479 26130 16215 14641 23088 3212 15740
23482 18910 17257 4155 12500 15665 12642 24352 23220 15221 10223 17205 21297 12017 26208 13713 28832 12779 2157 6529 12387 23314 19619 6328 10665 21661
33214 19859 17909 22964 24138 12066 20376 0 17075 11406 22895 15086 7177 20073 9374 14098 22413 2807 22189 14441 28932 21847 16236 18803 9746 21436
21980 15345 18181 10974 16442 15640 22467 8973 6869 9371 20634 6835 5478 6273 22021 12167 17155 4564 21611 11474 27926 15251 20437 8287 16521 16493
17744 23106 18453 15017 22298 19157 20680 20769 16904 12015 26528 12917 6342 6485 15082 17648 31551 15674 15637 30289 19817 21514 15388 8910 14802 12295
13685 22097 16931 9512 19944 15834 19983 36587 30521 5388 28610 11898 15205 14712 24829 15703 18677 7200 10862 14288 12738 18261 17624 13052 19760 17169
993 6410 12865 15370 14423 10736 18634 13163 29430 13900 22828 13279 5465 9298 12704 3703 15362 11314 5209 23342 19818 19679 16503 22569 16342 14326
12089 25911 17815 19141 24061 9811 13367 5929 18738 15165 7246 14304 15328 19721 25901 11640 19359 14044 0 12418 19595 16738 16286 29843 9212 25138
19184 24542 14646 13898 20987 8979 19913 6897 17362 11589 13666 16763 6738 9090 9715 8597 14768 1079 15385 12662 16803 11660 17007 4099 15639 18292
16560 15840 16185 18839 22211 9756 21295 14345 18256 13708 25862 8930 12691 15361 16018 14824 28577 7764 23556 22333 14242 21403 19972 4321 8393 15691
26263 8895 16676 14702 17776 9568 20005 24416 21540 9443 15785 11608 12884 26116 16170 11796 20528 9444 14174 22437 29448 19865 18485 6844 16288 20335
28501 18309 18688 9909 12971 9403 20679 14683 20377 5693 11664 12904 30101 11235 9761 7788 21916 3916 8858 7678 14095 16155 19191 10263 14955 16784
24799 20681 16607 9615 18874 15254 12655 27433 12130 10294 23380 2421 16274 7873 12809 12076 18183 3518 3535 24544 19299 15959 19068 13407 16458 16773
23858 18912 18856 14596 11334 9192 28487 10882 12034 19001 14477 11030 21928 2467 14685 0 23585 11847 24230 10520 15001 17387 18892 11628 19240 19437
18307 21668 16470 4286 19300 17701 15635 8953 18877 15468 11339 12841 0 12785 19483 8484 20430 9403 6928 12406 9249 19033 20071 31400 21591 21273
21949 18780 15909 15161 23164 12097 18440 24654 10278 7420 11964 12834 33273 12315 22438 2419 27070 13579 1576 18884 24776 17305 26450 15290 25478 14048
23913 16491 13207 7777 18387 10818 16192 9661 13131 11080 7579 4892 9089 16040 5072 9701 32659 4130 22558 25373 21774 17433 23892 14075 19299 18468
22660 18399 14289 11725 23102 16667 14987 16633 20433 16831 11632 3714 14014 16363 12776 6127 24264 18043 8298 14001 22037 14986 18822 3820 13382 20637
12672 12960 15415 11745 16781 12079 27001 23945 18719 16254 10551 11525 25038 4502 13707 1143 24058 3908 18167 18653 14477 8127 18413 7800 11429 19563
17523 19409 12211 15471 27138 12174 12289 21607 6980 10185 19917 9710 15979 14287 18814 2871 13662 9424 15765 11384 25245 24075 15137 14307 6992 15511
32400 25870 16849 12850 14395 12901 16610 942 20066 10714 23945 7399 11819 7422 11960 5033 8531 15621 11037 15181 29151 18334 22769 20074 23712 18227
29637 13586 16610 14294 14280 12487 18176 14924 9154 14398 11673 11352 9022 14052 13342 8830 17609 5431 22637 20629 26551 14623 16101 13527 21738 21590
107 16068 12197 15308 25907 13683 12584 21279 12005 20576 7911 14908 25621 12210 16822 1651 22822 21565 7818 12626 30784 11444 22058 22524 20747 14809
2575 13290 20574 8866 22131 12420 20826 7009 27402 17952 16586 11601 15574 6260 21397 9138 13298 10952 11070 24941 23509 20118 14612 13921 11558 13903
16528 20860 14749 4861 26094 13284 17149 13747 17101 7960 10139 11208 377 22454 12166 13649 16410 14500 15823 27703 24930 8631 20887 25798 34778 18986
19425 19704 13307 12821 15623 11324 15455 3526 18553 1629 10525 14115 24010 6049 23123 15257 12634 13597 11958 8224 25515 13209 20644 24982 23377 18018
20105 17701 19446 15693 13321 13755 22946 4861 6830 773 27573 16841 16870 9628 18320 8323 10521 9673 3785 25804 21024 20477 22840 7291 11964 19192
14198 15780 18062 14991 17285 11526 25208 20458 18679 12223 17197 21677 19561 13385 16910 5161 27807 0 10308 21195 26570 24228 19187 16388 13020 19269
28477 21612 18964 12154 14034 9221 24578 14367 15095 9075 9168 10232 11575 19603 12978 6722 12103 10104 16764 13009 24112 14644 18913 19840 22843 17729
6668 15751 13234 13455 21902 15681 11053 15473 19054 6618 11868 9270 24777 8423 14435 2223 23492 0 9068 19949 19523 19350 15777 15758 10500 18002
16593 18838 11717 9722 12260 8678 22006 21251 23224 13482 23165 9229 936 4286 31010 6232 15482 12371 2370 29654 15338 6251 16490 21902 22521 19408
16446 16557 20618 14188 18341 10491 21398 30724 14400 10974 23175 13157 16403 5447 8431 14720 22714 10123 9697 18320 25001 17423 15973 11468 17593 14498
12807 13317 18736 10095 15230 10731 20494 17665 8769 21903 13235 12284 27231 8857 21280 13858 27766 6919 6031 12877 20625 23488 20162 7995 19523 20873
0 23557 11721 13833 10100 7766 16346 734 20052 19718 16798 4602 10437 6100 20932 18430 16769 10772 17045 7128 19466 18670 18293 22339 17950 17148
15168 19306 16782 15730 29198 13258 20561 19081 16619 14247 18076 13202 4096 8077 1159 3585 18203 4201 13577 14604 20744 13230 14344 10969 14814 17739
30941 25374 10752 8458 33697 13878 25220 5533 20180 7274 6474 11261 7933 0 26265 5632 27392 14339 5406 9350 22205 14038 21849 24931 12740 19308
32533 27762 11739 6949 14189 11585 14618 13321 11870 10989 14764 18883 4211 11571 17712 4315 18302 17865 13000 17661 20177 19646 18975 9261 11737 18040
22595 13179 13188 12027 19407 10059 27984 22454 23748 10582 22524 6062 27628 11672 13862 11505 25293 11912 17162 18991 14431 18328 17921 25515 15031 13101
16493 21085 17769 16098 11206 8911 29337 7264 13686 15366 17371 11246 10936 19602 28923 6557 23014 21420 17273 20304 8465 19437 14391 15399 12654 21494
18805 34717 17836 9222 25253 14564 23935 11450 4252 15415 15477 8356 22258 10016 16821 6697 36151 10305 22219 18358 22423 17493 22743 12418 18842 12153
10466 10964 14967 22282 16214 7480 23786 19933 18822 4287 21401 14682 20326 6068 16294 1460 24041 13576 14830 13086 20454 12952 17372 12713 15212 10112
14044 25221 16217 25682 17878 17272 14014 28033 21257 13708 14959 10695 7421 0 14520 3669 17459 4176 12470 19771 9813 14562 15578 1465 13339 16848
19424 8131 11640 6446 17199 18091 18793 19028 21196 11085 24071 7785 14479 13684 24610 8261 12982 13329 16513 17255 28041 14709 12688 11455 3457 15223
17091 15255 13253 7631 23013 15627 27051 12009 14748 11855 16765 6188 9329 15083 14968 16928 10930 14841 9845 17761 25181 0 17483 41952 24925 16693
25415 18253 18531 20552 13654 12075 16381 26652 18115 15299 9743 0 26767 15480 18248 12543 13757 12697 17290 18536 17272 8976 17464 12706 16891 13190
19523 6412 19282 9850 15461 11657 19398 17076 21126 12221 20873 10194 17706 21509 9381 12446 17960 7978 8724 10865 13790 19783 20825 15820 21764 19496
22730 14605 17026 11257 12848 12520 20118 17951 27817 8345 20526 7217 5013 11121 26072 7682 11914 6697 11609 17391 30447 17311 14208 8696 14445 20634
3956 8801 20711 4394 20975 10485 20952 10714 29669 7942 14527 6168 18718 4010 33907 20440 26203 18804 14741 18802 29351 18397 17090 21470 9087 14965
17636 17662 13791 4407 16360 17326 27729 5204 15073 9762 7548 14651 9578 7287 21444 11460 23044 15094 19037 12716 7792 17115 16967 10200 13215 20031
29065 25540 14108 9291 9237 12206 18751 21998 11612 8602 14738 10533 9695 17884 19095 6896 17737 10745 18498 9747 21490 11720 16448 33638 22599 18945
25205 24633 12178 18943 18454 11815 21335 12557 16812 11146 12914 4331 15183 16530 10266 14381 12967 15321 22080 12334 17184 12339 21144 8779 16949 15785
12242 22695 17211 18746 16951 10344 19117 28289 23570 17802 22842 13979 12026 9689 23039 14332 22130 7660 14338 6631 16183 4051 21411 26788 19643 22068
27043 12187 15896 9814 20149 10422 18763 14573 23300 13658 25046 16282 18031 25054 23494 14413 15700 14270 22599 1860 25381 24988 12366 16556 5959 17855
28752 15521 17612 1035 25514 11583 15309 29273 17847 4369 27266 10113 12343 6964 24794 9159 20899 12376 18567 13705 26438 17162 23562 5612 1945 17864
35092 8142 18016 16951 21041 11181 19262 10082 26736 13753 11329 8734 12080 8193 5691 7315 20553 2532 0 4318 15060 21866 22580 17238 14455 17037
11332 0 17622 17004 29493 8922 20323 13382 12302 8629 9430 13310 20224 11533 5539 15099 18632 11942 12157 12126 26515 24432 10436 18554 8930 19160
17178 11142 13345 14877 23065 10301 20435 13417 19139 8484 19508 22539 18688 12175 9748 12714 24208 12330 45335 11087 12431 15447 15093 13609 23060 18741
27114 27319 20084 10775 19093 8638 32139 14069 13065 13409 17207 15817 23997 14473 12749 22642 5833 9771 5161 15902 19763 25504 20527 3036 11494 17807
24586 32936 19018 12384 23510 12195 26651 24579 18103 16690 17058 21044 20578 11996 16797 7869 11736 27427 14970 18509 15866 14796 20286 20205 6169 15193
20230 15897 15731 12335 20889 12150 16679 13518 15546 14649 10256 18795 11770 6060 22553 16165 25476 11423 19313 21190 22815 13417 13991 31140 30932 15016
22076 5072 9845 13276 22554 13114 8593 28341 15059 22143 7059 15707 6866 13771 17678 19488 26710 3721 8336 19471 12674 15248 19565 15848 13697 18726
7171 19890 14766 21041 16289 7673 13885 16878 9655 16546 19964 11495 15246 14316 21224 6501 11630 9234 13482 11476 27696 17126 19322 14857 6384 21380
11042 13905 24618 17309 14483 9022 20128 2317 17839 8996 18901 11736 15902 24016 13263 13224 19457 481 14967 20830 11185 10661 13987 19724 18602 18410
22361 13360 16085 6426 17486 8527 15399 7630 23081 14636 23699 10276 9946 1659 13364 14099 21593 12547 5812 16246 24776 16814 15358 14532 14169 20642
16406 21644 13735 924 14337 13892 23322 13487 8116 14444 16478 6588 19744 9494 11325 8781 30675 10391 8522 11391 26119 10958 18041 15596 5239 14640
27361 18353 15854 3253 23460 13726 16980 12216 24212 12936 25089 19449 21347 8790 19492 9187 16588 16566 16307 19831 10491 21827 17978 22049 19458 17286
24366 24739 14377 15074 18901 13648 16217 15272 20577 16197 26196 18426 24677 6427 14630 4453 21398 4981 23306 8149 18236 26642 18090 20112 17115 14531
25907 20422 15576 17725 16058 12874 19634 4854 21559 9883 28006 7340 21910 7559 15058 10861 30949 8994 3068 17420 13646 14462 14253 15696 24521 18095
21396 9408 15392 25266 16047 13446 25278 13823 12016 5387 24068 12637 22117 8142 27463 4028 25990 20342 9273 15405 26468 17077 17425 0 9231 22256
17926 14927 12763 22312 19737 10784 21892 20690 18009 11622 16174 9697 6671 17248 11386 15914 26324 11101 15122 8427 12730 12179 19003 17620 12688 17148
17956 7602 16554 22919 17487 12225 19957 11809 19187 7882 26376 13277 12214 16449 19214 12379 21197 13776 9013 10441 20966 22662 17803 10024 18709 16485
14522 23647 17390 9316 19385 13947 25181 5656 21219 5792 10184 4002 30438 9524 24627 16109 20990 16389 12237 19347 27636 15343 16300 19538 9932 14699
15316 19166 18123 22323 17986 7571 25282 22537 12520 10709 12446 12613 15417 19307 12199 11149 29476 12220 17068 8142 32782 13512 16646 20815 15296 22959
15797 20262 17852 10594 24494 11348 17210 2754 19056 16261 26633 13182 17520 15238 19534 7372 29587 7876 8583 7042 21956 20735 16367 20064 15065 17849
30136 33068 18656 4283 26781 15812 25489 8657 20535 6221 9662 13248 10969 13351 13428 3956 15096 362 14839 14720 12088 10104 23093 11616 10368 14422
5486 9984 18815 11707 17327 14553 21368 23326 17282 17523 10562 9030 0 7785 21119 13106 22117 14435 13938 10762 28535 7847 16249 14342 4772 13688
24647 11641 18706 16036 14836 5131 11258 9144 14024 5968 24155 6493 16274 13412 11868 6339 20492 19740 13982 18796 16393 22671 12796 19411 12634 18703
11760 4917 15543 17473 22706 13868 19599 14334 17701 4436 25540 19775 13939 1760 5596 17811 23389 5659 14142 14855 11757 13457 21011 17122 6074 18144
23526 8054 16035 17731 17304 12988 22202 7110 28842 4695 21796 92 27837 19757 24544 20494 32141 15835 12622 5442 14326 25265 21513 11207 13734 24106
11778 16507 12434 22004 26696 12371 10568 5999 11838 10150 11572 25310 23381 4822 22705 6617 11168 18112 6872 15305 19624 27107 20649 17070 15053 19405
22052 24357 15977 12320 12304 14886 18048 13413 19946 12723 18746 21319 3874 12086 4693 3556 23629 8472 8825 16555 17358 17573 22793 13682 14625 18749
13508 22584 13271 21288 19603 8819 13406 12338 17160 15553 14290 1478 4141 12681 14566 11935 15166 8584 12150 13112 11627 16483 20414 1838 7984 17777
26547 7391 15954 13674 20669 12569 23774 7891 9700 3485 15402 12820 734 3897 13307 10112 22382 4221 17032 11626 22700 20118 14421 17993 16889 24260
8201 21224 16912 19617 20314 14296 20114 19117 26396 2385 14916 12515 15584 12029 10767 5507 13400 9134 9861 2835 33967 11505 15461 20657 7535 20426
31515 26890 17974 15279 26667 12107 10081 16936 19290 3909 33639 6275 23989 15945 24288 18856 16479 7454 23512 17681 10491 22315 16120 24795 1004 15154
28213 22537 17901 19482 22313 15333 25214 0 7298 5700 17795 10557 34676 22322 24740 11383 12734 13169 15361 13585 9910 21381 15765 16482 11947 20466
22832 16153 19096 16963 19168 12555 16926 13717 26972 5669 22111 9516 12439 13629 3963 11939 15553 7389 6227 4094 20119 18516 14872 25026 7118 19077
18367 17340 12782 19891 15927 10022 14693 16295 12242 11490 10034 10017 9501 14229 12920 10886 28120 19435 15365 24463 10895 19042 20360 18163 16225 15219
6212 21532 16138 15722 19655 14502 20504 16875 12865 4382 12932 3477 18120 4861 9944 8946 22252 10293 3836 13835 36137 20722 21527 23023 13216 20147
19717 14786 20439 10152 19580 10052 14004 8157 28545 11699 20724 4923 16641 15001 15691 1217 24167 9127 13518 3896 15175 4368 19327 18108 8514 21129
0 21585 17316 15359 8839 13338 17655 12024 20619 14346 10680 13306 0 20292 20439 8532 22523 5059 11019 9623 21659 10890 14517 29861 15229 15818
23012 20745 20280 1330 13635 13276 20721 15038 19117 15517 9102 8662 22476 12406 18015 17833 23269 27622 27576 12817 10603 11611 21352 19079 19305 22189
21787 10128 12500 11857 28263 13027 11679 14513 26332 13158 10449 14307 7136 11385 16621 8868 23943 13017 3086 19108 21312 6814 10479 18514 18282 16916
20510 26450 17053 10685 16550 12117 16448 27573 23159 12370 23913 10608 4465 25186 25138 4741 22859 8587 15809 17908 25771 16171 16004 21163 13098 20683
31469 27460 18351 25534 12994 8673 25912 24044 16367 13084 19511 12254 10500 15935 19393 15644 21360 20493 2300 5493 25741 16183 20532 10464 34705 14402
9156 21497 18409 5926 13762 13241 27112 14678 19244 10039 0 9638 21031 14994 26315 6035 12588 5915 10620 9790 10944 13516 16539 9226 18269 20000
18498 31132 13365 14922 22856 15277 19177 20438 32397 7172 13790 10880 20842 18610 35624 16287 20917 558 18994 4696 24189 12766 14789 23874 13123 12262
12356 11775 18263 13819 19797 12278 15288 15968 17826 18325 7008 18503 4313 10839 21344 7188 11364 16723 8763 17486 31549 15528 18850 20553 30319 18776
25106 14148 14003 14407 16458 11274 16437 11227 17335 14435 18394 8505 3140 15720 14646 12318 13771 10270 9627 13835 16117 25449 19017 936 14640 17651
24785 17533 22241 15894 20993 14810 23564 10986 14652 12662 20024 10879 9218 8209 15096 219 21789 17080 288 21555 14227 12744 22387 8107 18271 18086
11467 31602 19675 9941 18275 5899 12984 19150 13870 13231 7530 2820 7268 10199 21697 15389 29631 5474 0 7269 24910 18549 12696 26605 16464 18418
14732 8060 17310 13301 20723 12048 17144 19145 25952 13687 10643 13425 19818 8806 7728 16534 21220 9654 19023 22587 7087 12286 16628 17005 9009 19471
11325 21043 12677 18711 16189 8415 14429 14955 13583 8272 23630 2347 6465 11960 20875 10032 14452 17895 202 14141 21478 7912 16386 12579 12387 15770
16046 6990 21042 10972 24617 11773 19664 11002 15069 18720 10843 20384 20288 0 17000 9215 24080 20790 8081 11641 18464 13886 19204 19906 13295 22185
22103 15372 14222 21373 26939 7288 21484 25979 26873 6079 18825 14070 0 18725 10780 4722 12693 15461 22676 13222 16693 28213 12402 22904 12251 19326
17166 16702 16416 16103 17237 15727 26231 14451 30189 7588 20589 12971 17439 18304 11486 7311 24050 5019 18020 18050 24971 8511 17440 13126 27078 19100
19294 16088 14621 14953 22656 3783 17462 7686 2418 14970 7676 5412 5632 17102 12078 7372 5529 9444 22584 21875 16254 13565 17272 10556 12599 18724
16533 23689 17861 19714 19820 10701 16978 14213 20634 17142 29032 16384 9926 13935 20501 6394 20580 4311 14367 322 32046 24306 19035 6097 16078 17605
6321 16786 11925 22966 16934 11323 11518 15605 13513 6556 8787 7104 0 14889 15039 8450 26045 15214 18291 11593 27206 18838 19267 5090 19642 18409
12923 21706 17075 6750 20250 10072 8676 23593 24034 3890 0 12059 6943 15680 17729 0 19777 10421 8737 5638 14441 4314 15895 27367 10723 15090
15942 16709 21479 19202 28564 7695 32174 10053 20432 15768 31547 13327 9366 7381 25123 18460 14541 17661 10917 16168 25679 14201 19974 29743 19914 12974
12505 25879 14660 11331 21109 16326 19903 22693 18924 6513 25026 8016 11843 8155 13847 12007 22682 4492 6865 7622 17811 9314 19783 15072 7537 14144
33356 18295 17214 12511 22832 13321 25098 16770 13963 12240 24804 6536 14407 5313 17202 8598 32602 1453 4614 10317 24694 21092 16253 34461 15457 15402
17084 12213 18057 6425 20403 10968 16791 20771 17586 8377 10781 13918 20181 19647 18559 7179 28384 12728 10726 18585 23265 19235 14466 19231 21646 13956
29665 20876 17589 16381 22023 14865 13061 12305 15867 11229 10445 13428 20509 17372 12815 8728 11652 118 23021 14366 29189 16246 22868 22221 10352 17605
12526 13027 18674 8807 24122 12745 18265 24850 27133 11841 12444 12059 12433 15592 17492 9956 16892 4064 13064 13689 12981 22532 21894 12098 17378 15570
24999 13931 19540 10449 14686 11086 15555 18619 10413 10191 7671 10118 18632 12271 16030 121 24099 11874 18651 11273 23120 16307 23373 11465 21958 22381
11933 25372 12628 14945 18499 10899 20122 23482 10382 12394 25971 9387 28612 12913 9718 4747 15290 15572 27530 14523 33019 30038 11607 23769 22209 18423
20750 10937 15578 9152 18220 9893 20912 16168 17309 13184 18183 17229 12670 9183 18477 10791 10853 6293 5378 16156 25438 12419 15286 29136 8738 13085
10958 15080 16709 248 21022 9930 12877 29193 19135 12570 22673 12497 13740 8737 0 2728 23053 15054 21893 23770 16257 18765 13058 25219 8304 21576
30618 22140 14268 21162 20878 14493 22647 8922 16702 7689 16394 13465 10373 17041 15852 5370 24160 8903 8963 12171 29853 20965 16984 10511 31245 21622
23085 31167 17795 8122 12067 14583 21803 14940 26589 12468 17370 5306 7207 14565 8749 11954 12236 15854 12759 9041 22178 20883 23621 7704 16618 18282
18737 24235 13958 16358 15594 10170 20879 8320 14659 5419 17448 10756 9201 11481 19415 12743 23840 4969 21562 13467 21322 11644 17784 22037 20690 18369
19544 26483 13628 8283 18439 12231 13107 18468 22081 22444 21177 17697 16670 9102 23588 11363 12596 978 8192 19621 19954 11014 14721 14467 19907 18730
15251 18246 14418 16475 23107 13050 20522 29630 18263 11630 18014 8102 26268 7195 17663 8306 18544 15891 3203 11478 28904 13549 15256 21789 17228 14363
17088 23388 13278 20128 14784 13970 16171 212 16796 10573 25115 12799 15144 15616 10948 9683 25955 18028 8029 13159 11515 24667 16327 14229 11630 15904
16961 13625 19602 22222 20550 6738 16033 16084 11976 11226 8964 14614 5232 13845 29405 13655 25151 13840 11346 12840 25402 18888 17541 18334 20166 19819
21144 24628 16129 4402 23994 14992 17168 22499 15327 7684 19963 9440 24495 9973 25977 25103 19255 8223 7191 4533 33582 21716 18468 18566 24598 13707
15471 22276 14083 6476 27599 12201 15465 13540 17171 5508 15219 12013 23259 15965 15528 7051 11066 5956 22608 5017 21151 23459 17929 13807 17700 16867
