365
3 5 69 76 90 40 47 76 56 49 76 80 46 48 74 59 50 24 16 70 88 74 24 73 16 94
18323 28027 23518 18361 17570 15322 19686 15522 13763 14129 20439 11959 7091 23995 11700 11783 13427 1996 20293 14789 17903 19426 15271 10234 19968 26273
17559 19169 10830 17021 5499 21483 20986 12091 15713 17164 11652 14033 22757 16933 13911 22560 22504 17505 16878 3493 27069 14950 12387 10157 20740 20149
16552 21173 22859 14444 6629 15944 17575 14442 11761 11483 16834 13912 16185 14498 8940 11773 4877 21168 26562 12934 11189 26104 16167 12839 15564 12471
22220 24736 30513 19023 8214 14783 15305 20705 18712 13295 15410 11658 13800 25500 10777 17763 12964 15576 31528 12885 27026 17136 16749 14163 11815 19758
14132 23380 20973 12547 10100 4675 22785 17499 12428 19069 38048 10662 10806 16141 8152 14039 12782 19600 15515 3810 11022 17691 6574 12432 31143 20898
15608 17095 26565 10356 11167 20392 17293 21404 13054 14326 9049 17901 16379 20262 10773 12525 23018 15898 10036 16395 17568 23496 11621 13255 24397 24460
18819 13705 25876 4466 2058 22344 20856 16179 17607 10739 10415 14382 12167 17803 13866 39 28217 1451 27566 15831 15484 21486 8905 5504 16585 27700
15105 34136 17564 12846 15144 21342 19757 20144 12699 18578 12129 9310 15552 16908 11013 16888 26950 20579 15658 12121 17788 23441 19938 15926 26159 19086
21076 23273 25887 16197 2488 26802 19113 19806 8579 14260 22772 10449 16341 21570 11141 13179 17912 7853 22567 17076 21501 21692 14412 12495 11770 17981
23860 18692 26490 10321 6685 21741 18857 17979 14083 12819 3664 10985 18647 22287 11095 7325 31903 31835 16195 11881 6801 27164 15904 11655 23305 19659
16746 12106 8288 10906 1255 16596 17818 16603 11379 13583 6709 13737 13340 17325 12668 9121 17726 0 9187 18510 16970 15952 17770 9246 17960 17724
18084 19689 12829 11268 13409 21861 18410 14866 12687 9778 23828 15218 18444 18085 5847 15166 17884 8247 27083 17028 11310 15941 13386 7193 22683 25225
23917 22129 17279 15211 7455 7920 21037 16804 12745 14034 4467 15047 17821 24922 13836 16456 11441 13605 14711 11137 13285 21479 10141 7728 17918 14965
17050 22025 16838 10327 0 17794 19590 13522 10963 10135 8487 14476 10364 27018 11627 15498 25242 24051 14470 17551 11428 19067 18822 11510 15920 22940
32225 24441 18436 10260 8452 17958 18033 18363 8998 7006 16969 16496 12459 14305 10391 12222 14322 8037 19050 15464 12809 17504 13594 12363 18740 25979
14985 13416 30025 12278 9591 10355 18898 17835 12878 15793 65 12276 15443 25466 7051 13504 16060 4011 17538 12641 30398 22038 14155 14044 12459 22418
13634 19421 20986 18139 1827 10838 17353 20401 13919 14014 16866 18096 13840 19209 10409 20440 19344 1119 13872 15624 16202 9242 3548 6634 16341 17763
27911 20338 21624 17814 10980 14930 21523 13893 12161 18158 13169 19533 13195 17021 3044 19401 18937 9854 21122 12899 16201 20502 10617 5995 20387 12183
22123 13412 19431 12746 3463 21815 20635 12801 12994 13262 9931 16047 15243 13874 10357 13872 25344 18194 24702 15722 11600 16877 10357 6436 23135 18747
15533 17530 24803 16079 21364 23324 17869 20789 14671 15681 19812 13633 12409 18839 11016 24060 10262 7887 20699 8669 22527 22918 21488 16144 25332 21285
23686 17397 13987 8683 19748 26367 20864 16935 15700 14338 25444 15234 14372 16354 7681 18973 17934 7549 12646 7976 24837 24289 11543 13564 14831 33204
13048 15778 6614 14842 10596 10429 22719 13528 15191 16337 15231 13985 7997 23363 17553 5710 10999 7658 8137 12726 14036 20535 20319 11229 17389 28184
19943 15101 17001 12101 5472 14410 20535 20114 10827 12340 25886 13794 8946 20169 13014 14256 32472 18154 21827 9411 19274 18860 14368 8440 28161 21478
24873 23649 25800 12158 9118 13489 23843 12767 11340 9862 24852 17220 12938 21239 9917 13536 17881 11497 23739 12146 17294 27580 9598 12443 14791 16371
14527 9216 19393 10961 4787 15099 21034 11652 12628 10268 16295 17117 16383 13302 7801 7910 24344 0 13248 3975 14221 19919 20062 15209 18413 24198
10859 14723 4476 10260 18479 18055 17568 18197 10850 16857 22985 15662 21065 23908 7750 15479 32358 6290 22193 12495 14551 21816 10018 12667 31313 8169
17401 10589 11225 7572 3841 14309 21362 21059 10814 15453 21329 12252 22751 10317 9767 22362 19338 17791 20847 21039 24053 20534 5185 17139 27070 22895
18176 16596 24638 13656 1759 17117 14827 18930 12325 12088 14595 19415 14563 13162 7821 7280 31874 14905 18934 0 12872 19508 15418 5886 24868 18949
11897 27040 27214 12606 0 15983 23813 21267 10442 17752 23568 8077 18083 20942 4283 7102 27019 13667 20996 8731 18598 24333 12203 12585 19721 18599
15947 12631 9673 14606 25886 21487 19974 18681 13782 17327 1993 20019 14921 18438 10763 14700 19578 4273 19040 12938 14937 18378 17045 12029 20230 15215
8783 23140 16772 19171 4933 15401 20497 18620 10589 16438 16131 17127 12749 18875 9727 16554 26502 29090 8487 14309 23289 17398 12770 9998 21816 18576
25250 20547 16903 9075 2448 10421 19809 22432 16279 19472 15280 10034 14199 16361 7265 13603 26707 17698 13783 16738 11135 18058 13615 18817 18188 15909
12917 20738 15642 17322 12492 17770 17549 16651 6305 12156 6699 11781 18173 20833 10636 11699 28198 15830 17825 10373 13073 20507 22347 14955 24316 23117
15565 22093 18723 12064 9185 13741 18982 16847 8796 13930 6259 12135 21248 16888 11264 11445 26528 16432 22986 7302 17985 24264 23938 9563 17564 28476
17881 13709 21021 13834 0 16841 18461 23473 9308 15510 20432 20431 15427 16541 16448 13518 25979 1662 23035 16921 9983 11027 18420 12083 10788 26396
14881 20546 12559 15975 7436 22882 22417 14062 16479 14325 5333 17616 17746 13328 4986 10017 28772 21915 21816 13712 21459 19122 11824 14633 13554 24799
17554 25176 9969 9899 23546 19175 21034 13849 13550 13265 14031 16984 19481 21183 8994 9259 15182 13277 15506 7710 10741 12340 17830 14560 18484 7253
9545 27883 25815 13657 25825 7182 17839 14362 12274 12368 12492 13860 22335 18768 12821 13564 20007 19757 24735 10708 23446 15179 13109 12981 16180 14660
12163 20559 17034 14181 16306 13915 20860 17337 9005 14146 17220 20982 16867 19684 8941 22265 28654 14867 18248 14102 18477 15054 18732 10287 12951 31221
12407 16899 18555 10855 9602 20866 22817 13514 8127 13487 10393 10822 15998 19219 11444 12807 10770 16968 22795 5107 12984 18221 8481 11679 21701 18288
25198 19345 9710 11087 11465 15131 15810 17316 11481 14459 11011 13583 21278 15392 8078 13427 11244 14118 16253 16842 14492 21503 14848 13430 24310 14340
14555 28552 14822 12796 3536 21965 21015 23420 14947 14699 32253 11091 16998 13710 9502 10786 26203 18249 20799 17061 21875 25049 19549 12527 30874 18100
20115 24612 27237 14257 19525 16160 20229 16222 14861 12997 18487 17441 18024 16201 12067 10689 26932 0 20485 819 16473 8786 23214 13769 15219 19647
22971 17922 20077 11907 0 20055 17938 18795 13663 12363 31058 14279 20300 12911 16011 20927 20419 14698 26317 1952 15897 19803 13705 10825 17474 24465
17584 4508 27767 9763 4805 14239 21143 16069 14024 13548 10782 14000 13980 23526 11407 12033 31810 12528 16952 13371 16640 24819 14063 11909 24966 21323
20120 29507 29421 12133 17743 30258 19145 18998 8534 13856 20755 16700 16143 20273 14401 17787 23908 1504 17979 19256 14688 17217 15679 12423 18207 15226
25560 17274 28030 13264 0 19422 19198 17221 10357 7371 17946 20306 15049 12562 10956 15346 6477 19755 19778 21246 18131 17925 14988 13228 20185 4701
16217 19287 20046 9724 12737 22246 22168 19840 13422 13886 10021 16742 13949 16483 9885 11593 21699 14831 17874 18095 20885 23383 12879 9488 14446 8683
27124 21983 17105 13354 12731 22139 19266 20878 14289 14208 10940 15940 9074 17297 8968 22276 37938 4500 28224 23862 16227 22618 16600 16733 22312 22668
12539 24768 10285 11722 7263 12906 17708 14340 18723 16373 20675 9021 12995 14517 17799 11831 10308 18496 23246 16424 16128 14916 15810 13001 27053 21463
22701 21575 26078 10256 5979 10637 19156 16074 14938 13070 17072 10322 24196 13177 11151 9834 11937 10071 13274 10756 27601 21427 13941 12292 15135 18720
15176 19097 32401 11516 1173 7811 18409 14432 12468 13688 22114 14657 17880 16022 12937 16407 27610 23847 25557 4906 23212 21468 15313 13840 24907 16935
16519 27473 11432 10093 7641 18178 14213 15736 6913 12942 20521 12845 15662 28643 12613 14133 16076 7613 22172 6195 23167 21197 11041 6596 28675 21196
15669 25972 33485 8181 24858 15229 17184 15013 7401 13798 16648 9245 13006 14243 9307 16305 27522 9171 12119 13859 12970 18536 20218 13787 9759 4242
28951 19034 18538 15646 21069 13540 22901 19330 10466 16024 2543 15409 16261 22133 9691 9208 22490 14457 13982 17323 20451 20481 11940 13698 33388 15112
18611 23598 27903 17312 0 20342 17182 14321 16683 14661 17531 15930 22918 16751 12018 16518 18814 12624 18803 9461 19117 21490 10642 11204 24453 26767
24850 22297 9611 17110 14272 13028 21822 16936 9936 14045 12903 11889 19123 22921 14917 17083 16789 17725 17768 17332 15014 17765 15233 14210 12905 12644
8359 16820 13899 13602 14379 958 18258 18061 11329 13639 11393 10181 14998 18940 12960 13732 25215 0 15552 21122 18868 15740 15232 15039 33809 26250
31905 23248 14308 13138 10788 11489 17444 12681 12355 12967 17145 10505 14914 22190 11668 21103 18177 1729 23505 14333 15110 23641 12842 13031 17235 20021
22706 14084 13093 15893 9368 15694 20049 16302 9999 14560 15749 7708 11940 14628 8951 18774 18572 17186 22816 18923 20413 28740 14050 15134 20699 22418
17498 20211 3952 10859 5697 16861 23054 19652 10214 14718 9171 14052 10083 14257 13036 11989 8669 651 16968 10082 13131 18270 7761 14028 19381 19467
21511 21683 15107 13772 0 20771 20560 17395 12145 13530 15455 13989 14417 13416 6811 7431 21462 22219 11770 16698 18150 17306 20974 13976 29400 28317
15408 15911 31607 14146 16206 14912 19311 12027 13326 14227 16000 16077 21938 21594 13433 19048 19328 7179 23518 13926 18998 24681 20351 9779 28345 19702
19089 15105 13261 12114 16944 24170 20352 17672 12350 17213 8534 15608 18919 20194 12834 12633 11216 4677 16024 12960 14976 15887 13842 16241 28882 24175
18414 19020 9298 9422 9408 14711 17582 17743 16212 15616 16841 12433 18058 19068 9986 10316 19474 22183 24544 13671 20416 16426 13291 14168 23864 7364
11615 15939 18490 16082 9860 18490 19602 16605 14246 14358 25461 18539 17290 22221 9791 24639 9988 11635 27886 13536 13858 17187 16030 13703 19258 20419
23395 19645 17842 14520 10328 10681 23753 14886 12299 17467 14744 7742 11535 13056 13672 17213 20403 7955 16196 8625 17961 22481 16647 11915 11447 12112
24432 15588 36150 13425 14059 13668 18389 15280 14095 14266 10872 23047 15753 16404 8265 14781 26724 7227 14506 14481 13373 19114 15206 12916 16312 15703
15794 10947 20445 16254 8467 22071 23937 21286 12389 13149 7848 16829 14875 22232 15714 12705 7784 18965 19107 11981 12993 19558 21612 7504 16597 17726
20976 22785 19935 14544 18733 24728 20032 19480 10564 16264 13191 18096 16098 27848 10364 21708 20297 8489 25071 8090 23674 23256 18016 17270 18379 15810
16794 24924 35354 13048 18438 10686 20438 12331 8686 10929 10030 16955 17248 20621 9500 6404 30346 22557 24536 17780 10201 18827 9692 15879 10854 22564
14243 18124 30871 8927 14619 11834 16152 15815 13847 15719 9836 20784 13470 22725 9007 15069 19264 24845 9020 11848 6856 13814 9639 13319 15784 15625
16749 34777 13434 13293 5580 23246 17186 19702 11288 15349 25254 12018 11526 10995 11141 17461 26063 16202 16996 4639 22621 20511 18387 16575 20824 26814
22032 25265 14718 14794 7921 19454 17288 16605 8814 14971 18381 18271 17048 14799 10235 15469 27512 14808 20393 17990 32675 27385 16989 10172 20990 885
14837 21470 16558 16782 0 5374 16770 15721 12448 14102 27098 20380 9860 20116 9681 10216 13388 24087 26434 6001 16263 12906 14333 13176 13268 17329
26953 23730 15796 15792 12283 21099 19532 9373 10590 16401 12497 18112 16946 9019 14868 12197 15130 24617 31892 11320 16544 14689 19425 13498 7675 18912
20997 25067 9969 12574 14127 13856 22365 17671 12179 13850 12100 12441 8214 14669 7067 15792 25408 13365 30078 26897 19000 20495 6288 10851 19068 18044
17925 20875 8415 13516 3447 14393 16053 17368 7628 10663 15197 13024 8415 20453 14784 23770 3788 14324 14936 11875 10844 27830 8968 12261 22496 17714
15240 19652 7209 14718 14664 10163 20319 14458 16738 13642 14340 22309 17493 18701 11399 11791 24977 13087 18596 3865 16984 20875 24649 18123 1909 27647
28987 22868 5060 13107 9928 26806 19917 14656 10001 12366 16934 17708 9861 16698 10099 21177 24163 26941 16373 16356 9108 22109 12461 14592 19607 26814
21565 25398 9425 15171 5068 22049 22889 18674 10303 14463 8280 16616 13687 20554 13004 11844 33290 20510 10647 11312 22587 16982 13778 7734 18942 17375
19302 19924 14481 16157 0 16093 19336 14108 11936 15605 23284 12264 18845 13209 12766 11981 27453 2921 26736 9712 14209 17459 13268 11351 21616 22998
20949 17042 12567 9701 21874 16625 20633 15917 8096 12601 27318 6327 17841 17375 13887 15705 23653 5177 24625 12501 22396 17233 14975 14926 8740 16408
20204 29098 29783 14041 1983 12036 21809 12377 11337 15201 14694 17106 19668 22519 7184 12575 17832 10226 3836 13864 10552 18323 9476 12884 27774 22263
20066 11716 24908 11532 19851 19632 15540 14554 11774 13724 2599 11074 13620 16164 7034 14572 21566 10581 26542 15545 24808 22576 13021 14892 18196 18692
26246 14632 10834 13605 0 27086 23277 19401 11067 13480 26004 9673 17969 19208 7916 9381 20689 8025 19194 7301 16918 24275 11519 10218 13770 20885
22753 23169 12324 19911 10082 10185 21010 16823 8484 14608 20158 15210 21606 16686 8624 15343 20762 7019 15715 8053 15426 22497 24021 10585 24367 16039
13432 20318 14527 12731 9074 21114 17360 18794 13643 9773 10522 15865 7444 25042 9875 22349 28081 13005 27555 19145 16037 25644 16517 13420 16671 13449
14929 25892 8999 12992 3897 23352 23839 17099 11927 14632 11590 15705 13236 19983 11994 20753 30109 6509 21388 18003 8626 14846 16717 12023 18118 20553
33148 20283 12208 16261 5636 9664 20347 11963 17931 12948 15202 11238 19340 19245 11155 14451 3537 16987 16520 8568 21495 21091 15393 9953 22853 15563
23754 28793 18201 14288 8425 26039 23167 17447 11237 18241 10833 15406 7145 15678 14440 20523 13817 10128 12467 8302 14624 23334 11843 13306 23408 23236
27311 10252 12570 17280 7831 18531 18301 15408 10851 13221 12034 22828 17056 18451 12406 8919 20421 14811 21968 43 10912 17705 9309 11765 30114 12511
25152 11857 5747 14568 7337 23688 18760 14950 11206 11361 11591 16233 18745 24273 11935 20018 23106 29259 25507 9618 19827 26601 14405 7274 29181 1836
21657 16875 12618 15606 26106 20708 16780 14579 8547 15767 19164 8042 17593 21287 14703 15179 17451 31293 17333 19142 19365 22206 13772 7222 19180 6657
10878 6498 6186 18101 1586 9885 20268 14501 10229 14562 19267 19665 20115 21858 14559 15460 19139 17558 23624 11949 13364 17035 12496 11608 13105 13769
21629 14992 19489 13811 0 13641 20253 17755 13182 11018 16571 14825 20146 19638 11841 15082 15273 8040 19995 10650 21217 14408 17449 9689 30047 19543
20040 21659 23925 9546 11443 24516 16924 16931 8062 13217 8011 12887 19040 17179 8703 8422 27569 1181 9909 5380 15530 24553 10957 9670 27306 17065
15903 18695 24686 13893 17225 15613 18950 17323 9433 13610 13572 11569 9891 16587 10431 10160 18467 0 19953 14486 18098 16225 17189 13159 10957 13045
17896 20445 21723 15222 8274 17936 20203 17177 9677 16816 8928 14434 24630 18365 9106 15879 17141 9293 11658 6064 15516 15423 20545 8561 25856 19584
20435 18733 20678 11448 23005 18579 19308 19972 10506 14051 16027 17383 16321 16596 8089 1557 26843 14214 18259 6713 18435 23687 14401 12503 19989 11568
18399 19105 13331 14231 19458 17429 20196 21729 9545 15030 16626 12523 12208 13449 10178 15186 10140 12872 24820 16404 10410 17938 15718 7717 16546 20988
17741 14987 17116 13083 2220 19517 20481 18713 13892 14201 12449 15013 23537 25155 7417 16181 17922 3558 10384 20683 13910 15535 15789 12931 17005 17990
16320 27056 18734 14518 15416 27271 17816 11310 9892 15037 12085 12132 15952 13371 11423 16198 12444 9698 24300 19641 9644 15389 21164 10392 10673 22539
25978 14957 13153 6597 2820 13211 16059 17125 8842 13223 13772 15126 9476 14963 8712 22604 16016 11736 19580 6608 20719 19858 5642 9636 14883 21655
15784 20856 13791 11600 11092 25208 18949 19768 4804 10961 3164 7561 10969 20258 11889 10121 10513 11946 26622 14461 15629 17159 15348 11149 19040 16861
21884 18737 13721 14609 11619 13350 16050 13262 6731 15973 15872 18330 16144 10778 9509 13056 18860 22803 11322 7347 22751 17868 12671 7509 18555 25955
22908 18217 22664 10575 5498 18049 15335 14283 13299 15902 12279 18689 13953 24969 12956 10582 25899 7012 18666 21545 17420 20529 13288 11478 17103 16363
26783 14643 35143 12931 14190 0 22467 14507 14371 15158 3203 18164 20171 20007 13180 19410 22095 11312 20729 15393 18228 20293 18845 10433 19212 9462
16372 9946 9355 13629 0 12170 20730 23826 14674 16740 3506 10807 18402 15668 11435 14357 19559 2657 19980 15812 14761 16431 16314 14664 22313 11777
13650 12613 29481 13124 28256 20750 23959 17093 16108 13366 19292 9330 14868 14522 12825 13308 29030 16761 16483 4839 22602 19748 26847 12553 21265 7571
13718 19023 11745 8509 9186 14357 20393 16825 10714 14963 4229 18304 14602 18855 9438 19341 33305 21534 19266 12068 21354 16053 6698 13373 17815 19474
18563 31517 14630 12927 5833 19433 21353 18931 14732 12705 19003 14035 7348 11237 11971 11444 16747 23677 24001 13185 16315 18496 16790 10000 25143 13051
8897 22227 10128 14514 18935 14810 17447 19537 12253 12145 7314 11455 23753 19078 7964 10034 20114 18145 20059 15305 9511 18706 17866 7960 29255 27823
20315 20545 30692 14299 5617 16144 19625 17444 13329 12277 22319 11997 14544 16910 7247 14100 17873 16766 15977 8417 21639 24294 17769 11669 16129 27681
23305 30859 9376 11540 4627 23684 19198 13761 13609 12616 11470 14222 13589 18275 5575 16033 25879 31292 18850 19083 16243 20173 13740 15033 18354 23936
15016 24751 22566 11757 10785 9299 17180 18960 9499 15215 6922 18076 11932 17089 6457 15629 23829 23373 8401 12934 17038 25423 18326 10398 23956 16318
11770 17098 12978 12686 1556 26761 22803 15221 11689 11927 24080 8019 15547 18093 5489 2662 14098 13743 16198 8177 23647 18593 15546 14444 18421 15075
19014 17327 18270 14047 28036 24558 20170 15153 14373 12347 16712 19168 12112 15524 11250 14955 25918 5523 18439 16449 23278 18997 14945 8720 16423 27598
24051 16048 26289 8795 12039 7629 23295 14199 11438 13713 31137 18170 8247 18475 9248 3688 17059 14425 21499 19306 14869 23120 18262 1994 21718 25585
18914 15256 18750 12013 17405 15763 18237 10902 16365 14462 21823 15797 12102 16384 8654 13762 28168 8194 24374 8798 16870 20820 11598 10727 19631 12425
15357 19009 14075 13355 11388 17667 18352 16163 9966 16920 0 11248 20551 22059 13005 14899 21075 5535 4798 15670 22009 26507 10107 7154 18778 21544
20228 8283 5911 10437 1882 10915 21797 18037 9931 16995 16708 15163 23492 16950 12076 16017 25593 21390 18188 19745 15860 17075 16826 11222 3946 19200
21417 22890 14673 12428 15847 12345 18327 20653 14451 15466 18028 10721 13706 19026 7187 18507 19915 15141 16241 17982 24029 16398 19778 9247 17319 28768
23008 9609 25216 12118 7909 14600 17923 20140 10411 12169 17369 18659 20375 19052 8235 13844 22336 11033 32892 15912 14673 24293 12385 5849 21643 5760
22348 29067 21066 14285 9269 21666 20290 15020 12064 9920 17519 17424 9251 7969 9416 19345 14752 0 27642 22394 18458 22294 19387 13672 16107 21511
21116 10864 33 11457 0 6024 23272 16240 11693 15091 20583 16296 14590 19138 8735 12652 30805 12351 19009 10963 19291 21415 12703 17570 13143 16205
14929 17496 22031 6730 0 19608 19710 18106 10025 15349 7581 7905 14891 9241 6092 13671 18499 1622 28489 13908 20950 23260 14165 13358 19028 23113
16335 13918 5998 14011 910 17929 19248 15804 12457 13030 13693 14931 17170 18885 10171 15036 17037 10888 18638 10156 17495 22718 17601 12962 24440 13325
18066 21721 6453 16697 0 16459 18000 14891 15752 12527 20146 15318 17098 13298 9030 9462 22648 13847 11304 13273 10781 24515 8977 11216 16683 23931
26177 19611 20643 9875 9650 18032 19562 13519 9317 14534 15681 17235 14207 22520 8601 15506 23852 20314 23111 16301 17870 23240 12179 15280 25761 14822
23695 13850 5641 16610 0 20188 19608 16642 9980 14926 5519 12717 21235 27772 9212 23014 21909 21477 16400 18181 13361 20815 18856 11195 8269 17240
26450 19410 30833 10561 2513 17631 21512 12007 13741 13198 11720 17815 16441 28655 11357 14889 19027 14817 23614 7932 25651 17894 22655 10633 16718 17170
14429 19944 14895 6911 0 30238 19648 20040 12721 11770 20791 15836 16296 23979 10052 9306 16429 21185 17702 9437 21783 19304 19756 11465 18110 13967
22742 24942 16346 11719 24646 23305 23646 18512 12419 19397 16325 18293 12893 16792 9063 7969 22805 10789 27002 12914 20804 19438 22397 10980 13078 23674
24481 12556 13182 13854 858 21755 20177 17302 10850 10002 13370 15226 16577 22727 12358 21100 15759 6350 14038 14427 23422 16891 10132 16322 19618 14996
14567 18827 13571 8066 3297 14096 22854 12960 11316 14817 19386 20596 14598 13691 10835 13572 19637 22685 12766 9716 15170 25798 12885 14143 6998 13594
22202 21669 9625 10285 14850 19040 19252 9730 13623 13592 20904 17680 19681 17270 9499 23327 33551 18825 27411 9978 15014 26829 9730 12105 17727 22630
20004 8360 15157 12447 3978 17419 15515 19623 11111 13428 14481 11309 16747 15711 10669 15787 18029 4912 16625 8808 11670 24000 19391 10390 24522 9689
23376 10217 6653 13916 16767 24950 19276 12968 12782 13017 9214 19182 13905 21729 12044 22494 31364 7212 24175 15987 16264 14753 11510 9153 23544 28430
7471 27478 13999 7815 2368 8012 21883 16169 14840 13922 15405 17335 14609 23953 7403 14223 22354 17016 20467 12462 17281 11603 17746 8207 17586 15789
11653 20385 27105 8865 11228 13938 22820 13764 13349 13722 14401 13624 21823 16157 17123 20436 15760 19136 14514 14140 17740 24316 15351 12660 26010 20076
22786 24003 21936 14125 14186 13847 19041 12834 15515 13410 27512 8493 10754 14998 10705 13595 20610 16529 14513 17207 7114 20961 13815 14808 33316 37414
25023 16865 23095 13944 14269 6420 15954 15103 10606 11208 20155 14291 12642 23800 13181 12699 13849 18186 29480 5449 23051 14987 15793 10184 21020 25031
18458 23283 11253 14059 30988 11805 17789 19040 12299 11818 0 21029 15234 25113 11279 6733 17920 18190 23078 2048 13963 18989 14562 14927 13027 11545
11706 18569 18018 15389 5488 20700 18421 22622 13021 18040 21554 15044 22855 19821 11624 4807 27108 13385 24302 11912 18290 21823 24033 11841 22365 10925
19608 19942 26750 15639 0 25022 18944 9631 9111 13970 15944 15168 11420 9949 14476 14388 6911 20138 22450 21053 20894 23622 17543 15186 28947 27221
25839 23451 38775 11800 16434 21844 21646 20008 7921 8565 13630 12465 14855 22562 10498 18062 9692 18577 9924 17599 13366 15968 10350 16525 22309 19912
20692 21697 15339 14670 0 23035 20642 13857 11424 14435 28005 19946 21612 13078 10780 17317 20858 1422 19598 12676 18514 27957 10868 17128 18492 24802
26730 18089 18703 13216 7746 19441 15412 18174 20340 14110 16685 14296 11379 15685 10089 14844 21375 7471 18908 18212 16309 23982 18322 16897 26374 11591
18834 16652 29595 14745 4967 17601 18779 17352 12033 15269 13057 10666 13749 21989 10709 5815 31368 14713 9579 12277 16760 17418 15226 8549 22381 17128
15095 23174 19498 15208 7638 15655 23207 18824 8425 13878 16007 14612 13942 15813 10811 12926 24240 15910 17671 10019 27821 21230 21467 9198 23957 25511
15265 17655 16784 6515 8509 8933 18551 10997 10490 13423 15599 7824 18569 15867 11514 14677 8818 10861 14136 21724 12830 17036 18564 10747 26643 24486
3543 23800 10420 12086 22824 18530 14770 19501 8515 16646 24067 13489 22390 16432 13145 10437 28499 11505 20481 6308 14955 17068 12710 10914 11199 11500
13934 18311 11556 18424 13953 14078 18643 18948 13201 15155 9092 11526 5522 19881 11996 6533 26683 14277 20506 8198 17566 14273 19769 11916 21992 21691
17337 24838 33598 11443 9423 14793 21187 14495 9799 13267 750 11946 12797 23639 9986 15463 15157 6886 16415 3631 12308 20031 19532 14989 14701 25948
13940 26665 32458 14294 6376 14390 20028 14702 10949 15330 10339 9882 12205 19125 11648 10557 27763 17502 20396 17631 12417 25297 19054 8918 20922 5522
12710 29588 13229 7707 0 21482 21233 18834 11957 13911 18162 14800 18670 18149 13789 11470 22203 18154 19009 13273 15342 17217 8694 12003 17112 14698
19177 22932 21671 16856 14524 18664 19018 16683 14990 13268 13680 18050 10750 22210 8347 7227 22886 19037 14662 11525 12997 19942 14915 11036 24009 19294
16714 24521 10382 15419 17226 13869 17916 16016 18380 14217 24953 17402 17468 17239 9941 14130 22868 7237 13335 16982 11969 20911 16209 13414 15241 13962
29381 21928 29999 6731 10394 11245 21133 22528 9542 14374 0 16772 15300 21979 10767 12333 25489 11177 24297 4055 20120 18964 19298 8544 18952 12943
20228 18743 18155 15540 12527 21888 19569 16500 11839 12397 16605 14491 16157 16386 14342 11162 10472 22794 19132 8512 11138 25111 15809 13287 24771 23193
6179 17228 19025 15013 21490 8238 17644 16167 10361 14998 14849 10694 12295 21204 6963 15464 18213 24694 19390 15354 14018 23664 19306 9872 16817 20656
18164 15441 22081 12399 13860 20333 16379 12879 10041 12400 22563 13735 16047 27289 8722 14118 19584 3330 21621 14604 12972 19121 11766 18932 14992 14660
22662 19114 23206 11482 0 578 23763 16323 15025 11808 24955 13690 19409 11409 11918 9917 12463 18755 14681 14309 18450 12741 8680 9433 23112 21440
20937 27585 19767 13240 19465 26055 21591 21723 11262 11694 10539 10818 15715 23804 7558 9713 37892 21441 10710 14387 16981 27123 13717 16573 22459 36256
5536 8659 17835 14795 11913 11842 22416 21586 12988 14499 6845 13246 14624 20090 11441 10628 24919 12442 17314 4103 12154 22080 19114 12091 16869 21567
12718 20575 13650 13880 7171 24536 20072 14518 8210 9962 23138 11754 8350 21697 9362 12218 16959 11796 19146 7899 17644 27341 15709 13195 17472 16433
16030 19760 24730 14548 5282 31039 21175 15588 12450 14508 19342 14326 16000 19750 13108 16864 19905 1198 8224 6838 23039 22229 8565 12216 18875 18841
13183 24016 28709 12448 0 19585 20671 18270 15094 12506 15269 15154 21964 17732 9429 14712 19581 12655 14796 11402 14311 19577 17842 10849 12571 19206
21506 27272 30146 14930 17300 15268 16562 21703 10360 16429 14400 17491 17316 15332 10157 14056 20019 14702 6758 9522 17409 19698 13040 11506 17477 23515
21489 13257 11865 15582 4437 23769 17935 21256 14323 12690 18852 16068 11471 13635 8145 9830 17576 19817 17193 7511 23343 20705 23833 15283 22030 17809
8849 23552 11922 16217 16465 16474 22789 19082 14015 13499 25357 17587 10631 24303 9833 12899 22973 1276 15693 16370 16289 26356 15923 15233 22747 7582
7232 23281 26564 12928 13678 6456 16126 13127 10577 20039 20748 9774 8435 10079 9888 10564 13092 1964 22060 6621 15541 21025 10686 13185 17609 26517
26205 22861 10859 14335 13108 3769 23072 10404 8672 18368 1174 18929 13749 17124 9449 7304 24661 0 7311 13193 18738 19063 23196 12446 23356 12328
13557 23319 12512 16113 8051 15313 20525 15950 12979 12916 16048 14910 10731 11812 14146 19469 18624 18751 13136 17215 14893 26522 10080 13032 16877 28977
22289 21163 13573 11501 6918 16708 22947 16635 11021 14530 15488 18547 7943 12295 16503 21856 33308 12847 18999 11194 16464 17698 9099 10139 21167 25010
21532 17216 18876 13923 22523 4587 17416 18624 10500 11682 19978 14153 15789 16343 8335 17440 28891 19325 31433 13383 25713 14461 11687 16364 19112 14311
18747 20699 9629 10542 11789 16899 17670 15415 12186 15688 3546 17332 11282 21827 10598 18851 17147 5856 15947 12588 20136 18126 20015 9084 23696 11730
26334 10774 20821 14452 10582 26090 20306 18369 10639 11648 2867 15563 8729 15757 10060 15338 13928 6412 14828 18422 12852 16255 10575 11789 27127 19613
30233 21230 13698 17137 7569 19375 19306 16496 14299 17991 10382 10075 17383 22113 11462 17323 17196 7817 5918 16552 19600 16176 2782 7441 9663 28237
20519 18420 19989 13584 13639 14778 15905 14911 11901 12373 6560 10125 12966 15208 12419 14980 37142 9741 21108 15251 13100 16771 12361 11894 13340 23686
26124 28417 13081 19652 1803 16128 21133 18193 10783 18197 20317 8610 10530 13071 14450 21542 6529 4104 15370 12761 8100 11192 18057 11522 17409 18463
15863 18912 3056 13724 18253 17076 18791 7795 13401 13907 2651 16800 15775 15629 10817 7754 19366 13516 14770 19584 18153 19198 9566 8266 22834 13141
25880 22058 6859 15945 15514 27202 15167 11814 11722 13971 25138 17210 14962 11813 12076 17837 19499 16811 18094 13404 17930 17897 9803 18318 15311 15889
31179 22907 13089 17944 21007 14572 24499 15886 12840 12793 29848 18997 16340 21161 6629 12999 18918 0 16954 10870 9113 16095 10721 8921 16854 12962
13796 17462 17474 15812 0 21480 17966 17828 15997 12359 17557 13122 12498 15642 13019 15207 19520 15396 10192 8974 22446 23647 20395 17834 14907 24172
22309 13079 24715 13469 12636 21934 16018 18747 11244 14862 31962 11733 16099 14958 7887 20116 16553 10751 20582 8863 19989 23135 11225 7594 30086 10815
14769 21595 21110 15538 11788 18238 20638 22840 12186 10629 27306 15944 20423 21328 5969 14274 25933 12925 9971 13380 18745 19708 13544 7209 29605 7298
17630 13333 14360 12615 14706 7501 17507 18337 14219 16265 20301 13292 7742 28028 13933 24587 13570 28472 8513 5673 16562 19015 14131 13913 10981 27409
25178 6299 26618 14951 12088 12879 18825 14844 12002 9262 38749 6075 13272 17715 3111 15336 27109 4719 20597 13410 21088 26720 20905 14002 10484 19302
12152 23962 11004 12914 14689 22416 17622 15169 14457 14501 12005 12892 12265 19936 8768 6149 21001 27740 16924 4833 17216 14297 24293 10746 22731 20473
18623 17059 12373 19556 19671 25068 19258 18892 15114 13335 0 7660 17258 14601 12008 14882 31812 12476 13663 9869 19300 16652 16038 11998 24193 15416
14373 11123 18591 16398 7517 23327 18367 20444 13006 16219 21352 11333 12792 16515 10902 7510 24747 16846 13607 15257 12089 22427 13727 9533 18036 21892
20737 19582 2708 14782 0 17352 12480 16653 6897 15575 1774 15245 20076 27872 9758 17859 12716 5393 12977 16093 10858 28216 15993 11446 7193 21530
21208 16283 7103 12349 18727 20924 19714 17198 9567 15398 31538 7019 19415 17478 14744 8716 5546 384 22443 11911 10321 15365 14810 6645 25190 9753
19273 20738 18820 12002 13786 14242 14492 18439 17854 14898 5199 13831 13849 17036 8284 13563 16742 0 5578 13746 14272 21098 17289 14522 20905 24371
16035 26312 4051 10916 4144 13315 17341 16884 12976 15086 4263 16750 9365 18059 6968 26063 19061 22045 17414 471 19345 22028 15195 16058 9936 21331
26964 24736 14507 10489 11084 20186 18029 18662 10812 9919 11367 11658 16899 10641 9286 19750 25186 4109 12684 13848 11839 19042 15057 14417 15820 17687
27528 23251 24210 16713 20713 12990 18284 16572 10630 13948 20923 12693 19208 17926 8800 15965 22387 17349 15649 11023 14692 19059 18866 15882 20504 15640
21404 18085 19426 15364 0 18317 22189 19022 11153 15233 6726 20260 14785 18202 7752 16514 18812 5084 18290 15992 19285 13501 19030 9281 27586 10767
18518 11902 11370 11321 3406 9973 19179 21880 12235 11210 9693 13980 11292 11528 7332 21147 15749 25346 20293 15338 12704 23742 15226 14553 9714 27691
15778 24695 19550 15536 6025 14276 17044 17527 15958 18516 21245 14037 13113 14829 6736 19212 18352 18239 18304 13192 15637 26616 15098 17252 24220 26429
22574 18616 3438 12240 15705 18807 17978 20461 9485 13035 1503 17269 13481 26923 5605 9371 9929 22722 10609 9516 21234 23433 8397 8829 19058 17010
25922 25313 8580 13758 14171 17203 22956 16230 12988 12849 17722 14068 10291 29225 11263 11983 10465 20766 15102 14085 14024 18086 9995 2529 20865 17040
16598 27022 13950 12666 11253 11142 15777 19081 12853 16851 11378 12263 11762 17406 8224 15075 22953 23243 21355 14775 19522 22916 13861 11809 18389 10863
18284 25069 22584 16296 15037 11374 18212 17869 11093 12936 10020 9869 17626 18794 8629 11779 19368 10100 20260 9519 21114 16836 18054 12239 25713 17433
25411 18981 27141 9752 0 21092 20436 17276 11240 16131 6829 10167 20400 17478 14476 16251 16432 18443 19165 15257 22741 17188 20419 10330 15060 12244
16994 15059 17620 13971 6593 15649 22112 18457 9659 14968 14149 10303 14409 15019 12794 18712 15065 12535 18502 10686 11626 23453 16443 13208 10998 23458
11627 17799 26317 11884 42 12589 21543 11367 14725 12894 14738 16921 12802 18772 11668 16537 9606 7532 11298 13494 15902 12530 13443 6698 18567 22525
16787 19645 24572 13918 16668 24822 21382 16072 10341 15358 14661 15199 14465 5481 14102 25260 17815 12761 24201 13163 15879 25094 18718 11704 14195 14937
17187 30592 12474 14377 9049 18160 22637 17391 8533 15982 19371 8983 17956 16911 9004 18517 26147 11167 26845 12025 19029 26179 18340 11937 14488 19768
12017 18240 14673 15455 10893 7948 23230 16770 12945 13493 16329 18623 11806 20285 8310 9978 12502 4220 16976 19998 7541 19883 15896 14418 17049 26964
19949 17408 18084 11541 19766 16753 19280 18024 9893 17218 13688 11737 9764 20381 7495 12588 17722 13895 21423 14892 16120 8862 18125 13739 12747 23468
6971 26714 23873 12480 14136 15403 21203 17715 14490 14304 7214 8941 13503 21737 13540 21292 11002 15081 22017 8053 14118 18982 9361 11515 7612 21655
16896 15120 21208 13416 11812 27096 17473 17964 11190 14100 13189 13901 13865 24382 8978 10945 15729 8063 14742 7664 17549 18632 15415 14329 19635 17189
27250 22418 22463 11350 14634 33143 15528 15952 13820 13263 7727 14594 15362 21756 11423 13916 19429 22448 27342 9969 22901 27149 20508 9148 27783 11806
21138 27372 9012 9057 0 13059 20583 21190 13407 15494 5635 22580 12979 22263 11428 22950 14825 6913 13084 24568 20528 19627 15999 13048 18024 20787
26541 21657 6099 15245 11513 12835 17414 21458 14843 15727 7381 10936 14235 20540 11173 15966 32902 15229 4488 19553 17655 23303 16837 7743 14650 14393
23274 16663 13162 12148 10179 17297 20821 16707 16799 16757 6909 12139 16398 15973 6420 13035 21394 9969 22429 13817 21326 26029 19409 8603 16447 16122
26802 22767 31488 8701 10170 2833 21712 20016 12793 10546 27702 8895 14744 16388 13034 11575 23212 31925 14274 15599 11925 17450 9914 13507 15307 17719
14887 19551 18498 16201 5736 23833 21738 16122 10486 15868 17730 15775 16328 21416 5092 18956 26456 8887 14394 12596 8994 21625 16242 11232 18949 13841
22576 13082 9468 11660 10279 23865 20326 20097 13424 13788 17323 14811 15933 13810 10474 5530 14422 12230 11677 12578 9136 12639 11206 15572 13456 21079
18003 17757 3072 12170 10240 17994 18619 12877 12263 16915 14980 10259 17030 15487 10563 16222 22433 18775 24500 10022 19832 21334 14990 15178 8031 16698
15788 33556 18951 10945 15026 15612 18750 20565 6849 13168 19083 10173 24182 13114 10920 14410 16480 13015 6118 15497 22923 25371 4833 9858 18863 24042
8966 24442 26134 8624 11942 9257 17474 20105 9858 14472 1390 11810 14069 21774 6053 7872 18091 8161 24813 15187 17244 15796 11461 10618 14263 23186
21597 22084 15247 15891 14784 11023 17631 18935 14032 14409 0 13959 15918 16707 9018 25069 17765 33933 22985 22270 17330 22773 13713 8558 12258 17588
18907 20153 22806 11623 14188 5732 16927 19176 14695 14064 982 17835 21078 11076 10314 15688 19160 17860 25144 10743 9738 18155 4612 15658 26940 12435
16176 19018 24029 10700 0 18150 20098 19221 9988 12248 9802 14261 14943 13771 7728 11823 13852 11423 21721 17217 23243 21574 21865 10356 25613 25630
20824 21976 2588 15123 13233 22728 19342 21036 10721 13330 10067 15162 13145 17049 12835 7050 13148 17787 24882 11726 10489 17170 9479 13280 19638 14289
28236 22238 33698 6869 10474 23175 18551 13899 10134 14980 11139 10681 14371 24752 4715 19320 19001 10717 15243 9708 18622 20870 10001 12220 29819 20949
24691 10390 11447 13300 12444 6925 20657 18141 13666 14291 11921 16003 20881 19148 8034 16271 24710 16510 12980 14450 12119 16237 15506 7720 17871 14547
17415 14438 13579 11817 20940 11824 19570 14085 8394 12343 17901 12285 15542 14584 9206 16061 20988 6941 19514 10738 19535 14206 5783 10341 18932 21505
21441 18833 17565 12965 10895 17914 20133 15379 14904 16100 14237 13887 15596 17792 16041 4559 18834 16553 22985 7599 13778 17318 14720 12641 10423 17406
19966 14824 25247 11862 2829 18824 18634 17788 11955 9544 15635 10882 20629 10815 13681 12095 24528 12316 26608 7165 17448 17861 20521 11753 15693 20286
16522 18470 17073 12345 16797 24140 18257 19758 9444 18493 13924 16826 15316 10773 11856 17564 23086 45346 11869 19991 15045 20210 12406 9335 36328 19546
18593 4491 10391 9006 16368 24688 18276 11265 9271 12396 8674 12983 14139 17829 10859 11491 6871 7797 21215 13696 18290 15256 11843 15215 3711 26118
15519 23397 25150 10340 20374 19264 15998 18434 11316 15269 6545 19410 14685 14213 9019 15323 15848 2254 24865 3324 13099 16074 23306 12347 12635 19476
9875 12641 30024 14154 113 24254 22235 15157 9965 18678 12844 17161 19782 13344 13538 20416 6899 0 6388 19161 20459 17054 17285 9461 24034 7095
23119 14592 8806 14060 16588 10976 20420 13166 11357 14631 11125 15588 14435 15848 11148 19089 15246 20675 15249 15485 17485 14001 14371 10849 21002 28332
23877 25130 15197 12658 703 10619 19819 14992 12671 11082 30082 16324 15226 20583 9891 16686 12444 6715 15975 12364 11779 13535 15613 9612 27677 31136
23889 13566 19908 16758 9907 6840 21362 15026 9865 14693 15850 11124 19709 15385 12694 17047 20540 14427 14968 19066 13247 20912 19467 12260 16520 18070
22124 17786 15604 12715 10008 12916 24163 15855 9765 13184 16613 16599 4867 22968 10581 9724 16231 20247 15490 8568 12835 19615 12558 8068 9822 24304
13350 13080 19727 15236 0 0 18828 14383 11874 10517 7597 18129 18225 18714 6965 3478 29575 17651 14870 18644 11039 21203 19572 9953 22469 22729
25186 13227 24149 11575 4615 11430 19512 17417 8548 12591 15518 12992 22160 16363 12186 13540 11094 9457 23733 4833 17606 20774 16571 14049 16066 15820
24557 22875 20815 11733 21161 20764 20577 19286 10878 15867 14481 14080 14092 19935 6212 10396 26723 30416 14873 27470 20552 22064 14807 10494 14244 14401
21369 22561 0 15517 9813 15828 21216 17512 8590 13035 6239 12791 14601 18262 8980 10546 21064 16177 14130 556 17691 17434 14765 16098 19751 22421
6979 17308 13249 14970 18761 26605 19318 16225 10807 13714 0 16153 22659 17882 10058 11768 17888 5056 20120 13102 13248 24071 11392 12569 23269 22121
24981 19502 15454 16322 19739 11376 22086 24894 13248 14460 20656 11869 16231 14444 10929 12374 180 14690 18966 13338 11810 16581 11556 7864 16691 24878
18238 23337 23472 14830 8347 16710 17053 17025 11592 14601 16455 19749 13703 12919 12795 7877 20615 3535 7148 21045 15571 25026 16040 9355 16638 23108
24371 29535 9154 10197 25291 13696 19283 21354 13479 14222 25163 13136 13701 21434 9401 17010 27319 8342 21642 6270 11666 29858 14772 12638 17976 22151
22895 11966 14055 12406 14491 16449 18293 19504 11128 13007 21610 12869 23025 16552 7853 16600 4811 18342 18843 4083 25341 19777 18723 8668 29354 8472
23634 25570 10037 16441 109 23827 17312 18789 10546 14549 21489 11547 18108 18505 4726 15152 16975 17749 8698 16196 26129 14571 22282 12667 15422 27764
12344 19012 0 13823 8193 11036 18246 14498 12321 11797 17554 14849 13969 9748 12096 23206 21838 7092 25940 12731 12344 21826 23141 10908 36541 26892
27519 15078 22658 15146 7522 9438 22135 22236 11702 14434 15747 11818 20484 18299 5269 14999 24533 16936 22687 11445 9311 20713 11179 8329 23703 12896
8469 8952 22011 17391 22545 12709 20729 14995 14721 14094 18054 14565 20378 15119 9594 11253 15903 24254 16390 4063 13141 20077 16641 11095 24532 21539
20621 23525 18504 14951 28190 9282 18302 23364 11381 10904 12333 12992 13261 15540 12131 22255 10659 26489 15473 9695 18399 15471 12595 13750 25227 9722
25255 23839 17011 12887 5380 25543 22703 15695 14811 13284 19721 15151 13614 20941 8914 8981 10689 5850 23694 7467 17328 23099 14709 12061 28079 14270
22371 18068 20597 12758 3749 12769 19943 17137 10202 15034 4877 6738 12243 22838 8440 14894 8014 14796 15653 12151 17106 19290 20180 13951 20175 13664
9639 19095 24319 14871 5973 27739 21614 19522 11264 13127 0 21133 17527 14659 12985 5684 10473 19967 24167 0 15950 21323 23315 14722 25282 14722
23939 29477 8033 13183 3539 15314 19945 16677 8861 13627 13872 10877 21696 16394 11346 23035 22789 25888 16972 14016 18907 22090 12356 11045 10562 11560
18974 22103 23892 13700 15388 15729 17155 19493 11513 16764 11452 12278 20033 11534 7611 16883 15366 12174 23362 13213 14067 21912 13813 18589 17696 21411
31615 26228 13638 13343 9858 13292 22214 18937 7826 14005 4727 17825 16320 11472 10544 15224 20586 6199 25443 7035 21168 27004 10605 15878 19187 12655
23226 29443 23524 14115 13982 15879 22380 17773 10269 10904 23843 10062 25462 14204 7175 16631 24866 12157 17829 11257 27347 17411 7579 16938 15694 20062
27900 18183 18973 17247 9407 18951 21957 15137 14089 12393 21258 22041 10921 22152 6168 6394 22437 23812 16472 12990 19541 21996 18462 14581 14930 18899
26480 14470 15997 7678 1747 10284 17511 18175 7661 15929 6511 5188 13333 15744 9919 6932 23773 16171 25264 14588 17145 26281 15554 11711 13717 18124
23684 26628 23818 12881 28099 19388 18687 18391 9939 16474 32334 18968 19622 17916 11880 7486 23550 26910 17171 16583 15354 18213 19895 10845 23268 20360
8166 12031 13114 18803 0 13446 17961 22733 14376 13286 13044 11643 17086 18339 11970 14756 18185 17542 18347 22210 19011 17992 10894 12825 36444 16883
30456 19445 33016 10943 12847 11595 16357 16185 14605 11970 28531 11285 13213 13496 11926 18679 19027 16837 23449 16363 16861 21472 20523 9586 18473 14822
16981 17328 27360 9009 5377 21301 14981 17760 9368 15251 5863 17364 14578 11046 9871 14079 41573 6449 2122 8557 18340 25512 12629 12225 13344 11373
20462 18770 19356 18176 3490 10974 19759 16030 15052 11665 20997 18949 17767 17939 10491 16279 22489 17882 28690 8275 17472 13718 13420 10370 23255 17995
12093 23204 22029 15044 16262 13304 17059 14050 14389 15604 8811 8631 14096 17668 10081 18848 19390 8874 12637 7001 20774 20663 17141 15188 18044 25148
27849 19554 23784 10144 3006 12915 21830 16540 10787 15762 12319 14567 13902 14334 7349 19937 27067 9980 14434 15739 19157 16607 16829 9436 25253 25630
15486 18518 13902 12962 0 10794 20052 19730 10433 10012 0 14127 11375 17894 13684 17119 17596 6578 15391 15905 22909 21539 15506 13640 26340 10869
22413 28261 26829 13142 8768 20530 22640 17825 8641 11534 20068 17819 13847 15960 11541 21877 10012 29999 11142 6745 12288 26580 14317 15457 19676 11246
14821 20537 19186 13203 17400 16239 20130 18438 12996 15067 13321 17166 13314 9338 7754 10877 29368 20398 13885 16764 14119 24644 15835 14267 28424 15118
14171 16370 13394 17592 7844 18812 21586 15651 14426 10739 0 9790 15729 20033 11787 18101 29483 14707 9721 16135 13759 24474 8555 13714 28210 14128
26436 27577 2268 13752 11578 16780 22904 13519 15986 16682 8538 17964 16919 20877 6594 16864 15564 9354 17498 8968 17559 23687 17299 10422 22108 22669
13218 25441 19724 12223 1126 7424 15174 15006 14477 12476 15250 18273 16603 10307 9111 9904 12303 15475 14735 12272 10995 17582 13607 12390 12674 19999
12286 14844 15509 12852 6296 19057 17535 24024 8479 12852 21208 12488 16780 17507 12509 24735 16830 14948 21614 27420 10629 21947 10894 16345 21505 27378
15249 13927 35593 12005 14702 21542 16146 13660 13287 10132 18271 18044 21825 17345 14195 17051 22673 5923 24919 16093 23034 19415 11127 6123 19720 16004
20129 17491 34682 8764 14437 10433 21777 14480 10673 14897 19978 13365 13638 14580 10480 15320 24423 2785 18641 12430 18607 14822 20662 10959 18206 9562
15717 25531 14816 12802 6983 18307 17920 19577 14009 11946 18315 10053 13480 13826 9924 11597 23490 15953 16286 14440 17825 19736 13761 12095 22815 17176
20976 18412 20880 10081 2379 20206 18815 19058 12300 18594 15607 13323 3817 19760 13561 11506 15957 3322 10725 17505 17343 15804 17526 8198 16933 28873
7103 24974 16894 9968 5113 18026 17060 20544 13640 15621 9269 11303 15574 23932 13471 10240 25072 6850 16269 6707 19812 22650 9184 11944 20127 15633
19715 23687 33951 11696 11999 17696 19486 24400 14649 16347 18758 10206 9529 20911 14119 16082 26860 23890 24127 13956 24453 24320 16838 18164 19264 6422
17924 22050 20287 15403 0 16206 17912 18854 10833 13898 24966 17464 13931 16419 12185 21254 29090 7377 12953 9410 19154 20577 19001 12176 17667 10564
20055 17065 21918 12173 9253 23684 19403 16798 15537 14354 20504 14280 17054 12423 8760 13899 4008 21328 21063 18154 15549 19850 10858 9364 23743 13886
13782 10970 22951 10939 19423 14026 15392 26061 11258 14886 21999 17737 11801 13516 11423 4866 17696 9931 33491 10847 20418 20568 22755 12335 14284 15169
10382 26013 25684 8374 0 15585 20001 10868 13632 10211 7610 14736 17451 16039 7319 14683 14191 28086 23246 14353 19290 15170 11216 9332 26560 6231
29900 29928 23342 8519 8308 8368 20998 16462 10951 13141 13235 22870 17541 17165 9830 17816 20371 16423 21253 8417 21998 23579 20651 11828 29302 13253
14471 21561 11548 13131 2433 24929 18731 15013 13633 13568 17539 13831 16895 10665 13239 19096 29803 14347 13659 13864 13281 15526 12454 5906 29799 16427
22598 19171 16445 15880 5149 14004 17850 17363 9678 12855 25369 8826 14719 19248 10568 11017 22981 22011 19730 20360 13870 13268 13466 5756 23656 20966
12571 22687 13524 13322 5168 14368 20359 15080 8204 13031 12118 16611 14344 15928 7264 18487 22529 0 30941 9490 17368 23758 15700 8707 15583 22581
26124 18768 21101 11472 17743 19325 20045 15353 12098 16270 16618 15014 17386 19643 13057 10214 21685 5219 20711 2123 24891 28361 25777 13576 30853 23897
13691 22545 10020 13713 991 10730 22411 16213 12189 12175 14933 18134 7899 10545 10279 27295 19465 2435 15898 16247 16641 8544 14058 15645 7809 22688
25952 25334 11674 15787 10063 12871 21388 16443 12369 13340 26878 14202 17990 23094 9516 7209 15301 15377 19270 14545 15047 21624 14601 12249 22869 18486
18600 20756 13683 12345 4981 4255 19596 14445 15218 13688 20037 14761 12805 20187 10693 15934 11458 13486 16987 24031 15444 20757 15783 13764 21803 14606
22792 29255 13988 9210 0 19362 22584 19639 12112 16957 15105 10795 13043 21746 10933 8427 7676 26631 23486 11564 17762 18383 19551 10332 20964 13953
24712 22305 17928 16140 0 9128 23638 14486 8699 16575 11949 9347 13913 12966 15961 6670 10053 24926 19246 21226 22524 14610 13410 16489 20447 22994
15868 21270 15262 8224 0 11314 19420 17593 13898 13719 0 10221 11885 16356 8533 13685 14235 13573 24624 16694 16941 20337 19618 12103 12341 21286
24705 7299 19573 12404 1701 15311 20420 14027 9425 13866 32461 18328 17688 15882 11405 7046 6048 4236 10570 14918 15499 19188 18274 7061 15960 17637
25499 31634 16164 12225 6748 16495 21078 16033 14855 12340 16430 18906 12962 15865 12517 18689 30389 20132 28396 7023 15112 26671 13704 9053 5218 15274
19806 18232 23109 11538 18499 12472 20837 18872 10493 14369 20581 16260 23340 18893 6363 19679 24230 22473 12254 10144 17024 26401 13647 10875 25234 10389
24901 22683 11492 17488 0 18334 20436 22039 7803 11440 21420 3214 20836 16204 10904 16475 16746 3751 25021 13272 9523 16168 17154 8235 15471 23214
16339 16910 18909 12956 11091 1200 17180 16143 6434 11802 18245 12619 18477 13302 9968 12026 24752 9155 22595 10835 15960 20296 15089 12136 15811 21792
16721 12265 8092 18713 8583 21309 16812 18806 11094 16684 21179 17077 12839 18164 12855 23869 27987 5396 26743 17411 18555 22826 14724 16013 29566 21291
12797 24226 15663 8726 0 1506 20257 14697 10111 10594 18158 17635 11828 14101 7957 18554 24622 10088 14586 11472 16450 19200 10697 11604 34028 20010
13698 14336 11554 13654 1722 19504 21120 12142 10518 16568 11942 17405 16692 17279 9532 15334 24393 17541 23291 7200 14585 26321 12510 8672 27994 23913
16523 20543 1018 13109 17367 18898 21396 15958 8762 13140 10017 10414 22842 17773 9758 11293 22632 0 15707 5000 15494 26063 14505 12521 23388 12899
19992 17031 5552 12642 10535 10963 18362 16067 10862 14780 25156 16592 25942 7028 9677 7892 16821 23514 14629 13039 11826 17679 15589 12433 15343 18259
15875 25030 13162 12400 4920 25329 18206 15055 8787 11162 24885 13540 11633 10993 8650 9951 5034 30485 21341 11728 17838 18974 15894 12147 17043 17413
22164 17330 30164 12333 12668 8330 21149 16314 14180 9170 18173 8896 18588 22993 8444 9302 24542 0 17084 14318 17409 12726 20650 5741 23889 18510
27305 25502 25949 16384 7754 17270 19730 14386 9118 14154 18937 13266 17161 15628 7306 6217 17478 19589 19583 8934 24065 20838 13683 12390 17445 2229
20499 18848 25339 14588 1569 14041 17749 16127 11762 15638 15328 9793 11930 16069 9736 10802 12449 22218 12900 14161 23399 18895 13714 10848 21544 26195
19644 11963 20707 13497 4476 15431 21667 16956 8093 13430 13932 15163 18182 15206 7365 14918 20404 18585 15232 4950 23944 19181 15897 7174 13904 15356
10504 24502 17514 12397 17815 18242 22652 18887 13925 14804 2373 5966 13980 22531 9332 12314 20892 5221 17554 9434 16009 27076 16583 13008 27448 27205
11471 23400 0 13060 13471 14762 22953 17279 10587 12900 3017 15853 12211 13431 9489 16855 29797 34357 26439 10113 22230 19151 17878 9415 16900 23209
17121 11847 31583 17619 18761 14507 21100 19436 8662 13017 16470 12310 9526 15513 11491 13988 5144 0 15436 7436 18208 19608 10880 3424 20263 18579
27047 24488 9932 13804 21029 25985 20271 17958 9924 12499 17941 15941 15094 25986 11760 9745 12318 5605 13398 13021 7409 26935 20523 14118 14522 30595
23954 27242 13753 14430 3985 8042 20785 25115 12257 9904 15444 11870 19195 21554 5332 9582 15537 4620 16865 10950 16247 16545 13245 15936 30102 14623
17470 21902 11079 15902 6911 14680 19739 14000 15645 18195 17121 15002 13693 23250 10646 11385 14100 6389 18285 28926 19970 20686 7755 13465 21821 6876
10608 17005 11689 15641 6382 11826 17658 17544 12629 13368 18143 12399 20827 16615 8738 10647 2075 27256 23824 13818 17547 17965 15061 8815 24726 18427
19357 24111 17563 12520 9790 11923 18318 12322 8807 18934 20473 20894 18274 21029 12192 16372 19332 19580 21568 16265 20680 23407 9941 16886 23504 25890
15042 8242 18479 14498 16332 16767 22849 16616 15898 16477 25954 18559 15582 17919 7025 16119 17572 3379 15582 24003 7884 19594 15534 7335 22087 16981
21001 24114 15904 15520 9156 22198 20296 10900 13011 10538 23316 17958 20472 16969 11021 15539 12690 5344 20503 2702 15677 19937 12297 9844 18337 22973
23756 21490 21063 16143 12749 11834 18304 20995 10956 12720 10855 15303 22733 21344 15714 9810 15540 16161 20155 10690 10139 15724 13101 15632 9296 19830
16295 21598 15330 11672 21244 12031 16869 20890 16649 15200 9945 12696 12755 10876 10649 13142 32221 18142 23857 11192 16258 19339 13985 8743 15989 15130
17715 17214 18143 14955 8218 22412 16880 16901 12832 11681 8849 12229 14639 16162 13201 9787 17935 2720 13388 20659 12885 17111 11045 16408 10675 7597
21655 8631 11601 13494 19850 28449 18139 21917 8549 10277 14036 14423 19591 18515 7781 13362 13801 30076 22134 11365 19847 16499 12197 8390 14345 25368
15403 21227 26811 12108 27565 19702 20760 17236 10129 15806 4515 9040 16331 26519 7384 15336 21834 14952 12108 6522 19943 21268 19514 10622 19052 22069
18184 18713 9777 13251 0 15444 19623 11940 7500 14809 1827 14038 17549 15406 12900 20244 28601 25253 7717 7957 13504 16353 12633 9774 5531 16398
13401 22710 14927 10463 10017 22588 17716 18236 15542 11781 15977 9732 8518 8662 9574 19780 23734 19109 14471 4612 15823 21320 11594 6152 14411 22206
20479 18735 13359 12491 5635 6741 20826 20988 11142 13932 12327 11522 11794 13807 12147 11497 25625 20552 22129 9465 10621 14729 13118 14929 14353 19103
16639 25636 19396 12362 2386 10279 20589 11602 14203 12189 16073 15348 18387 17328 14223 16102 7740 11498 16158 12688 21453 22129 12717 11641 31286 19591
16792 20078 14313 14249 5256 15977 18551 18041 10118 16562 20391 17472 10518 27260 11645 11594 15802 17009 25815 6544 7034 14573 17130 11840 18482 23452
10412 21258 24011 15077 22164 10494 16244 17631 7488 16538 24092 11395 14181 13176 11427 15951 10479 8536 19051 8236 11660 12234 14171 20051 15333 13406
23229 16509 28762 15240 3769 21123 18849 17213 12319 11141 4392 12085 17018 19141 11894 12808 15779 395 18661 16979 18214 12695 17741 18362 27160 19572
13150 21649 4176 10779 0 12528 22096 17116 13799 17723 16274 14790 16767 26039 10096 7876 29070 12362 30578 13576 11886 18060 12975 10530 26202 27334
23315 19461 18341 15852 4003 30853 22872 20073 13115 14977 11204 18259 17808 14270 11601 13125 24850 20316 15202 11212 14681 13756 14351 10960 4375 12031
14336 25544 1377 15128 13157 9549 20881 20833 13960 16167 17224 14338 14428 21704 7944 16335 22239 8632 14665 14118 18053 21958 19009 11648 19045 11401
16221 7388 16602 8839 11822 16051 18766 18360 8402 12640 11499 10313 11816 18473 10266 9661 24915 12085 21054 7298 19871 20943 12762 11299 31475 16144
25899 24591 0 12770 21761 11852 20891 13862 8791 15819 11838 13105 9849 16696 13307 19229 14805 9549 20848 5262 17208 23956 17349 8922 24152 16302
27481 19986 3835 11928 10168 15739 18198 18438 8938 12437 13070 16446 19368 17883 12479 11229 25147 23093 14780 11455 11848 20089 20235 9852 21193 7425
14590 16308 27166 17137 25018 10835 20858 16821 9916 17234 12425 8928 12666 22768 6181 15615 25938 3780 16565 17652 17706 25140 22238 9642 27327 10960
17632 17548 4484 8771 0 11812 18126 17727 8843 13725 15007 16336 17644 10363 10823 9212 29497 8664 14573 2235 10782 19724 11026 11432 30660 17327
15263 23533 16056 14223 4574 7565 19420 17416 10538 13620 3504 17094 16522 21593 10067 4947 14854 7664 8881 9523 20651 16327 18188 7868 18756 22181
19103 19949 19551 10809 2808 14832 20707 18368 11934 16909 22085 11079 13534 15117 12231 11599 12210 26190 17542 8155 19135 13935 10680 10420 4813 16683
20202 19119 18865 12924 12555 14411 18320 17601 9442 14396 18526 12241 13008 17990 7900 15609 24304 27753 11628 8711 18794 17452 12010 8894 16451 29535
21202 16424 28502 14263 0 7933 16959 16142 11051 13774 18668 18591 11631 15037 9702 21582 11465 23604 12382 6784 17407 26337 17348 13187 6457 21128
20491 10560 17050 13917 3383 12382 20726 14002 8041 15000 16754 13290 17001 20643 7944 10810 5215 1252 18119 10652 17063 21415 14787 12316 16767 22898
19464 21797 18227 12520 8124 18443 17758 16028 14150 13644 6940 13543 20532 10538 13050 14739 20843 16905 16781 22627 20781 19758 11103 10121 23151 13142
8843 21469 8805 10110 14715 21384 20204 16191 8262 15137 22523 11560 12647 18168 11866 11116 27115 21680 5796 12251 19991 23465 10999 18306 20902 29576
22534 15767 32896 12908 31096 19730 16562 14675 8172 17711 15870 13716 15024 26859 8065 20707 12665 14347 12291 12367 8251 24963 20711 8409 19215 12106
8779 28607 8044 14353 8427 21472 19759 23492 11601 11042 19181 13323 12760 16384 15199 13776 10776 24647 28045 17645 15879 20771 18730 8368 27926 14401
13014 25280 16195 18173 0 10277 19829 15055 16749 12423 15030 17883 16415 11529 5799 16519 22792 24904 17220 14368 13656 20609 19237 11612 19460 30028
17504 25535 3021 13698 5001 9118 23374 14094 10167 13720 21852 17286 18650 19703 7020 12328 10417 6734 26261 12152 20007 19867 11407 13184 27905 18790
23040 27544 21171 12261 781 25034 22905 15676 15683 17757 13632 10171 16284 14497 11701 9266 22521 11654 19076 12856 14870 15238 16202 17846 19183 20618
24044 22898 2844 11272 879 13763 18820 16715 14928 14057 12325 14631 10804 24380 6470 17232 18153 11558 14234 10578 12355 14412 13160 14036 16025 10623
22047 20234 32232 15126 6786 12860 20630 14116 11400 12786 3804 11352 20543 18268 9924 21632 0 2385 27535 9401 15342 21982 20899 12876 16187 10488
11411 14288 23745 13072 6911 14266 19884 16205 9068 15939 2867 16550 7769 7087 13898 13618 33174 6922 18277 20544 15319 22694 9468 9411 20507 20395
16920 19475 12085 15556 12387 8212 20003 16371 8621 11156 18378 15132 15708 17357 10569 25097 9065 11850 26203 3035 15767 19851 12643 7137 17241 23951
18658 28213 18862 13700 7771 17487 16557 15070 12418 10500 12415 17557 14444 18651 12350 4927 31262 1980 19813 12624 11678 20524 12434 10573 22788 14736
12201 24432 17534 8494 7750 22360 20365 22785 13397 14260 20128 17070 15969 18691 10869 23658 18086 13813 18340 20762 23408 18870 15832 16774 28887 15788
16420 25310 18635 12939 14188 20626 21042 18495 13917 14542 33732 10523 19648 19398 11795 11012 23162 14900 20383 16213 12782 20504 16375 17487 19446 19033
13622 18077 2780 12665 7193 12405 21598 13553 10923 15182 7903 16493 19933 21170 10987 21863 20791 0 28570 18747 23758 18972 17008 9137 23404 20391
