365
2 96 28 18 41 49 83 70 100 42 89 54 98 74 72 52 43 30 42 23 70 55 5 77 48 6
19243 13968 8440 16720 16587 20589 31087 13017 19337 11311 9002 17065 15645 18381 7919 23632 11753 17967 9366 11453 18492 11826 11784 0 12392 14376
17603 10963 12806 8564 25689 12811 19188 29171 19670 18020 12985 19620 14636 10447 4900 9806 12461 16182 15096 15929 16031 15321 17757 17297 7180 14464
20153 17109 3082 16802 21853 14186 25728 10186 26308 10649 14227 21831 16048 16727 18366 8946 18638 21039 17795 9596 14999 16931 12761 8032 14300 19664
21329 14579 12989 10306 24069 11480 16500 6881 9774 14989 11183 18995 13947 25787 13048 22120 15310 17346 23775 15067 14223 5152 20483 14536 27682 20132
14558 13431 1822 17510 18754 20595 12384 13114 13927 18210 11944 20259 17532 21907 29589 13305 27752 15069 27952 8009 18292 6818 13447 12300 11771 19784
24858 15498 4637 13600 18601 430 6714 13892 22984 9486 12274 17611 15481 17204 12036 13572 17085 22897 18689 13959 13082 6846 14961 18132 13622 15856
19241 15812 1586 15310 17487 30504 14209 20295 28294 21493 14261 25118 17782 9035 13348 15000 11656 11630 24794 12554 19323 12235 7884 13499 14903 18173
18384 18853 9067 25019 27890 23960 21557 8152 27822 12771 8694 16316 15161 23621 13782 10771 9544 15286 14093 12548 16516 20253 11381 21845 25408 9571
11957 12983 11869 21794 11825 3319 20855 15854 17676 11878 13880 13580 16241 22334 7311 21139 8443 14502 15358 10291 25057 0 16820 14078 9531 15827
15600 10259 17175 14360 24215 16360 21458 13600 16942 24692 13739 12799 18118 8123 15287 18966 0 18477 19712 15888 19138 26620 17312 15849 25341 14002
18694 16391 11527 18384 23042 8713 27205 8024 13053 22296 13934 21093 12498 17748 0 12739 11519 18005 15015 11575 13872 14826 11288 16951 1133 19151
20369 10278 16032 13729 22537 24653 2571 2466 18035 8633 8804 19823 16348 13564 2949 14860 14970 20469 22354 12886 15914 9742 22932 18250 6131 17834
22720 10897 12984 10331 15872 22131 15061 27865 17552 116 11520 14652 14004 24218 4086 18454 15993 18464 16293 8795 6047 8175 15051 0 8854 4663
17134 17615 7923 21531 10440 6881 20473 20419 16737 18418 16512 21177 17732 8591 15352 16700 11748 15350 22700 12365 15460 18734 19555 11547 17846 12218
20268 16841 11676 14359 18069 31781 21823 9893 19261 20042 15718 21470 14697 32386 19679 16098 12402 19807 19774 16869 15438 6690 16680 12853 7578 19936
13949 13411 11305 11139 11301 21292 10411 18877 18852 20359 16413 15183 12836 4008 17234 20302 3326 27339 15702 10918 19814 4622 14259 16869 9754 19605
14877 11457 3455 18042 23469 6948 18524 15946 12544 6276 14356 20379 12946 23636 17159 9847 12346 20751 21771 7356 13900 11200 11815 8146 21124 16524
9693 12971 10752 23473 19508 5707 21378 22462 19879 18973 11393 27789 17879 20621 17027 13813 13039 16046 14570 20114 8926 10271 12675 11596 25512 6703
20703 17045 8575 2037 17303 16301 18680 17964 22098 12704 14304 20096 14252 13375 1411 10961 18654 17615 21126 11489 12158 18328 16843 20812 8950 15179
11492 14297 14632 13416 14185 2228 20238 26479 24226 13819 10597 18894 13197 8815 8529 18014 23977 20333 22216 17009 19582 8189 18448 16299 23515 16271
19054 12558 19294 13493 17056 20743 15548 16690 20730 17243 11138 17473 18830 18674 15384 13319 9257 19075 17779 11911 14338 1956 11240 19887 8299 12000
13022 13220 12518 20282 24475 11315 19991 14304 22996 15115 16012 21124 15477 20106 4125 4632 16326 25214 9468 6679 13920 12244 15368 13229 10317 19267
19012 14177 11091 18763 16908 16814 25367 22891 16480 15595 12857 23271 13589 24313 17535 11131 22510 16896 13013 14691 12606 13682 14980 10285 11305 7055
15183 9608 14532 16442 7946 15149 19249 17055 22129 18448 10911 15499 16810 19113 3004 14943 7436 19739 18290 15825 15689 992 18637 6628 3356 22646
12034 17784 8725 24658 24442 10762 18573 8480 26216 14519 11001 16244 18064 28642 1013 15376 0 16601 24041 14301 10674 5946 18946 18449 13551 8008
13292 13428 3055 14699 15324 11366 8904 16447 11333 21637 8143 22105 16264 23952 7641 17245 8181 16438 16214 12775 11580 13696 10882 12919 13549 11443
22154 11270 14744 22828 22269 15505 15978 0 26760 10399 12712 17988 15840 17897 17237 3733 16478 23215 20990 15419 13854 12746 19195 11731 4785 7033
14191 17845 22613 21419 18361 9322 23540 14320 24468 17939 12421 20080 13460 23716 4262 14689 15943 16739 13619 13993 7555 10397 10104 13386 24925 6385
10704 16433 6877 20414 23157 2958 20742 24693 13610 8936 10229 15517 16058 11684 11669 21232 9664 16512 13267 10543 19106 3480 16187 17181 17043 10106
20140 12961 5366 10846 15814 17658 23036 13435 25723 15077 11067 22710 19191 19723 26117 11117 21448 15528 24538 13993 14085 6631 14998 15211 13005 16723
16432 16947 8250 25824 10946 21150 26256 16852 22377 13540 11535 18692 19251 30184 12069 19909 12334 15938 22516 13767 13698 3606 20546 22209 7896 6868
13296 17115 14226 20456 13402 6181 25541 9883 24998 10861 17224 15036 12796 26155 22447 18836 4873 20429 25199 15791 10613 15063 13461 11528 8037 21083
14855 16374 12125 25465 13353 0 23404 10019 17604 14913 9088 18965 12145 23440 17477 10703 13713 20190 16143 13806 12863 21186 19994 9610 8835 7020
17882 14195 0 21879 19831 7714 23144 14883 22267 27616 9897 24536 16839 24348 20346 14294 8708 18876 18068 10172 14050 9766 13563 6487 18025 12918
8446 12843 10956 18834 21633 12499 23889 20882 14630 21094 13874 18581 14857 23307 13407 8482 4212 17994 24149 13806 14482 8305 11538 7506 13068 12063
15717 11565 7453 14839 19118 12824 23106 3200 23580 17638 11462 25789 13398 28560 7357 19226 9622 12870 24234 11782 19825 17101 9754 17451 14286 13098
16603 16254 9285 15324 16448 17003 28061 13075 11487 11946 10857 19146 12957 18084 15310 15817 16019 16378 19210 11602 13429 20076 13273 21192 21418 15719
18295 12897 4271 19193 19240 1265 25351 19998 13568 19774 13737 16975 15994 19612 10973 18722 7216 9256 16848 10841 11814 8361 10580 14710 18589 13608
19660 17681 19326 11077 19164 9549 16329 11185 18237 6175 13525 20564 19256 28190 6621 9756 16661 28088 10350 11666 20190 9223 14423 20798 2997 14600
17418 14796 6485 9463 14409 6616 13725 15853 28215 16807 14118 16967 13807 13243 10743 5551 16182 20887 10486 15554 6667 15569 6717 15707 2691 14279
3405 14079 7932 17051 16457 7073 17329 31072 16689 10359 12897 16906 13823 28180 8239 13936 9801 21533 15302 11941 11432 13160 8788 15916 15940 9641
14113 16916 12244 11098 15020 14654 24410 14466 21983 22934 8418 15433 16520 19899 15267 14527 16909 17780 26786 15922 10252 21027 11564 14751 14251 18735
13710 16491 10685 6980 20340 8282 7834 22539 6332 16132 14975 21596 15094 25867 21831 8820 12399 12930 13319 13613 15536 10045 13547 25476 19814 17684
20400 14447 0 11384 15488 4206 20345 14573 20677 18291 14277 15720 16708 22117 7720 10094 12815 12529 31820 15058 21122 1470 17735 8373 1007 15715
12691 19971 4611 19666 14112 14090 24228 23646 18973 12916 14760 17379 19100 29953 14334 6288 3569 22371 16326 12253 15913 10438 21187 13466 7784 14561
14948 11378 0 18115 21535 23961 21358 19171 14812 25608 11486 19475 19751 22954 0 8014 18088 21140 15992 10616 14462 15445 7452 15754 7035 16411
14331 13507 11931 12382 25089 8133 16999 4683 22454 7828 6489 20955 18078 18762 9295 14855 18388 20884 14328 15599 15340 6223 15624 13954 21173 15907
18776 10683 10636 13801 13624 2678 20532 20718 20702 12224 9032 18958 19798 5435 0 16747 8787 19601 26765 11896 9624 8557 11071 18825 15567 10515
20646 14619 5529 19620 18890 16773 24285 9100 26545 3628 12613 13688 17960 21475 18879 13090 8924 15207 12683 12109 19345 8088 17535 25025 25564 18437
13757 13237 0 11919 19112 22332 26386 17719 17155 0 14341 20412 13956 26856 5532 13752 8917 13892 6125 12719 12509 9493 23956 14774 21381 18746
26304 13391 9147 17183 17767 16898 8230 19114 21079 4559 16912 21487 12897 18762 0 7840 14442 4898 27037 10449 14462 15526 14411 19396 19407 10474
7646 11312 18377 21454 23640 4098 24951 23272 16562 6972 9596 21953 17643 13124 11634 7546 12625 21399 18537 12355 15060 7020 10599 15553 10166 23496
16811 13868 17135 19715 24292 22413 14831 16866 19776 17814 12838 18361 12609 28450 9267 13727 19755 15496 14492 10894 9348 16798 13716 17617 13203 21432
19284 15407 12796 27992 17866 0 33943 21476 24163 14525 18464 14342 15915 16946 24558 16246 17143 20077 17830 11024 11174 14249 17092 7791 15919 14500
17628 17319 11317 25660 19255 0 8455 15563 21710 19892 10851 16944 14151 18502 6682 19593 12504 16890 7745 15900 8827 18590 10235 13129 9922 16838
19650 12325 16845 14543 16691 1753 27239 28617 18628 21813 17312 18913 13060 24267 20204 13568 1629 14936 18944 14299 15226 9874 15294 20714 29966 13087
13415 16106 24822 19219 20718 11801 29402 21640 19046 6152 15417 22991 13989 10065 9513 6964 2144 19843 25030 14431 12466 17914 15255 15083 18429 20690
17775 12071 1422 15425 15890 0 25900 17214 10938 16158 11801 17138 16819 12804 14794 12015 11915 14461 18023 14261 21285 18898 16430 11944 2247 11381
23038 13206 0 18248 17036 26384 23820 12386 26836 16980 17266 20287 12135 11041 23856 13854 16933 15871 13476 14631 18781 9169 14032 7826 22589 13028
18872 14569 8226 10043 18773 9434 20404 12836 15277 16396 13453 15766 14393 21346 9003 7805 20750 16981 24081 14063 16416 12222 12245 11179 12535 20095
7432 11494 21513 25032 14416 13282 8912 16519 19232 13835 13177 23596 18132 16219 13263 22266 10746 15630 13562 11355 18068 16677 15010 9099 22024 11563
21559 12254 0 11395 18459 22477 22987 23183 14062 12660 10016 22051 16602 16328 14660 13634 15338 11806 20585 13755 16148 14451 18131 13093 19330 9004
16172 12947 10291 7351 23790 5276 26614 11966 26549 8035 13836 20815 17079 12948 2830 16681 14360 17921 20649 14605 10570 13744 11340 14892 14492 16948
19145 15046 9747 14173 16310 23330 21371 6436 17746 8876 9941 20039 19023 16476 3620 6189 14615 14052 15021 12197 15426 12872 18418 3879 18607 17088
18077 11420 6319 15833 20033 25651 25108 17879 8121 14969 10079 18068 15264 19044 8886 13089 10612 7940 19995 12613 20322 16940 10442 23157 3938 15006
22592 15961 13834 17832 7169 1543 16759 7503 27960 20579 14446 20564 13923 19767 9007 11717 13185 10641 14986 17014 10489 9538 17502 5589 9094 21535
9325 15133 11476 20444 19127 8020 12882 4421 23151 21158 14364 24155 11455 8860 14142 15675 19066 21406 16899 15291 15536 18370 13840 16001 25327 18781
12555 20681 12230 16753 19481 16411 13235 17842 17064 27503 11806 14224 13975 7674 8679 12573 8355 15264 28103 14060 8486 16810 10827 14550 11769 20677
16805 11822 15180 16544 19679 3414 16638 4058 18218 13105 15328 21370 10351 20424 15521 7940 15437 18530 23298 14306 10192 6560 12191 23332 6376 19252
15113 16639 2839 5409 14011 6259 12190 12843 19854 12668 13464 19912 15351 21383 18665 17257 14575 18297 24517 10999 16449 16863 17931 12653 23755 8164
19603 16666 0 10375 13036 14020 17509 26093 11360 12484 10881 20329 16302 15403 20588 3579 18990 18828 12996 8400 16334 11237 8144 2488 15635 11986
22860 13030 18284 20506 13135 7778 31574 15178 19776 13292 15855 14234 19806 22891 9456 14645 12142 16609 17080 10985 15461 8000 16238 21055 22394 13693
14318 17510 16329 29815 16780 16878 7822 19453 20070 12117 14005 19719 14379 29212 17079 11707 15860 20322 7604 15366 10586 14788 23839 0 10809 20261
20052 15579 12177 17477 20038 7169 16804 17135 23534 18520 13296 15289 21245 12579 20428 13967 19748 19251 6499 10944 16453 10650 22440 9004 19654 18471
13824 10751 6736 13122 16827 13051 26629 12518 17390 12449 11050 18990 12085 20682 7685 19082 8763 12477 21582 17040 8815 15186 17856 13108 8846 19621
16679 18660 8850 25436 19029 15743 20947 22204 8873 18460 11486 14221 18293 12310 14080 5045 12391 19868 15718 7389 11359 12118 13275 16642 9067 18851
20776 17325 16916 15214 18781 16978 19689 18845 10546 11541 11622 18207 16927 8410 11944 17541 1617 17696 12638 8292 13436 10625 17701 12093 18817 16980
18869 15882 0 6739 15948 3939 20119 14305 19294 19392 14178 18373 12292 3673 6188 11102 9782 12998 17803 14891 19285 14683 20631 16869 18871 12375
23361 14795 2142 7706 13883 10302 19210 28576 19057 7724 16582 24212 17506 22445 22486 9730 16297 19370 18492 10623 4204 15526 11683 10665 28347 9943
19007 13231 14607 15058 21972 17048 19449 6868 30348 12829 12910 11864 16017 15692 28625 10864 14842 15052 21835 11456 12041 1735 21211 23180 11600 19252
19314 9354 5207 20659 21517 18271 17813 19895 13183 27708 15792 22882 14495 14626 6967 16926 2851 17418 12639 12068 20218 10417 14265 15275 15484 14215
25767 13351 0 19721 15725 16448 4828 6368 15865 11764 13572 16219 13164 28141 11458 13175 19329 17884 17897 15963 13748 9439 19813 19345 14549 6318
17319 13198 0 23257 18234 1711 20541 17616 19596 0 11742 21721 11755 19413 8772 22592 11649 11183 19120 8709 19558 17365 16279 8014 7242 7694
19892 9991 9235 22664 15355 11740 14484 16075 27678 17958 17687 19174 16576 22518 5110 14801 9827 14236 4319 12018 11442 16431 9811 17539 16124 19795
15528 16717 4662 4802 24396 23934 29731 17099 7479 16201 12207 18996 17671 0 27661 13112 9904 15402 14379 7870 4646 12743 11344 19042 18545 16455
25397 9632 11066 3938 26099 3515 20996 5283 9872 28214 10985 18527 16547 0 18127 11194 13949 15900 15856 15359 11603 10449 16657 8262 20791 3618
9578 11078 18441 35229 10852 19418 22601 20054 23560 10400 13238 23431 12305 14186 13298 17469 17951 20762 24328 13633 17337 19560 18382 18778 7114 18778
8266 14942 9212 25191 17530 5812 24319 9165 29062 11330 11337 21355 18315 17973 21892 18662 6345 16734 14684 12283 17279 12415 15553 9691 6594 10977
12584 15768 6849 15454 17178 21306 19126 24179 23853 3262 15823 17354 16106 20220 10319 14689 8918 14167 20489 16970 19304 16192 14594 16096 20018 8014
12262 12925 3480 25041 15563 2128 25025 16377 16737 15384 12817 19553 12938 20345 12656 18891 13354 15456 14284 13708 11021 0 19394 22896 11929 10324
19776 15456 16199 23841 16756 15080 23837 19423 31380 9040 11946 19506 13974 13901 22834 21980 11350 14171 17138 7015 10632 14575 10684 18046 20867 15677
19623 12798 5067 12666 17787 17259 14019 15041 18385 21058 10024 16152 14695 23423 9581 12933 7506 7197 9581 11978 23689 17331 16610 11206 12623 13231
15980 20491 6045 20983 15827 18692 10190 24202 25915 16219 16520 22566 17698 22901 13720 17986 12168 17108 20985 10476 8238 6983 19413 16420 24888 14766
11520 13201 14991 13051 20569 13942 26781 26899 9436 13704 10834 16573 16775 19399 14177 19119 11486 20835 6336 15272 12124 8822 16095 3600 19739 10945
15718 20631 10170 11399 15236 0 32410 20712 5162 7997 12509 13602 12250 22592 20912 12407 12044 17913 22429 12412 10426 12488 12179 18141 30996 18030
10281 18787 10910 15907 19813 11225 26082 21004 4516 15320 14152 24422 14202 24804 21870 13223 9297 14697 12024 13528 12137 2080 17820 8256 18154 9648
14298 15988 17064 20952 17634 17608 24371 13769 20525 19411 15164 22606 15429 11174 12329 12684 11667 13801 8655 10799 16552 20692 13431 6621 24608 12406
16160 12495 17029 19431 18163 12977 24943 26399 16907 22390 13548 25017 14147 10489 11759 6915 6568 15940 16249 14354 7423 4618 12812 15507 17968 26873
18557 13575 0 18213 18601 10284 12394 18602 15141 14544 8790 18697 15880 17870 22673 13507 12361 25559 16728 7532 7978 12483 14058 18461 8553 16884
26301 13107 12408 23369 19684 12639 28288 16865 24768 23623 14243 14205 15657 14901 0 9879 9901 18038 18639 14007 8509 12185 11688 20808 14895 13428
17978 11871 15561 5770 18273 20395 23221 20410 19185 5036 12773 12133 16657 25608 7430 13637 7325 21626 9550 9917 13744 12913 17955 0 7006 12424
4457 8886 12039 11285 18757 0 31650 10864 30456 13327 13907 25938 16620 18718 10964 13264 11291 18461 16836 14212 15940 6023 10770 4966 14961 10974
18598 12055 24920 15936 21534 15981 33832 11893 27370 14974 12506 26744 17276 18233 15086 22253 14952 22593 17151 14956 13091 11234 7811 15274 4685 17566
21690 18338 6495 19354 12721 12032 19689 21861 12980 7001 10493 14744 13349 25806 11494 12289 21454 19301 16925 13011 14029 4108 15559 9884 23698 10443
16752 13557 12592 19198 21075 10575 12111 20988 25323 2893 11441 17122 15835 21251 17937 20702 20006 17719 19795 18949 9519 18761 17230 8206 3749 12360
17477 14050 9473 28039 17521 11438 16633 24196 17119 11884 13534 19367 13107 30031 0 9314 11869 15081 17089 11083 15300 303 10853 7035 19752 21764
21041 14292 20030 20590 19539 14406 17496 24167 14229 20764 11483 15339 13632 17804 22028 17215 13709 15349 16742 8535 14385 11410 10560 15223 11609 15098
6951 14859 21073 13391 16095 13158 7205 17762 18867 32698 17121 23678 14015 19762 12638 9750 11604 18151 17897 17182 21937 12615 17345 16706 24029 10610
19537 16510 10327 13322 22578 20326 23619 21259 14572 16112 9626 26720 12357 21008 1758 15965 7120 18273 13786 13312 18847 11214 16526 11048 17266 22455
10737 12591 1196 27310 16909 18090 24928 16399 15422 23719 9576 26767 11301 23303 14861 8456 21381 21295 20785 14275 9842 0 16552 21127 11527 10989
15388 16634 4302 11536 21956 11519 18741 9764 15937 18501 14856 11111 14253 22423 14893 12226 19258 12801 29604 17904 16428 15258 17237 1275 18914 21361
18370 19797 8769 15259 17862 503 24889 17088 22323 9625 14511 25348 16477 17016 21633 11931 10709 14231 16935 10007 17038 14330 19254 15942 13184 24090
14967 15327 20978 16023 18133 0 18464 12337 13773 25070 11636 23362 15936 18347 25971 15060 13223 14424 8685 16253 11628 11204 20936 14010 9470 14791
17964 17692 15806 12340 17125 6238 15420 14247 15619 0 15123 20385 11977 12320 1291 18045 7623 15284 17067 11752 9575 13921 15507 8881 24965 18153
5725 10411 0 8912 22861 9361 23974 19819 28743 26421 17401 19231 13598 23082 7135 14098 18341 12825 21731 13751 9879 9973 17192 4713 6136 8670
10616 17049 10631 20119 15286 10142 14026 16650 12416 1398 10569 17422 15058 6380 20137 21228 19203 13183 11784 6031 6970 10097 21399 5774 12175 15860
20672 12447 10779 15452 21905 15167 19369 21856 17894 8069 14664 18748 14342 17595 8681 10570 19885 15186 16234 18985 21582 8832 16391 9588 23497 11627
12422 14010 12106 24224 18481 10561 15690 34426 17744 3845 14026 18497 16425 20379 12661 15389 10850 18364 14428 10791 20521 15874 23375 20268 9876 13816
14683 11999 2239 26563 20779 0 17028 17569 14694 7912 15915 24285 14661 22191 18436 23266 9709 20234 14566 14470 15824 6410 14249 14718 12507 16578
15125 12027 1996 7107 17364 9953 15081 19977 23327 15330 12050 16885 17943 14312 12047 15915 12309 18326 21196 14541 17732 22158 12977 9840 11765 16159
14168 14421 4270 18341 15827 21295 19843 16648 26313 8639 12138 21176 10810 25171 17642 16583 12236 13120 20620 15337 12664 20133 19107 15251 7394 17812
18665 11060 19970 15470 15707 18044 22637 19838 28189 0 11457 21717 17962 20233 19557 12699 12385 11658 17499 13833 16307 17507 12653 12057 7621 18211
16740 17804 10201 25599 10071 20468 18069 12604 1507 13223 8346 23578 15443 11976 2349 19685 9760 15943 25813 16233 12867 7599 9056 9965 21035 12903
18466 12211 16625 19133 21341 11093 35285 16407 10048 21781 14141 17441 13561 19615 13437 20591 5693 12536 8292 12223 19480 9494 14902 10581 18676 12215
31864 13922 16525 13470 22233 2118 14113 10258 14698 14568 13770 23540 14300 12763 6487 16274 9689 17564 26337 7433 22419 5065 16922 14573 15352 15012
15356 14883 6982 20709 13807 20646 19338 8340 26175 17265 17425 24291 14608 18770 20920 9697 19175 11207 21530 15994 17257 5306 13119 13694 3500 11183
17396 17922 30910 10056 21724 19279 5411 14730 17730 17220 14363 14134 17454 26965 17976 16214 11448 21224 30386 11280 10712 8703 13955 14032 11729 11990
21719 14205 6628 22113 17883 22913 21151 5733 19150 14897 9362 31198 17914 12922 5772 21640 11054 16331 18009 9676 19729 9183 17845 14444 10296 10404
19101 14212 7522 15792 18818 9029 24799 19779 23768 14450 11559 14764 13476 20867 7231 10485 21710 11190 16348 13875 13981 5113 14424 6186 22928 19079
12049 15240 6452 17126 14510 5132 13700 5224 17590 13562 16835 21749 17070 28590 24123 13399 4957 26643 21205 8411 14208 11652 12486 6563 20627 11263
12717 11718 10083 7721 16436 5160 22607 29291 32305 24001 15106 12973 15298 20480 14422 10922 15321 19143 15273 12078 19223 14947 17591 8117 22463 10193
21492 14143 6174 25399 22887 1711 20553 2987 17040 13402 11067 24747 13481 21091 23421 20332 12419 21623 16645 10648 9194 3783 14162 11859 12917 20036
23179 13652 196 13958 16979 8259 26063 29592 11273 20179 11543 21476 18273 19204 23485 14355 5595 18545 21562 13154 15473 15863 18267 7656 11843 11362
21888 13211 14365 9858 20285 16955 26415 20113 16771 25940 14780 16545 15821 17759 13583 18216 12617 17432 9971 12773 19769 16890 10338 5680 12964 18964
18613 15783 9443 17100 24467 14467 26880 2608 21448 12275 7072 22096 19045 10819 17733 16327 21815 9586 15782 11621 3338 16148 14181 14495 25224 15690
16327 17782 18950 14916 23568 11228 23493 15131 12358 13733 12327 15821 10042 19913 2706 13206 10271 16391 14401 13777 12273 2443 18290 13599 26114 13444
13516 16900 21560 20582 18159 9419 19093 6556 19170 14894 11069 14898 14134 18598 21004 14429 19585 10667 9984 13116 10567 12292 23494 12656 12452 2331
10696 16667 11765 19048 18339 10835 22076 23574 13449 20287 13728 21058 21769 17333 12281 16323 10034 10162 18820 13613 15809 13922 12952 16943 17717 23430
19417 16146 4742 18801 23166 14308 29869 17289 18820 5013 8331 19444 13527 19459 20379 18469 21894 16099 17230 15525 8134 12672 6371 19057 10573 7377
20275 13438 4190 5953 14715 6393 24697 25652 11913 15739 13055 21347 13192 11129 9352 17888 6438 24571 28052 13893 16344 18633 19076 21993 20409 19086
22549 12580 0 14835 24485 9333 25476 18095 17836 21980 10094 16905 13037 15109 19096 13126 4330 15803 18341 10818 13844 18980 13227 8863 14177 19990
14976 21365 0 11767 21416 5912 28644 25942 27135 13129 14123 13819 16750 11916 12041 13840 10526 13338 18479 9376 16216 8474 12620 12539 24775 13358
16791 14956 15244 21199 17370 0 26500 22924 18594 12819 12821 17089 15541 16748 16400 15814 14781 18168 21694 15246 16357 12466 8374 21933 6804 18508
12197 12968 17643 12520 19900 5776 31488 23238 20279 16508 15197 22813 15942 18454 3155 5842 13713 22165 7824 15066 7139 13742 10797 4346 17371 5241
15343 11505 22147 10773 17476 3097 20599 15225 23206 18539 10651 24836 17393 12113 30731 18982 12637 12171 12759 12246 21095 14883 17544 15263 14169 18407
6071 13994 17498 21314 20244 15178 16391 21352 21496 18840 7977 26264 15913 20104 6135 15455 16090 20777 13266 15140 11937 8180 15163 13979 21567 11729
15842 13395 6619 13433 14773 21044 24146 23419 15350 19478 8014 24406 14820 19489 12473 10634 16847 16842 17297 14241 16453 7615 10172 15027 19515 16537
18865 15638 9633 26067 16645 16626 10605 14910 29872 6831 14474 17814 17068 19237 16001 12788 19680 14201 9284 9531 12761 11708 10971 15215 21988 16388
9525 13279 1805 20484 20964 29603 13699 16844 14381 11803 10865 19871 16897 10118 29945 10212 7095 15506 22144 12051 16065 19946 15765 13472 18031 13708
24799 13766 7301 22247 18057 18125 26614 22064 21921 22545 9605 16028 16550 17565 12356 10047 6505 15405 25375 7088 16086 11924 14178 14326 20599 16559
18139 14187 23180 14463 15167 5136 11030 17099 30967 9264 14678 21794 14402 21919 12197 11881 16139 16229 19009 12214 16856 11199 17540 23176 13708 14927
20851 12630 15598 19615 16845 4658 20073 22196 27744 7804 13930 16578 17090 6101 9946 10979 21585 12481 20492 15813 16150 2099 13963 16255 15904 15889
14237 12402 18957 19408 21992 0 26609 9388 5318 16916 11857 13827 15056 15618 8364 6329 8136 12558 11381 8851 12451 14128 11646 15839 16053 13973
17763 13833 22520 4698 15848 9349 12232 12462 19554 11172 15887 23045 14606 25470 16160 20424 9607 15140 10607 12593 17451 19466 11200 13689 16256 12318
20561 15195 14840 13625 13537 19807 12974 25635 9719 19282 13966 22429 14687 18949 33787 9673 475 16680 13230 11412 14049 16491 19831 10872 0 10049
9606 16289 7291 14038 15341 5767 18420 6161 19265 13355 11573 18589 14982 14874 17027 10945 16108 16441 14821 15371 10668 13759 16946 13836 15542 15287
24653 14712 0 20895 19753 11318 24056 17257 20366 9169 10798 15169 11649 14462 3589 10736 12056 14154 11454 11638 17184 222 11968 14251 18934 14484
23982 11737 21574 20701 17198 7336 19521 12396 26516 21077 14154 22119 12019 17216 17730 13606 14635 13724 21139 9765 6407 13948 9209 19124 5774 14127
17722 14937 1366 14164 22378 7658 27484 25669 21692 17689 17166 17580 20080 16294 17950 17596 16224 13514 11700 13642 12429 7921 10973 10856 12943 16721
16429 16962 20940 22005 23163 6422 14023 18941 15079 10066 11927 20965 16109 24667 16559 18370 19384 15638 13135 11563 5229 4764 12624 10807 18568 15519
20220 16136 5660 22469 23119 17862 22718 10200 18146 16880 12371 25694 15371 13370 10302 18901 13198 15125 20473 7540 12942 5176 17632 16689 22830 13958
17778 13656 0 17973 17170 13177 16810 28918 6041 19698 16865 20984 15303 20217 10599 11839 10324 11308 31766 13848 13292 1635 14793 20602 19653 15057
18761 13063 12871 18150 20177 13512 27241 26565 19616 15934 11846 23737 19504 25357 17476 6101 21646 23633 18731 8175 18404 11099 20729 14523 15528 24105
20337 17970 2098 22041 23029 20545 19440 10912 28853 19076 14250 19129 15644 10028 11542 10541 8838 17892 23535 5096 11205 9510 17439 20125 0 7787
5596 17022 11130 16908 19542 19668 23529 16617 15605 24783 17834 10891 15878 21242 6740 15022 9630 11091 18980 12109 21611 8164 9076 9214 14875 21070
11104 13336 0 25832 20908 19229 8070 27764 22915 14447 12177 13437 17964 26649 18928 9232 5186 14468 19774 15134 12760 12778 13569 10960 14139 17726
21383 15655 14139 16154 10714 28508 25101 6871 17373 21000 12766 23274 16914 28129 22972 13249 7772 18832 14309 15870 20234 17686 19290 15634 13069 18548
13162 12737 4056 12130 21943 26369 5748 21414 18802 7570 14868 19041 13109 19634 14994 24293 5447 14537 15495 7936 18001 12421 19017 25041 13577 22308
12669 16049 12894 21622 17674 33100 20283 17519 12726 12591 18448 17181 19323 14423 4462 12424 14537 18740 8481 11915 17590 17114 13752 21396 30777 10634
13764 15631 5858 14208 24902 19156 20871 12924 14831 6225 14817 26994 11637 19584 2868 17243 10129 18251 18946 12163 19367 10999 15651 17117 22500 11108
11408 14190 19569 15089 17073 14497 12986 7851 8094 0 12231 17574 13941 16486 10813 15956 7962 16545 22326 10567 6959 9801 17528 10161 29005 10326
16099 17225 18911 15893 14807 14072 15122 28510 21260 21834 12448 16911 13868 18215 9062 12679 20622 21475 18336 13086 18560 13734 19829 16767 13075 8783
23523 16448 4695 8704 20588 11194 22010 27292 23450 19785 12739 17366 15716 21300 19957 9604 11741 18850 11442 15069 8886 14750 16669 24113 2425 22174
17498 10854 11197 15137 23536 4685 25223 12433 20791 9859 10909 12813 18385 33692 19530 16566 7233 13808 7332 10073 13215 15831 17291 28001 21650 13797
16348 13078 24375 28643 20211 13239 10762 14374 20315 22249 11518 22586 15732 16049 17121 3145 12770 17068 15745 8639 15501 6353 21759 8842 13025 8114
17885 13291 8152 10494 17688 26479 19276 12525 19908 10742 12825 16548 16134 11253 28675 17041 15517 9450 20512 9995 23225 5676 19513 16191 14397 15038
18488 14424 14834 10919 17273 14002 24017 24661 21787 21076 14207 16766 16290 2044 30708 16353 5876 13830 18402 14456 23297 11266 13185 19274 10842 17403
11324 10238 745 17954 18351 9676 11422 11553 13525 3644 15292 14738 16738 18915 7690 12179 20527 14088 14122 8113 12594 4564 14839 6634 27023 16596
14388 10244 8719 9691 18142 8462 22174 11546 18579 5408 10042 18984 16654 31741 15292 17395 7043 16923 19534 14763 17027 6313 13282 17945 13284 13965
17852 18643 15625 14445 12506 10883 16058 118 25432 22563 10899 18477 16394 19877 14674 8201 15400 22986 15653 10135 14388 9492 22269 12341 15212 5916
18834 17616 0 18377 18367 4225 21245 5722 22317 27449 14220 18067 18755 10826 8937 14881 13219 16079 20726 13482 10126 11527 18277 13308 24185 17857
20501 16001 8892 20832 21307 22300 13677 8104 20646 15719 10162 22564 12509 16798 6940 13772 9168 20990 24403 16261 6078 4871 13808 21774 16689 5627
20034 13915 260 11270 31527 14437 19696 5261 23628 14703 10245 24761 13991 19932 18107 8280 14201 18463 24038 12064 14109 20037 13713 20300 13274 16841
11760 16344 17561 18088 19188 19903 18449 8427 13505 18206 12593 16878 16689 22580 11000 9235 11921 13023 24705 11986 13399 13257 14878 15911 9306 13953
24845 12158 9980 17229 23540 13565 21015 0 23734 17121 13890 12477 19733 14979 29279 6173 21883 19005 17932 18485 15473 11006 11983 13874 21822 21394
12248 16593 1700 31336 19326 16651 15482 19332 32726 14042 11870 16072 16296 12463 24771 13223 13917 18332 22829 12449 15540 13810 15572 11729 12275 19029
13296 18055 6000 14473 14962 9983 16571 17153 18559 11061 14824 19673 12825 15320 7839 5743 17849 17378 20208 14113 13025 5410 15588 16734 10611 10318
12949 15035 12492 16839 24000 8797 21489 11615 27530 19610 16265 10018 21396 20304 18484 18286 12937 21179 12231 13684 13849 8199 15261 16616 19626 15479
12084 14557 4080 13857 16178 13663 20608 26752 11155 24595 15036 22057 14456 17285 13288 13595 17671 15311 18562 11171 17977 1795 11855 21817 19149 13500
7077 11973 0 25637 19885 7000 19010 15402 7936 35047 15743 21462 13617 9020 15207 10055 13202 12823 6367 13303 4084 22539 18564 13298 16095 22074
21997 13801 14992 9922 17934 5979 17815 18236 15866 18212 8697 19934 16148 14022 14921 16838 22258 20761 20215 16584 9947 8633 13442 24617 10249 13754
24884 13813 2948 11154 15718 6717 15729 10784 16086 11650 10783 20908 15220 5249 14665 20301 10249 15639 23823 12588 7183 7632 14468 7194 8728 12462
16492 13055 3026 19343 19948 0 27612 16923 16013 30409 13182 17636 16598 14089 13556 9308 12242 13741 16802 13039 4033 15920 13036 11315 15894 11700
21838 12013 16830 17032 13825 14064 25892 14226 26318 28603 12879 25931 15082 11402 8638 14970 18420 15593 12486 17193 8142 183 12722 12420 2295 13405
18751 19929 24806 16351 19884 24123 14162 14134 19460 29977 8666 18536 14185 29113 11372 11405 11484 12343 6978 16042 18807 11791 16919 9610 0 6788
11612 12772 13428 17568 17403 3922 19893 2223 8767 18694 14709 14645 18298 15821 6883 17328 9010 18380 9007 16298 15018 6549 20092 15748 14437 10148
25036 19429 2576 12372 17004 17747 12438 21092 19628 15218 18083 22218 19571 27272 12267 4223 17263 18149 13440 17941 19842 2702 12205 20386 14741 6475
14322 15270 21666 20878 21838 16044 22313 14311 20941 10403 15059 25601 12786 14109 8426 3192 22595 22529 7436 14197 10936 13526 15414 16077 4280 14441
8178 15139 13342 19548 16854 19376 32396 13252 23103 0 8466 17911 12376 15271 8007 12501 11637 23491 14314 12115 20276 7926 20321 19064 11626 12200
20515 10746 4289 23545 17699 15328 22366 25451 16963 18015 12071 14978 15810 26022 18871 19924 11004 17486 13065 20376 12170 6361 14757 17118 7194 14023
24333 13694 8733 18235 18241 18134 18789 16620 18550 23181 13315 21809 18635 17689 8810 16497 13188 11129 20127 11978 11140 0 12744 17739 9030 26397
13148 14657 6182 13388 12836 7197 14201 3815 28857 18605 10047 13173 15904 14628 14554 16359 21685 15671 26263 15943 14467 9404 13622 18772 12034 9754
9263 12163 2366 13890 16625 0 7010 19291 5348 10218 14007 15413 13397 9816 4597 14258 11891 15884 23723 11269 14681 8711 9016 19771 17722 22646
19535 14955 0 17948 13794 21948 19387 12626 9989 0 12308 21288 13555 15364 100 10643 6669 18273 13107 13047 9529 10481 12842 10279 17422 16423
17305 13283 7105 21938 22269 24761 14125 27607 12978 7026 7482 15796 17454 15811 18172 8949 8612 18332 17973 13010 14946 20259 14692 16738 25528 20150
15156 14503 10161 22549 19039 8568 14255 21055 28762 16197 16878 19070 15268 13396 2054 9858 8512 17159 18261 17838 15098 17983 12040 19412 15763 14282
12134 12346 9546 20474 17243 13833 31311 16899 16004 22949 11790 19112 14968 21869 7922 19761 10203 11503 14585 7744 16285 4590 18498 12013 23665 18486
23246 9754 17830 31750 18016 17154 18031 10448 21324 23976 10312 17434 18473 20044 22308 20347 9651 18508 6589 9683 21105 19312 22857 10111 18207 21050
19517 14679 13186 16319 23523 27469 24684 30130 30496 8891 17809 16604 13437 21824 26 17511 14356 15070 15389 14275 11278 9867 11728 12302 14741 15895
16522 17325 21511 23565 17079 11975 21124 35359 20846 22146 12184 23123 18288 17384 8647 19872 6933 13990 16403 10459 12124 13923 11508 16384 13762 11432
13015 16262 23796 13633 12209 25039 12566 22750 22052 17201 11400 20561 15413 25524 21542 17057 9584 17569 14894 14459 19798 15029 11837 16589 14679 15688
14824 17046 16473 3000 17799 15179 26737 19724 18569 11128 6470 21988 17826 12948 5546 14443 13696 16863 12106 12533 20554 8988 22032 11143 13557 16626
11556 14972 6859 22427 17174 15286 21905 15188 20226 22111 11308 19062 11672 16157 18155 12847 12262 12308 12305 13217 12688 11888 15992 13674 23068 11781
13584 13776 10225 5792 22315 21104 20199 9396 25229 17856 17821 14448 16917 8131 21381 19653 16763 12254 11164 13659 18002 6343 15949 5865 6228 9718
25983 15597 25094 22933 19343 16891 25968 20227 25203 13012 11184 23257 10816 10452 10201 8621 5719 10420 24336 13776 7264 7526 15696 10831 17319 16528
20224 11785 2809 21181 23356 5090 18820 16822 17245 23856 11379 21346 13161 20692 16566 11249 10200 12771 13670 15764 15127 17258 16424 5443 14901 11427
10033 17977 3377 16786 21970 0 23589 10668 18875 6879 15215 25122 16779 24394 0 8987 12508 10260 19853 12875 19139 8634 11033 17410 13636 11812
11304 11742 11342 11312 20511 23239 19060 18525 15082 26494 13668 16314 14607 26184 22107 17327 14712 19132 21623 11728 16062 20335 18249 17222 25879 18322
15623 14302 12226 11832 25744 18217 12479 11641 22889 18930 11592 24543 15208 10533 12543 16378 7641 20841 18792 13728 13418 17511 8295 23399 2477 18714
15431 15369 3861 17818 16203 14880 20937 4907 17010 12556 11687 26250 14767 28011 13781 9022 2092 19717 14851 10208 19781 12994 9339 15516 17804 7053
15677 15426 5749 14891 16700 10243 25638 8866 17979 17050 11872 13318 15679 24236 11671 15245 5738 15779 15144 15993 20079 13381 17688 6192 22157 8807
20335 16845 6665 16701 17881 20569 28400 18586 22526 11291 14650 17042 14057 20348 14533 12951 11779 17084 19414 12611 8766 8453 14113 15515 10898 12565
13154 18908 6067 17744 20645 19851 33383 9339 15478 15428 14934 18621 11404 21605 16578 15285 14448 19402 17056 10915 18956 18726 20363 14693 13703 19862
7911 16497 6795 16691 16845 14970 17849 4655 15434 16794 17751 21442 16241 14921 23379 12544 7922 14160 22299 13562 15213 4669 15257 15677 14887 10988
20167 15246 0 14498 12518 17344 20588 27306 25716 14702 10690 27651 16124 15591 13939 20648 8184 22111 24722 15895 16130 14039 6479 18958 7279 6790
21113 14098 25492 22494 21894 6221 16420 23974 15315 0 13749 15408 13810 28514 8161 10455 8929 15769 20133 16262 13255 8588 15477 18681 4480 13419
10010 12459 15716 23659 19593 21479 9097 24913 22799 6593 7260 18450 15172 21693 14913 9530 19236 19199 22533 11504 24099 12360 10298 19450 17461 12634
17571 10551 3376 10372 25773 5785 8254 10613 17493 15228 12725 17011 14511 20360 17621 17034 12288 21079 20593 17542 14601 8215 11816 26258 10813 15984
7994 11203 22937 13557 21998 4004 18048 15567 26974 17954 13877 20955 19544 1835 17164 24154 16934 16644 23052 13751 9021 6018 10274 20838 8027 19802
19063 12591 8389 17551 21323 19828 23722 0 25661 18955 15740 25084 15656 23542 7865 14212 5865 11121 12493 7237 17322 15779 5916 18600 15680 15745
13257 17114 18735 22294 14080 5455 11333 24507 21740 20935 12387 18613 15772 9905 17574 7672 9368 19642 16254 6899 20699 9541 12041 19433 25472 15952
15476 16179 6819 21683 20388 19058 18193 8989 17987 7028 11767 24773 14320 17082 16238 6606 10729 16022 18645 12446 18117 16415 7081 7251 10197 9370
19437 18003 21608 17960 17613 2852 18567 21188 24067 30253 13342 22554 14396 10572 22869 10388 18812 17527 16956 13388 6565 11455 18467 13240 8067 13291
19547 17477 8287 10117 19105 28754 22363 20511 16824 12281 14825 24776 14776 26742 7615 14987 10444 17952 11837 14716 3676 6337 10352 19404 22782 3895
18153 14486 8756 27100 18332 20723 20605 19646 12651 11976 9130 19733 14813 19985 2624 9581 9530 12855 18008 10922 20087 15392 9939 14386 9136 7057
8702 11574 19655 18493 16055 12361 20970 33434 12600 19531 10240 17257 16442 32120 9221 15386 15333 19689 17443 11142 14029 9558 18432 8315 17238 14497
21434 12596 10659 7832 19965 0 15252 28463 21928 23402 12949 20034 18567 4307 18525 14851 19525 14141 15609 13803 11421 4370 18812 14993 27724 14737
5861 15127 25671 28356 24577 23608 16263 12284 9463 16028 11854 12822 15360 28746 30489 14877 16124 23651 23804 15809 17864 13133 17578 16178 17816 23082
17148 14495 6362 5706 12719 18964 17661 24331 28496 9836 12499 17690 12291 17055 17820 12077 13905 13718 22753 9684 20862 14725 14680 7267 11679 15671
21829 18537 20993 17136 12401 14788 18651 9917 17821 18338 10674 21384 15755 25256 13597 21558 13998 11533 14455 13242 17449 5027 7890 22743 18371 18215
14137 13345 1530 15842 14112 8459 20007 17037 21990 6448 15124 22217 18057 32472 4402 19257 16238 15336 8422 12723 7545 0 9498 13922 18853 20596
14614 14637 13089 11480 21145 3850 25915 31736 26211 13945 18861 13285 15705 22352 3728 14682 9436 15703 14323 9621 16501 21180 9240 8133 13659 24800
14246 13072 6292 17944 21338 7833 27761 21129 21457 10259 21526 22014 16858 12350 10236 23398 18392 10984 14861 14373 11560 16610 7460 13309 13270 15370
22090 12372 14686 10562 17487 6977 24337 12318 21704 16418 10552 21773 19555 23832 10803 18005 8371 19165 24978 12322 19739 15295 17410 13766 21633 13936
13779 12714 0 21579 16768 6676 27426 16232 19851 25005 11149 14991 15140 7936 16091 14407 8952 13475 21797 12296 19092 6511 16936 19625 19022 4337
19920 13241 18415 17821 19325 14118 16176 8093 15790 24571 15595 23333 11657 20384 6219 8246 22479 20521 17970 15555 15219 15122 12211 11174 6812 17414
20300 14781 13426 23311 18637 1276 6893 13279 16060 7505 18259 16443 13703 18277 9709 11336 12403 20905 26509 8899 9711 11220 10428 15278 18172 20608
12583 17780 7399 7998 21354 25403 22199 0 23320 23357 14739 25123 18296 23892 12151 10028 16127 23355 22144 9346 18229 10749 13717 9888 4539 18223
19264 15753 15851 22840 21855 10310 19955 0 28739 12187 14195 13672 11007 13874 24643 18296 6544 21486 13423 12065 9161 9055 19065 7313 7958 22693
10870 13764 18190 20807 21931 15871 13426 8734 17079 33637 7692 13820 14470 18475 14886 13404 18788 23984 14629 13388 19469 22973 14980 9776 16001 13504
16625 18599 8271 17068 13692 12808 13556 19269 32102 10637 16880 14624 16248 16549 4392 11533 16298 16134 25906 9601 18669 12320 18582 17008 13502 15176
18814 17816 14826 21669 17122 2169 39276 17169 16165 18961 12491 26212 13436 18467 19482 10168 11504 20780 21222 19218 11239 10124 9813 9175 16414 16433
19783 17407 8256 26341 12788 23597 12549 20985 24303 8252 14231 19696 16282 16139 16719 17061 12056 13537 9269 9913 14199 14135 12792 17015 13332 14651
21732 11264 14378 22580 19976 0 22829 16445 23357 8694 11966 16700 14065 25559 1727 16648 12527 21323 8214 9816 11794 5542 10778 14223 13170 20688
24392 15118 12958 11188 11575 11207 24904 29453 23225 11810 10892 16596 16766 20788 14209 21433 13905 16233 23088 11052 11253 20693 19084 10938 7161 19322
20848 14491 0 13536 22007 12003 23871 15392 19098 10273 11919 19165 15667 8139 12950 11238 17705 19536 25472 12709 6625 21458 15325 8766 16182 15607
12996 12513 8667 26089 17105 13533 25113 12882 22057 24867 13801 12890 14968 20072 25736 13027 17263 22556 5514 10909 23111 15393 16475 14733 16410 17534
14949 11787 9037 19796 16756 10555 23281 17194 18918 13325 13768 16261 15879 5992 6403 8857 13295 13744 7817 9526 13374 19866 18034 8872 19399 13217
17093 11350 14252 20796 15211 8411 19417 16263 41030 4954 11984 14742 18743 13769 13790 11816 3822 22560 13876 17329 22083 25039 15300 14957 15865 17569
17311 11146 13317 20066 16599 4426 19012 22150 13792 20270 12057 17342 13890 3829 9471 8804 24756 19793 17009 18583 5298 8292 17538 10969 18159 24016
12669 12204 10143 20850 20494 16040 16560 27105 20855 11810 13021 23002 16213 22771 13797 15663 13103 18275 19242 10579 14045 6008 9973 7414 17189 17263
16571 13707 6956 19929 22200 23552 18289 13572 16236 26132 9050 19564 14894 9730 5522 14639 15375 13279 15538 12143 15174 23088 20540 18523 13645 10770
17492 13172 5013 16357 23752 4113 17772 6668 15946 26471 12985 19076 16515 27309 16081 14822 12334 16504 19247 13634 7212 7860 17985 21370 17494 17955
22306 15205 7380 25610 23431 13766 14283 17387 30999 16594 7938 21126 12434 33011 9523 16294 19181 17667 24728 18004 16961 6971 20639 15447 20249 6728
21302 17923 15463 17719 17443 32399 21886 28496 27442 11837 20106 22872 15437 25527 8953 20419 22820 21293 16114 15121 5437 11368 9581 11789 16777 12210
17779 19188 22942 22737 19480 6981 19364 17565 25756 12066 11827 26023 12162 5574 10296 21941 8458 17811 12319 13247 7822 16222 12476 7294 0 13489
14368 11106 7997 20127 16006 6208 21717 21417 12335 7404 13140 17228 16113 20635 10678 12759 9854 16828 15676 9359 9515 13981 13890 17958 10007 20109
13749 13573 9863 19343 14335 22174 15857 21598 21162 16046 14206 14392 13204 20160 4728 6647 14625 21593 11603 10971 14691 19942 16655 15463 6059 13269
13178 15114 4014 25596 18681 20833 18460 16873 16726 24276 14319 21766 17895 17959 11417 12083 2837 10828 24572 15706 16521 17136 19427 17681 12572 9410
11040 15893 22681 21718 18775 21934 25851 10033 13053 10972 9845 22305 15960 26901 0 15414 9281 18575 8937 6248 9153 4307 13749 10821 16592 18852
23757 15260 5240 15860 17663 21149 23549 22036 15399 13904 5961 19333 14446 15176 13226 12115 16367 18208 16324 11897 8639 16642 8455 18356 20343 19210
26768 19048 24218 17817 18016 10098 26700 13765 26219 11243 12815 18248 14414 15456 14180 20498 6007 17427 11436 18958 15128 19400 12720 2643 11633 11080
15638 12549 19684 17104 14622 4264 13037 19908 19932 19212 16349 18468 14560 16131 12290 13634 2688 18433 15915 13259 10355 11204 19325 21582 12310 16567
22926 17546 0 23378 23001 23316 23875 15757 19768 10817 13375 20088 15979 21017 12776 17492 13829 17877 12409 12666 12987 21830 14769 10662 17085 18000
14238 9887 19232 7361 19579 13360 28620 4558 7273 0 10027 22309 17990 14194 18419 19728 12593 14882 24232 10346 13992 14917 13967 8587 17313 10929
14824 13260 8568 6245 22096 13887 18941 16260 22875 20749 16173 13838 20284 12888 13258 13710 11318 17409 16526 10053 19725 14797 18943 13163 5907 17803
10385 12516 0 32324 18000 13549 25565 9910 14968 15857 13658 14998 10982 8709 8311 8224 5260 17954 20135 10754 9013 18313 18715 7923 12979 19028
23521 13538 7906 14403 16949 24430 13654 19433 26751 20675 13687 15567 17187 26639 6490 11073 11016 21920 21459 14317 20148 12332 13567 15843 13773 18628
26434 16721 16569 28924 20099 20598 18154 17174 15523 20282 11106 19999 14061 10124 8072 13286 13819 20365 19056 8870 17964 3164 11577 18744 3253 8343
18455 15203 11267 12174 18777 4638 16884 16811 25376 21241 9833 20694 14891 18732 7805 6811 12596 16685 14679 13888 16317 13085 14211 17648 19163 4963
10998 11882 425 16580 20880 0 20689 21865 23012 8656 12601 28083 15422 22130 11638 13311 10022 14195 13636 10209 14629 13313 18520 20939 31905 17461
12524 9927 16929 20979 16107 6655 21625 12638 32575 12382 10903 17082 14700 18795 9484 14866 18457 18790 11913 15821 22117 4033 23680 11032 7462 19356
18365 16906 9728 16603 19569 21314 21308 19717 15511 16642 9722 21509 16322 27176 6759 7877 12355 16973 15519 13689 11785 10694 12314 15715 13445 18206
13005 16289 9226 10900 20466 3530 19017 20811 22948 0 8218 24430 18960 9681 4863 14818 10696 13670 9211 12498 14041 9347 9518 23367 14340 9121
13960 16364 13844 20351 20294 1128 25711 17069 9942 23176 14699 29742 11994 9238 23105 7646 11350 18943 19129 9499 18984 22389 10955 18161 8660 20604
21668 16241 4766 19566 19565 11969 11062 22852 23204 19598 16601 25172 19079 21421 18688 17099 2997 19514 15225 10610 9802 12665 11676 17286 7970 6257
16311 17473 18747 16714 18447 14211 20698 14856 7604 9879 10360 25925 13374 18627 13010 18251 9967 13284 15484 5406 12299 11911 15351 9339 11764 15900
16504 13604 10567 25884 18933 8340 24557 22748 21965 24295 13325 14105 17797 9299 22180 10140 8569 17858 19146 12059 13043 7195 9608 17836 18371 16504
22372 15763 15032 16474 19325 10808 23036 18390 20218 16464 10624 16005 13925 14433 18407 11002 10252 14689 16654 20416 14780 15998 16729 22511 14958 11370
15929 21301 20365 20896 18762 17848 13808 20710 14518 7603 16238 15898 14803 7656 0 21369 19259 14188 17476 15306 17300 12822 16652 15188 18664 19132
21433 17297 12960 18147 17999 3919 15590 17015 19043 22017 11396 21110 14432 23249 8705 14908 11468 16261 24511 13479 11902 12218 15254 20926 15197 13097
17655 10542 11595 19090 24048 11245 12941 6279 21536 18865 10272 17864 17296 19936 9546 13048 16459 12462 15459 7239 14225 13970 10939 19817 0 5239
17546 15475 11457 18959 16192 18642 26213 18446 17866 16959 9416 19931 14539 7707 19616 10778 11334 20015 20821 13818 13808 4922 15923 17004 9353 18255
11469 12441 4758 19668 17358 23493 16209 13811 16055 17067 12333 18584 12080 9718 16548 15959 10178 19061 18492 14825 20106 17837 21179 19069 8015 21196
21336 12561 12020 16571 18393 18206 26421 5370 13577 16551 7027 16650 14878 36003 18295 9274 10977 6273 18325 14313 20996 6694 14047 4922 19926 15650
8677 15954 6830 13386 13747 21345 21389 4601 22600 14617 13341 17061 18667 21628 23367 14778 17628 12042 24862 13709 13675 14107 11684 10617 13720 15252
9328 19182 18790 21959 17592 19229 23183 20785 15921 16068 12713 21148 18077 21407 7278 8526 9369 24713 20128 13962 13756 6357 20089 16323 13833 21047
22129 11818 691 25033 14350 19195 16122 1865 15595 11803 17742 19188 13969 17520 13855 9554 15098 18421 19030 16044 10828 12453 18213 12380 13515 14617
14195 13473 28166 12590 21222 10937 20630 28017 29637 13578 5824 17354 15980 17023 18124 5668 14425 20435 444 13444 10848 14611 9204 16916 18810 6391
19506 14589 2091 14164 13978 5832 28653 18944 18500 17247 8062 17862 22438 15488 13652 15910 13054 17173 16762 12240 13458 8140 15522 18322 11082 14605
18324 13388 7716 16397 22228 7650 23561 2260 24856 6489 10101 16850 17236 20108 23347 5824 11867 12509 24947 13224 19244 19937 16932 11448 13082 9330
19106 18737 13240 26738 16166 14249 11496 8556 22056 14912 14225 21557 14762 13609 15682 17364 23894 19447 22443 15937 17808 5967 18500 3884 0 17597
19742 14748 9957 20168 12359 30703 17190 18456 12995 12192 12655 19825 15205 25294 2699 17739 12100 24455 22768 7040 15277 14138 5283 17466 15837 11471
15708 15920 17525 17119 20151 2949 5823 11223 24706 5627 14392 13741 18673 12477 15792 15815 11905 14969 22119 15100 18710 8633 16186 19922 17105 5776
16287 17953 5864 20507 21414 28787 19674 15242 11684 20119 11017 17730 14408 23872 9193 12498 12498 10206 21497 16438 20358 3345 15099 20072 10487 2226
19391 13826 591 16655 24843 1644 17207 14827 12492 4917 16883 17067 17157 8292 13235 9507 21032 10217 12173 6299 12316 9501 15287 11380 12827 15348
15841 17689 3281 17110 20762 25785 23356 12985 21693 11397 15344 18654 15684 13423 10754 17014 3994 16845 17839 9856 11547 22691 13102 12299 23374 19636
15257 13011 5893 13083 15692 23774 9409 26145 12449 10311 12774 22516 12993 14745 6259 14256 7098 11248 16046 8418 11452 8982 21875 8788 18228 13114
20028 10192 17785 18089 13198 15515 19506 11097 24546 15133 11873 29114 18704 12996 24218 11253 5587 22425 10508 10741 13416 14688 10375 7371 16464 4652
9871 17835 2342 21304 19243 3699 16563 14951 32204 10260 16414 22976 15691 21916 17954 11937 6542 21132 16652 16126 6465 11579 14102 10267 6910 17726
25783 15527 9241 16880 11311 22951 21578 13059 19062 16135 12854 15692 14186 21189 14083 16498 22859 20036 22525 16436 7093 3355 9406 7103 13052 9466
12932 14805 16881 23325 9737 21595 15354 21278 22269 26067 7247 13887 13069 0 21773 15625 14853 17220 16722 15173 16200 7281 15920 13830 16836 17923
22198 15395 5521 14761 16275 16352 25312 22598 31264 13987 12586 16441 13905 14710 15348 16865 16043 13266 8592 9579 7108 5488 14116 17023 8985 9424
13843 11850 14415 16375 18980 6107 24142 23531 21626 28554 14276 22586 16771 22301 20207 7558 19835 11291 14658 13103 1315 16782 15733 14741 19599 20494
16633 17361 14408 23645 24141 18846 12215 28250 31476 7327 9220 15787 16252 14443 13938 10685 9232 20553 19139 13689 10450 11583 21969 18832 10506 11386
15674 15172 6029 25347 18226 5508 24337 12083 17419 11183 15718 15135 18487 5695 23517 17270 12710 21637 18720 10141 12410 4977 20147 17424 21390 20174
15313 15957 10083 17142 16782 10311 22735 14871 27295 27323 14628 17392 10216 16903 17387 12827 15032 18110 20351 9096 13792 18567 14502 6283 20763 12898
8871 11420 2936 19204 21132 2524 17635 26321 29316 546 16388 17501 15066 23179 17524 15018 18022 13668 17113 15489 9089 26357 21847 18306 13673 14903
13762 9170 9416 18503 23072 21660 23987 19878 21449 25977 11960 19238 22226 10661 5622 10012 9789 20001 14623 11478 15501 18384 12959 18738 16698 21320
14793 16281 17896 14243 20714 22596 24369 18231 21610 22604 6737 22540 19204 16239 18533 8295 13859 16385 20963 14939 14094 13291 13821 11707 13840 20065
13182 15789 9028 6345 18199 28034 18750 16425 20762 14076 10241 19544 13151 11712 13224 10411 18824 16280 21899 16441 16282 13174 14674 16487 9548 11843
20484 13680 17004 10236 15704 11573 11704 14840 20302 8362 16430 19676 16100 15438 1077 6459 19680 24257 14613 16485 18474 26331 19935 0 11400 9871
5706 12133 15449 10739 18981 20361 21799 10374 24137 21700 15189 18302 17313 9648 13142 9870 8329 21833 24708 16063 8878 12367 13602 12679 24374 17165
13297 19514 1996 23030 20731 14191 22496 9415 25292 19576 9058 19352 18932 23104 11558 13530 20274 18468 15131 17611 20282 14561 15094 20195 9867 6379
15301 14459 17951 13981 18122 5759 25906 14966 24345 12507 12977 16470 15059 7725 2399 12952 16380 21158 22580 13062 10133 20620 17132 14844 16199 10476
12507 14905 12194 17432 21033 21687 27321 21686 17492 14879 11999 18314 19140 15188 6227 16012 9617 16383 15979 13226 10111 16721 13837 14767 28941 14671
26991 12490 22268 5429 22415 0 22900 23696 22260 6728 11207 22229 14320 13599 0 8151 9997 12438 16671 4913 8092 14190 18407 11562 24050 10081
15696 15584 680 17905 17835 18925 18233 24279 22476 1742 9598 18677 14492 16381 20115 19023 16181 20542 9807 12170 12167 13739 20225 15069 13123 10809
14821 15243 6255 16521 21616 22721 9157 7280 15993 19907 17624 20687 15907 16008 21431 15645 10899 11427 17136 13987 20934 16934 12012 12648 18179 17236
5806 17697 7507 9473 23483 574 21540 15248 9861 8672 11468 17752 19306 21758 15687 5221 9720 14179 17257 13447 22890 11170 15255 15612 13347 18545
6089 13490 22049 23573 17529 12032 28216 17502 22690 6409 10803 19415 15653 14892 17130 10044 8680 15514 19635 8461 3888 10132 17179 10749 6023 11433
18707 12018 12050 16236 26157 14876 18328 10410 19105 14430 9855 21569 11757 15444 471 7634 11477 16504 21906 13162 8385 18440 12425 7349 16964 18575
15808 16410 23477 8402 13554 14133 22125 9983 18376 11759 11028 21128 13596 32395 0 12859 3691 22232 17626 9007 16136 22208 19639 22552 15698 26253
20238 15865 9628 24239 14458 15709 16220 9967 11370 11547 14440 22791 14440 25145 15067 19930 11873 20186 20681 11912 18404 10404 13311 14167 25439 4948
15746 17636 7732 14993 19085 7874 28419 22751 13890 6907 6151 19212 14639 11908 7368 18594 10069 16604 15449 16659 17091 11521 13725 19721 22424 9740
19403 13734 16523 13002 21084 15971 18986 13014 17952 20465 15541 13989 15592 21879 2048 8926 23579 13283 14214 12822 5660 19599 17886 2711 28227 16845
15380 12554 23086 14889 18867 2282 31960 27802 18977 16083 14426 20501 17500 14073 22804 20368 13298 9888 21618 21281 18501 15627 15195 6040 7315 16123
27611 15899 6811 18078 19949 1729 20662 8587 17271 11936 13462 11104 13121 11286 11283 14033 3930 15533 16008 9017 5658 11115 15720 6783 10885 15263
18273 17358 0 17548 19458 1795 18694 6055 23723 14349 19065 18681 18399 11238 18107 14351 10512 15877 20846 9712 14687 19063 13552 21340 11403 14014
16373 14061 20606 17686 20138 11384 32759 14853 20108 17968 12133 18942 11363 19547 5769 17499 14840 23023 13069 12613 5550 16369 16411 16240 21078 13357
13468 11431 16510 16424 14190 17165 19937 10920 27205 18349 16578 16835 14081 27841 11150 16790 0 18385 22226 13228 11741 9298 10761 4728 13265 18213
12661 12865 10643 12953 26011 11899 17566 20066 21423 7700 12184 11495 13085 12248 21284 15791 15436 23946 17556 13568 19599 7119 15203 12895 11204 14675
17897 14090 6299 21764 20942 0 5211 20190 32821 13122 8716 21979 17393 22850 2626 13044 6967 18525 23169 14409 7175 11077 14567 12859 11006 9558
13376 14776 9835 10088 15526 5837 16847 18512 10781 16160 10800 22845 14089 21121 9279 8090 12728 26945 7661 15647 4426 12388 16593 6212 9531 20898
9405 16735 18827 11690 16819 13816 22036 13786 18893 25837 13554 13398 17434 22711 12994 11040 2050 25091 12078 13868 19437 17186 11847 15835 20699 23324
8681 16365 21278 17526 18419 15671 22476 24673 19890 17801 12463 21423 19474 18387 659 10853 5752 19899 18494 8670 15772 15369 14576 11624 16670 12800
21736 15125 1076 12555 19915 22228 23568 30732 24256 22216 9633 22462 14638 18075 8815 11169 6300 16257 13281 9770 16636 8539 16975 7602 18106 10222
14997 14243 20420 25993 18041 0 27309 11034 16097 24141 15825 19399 15139 18234 0 21835 9980 23517 24775 12457 17191 15462 11697 14878 21839 6887
16314 11641 1063 18652 17718 19519 20372 32120 17918 22176 10009 13743 13508 18759 12474 12512 9295 11435 19194 15069 21006 22791 10938 15370 13456 14225
2527 16745 9607 16578 16076 18910 20153 23271 9679 34142 12796 25498 16630 5475 17532 9850 5550 9816 18844 9385 16730 16589 14044 9872 9562 19072
14488 15332 7808 13099 16213 4224 17825 17065 24539 8783 13694 17167 15557 9587 18216 10208 16284 19471 21540 10701 12410 15405 10405 9149 25830 10068
13566 13873 13119 12948 14293 13837 24059 7923 17467 19909 12423 26402 15024 20635 18635 12950 7289 19713 18907 13080 15614 10353 14817 11747 25267 14650
25150 12873 2524 16741 19509 12079 15719 20405 22148 18654 9459 22454 20753 17442 6413 19425 10324 21815 18392 11491 14744 26194 13983 15386 13627 17366
12638 14493 1992 25215 21160 17503 14761 0 21714 11694 11356 20010 14583 7050 13121 6225 8538 14883 24565 15066 21752 9028 16013 8374 26534 10684
18136 16423 8728 8704 19644 3330 11943 18911 16564 13018 10264 18644 20479 19835 3317 13845 7323 16046 25628 10391 9925 10585 19888 17396 4546 23060
20692 15605 21039 19783 19082 16644 15489 20889 19107 10647 9442 15796 18612 11796 5619 8752 18986 26007 9479 9766 12940 12545 17051 11505 13947 17459
13994 14331 19137 21434 18592 10458 13322 8060 20926 17669 13812 12222 20530 23259 11958 15019 10429 15551 16784 13711 11953 28219 9545 13373 9641 23650
24804 12741 6824 15037 21035 7533 19504 10934 23607 16334 12083 17438 15613 14084 13048 15300 23039 17528 25149 11985 18930 9259 13016 15398 0 14263
14809 16243 3816 11493 15691 5468 24137 26914 21077 14353 16121 20292 15903 18469 6701 17240 14654 19962 18395 15469 21797 3965 14244 19111 10385 13734
14032 15700 5472 21141 21361 29324 12081 6126 17848 15179 11552 18320 15468 15347 16163 17953 14454 13587 26284 12977 22038 16169 9995 6034 17617 12133
11627 15346 4976 14501 20742 17846 16945 5249 18017 16264 9504 15500 14712 13810 19155 17211 8743 14422 24513 17415 13127 13977 18643 18401 19974 2427
21771 10712 0 22126 22469 11279 24130 18796 23881 8004 8545 19925 19376 15010 29201 16944 20166 17679 22760 13015 13709 6755 11356 19350 20957 19947
19218 15656 3481 13312 17808 23087 23962 24118 22812 7105 11889 19893 16171 16448 1396 20738 15976 11461 14915 15084 15311 9917 18125 16335 16886 15457
16014 9355 12222 20234 16705 21730 17664 15424 5641 15635 10798 15496 14694 4865 12727 5135 23073 20261 19610 11460 16320 6332 16501 12698 15388 11915
10806 13082 13095 22574 14104 16793 10464 2015 25248 10703 10202 23300 14389 20449 4796 13431 12421 25603 11339 8095 11222 9549 17990 16580 21605 9952
