365
50 67 91 34 16 29 24 96 1 56 23 54 80 42 7 79 40 28 81 92 100 63 33 8 90 98
16420 17290 4318 7914 17231 35894 19198 12726 13834 19948 23148 23952 12336 8021 18168 16394 31477 16822 16115 17050 26460 9996 8253 21053 12186 14559
15623 17282 19294 7872 15346 806 22029 21161 9602 17854 19530 29189 18043 19665 14326 19575 11325 10733 19483 28064 2625 7766 18063 16149 31339 9295
9462 16757 30337 18225 13577 8089 17684 15126 13988 13045 31234 31820 8500 7720 8893 16183 20459 9003 20674 20357 14814 13168 15177 17868 12514 21548
13023 14983 16869 13649 19413 9391 16806 21792 9533 18734 16682 23858 13454 14509 14880 24482 18895 16672 17018 15766 20885 12447 7619 15719 16556 10915
15462 12794 15627 4369 12678 6500 8063 36601 8502 3335 12431 0 13380 13619 14903 7529 16253 18311 15540 17367 7990 8261 9508 22649 12069 15191
12202 21766 17765 18401 12004 4597 17436 21753 9931 10606 15733 29684 6855 15855 15569 21768 30695 17229 12642 21656 13676 12242 4987 16941 15758 11984
11863 16778 31460 13026 13223 11307 8862 19776 12092 18933 17310 15202 8039 11681 10991 2703 19652 13469 16885 21810 11069 9065 11848 22302 6846 24752
19125 14525 33383 10009 15505 13269 11966 11399 11018 16928 18335 18651 13406 12136 19428 25405 28648 11718 21141 7554 13501 14144 13324 19089 584 22081
12907 16308 21614 23985 21193 23209 0 6464 6223 14558 30441 21101 9207 21650 18153 24485 30902 17184 19365 29285 13289 11238 6635 22260 30078 25766
8856 11676 26403 10361 17563 20039 16914 16462 11104 22870 16148 7670 7585 12807 11160 21563 17367 13702 17539 14436 11040 15953 7799 20998 16028 19539
13439 15469 20769 8365 22678 14008 13654 30527 8746 20209 17139 9942 15693 23600 17044 30724 30178 10040 17514 18715 5425 16495 11329 26204 14948 23242
12698 11741 29500 23423 7321 12976 15103 13677 6836 19745 16875 30223 11292 7934 14987 26690 20993 11120 11353 31735 5029 11521 12844 18171 17319 27001
13102 9710 8270 22370 13907 20364 22612 24692 4276 20402 26253 22364 11199 9651 16775 12471 22259 11459 22487 23579 5577 9149 15229 22142 12333 22936
11853 9472 27168 19769 16050 16589 15647 12275 14465 29065 13586 15961 8176 12462 17228 35335 9371 10426 16865 21634 528 20157 14377 15193 7826 7775
13786 9908 23569 15774 19320 31238 8840 17614 7455 19176 18339 12194 15374 17869 13943 29511 13385 14685 16029 21993 20206 11960 12298 21299 16720 20768
14713 15208 9812 4239 17513 26003 4190 17353 5582 14232 20190 11033 15172 12031 13798 13723 12225 15861 18105 22101 1566 10797 16924 20827 17903 14465
9962 17517 26172 0 15847 3157 5410 17391 10633 29827 23942 16823 8101 11221 15366 10657 12902 18202 15450 15415 9016 9224 15683 19457 21991 20801
9826 20839 7545 14242 23267 16285 20117 35122 14135 20620 13223 10466 7480 15190 18021 25196 21136 14701 21224 14870 32757 18791 5203 18194 22570 14508
8547 21490 17174 3853 18412 32780 14143 11724 12155 21448 21693 26765 23115 9499 16582 19605 20624 12038 16787 22269 6791 12985 3571 18242 20142 10684
17221 18733 23068 14606 20979 10335 16778 27499 4565 24251 23713 15420 9914 10542 19539 16365 24604 13207 21008 19697 17698 5372 6081 24402 20370 29216
14043 15315 16475 12862 25552 3279 12212 24007 8459 17324 14357 21139 8317 15408 13224 31368 19516 12866 20298 21918 10437 15561 23484 15144 10888 29185
8399 17010 22704 13718 17808 1325 7809 29065 9488 28591 23873 10995 5338 13938 14480 14414 12610 16181 17918 23665 6169 11529 12210 19770 13598 18793
11254 18911 22942 15304 16079 25333 11064 21314 14164 28240 22422 10549 12412 9492 18692 10543 17803 16872 12331 16528 8662 11921 8367 19619 11508 20283
13949 20000 19720 19459 23939 6503 14205 13871 4752 12994 15961 16336 4990 10503 16976 13591 16145 16080 16845 25885 9318 7707 0 18488 21358 22731
12360 13796 11436 9712 24881 22481 6815 33331 9371 14161 19803 22381 14336 9608 13037 14976 18283 16945 14396 10648 21029 19877 10041 22874 18203 18222
10574 21531 28418 12062 16425 24658 7865 20194 8754 18271 19703 5020 16485 7755 14915 14887 18870 13913 16065 14620 13209 14421 0 22541 8712 18079
8549 26965 15739 22872 20121 20658 19851 18862 10421 10969 27074 10864 12202 8296 18024 7921 18670 16464 21779 21993 4990 14933 13998 26241 16969 21588
13775 21941 33434 14459 19230 22062 9922 30254 8332 23411 16296 20198 8527 19893 17129 5304 31494 18113 15618 13431 8058 8148 16793 14566 19142 16746
9548 13115 29931 15864 16441 16737 11835 22976 12585 14800 21493 15382 4902 12509 14273 21342 16154 17374 9074 6316 7737 13850 20873 19171 24058 15649
1829 14433 25892 13452 7236 0 5712 31962 11801 19377 16800 28773 5661 16390 16644 31988 18747 15733 17256 19184 4541 13264 11391 17809 18993 22898
6766 12710 18094 9609 7676 16449 21291 26483 7211 12191 15543 19341 5031 10134 21224 12628 21841 11618 19927 11559 0 8053 22413 18336 18390 19156
13997 14671 34045 2556 20483 15585 16740 24909 10681 21305 26737 18179 7827 20373 15197 9495 24305 12162 7203 15455 7024 14481 14608 19887 10310 14744
19639 19419 19787 16440 11724 15922 12381 32659 4458 29802 17931 25701 10991 9015 13067 13217 15167 11053 19211 24682 20424 9147 3167 17276 15731 14263
16308 17022 5587 10576 12697 15428 5813 24292 12811 18132 21819 16538 8462 15199 15683 12347 22439 17903 16080 25431 7616 16196 17293 19064 17492 13297
14599 26099 10536 12954 11259 27174 17516 11221 8421 29047 16481 17817 20119 20611 13813 23551 8361 15814 18958 24871 12521 11753 20687 18744 7978 17828
10230 13526 9538 6256 19061 17743 17410 22182 11779 12872 19786 10822 17332 19218 11315 21675 19411 13707 11381 19120 13519 10481 21903 17399 2637 14300
9487 9895 21333 12038 15845 6508 6502 26900 10055 25947 20781 15622 14744 19665 19302 3598 20615 7621 20937 29991 14481 15736 2621 18363 11420 18653
11005 11625 17172 17217 20065 19585 4977 13029 9132 16289 11364 30824 11555 15858 14867 11230 14759 15555 20514 20397 18383 12522 18117 13878 11964 24245
14981 16879 25225 10506 20754 16950 14931 22276 4596 23523 29258 1859 7753 16368 12481 30496 23988 12518 21407 18300 15208 10049 10790 22914 7333 29056
12765 20592 20697 16558 23693 17494 3713 30163 14941 19216 21357 24023 6576 7313 13027 14831 20096 16405 15731 14177 1049 9561 5202 14872 12216 18532
8821 15433 16966 23778 9339 4879 21426 12367 7198 23063 16483 13986 11152 12070 16519 20836 14032 14188 14867 10327 16572 5990 13344 17266 17954 14702
12674 16112 23255 2082 10499 10017 10057 14744 5180 9286 16897 17708 1544 17543 9723 17638 26007 17539 16509 10512 5798 8855 13037 17037 20644 21243
12856 17235 32928 5096 14279 7114 9475 14608 4496 6889 13730 24140 6399 12346 15691 38587 21298 16686 22150 8008 7042 14828 14041 25026 9172 20224
16356 16349 9466 11613 8820 20085 7712 11282 8197 14503 25598 16997 11804 2962 17589 23241 17774 20069 11927 17715 17704 13850 19182 22216 16148 9114
20876 18304 15083 10185 21855 7606 2984 28029 825 27027 21176 20343 12029 12722 15610 30755 27093 15327 17929 5594 1395 10938 9017 12182 13144 23259
13406 16622 18955 25483 16020 11689 4669 31198 13188 21136 9667 22581 11008 0 17445 20109 11409 16815 11717 14815 2189 10189 15162 11615 10898 6872
11906 16575 25577 3118 16944 27143 19089 15225 11708 10921 17826 18764 7276 13518 11251 20878 20673 17836 10479 16980 8880 11263 4968 22092 22424 24829
16820 10876 10755 15176 20663 11194 10792 22882 11761 16189 17921 24000 8136 17020 12364 17474 29484 14726 8542 16817 21763 9508 10599 14762 17843 18988
9340 11218 13929 19582 19663 25279 11364 13325 9334 27092 17649 20578 4054 6193 13597 17498 23193 10752 15651 14746 16039 14689 13053 23789 17646 17518
7078 16065 23920 6021 22348 14055 9271 20518 7353 11585 15979 21229 12008 15349 15159 20704 17372 15657 20039 17413 17357 18758 9386 21400 7211 10818
14734 15369 22756 13295 15296 25777 14373 11425 8674 17037 19410 17658 9198 4310 16765 11769 21531 13624 7027 13872 7664 14052 20955 17705 23518 18381
10249 12505 26439 12531 13648 26852 11196 21554 640 18822 20745 25271 9982 14101 15279 12086 16795 21194 17210 17901 19210 14041 18865 12062 10966 14908
8995 13019 19419 2208 20098 17419 19557 27077 8599 13496 18251 13214 10116 17217 14607 31112 31344 17514 9454 14121 5910 11295 6079 15490 20917 20949
7724 21997 23787 2937 23747 27352 13835 26611 9431 21057 24168 10864 14290 24232 15334 19926 26538 15710 14046 17999 20611 11364 27841 17965 12319 17601
11830 14988 28456 3191 28743 5019 20347 10995 4208 24457 18850 11751 14933 13508 14779 13012 20639 13792 14524 16330 2035 12996 6143 16282 15192 24002
12066 9621 24884 14646 11593 11091 19979 21838 15560 20976 22182 18612 4854 17242 16103 28039 19402 12637 18364 11047 17419 8847 13005 17154 20617 14600
13824 3825 37495 11097 18021 21399 11402 24799 6730 22099 16509 9404 17441 10313 14289 23726 20548 12477 14013 25300 2919 17939 11103 17740 25018 16499
5451 14226 10039 15143 18807 5641 21048 0 11456 14402 22358 23928 6458 10259 16147 19990 27689 15935 17417 15370 3797 7153 16268 19092 7107 8111
20271 20767 14850 8992 22751 11019 7172 16499 12233 18099 10409 31344 7704 20415 17582 8531 21656 8730 20448 14727 17291 14110 6230 22645 11119 20385
15071 16350 21155 16397 20251 0 15746 17188 11009 21752 15198 20831 11053 19314 15321 17903 16690 9942 15502 20201 6087 9878 0 17225 9784 6813
13804 13163 25351 9989 23568 19139 16602 9018 13535 27346 10411 24479 9589 18516 16795 11168 19784 12632 15022 15158 11769 13431 13774 21545 12106 13933
17440 12912 21826 8857 9780 11686 13505 6585 7942 14963 17819 2322 18694 9605 16760 6307 10991 16935 19172 18941 5227 15725 12816 26908 6677 9360
12715 12901 22961 4190 11681 14286 10730 16599 8658 17165 11033 17865 6256 5743 15883 67 17942 16023 8485 9485 6630 15636 2626 9124 20317 8649
8392 17237 17013 21076 15080 10637 15265 23560 9260 14339 27301 17808 8341 15017 12388 4035 6345 17335 16106 18256 18185 14294 14111 22673 15098 17446
4691 15816 20253 15009 17003 18693 16581 6256 11644 13809 11693 15779 13524 19864 15295 19663 23266 19736 19446 5778 7406 16074 8372 24065 8245 14217
5605 19724 8960 0 27452 13147 13742 22863 7001 14335 22666 16549 13237 13353 17182 23661 19112 16034 14933 24161 4089 11914 15137 20334 9439 20034
11625 16990 18271 18647 13486 16252 21455 26673 18997 25305 24066 19379 6914 17481 16541 21175 15990 17567 26261 17046 22934 9522 16454 15535 9329 25668
12823 6712 28037 13246 11881 10181 14244 18334 4807 25461 16934 12090 15123 7685 17721 29745 23993 15690 13720 25025 11582 8848 9912 21546 15416 17223
12677 20677 16808 7432 26777 21515 10699 10498 9838 24661 28629 19684 17579 16500 15417 15739 16002 16328 20693 13385 14800 11126 8472 19880 21416 24146
14781 16250 14805 15159 11341 22112 16184 14757 15186 16191 20340 11791 10715 12092 17747 26729 15669 14582 24336 34365 8808 17274 11272 24270 15082 13064
18403 18131 13884 20757 25813 22490 11426 11575 9645 7277 17699 5498 12576 12161 19063 17476 18294 14028 20482 17043 0 9200 23717 12450 9634 15958
21982 17139 24171 15062 12398 14408 16231 9838 13354 20283 21464 25495 15727 15561 12534 10003 27308 20807 16643 19951 10396 14998 17850 26701 11701 12012
10527 13581 16851 4677 14904 18483 17226 18336 12489 13383 23983 17671 10718 22087 13893 16070 11323 16264 13789 22118 14510 11773 12273 20577 16371 28463
8446 18992 9203 15146 29450 20589 16754 15304 9151 17844 14814 12150 11469 8772 15389 8436 25576 15683 5052 12065 1167 7765 19627 19541 12412 14028
13773 22872 15195 909 17341 10697 15523 1887 12085 17726 21034 14577 14009 18074 16687 9960 23712 15204 25451 25761 24454 15128 14513 24386 8794 21048
11870 10271 22133 13042 21119 13709 22415 38154 4204 20379 17049 18435 17029 12871 13745 28037 16498 11314 14479 16910 16829 15935 20887 30616 17025 22373
18026 13141 5382 17518 23332 19078 10552 15967 10185 9874 15395 20404 11356 21227 16342 15351 18703 14875 18113 21521 0 12714 12204 26405 16600 19778
1710 13634 18574 13861 10934 8892 18139 21009 8726 19414 18503 17892 11528 14151 13634 30244 24298 9403 20211 20769 8494 11399 22070 22821 16276 12099
6177 11358 12772 9097 13243 20708 13938 25685 12434 16857 29154 15160 9522 21191 17191 18670 19250 14965 7556 24109 11454 13319 2809 14435 9788 20940
14386 13541 35685 18490 16455 23341 7583 6796 3298 7006 19386 10545 14722 16093 14304 21828 19104 13575 14771 26371 6456 11626 11314 20393 12245 22329
14779 14742 13638 9301 20893 29946 11841 19884 11585 15992 20900 11258 2472 15649 14739 18439 23819 15880 13752 16992 6497 15939 17648 12891 10753 15272
13059 13465 19906 2290 13711 24875 20527 4312 15691 25164 13213 12718 15010 4080 18332 24270 31504 21874 19375 10934 23097 11084 25245 16559 18828 20948
17485 10189 22160 5261 21280 14260 16205 21699 15577 21497 19543 20049 3683 19656 17509 19826 14258 15989 13756 16712 21734 13116 15600 16944 15466 17352
10534 14957 16142 6556 15620 15518 15200 10450 13501 20809 18094 24285 14264 15620 12523 17316 9324 6941 18918 15899 1806 15697 23577 21863 11122 22602
14842 19738 7159 8756 24786 22860 9149 4231 11641 20037 17639 25780 12056 9069 16319 13768 13288 16012 20178 24865 7184 15040 12653 21742 14917 20801
11604 9903 22327 5553 20309 24387 13459 25712 13965 16487 29192 29227 13679 10055 17857 11943 26960 11739 26438 5005 12155 10722 13427 11472 10683 8440
10963 11510 26651 10204 8863 22677 1326 28059 15406 15689 23321 26107 13267 16319 12606 18140 20563 13852 6669 21368 9998 12825 0 19092 18324 24111
8638 15938 21178 10009 12028 16977 9624 22243 17802 26209 24177 19880 6119 11171 16637 25425 20104 13847 24335 18974 5127 8778 12618 16980 12152 25794
8206 12379 17788 8355 27072 14375 12934 15298 7602 13050 19125 12943 17736 17184 16511 19171 21606 18184 23058 19992 11550 13524 12222 12687 14690 10330
10461 17507 24187 9476 12196 24135 13660 8135 13235 16537 18027 1721 9094 9668 20770 28598 18428 15345 21271 20096 24568 12638 12513 21459 20832 12688
11082 19242 10095 16499 11616 7467 13849 2784 10252 15479 15481 14437 7786 17923 11825 30995 27098 17998 11509 16106 4385 15190 18702 13047 15092 16323
14180 9454 24868 18127 17909 4378 13882 9949 9573 19074 19412 31318 10332 17743 16035 16095 25554 15184 20615 13818 15726 18021 7169 18624 14730 12199
10709 14845 18251 6474 9539 6244 19383 21510 14735 21652 19724 13441 4070 16633 14255 13825 17103 16508 20025 18298 5255 9423 10206 13691 21022 8812
8853 10816 16210 25309 19797 8382 3831 32096 11228 15396 28439 25496 24124 7735 14713 13898 14297 18535 18004 12537 23077 8234 12945 28475 19891 16875
10279 11734 33098 11824 13339 18078 12828 12013 11907 14111 16850 31393 10958 8140 14101 34208 27777 12456 19235 17524 4271 11233 13082 26807 14040 17894
12635 16670 20457 12735 15218 19626 17687 12188 15227 12200 15973 18371 8224 4565 17192 20289 22577 16489 14698 17327 15094 12984 6303 23661 7820 20283
8649 17927 17951 22229 12469 33521 16313 17990 15929 20964 16384 3227 7900 4365 18272 16527 27068 12911 19618 12422 8809 9067 6716 22113 10632 16721
13340 17530 13294 7601 26327 17938 9626 25300 12753 0 25128 19675 3989 12833 17518 23824 13542 14758 12362 8267 12428 11527 15162 19981 16771 21600
12599 13995 23505 828 23515 6970 16925 17653 7202 16038 31531 12890 14680 16543 16122 9679 22235 13940 14184 19151 11703 16009 13811 21831 13889 11476
15938 14757 30991 23505 11363 3949 12453 11742 12571 11084 16712 15384 8301 20014 14239 22288 21515 19277 21971 21679 6588 13889 1028 16925 25223 23150
13725 18024 23635 10229 17794 13087 11582 14117 10195 19275 14902 15765 7981 7689 15222 11797 22123 20924 18338 20678 7010 17504 8142 15528 16432 9939
7972 15830 30875 4208 23080 12084 17287 29588 8742 22335 21163 17474 13079 19829 17765 4565 15398 11985 16077 24477 4156 8914 22109 21393 11493 10854
7643 18426 24974 11088 15948 16167 10782 24520 13632 19593 20877 19162 6549 6261 11773 14156 12179 17653 16025 23480 14243 16102 17909 19955 14790 6906
14977 10259 25774 14434 20389 14243 11113 34911 8016 23343 16303 3512 10096 3161 13597 8245 22142 12300 11951 22984 22408 14321 10910 26666 23425 22746
7270 9407 26435 15980 15935 15749 20539 8775 11288 25706 19947 13807 11759 6211 16840 19497 29498 11499 19447 19910 13288 11190 21309 16045 11698 12888
9579 15621 19495 11325 25066 7880 13528 23252 11990 22406 16629 18729 4050 23258 18730 15368 20433 14208 18782 9606 14645 14775 5210 24800 21828 20107
18498 15104 5971 11256 13252 3286 10621 22338 6491 12231 18047 8698 13001 11050 19156 10137 12601 10426 21521 18137 9998 12157 12435 26553 7179 19464
8910 16748 6376 13129 23887 18973 7239 27436 11581 20631 11834 24791 16222 8538 17289 5776 19051 13794 9313 25160 14220 8466 14913 19293 18544 22912
13999 15760 17684 6531 16566 9247 12417 15372 10458 27743 21136 22007 13099 23510 14481 19301 13451 13075 15785 16476 8702 11475 29227 19260 17340 17466
6707 15183 19932 11569 16153 11572 14281 17578 5352 13666 17854 12093 5761 23704 13385 21052 15714 14155 22919 13575 7239 14587 15568 14398 19127 24396
8804 19056 15946 8829 25034 1059 3915 19694 13815 8737 18644 14241 8830 16164 15930 11250 15487 14486 24304 19413 21201 12163 6203 22929 14904 13603
18367 10741 24642 15854 22512 1184 13197 26859 13967 14153 20037 4547 15190 12731 9823 13903 23259 15414 15992 27363 4652 13409 1341 17014 11007 12114
9715 16167 15426 994 8463 19091 15364 26251 7690 21298 28589 13260 19326 18423 19792 32196 25558 9922 15082 27701 11787 23521 15584 17926 9109 21067
8946 25769 14765 10158 16127 16765 16761 13043 5648 32445 24940 19886 11548 12050 15618 30524 22139 11398 23529 11886 18743 14239 5168 19371 17259 18080
15833 21336 15294 19284 18296 18145 17773 19929 13177 33883 23038 28127 13043 12563 14823 28453 19379 14057 17565 14931 11020 12401 10598 17719 11742 21157
12630 17082 12514 17701 15112 17485 9824 20241 15973 16145 24311 11212 6104 12532 14357 29638 17315 20665 13882 18975 20890 10425 15028 17000 6051 10977
9564 13816 17107 6442 21199 29744 13196 20547 15121 20687 20666 22269 8258 23518 17863 10999 27801 15191 12955 25099 10517 17156 0 18151 14996 9434
12404 10530 26372 13171 20636 14558 10401 18825 8750 12493 16569 15081 5782 18692 16291 25758 19561 14920 8682 13608 9642 14527 21718 25039 9812 29587
16688 13784 9405 21432 19143 10582 9260 20175 13196 22186 17512 12961 13189 11430 15662 28127 15225 13680 18635 10486 4617 12698 8785 19972 12038 19780
10997 17168 12030 2301 15981 16131 16868 17438 12793 18812 17438 27194 10504 15173 14889 25237 14385 15154 19334 21645 22471 11103 4220 22543 18207 8417
12638 14563 21219 10169 10035 29565 14587 8480 12447 19234 26658 19217 8824 9979 15930 16243 15657 15789 15548 12005 654 12682 15553 25190 16812 15604
9466 19655 4709 15310 29018 9099 10650 7335 7805 14281 18972 17095 15592 13201 10137 30236 12166 13456 14364 14755 18240 13123 19391 11180 11234 14387
17645 16597 39391 13647 13752 12937 7792 12588 9929 10987 20963 16633 6411 15126 17260 12099 22358 15914 17735 23935 13688 17198 14355 19094 8428 13885
10123 23751 26549 0 15188 14613 9832 15296 3995 9150 21714 19813 16422 17049 10915 28599 23116 16391 18133 23042 5014 2511 9642 19015 2059 16324
9431 20838 14377 15191 16112 18944 18051 30001 10123 20757 18182 19815 16400 7104 17678 6125 27131 14353 19635 21825 643 15089 18671 18517 19158 32194
15244 15281 30651 16732 15016 19134 8598 12466 5783 19866 13622 18395 0 9679 15517 21605 10907 16163 16120 16121 18416 12158 10512 23433 8402 21242
12095 13455 12412 14831 15908 18474 13936 6391 12771 10412 18974 16738 17752 16557 12447 18767 14922 17338 17699 17738 15265 14501 9822 16641 21165 17666
12459 12525 13545 13213 16866 12687 15248 12044 11472 17591 23316 7432 13990 5923 13660 23392 25738 15206 25965 14559 8941 15012 17884 19789 460 18306
9277 16942 17444 17226 21008 20742 7671 26120 12474 7503 20026 10418 14751 8695 16169 25137 27043 10147 10612 24560 10239 16958 6118 17395 11661 4908
12357 16239 17546 6711 16270 9297 16317 10347 6385 23267 15823 22380 7668 10676 12104 11830 14173 14107 19762 9786 12209 11445 7217 16906 11789 9403
12579 14174 11475 9191 16683 13110 183 22974 9708 13309 24010 12432 10537 17856 14071 18421 30471 13666 16980 8608 1489 11793 6786 14875 19153 11983
18998 15396 27280 8557 14711 29877 17683 17823 14887 20585 23280 9238 19248 8814 12743 17733 14387 14894 24836 13084 17725 5724 11159 20758 9219 22084
9494 16536 30049 6528 17226 35163 13156 18026 15687 32130 24041 2856 16503 10283 15086 24343 23396 19690 18185 14911 4418 9853 14226 21999 15539 15685
5285 12129 27266 9720 27423 12546 8894 19701 16399 4657 19805 10060 8498 12827 16093 18263 21633 15800 20032 15038 13098 12060 14023 22312 13053 13926
11983 14117 20087 8907 22036 7949 10583 6296 4818 25154 14150 16734 9981 15498 11214 13836 10817 13435 17138 17553 5907 13825 17770 19613 14637 8933
14162 9493 19956 1774 20357 1274 14136 10769 4923 5309 28585 16907 0 18622 18882 8069 17643 14589 20251 15997 0 18708 7331 21988 20463 9945
13913 9841 29608 18862 15507 26642 21695 7125 15304 27056 12815 21357 14876 11877 16108 20432 21741 13142 12831 21170 11802 16028 17768 17567 13585 32495
9145 19873 19344 24122 11387 25526 26798 9790 13403 10840 22117 17691 9421 17752 15940 3876 22520 19282 20887 29520 9064 13214 19719 19126 17662 15010
8754 17479 21466 13375 28797 17436 8898 11012 12162 13013 12735 2757 7273 18277 16629 4899 24228 12167 17566 15776 13894 9539 10035 15665 5880 4952
18021 17496 10643 4485 19314 0 12082 19573 7256 33282 23297 7665 5967 13066 13865 18572 15592 15953 12549 14084 17770 5790 23349 15899 15298 12451
12923 12538 20076 7802 16563 0 14297 15628 7398 19116 13887 18930 10122 9526 17530 15712 25618 15301 12723 27103 14108 12208 21385 13546 12528 16684
5382 7709 17855 14504 17245 16327 21074 12238 11637 15125 18514 19257 12761 14744 16235 13447 6011 10862 9662 28351 16623 10747 4007 16985 12277 20780
6507 11531 18650 825 8965 0 19794 12430 13573 25718 25225 11771 15470 10973 11153 19063 17535 12623 15128 13056 5734 12968 8319 16313 16371 13076
18054 14875 13808 10708 11457 30813 20500 14459 9543 7939 22560 9524 6408 8604 15193 35349 28426 12168 14067 15383 14869 11184 23938 25183 18235 19629
10244 17465 18609 18572 18485 17750 14113 25153 11591 18781 25419 17262 10533 11134 16015 8922 19625 10251 19395 19147 6573 11901 10247 23396 8165 18178
11883 19698 20644 8733 23797 8257 14672 28515 10725 28395 20834 22108 6707 14582 17130 11906 14323 11431 18047 12988 11792 12293 11663 19536 2210 16327
6969 14709 24999 17716 20207 9421 6824 14659 13165 22442 11322 28945 9261 22670 14961 39367 24517 15488 23875 15439 20572 13569 13236 20167 16731 10200
9974 13362 20121 927 8783 5818 19989 26937 10591 20502 15979 21758 12848 13107 16286 26379 18223 18804 21706 21645 7173 12509 16042 19126 12104 27707
8038 20832 20664 0 18631 20807 4500 10421 475 17966 15842 31962 15438 10128 18060 25077 18431 16050 19205 26016 3687 10655 6849 16489 6900 15432
8372 22106 29570 8167 14225 1062 13092 16752 16089 30987 20444 25522 9055 22132 16220 10902 17747 13976 26291 16634 11516 10679 15758 18955 8913 29912
13053 10454 21434 7806 24827 13845 12685 13416 11490 17833 18594 22991 5802 7405 18477 15175 24165 12779 15435 21142 11208 15117 10125 24564 10239 14578
12287 17344 28660 14929 21129 9442 10394 26675 14488 6800 13910 13171 9902 13163 14376 39055 12017 14541 22555 16807 6423 6068 5530 18961 10622 26576
13917 16261 16679 0 33260 15446 11064 5321 12241 15150 18888 20626 11003 15521 17548 23441 17917 15788 15376 10435 12732 15148 11821 26270 9211 9158
11851 8721 24169 14487 25006 27573 20858 15922 10048 27912 20226 25024 16230 15265 13943 4815 24777 16522 19475 19160 21952 10879 10846 19955 19831 22483
12627 15993 30903 10825 22276 10208 22209 25265 10355 17101 15682 15835 5257 4283 19285 30325 15498 15837 15767 23108 18592 13253 2975 14244 5598 24195
8381 13469 27503 4196 23318 0 15263 9722 7966 19839 14361 8859 13319 12200 15435 17701 19668 16481 22119 25015 2090 18390 22613 19977 14656 15807
12823 19212 23433 18130 24589 9326 9709 15236 11123 13950 21620 16946 11975 16806 14838 11045 22255 11914 16248 7150 13762 7069 16153 24167 17390 21862
14205 20385 33512 13564 27283 32309 6814 10283 10767 18934 18585 13864 5531 24859 18704 16438 17635 15732 14351 23085 0 11839 11865 23661 6752 14009
10073 10436 15601 18618 19653 7590 12743 13284 8114 24706 20745 30181 8934 11367 13510 26323 16754 14073 18726 16532 3051 10068 2299 23191 16633 13547
15765 17298 10779 12090 7120 21976 17434 5522 8411 10769 24680 12850 8375 10997 16251 15896 21673 11091 15688 11568 7708 14436 14351 9516 15287 15132
11713 18434 22809 19670 23549 16494 14383 7132 5907 11735 20735 18984 18465 6420 16288 14142 20151 15272 18677 8592 14400 18756 16721 26804 12862 18010
13592 13935 15772 1978 24299 17427 6633 14028 12928 11974 16857 21798 12051 623 11557 19688 25283 15996 21343 22331 11616 12638 7762 21817 19635 20274
14671 15237 13754 12562 14658 27959 13677 18822 14409 16637 16652 15060 4851 18765 14281 31639 26283 14112 15800 16532 17832 14324 15629 16782 18841 8646
14901 14973 22688 7956 11227 21684 11259 22446 10277 11618 18123 19417 13115 11269 17684 14537 20582 13445 12154 14602 7356 10630 13062 18471 18801 20558
11847 17737 24774 12180 19401 32954 10369 7240 9322 19367 24819 6679 8226 14747 15898 24131 1586 13058 9086 19440 198 19606 10525 25431 24830 8228
14734 20343 24556 8319 18993 25741 5353 12951 11918 25557 14296 9609 8170 21087 20983 20797 18751 16164 16126 22647 521 15273 9555 19207 20051 16716
5222 15174 20418 18912 20021 14999 9166 9711 22293 16422 12343 27793 6511 16948 15845 10894 10403 10424 17255 7624 1505 13613 4016 24047 20311 23754
23692 9582 30567 13678 18337 21088 19197 14495 7714 20563 20311 17045 2535 12605 18783 22000 24875 16178 23220 19413 9107 11174 20843 18001 16030 22122
14821 15657 15475 3726 26664 20679 27824 4582 9702 20282 21695 3673 10600 14174 14757 26477 18387 13436 15966 19858 4832 13516 11779 18868 18279 9495
8908 8552 22164 9724 25113 0 11709 10336 9392 14730 10013 13794 10807 26654 13824 16927 12683 13130 15515 12675 10412 10960 19609 19203 14377 26039
15469 19445 23814 8112 8158 15791 16323 22198 5319 16053 10084 24463 9255 4187 14459 16145 21370 12745 15107 20642 14017 7956 12517 21877 19889 13772
8853 7970 0 14574 16653 28555 27522 20566 14859 25891 25525 22425 5989 12927 13805 29748 14071 10825 15394 10903 12222 11208 8135 19343 15519 13118
12965 14033 21118 7013 27269 21596 15437 14918 13253 17566 22112 11553 6240 8625 13305 6812 15436 10410 6240 19108 13830 11706 12808 20042 23924 23762
8256 16991 25052 19641 10371 19478 8579 21237 2606 25936 11934 20996 13943 19445 10947 12410 22526 13028 9363 17890 15783 13348 8344 26386 17090 12977
16045 16563 14581 7976 11818 11996 4071 19404 8200 19789 15952 11327 14362 14813 15684 27192 21906 14847 16772 14023 8135 17557 11503 23156 14277 14015
10733 11838 23733 3590 15208 38431 8405 21398 4901 25840 21379 629 7905 13201 21664 22368 22422 14721 15718 14185 22766 10955 5522 18367 11689 14163
13072 14743 16257 11441 12500 10114 23950 21003 9156 16996 19836 24107 16175 11361 16151 19744 23139 16371 22329 20984 8845 14411 6897 21960 11591 27260
12628 19474 18993 8568 23284 9854 14137 22993 12894 16806 15333 19928 9855 8447 16170 26980 7720 14528 17402 23193 13908 9778 19557 21968 27812 14163
3644 14434 23509 24830 18752 3463 4580 25851 10269 13927 21005 5362 12740 16444 15948 17692 24402 15588 12380 23667 10580 13406 18155 16081 15895 11931
15299 19043 46609 8043 23409 0 8721 10567 8339 16059 20610 16270 12671 18231 18848 16248 9829 15604 18338 21623 6479 11595 3209 22591 15003 27708
3612 15622 14107 11598 30103 22302 1191 11995 10183 13828 16336 20647 9126 10986 15337 9526 19243 15712 13422 15257 9002 11409 9968 14977 22230 11678
10170 17561 18641 8312 12286 15567 17165 16233 4608 11547 15959 14171 2904 5361 18207 27082 18043 12451 12856 21755 1488 14123 11745 13773 16120 13529
16018 6006 31697 12782 17307 16875 18839 26015 15256 16691 11038 7118 8774 8771 18018 11019 18504 11583 22201 18995 8482 7742 8062 20595 2344 20611
7771 20284 12413 5846 24529 26824 15335 26812 6801 11754 24923 27543 10547 10452 16981 5777 14146 9167 14762 15967 250 13271 12575 22263 15768 15087
16284 21227 30304 15194 13517 17717 10924 19980 13882 14955 18143 25794 10700 14833 13127 17448 9050 16005 20600 4736 7189 9444 21153 18776 16579 9362
4974 16342 24308 19566 18317 11365 15378 6029 10545 13685 15259 15288 12688 16458 17909 16456 27563 13022 11954 7247 6096 15557 20757 22066 12831 14859
13628 17873 17443 12725 15780 15739 8181 29887 9455 10340 21403 25485 18417 15140 12661 11116 19301 16165 21166 14309 18670 13119 9410 14444 10035 18395
13022 13815 10247 11702 21201 25128 9556 30664 11590 11402 23231 16427 7511 19922 15418 30512 30115 17099 19304 22431 10747 13175 9943 16968 11386 23464
10101 19688 27134 10783 10994 12044 16388 18618 8244 24675 17030 15004 8897 14232 15818 17704 17686 15665 22277 15423 19438 8751 14024 18763 12284 16602
12004 9899 13778 5322 30269 23656 12149 21038 3404 22833 13583 16082 9458 11256 14621 6324 22483 13032 11793 22918 285 11947 18255 14994 19944 32619
14440 18596 34128 4270 25134 9023 6212 5231 1356 12350 15043 19551 15865 17118 12684 10292 21734 17701 21217 19312 0 11420 18349 17929 13469 15084
14272 19924 25175 15298 12774 22462 12699 25585 15495 0 16948 20480 23576 7118 14218 18850 15770 17342 26879 12763 11536 13599 11127 22128 14476 10365
5446 15376 20316 7396 5800 21946 5645 20393 13527 12741 27404 10103 3840 19538 22242 23734 10685 18662 15765 18483 25051 10114 24647 20249 17167 22803
12155 13963 8145 0 14351 4455 26258 30063 14160 11490 12031 14053 6506 11600 16972 20435 8217 12455 22129 24773 6211 13525 16665 18263 18432 23854
16222 14543 15953 9077 24321 8939 11066 35090 12338 14668 17418 23738 6647 12397 15516 17562 21738 14347 12156 10362 11128 15632 7433 20551 17246 14059
12843 17014 18032 10275 22077 15737 5729 11181 9498 28142 26131 29557 13038 11964 13269 16953 13396 18629 20840 17196 7954 12098 13020 21825 14961 14284
7910 14310 17056 9966 26004 12532 8272 9280 12248 15145 20181 31780 15477 9750 16291 8033 23714 16335 19113 8724 9456 9025 6385 11361 13256 13480
8091 21424 23640 8070 14777 25767 13589 23220 6960 7735 18519 21070 9425 20305 15492 25695 18800 14639 13499 17217 12828 16996 19844 19570 16396 12905
13112 13895 15346 14521 19753 29568 5836 25920 4619 14707 19382 16782 11890 11982 14181 13973 26169 12695 18605 16925 22399 15459 20660 19875 16815 15313
12685 17247 24714 0 18007 21359 3640 16779 16086 25851 20829 27384 15731 13382 20328 9493 17490 17456 15037 6515 2040 12817 19763 15598 5016 14044
10901 13756 20112 12687 16912 13233 4345 25750 11514 14933 22730 22490 1918 12548 19064 10082 5210 17441 13665 5509 25713 14442 7744 27261 17459 19427
7018 14957 17607 8296 16776 18542 20242 16114 16726 17174 16712 14481 9092 9634 19579 26430 13836 16312 21235 28147 20357 14646 13859 12296 18983 14477
15892 18491 14300 18644 13130 20270 4871 12218 10284 10037 17187 21478 1236 25395 16408 26779 20504 12185 14133 22648 402 17424 6484 22712 13165 21133
9368 12762 13267 5607 10598 25023 21546 24437 7069 13622 25876 12568 17119 10898 17950 21461 24495 16299 22843 13424 17499 13247 14340 20199 27750 18189
13041 18714 10960 7848 16539 5776 14250 6649 8079 20872 20358 17009 12855 10527 15357 10164 21440 17178 27233 20014 9380 15477 23699 29095 21190 8989
9183 10291 24694 8223 26291 13063 14415 18508 8879 27734 27668 32693 10073 5108 14987 23402 28408 20805 13614 12346 19449 16077 12877 20516 12446 6932
12605 19122 21542 0 12555 5420 12243 20410 17008 22989 17922 22034 3034 19372 12957 26250 23056 16570 15872 15917 12332 9581 13861 19661 18515 24142
12743 15628 12621 4850 12994 6543 9625 27071 12421 19485 25967 24264 15549 6080 14973 11832 24854 12825 24926 24139 4123 10435 6408 14702 16230 33161
13438 17309 17022 21114 13215 15094 9661 9361 9630 23704 21395 13707 8305 15375 13924 11809 18130 13313 19651 7391 6237 13148 9030 15814 18900 4745
16911 18821 17674 15001 16378 22740 12703 23000 7320 19806 19030 4961 10776 8894 17230 5629 14665 16105 13619 21783 12368 14768 11589 20834 14581 21470
7355 18643 15141 4561 16919 11345 12107 17042 13151 4269 21002 7786 12442 11591 20755 14937 16024 12133 28873 15964 10258 13586 10655 23380 16406 10066
8203 17294 24463 16826 10429 27315 13855 40425 7793 14062 19759 22925 1471 7962 11210 15358 24667 12407 20984 16415 7096 9370 18017 18504 24988 18252
11698 14890 30308 6942 16057 16744 14087 4561 11652 15841 18324 24046 7576 16805 16094 6258 14551 15788 10980 16475 8800 11994 505 17619 17525 25291
9127 20945 7723 13742 18020 14054 14435 24820 11871 6343 27184 27572 13423 13673 17093 15165 23323 13031 19741 19553 15859 10163 21368 16350 10933 18665
12527 20594 13362 7706 17246 13381 5343 1184 14240 9099 19440 28547 8967 11063 15920 23342 16538 14351 16696 13188 4254 11525 17139 18163 13246 8267
4595 17829 20548 14680 27567 9546 16457 22275 14296 20283 15107 19956 16301 12095 15606 19521 15825 11845 18412 7099 9533 15620 8153 13885 16629 11914
11729 13430 4799 11788 16962 2809 16893 8675 10512 15936 22914 24482 17238 12103 15323 7477 28077 16931 15602 20964 0 14292 15410 21782 21996 25269
11072 18256 22160 7668 5253 26891 25181 25345 14492 24380 22915 4667 17067 19364 14976 13259 10934 13503 14324 18951 12498 12403 9890 13338 15422 17085
14533 10442 28649 15237 23720 14184 19759 22598 10758 15409 22165 18205 23541 13850 15429 17459 21057 15653 16694 18106 3869 17194 7436 13363 4618 16475
7148 12024 20641 10762 14345 23451 12425 17469 8578 6071 18101 18070 12790 7843 18188 13357 23978 16878 12423 22558 18773 18571 14798 23483 14418 17185
16963 10483 24164 15602 13976 17044 20911 22689 12311 12403 20006 18824 10449 7263 17130 3733 31933 17296 15428 24940 11557 14445 9315 14577 20070 17377
3841 15335 11520 23638 17413 26014 12377 11263 13948 19409 17876 16713 14465 8037 13425 18211 12422 12640 14088 9657 3838 10134 22653 15488 10232 8902
8680 4443 15748 8630 7894 22870 16480 24736 10908 18875 11622 21373 6876 10569 13311 11811 12382 9442 20268 18373 7778 10791 5418 23779 8149 21188
12002 17670 13900 11404 11539 16007 4633 17755 9815 19545 14248 24893 17270 18460 17711 16464 21131 16447 20361 28557 8881 7762 17157 20251 22159 16292
11862 10271 22529 14094 19968 29594 13928 19983 12955 20551 19583 13792 17487 6297 16085 29405 17868 12971 13675 9469 19092 13336 4471 12061 14163 18356
19038 12468 39374 8535 21484 19940 15067 13419 9980 24639 19294 14069 8651 11307 18616 13502 13239 16770 31638 19410 20260 11670 24847 22192 16811 4782
6503 20743 19565 0 23198 170 1306 10720 8791 17420 18987 8727 9265 10120 10265 24724 17880 16636 20545 16943 17277 18288 8264 15029 12605 18604
12116 18782 20075 23098 13124 20039 11198 24849 16906 12404 25927 22281 3089 10798 13756 15862 18986 15164 18071 23328 5159 8450 16113 13804 5156 18110
13864 16262 20961 15164 6183 17877 11322 9512 4580 19596 19116 11287 3262 8292 19492 17849 8903 14196 19387 21734 20587 13185 18416 20598 6818 14012
13927 14401 26953 4739 18961 12134 14373 0 1056 21970 20175 10186 11945 13680 14476 27960 22141 9640 15318 9562 11152 13060 10868 16760 15883 10561
14501 12408 15842 3261 17338 18575 15061 13463 7378 15082 14362 15044 20094 13213 14639 10140 21578 11678 17661 17304 0 14632 17255 24316 7489 20496
20694 10873 22796 9749 18691 23871 18412 18754 12163 7097 21719 24938 5346 4743 17069 23856 16269 15151 8613 21835 630 12859 18774 27697 16169 12597
21093 17265 24318 7643 17363 12812 14539 19580 6405 25953 20605 24933 15344 17556 13641 11554 9558 13981 14051 19767 11351 17221 6375 21367 7810 12563
13254 14281 19095 5734 20471 9657 15220 24732 7049 8418 15117 14829 17528 16370 12369 16201 25112 10194 22565 11627 224 14164 7318 22546 2599 14772
11689 13169 23764 11524 25480 4378 9085 14618 18442 12408 21888 18505 11230 12433 20055 13801 18478 16589 21759 14809 19090 10786 17957 20854 10845 15853
5181 17287 25706 18504 28705 5771 10404 25566 14624 25344 19423 22700 13075 14939 19390 17510 13130 17173 21060 7455 15365 8963 15138 23070 19106 11399
8780 12686 19778 7535 17900 10293 12377 21728 4419 24209 24977 18176 4695 14747 15265 25323 19395 14584 23141 23172 6798 11505 14233 18637 13942 11692
6833 13595 19655 10270 5107 11467 15787 22589 6865 24333 23436 26337 9884 12861 17595 25044 19783 15617 16084 15120 11059 12638 14358 18794 29383 24453
16806 13592 7990 0 20910 12987 0 1762 15749 22818 26042 13747 14631 14674 16539 18144 25035 11140 22361 8444 4668 19867 9319 20176 14570 23031
6420 24480 25974 217 24477 27142 10432 28418 16068 11588 24722 19346 9900 4782 18685 18386 13059 12797 14808 25742 15410 12555 16114 15731 2796 7973
17501 13406 25321 13867 12659 0 16733 11944 5370 24103 19079 13928 0 16870 13100 0 17270 13785 12631 16811 18508 17630 11917 24188 24155 16032
9994 20195 29504 7581 12353 10334 21702 8522 16738 18455 22644 16495 8831 9011 17971 22271 23402 12873 21103 16302 17843 14137 13921 17282 13386 18195
11535 18350 15319 0 20592 16021 21007 20052 16786 17872 11036 24638 13577 11451 17476 23982 19586 13593 17447 14028 11212 9897 19297 17966 23926 22737
4740 15367 15471 5548 9252 6888 15757 15690 6125 7859 11715 34612 9110 13166 17578 25757 13135 16895 19018 18520 5849 15223 7173 26499 8156 9152
16425 20814 16582 7526 15468 24633 17045 26356 11236 24302 27992 13283 6881 9536 15401 21577 20261 15003 22338 17618 0 12574 13214 19987 12750 20073
13330 19164 24088 11713 20167 13767 10551 15008 13849 16742 22994 25359 1214 17366 17741 31598 11849 19187 15861 11631 23671 11017 17324 14808 14090 13714
7126 18459 18249 23788 17246 10015 7162 18516 10489 4943 24557 12606 8531 18861 13977 16066 12843 14918 20229 15763 10381 11150 17537 23534 6589 17844
14166 11199 10245 5829 22407 6073 17713 19989 14246 24449 24145 7319 13361 9212 13842 18188 22797 16275 19165 18357 10094 12837 19855 20040 15762 16112
15167 8788 12001 0 23141 21019 9880 11863 7684 19090 18375 6977 7944 17361 13284 26374 12173 13298 13708 24644 4858 18248 12363 18765 14648 9531
8366 22238 15099 20355 17833 10243 5455 17474 15202 18818 15321 20026 12876 17642 17028 27643 13072 12948 14608 23480 23290 17109 9489 14906 21696 15766
11721 14607 17336 10091 18922 0 13490 721 14185 22607 21398 19536 11046 17801 12435 25124 24220 11496 18113 23445 13027 18885 7500 23050 16496 26870
12376 9909 30466 10567 21445 13860 16305 11455 14511 20643 25382 10453 13347 14670 17461 20814 12049 13666 19100 18713 9294 9368 5378 26719 7760 19273
18490 23281 4894 10970 10838 10692 10500 15147 10521 23764 27638 21424 5863 10104 13192 5231 22926 19436 21017 16828 7904 12826 14388 19126 25351 26506
10786 12330 14211 11776 11647 16206 16494 17465 6674 23455 27015 26759 9262 6897 14100 14348 5317 13761 20229 24833 13017 17930 15855 23371 30699 20078
12015 12000 10298 14520 23938 19912 15353 9803 8604 18368 24284 7441 9227 18710 17498 18506 26742 12718 14404 16756 8146 14563 7860 22930 17339 17781
12014 12219 27220 15519 18148 17716 18977 21512 16192 13738 22910 27852 17130 12095 11183 9766 24451 16574 20139 15840 8871 10503 17875 20935 18220 23667
12062 22257 20759 14156 16622 0 20134 6172 5577 26478 17195 24910 11712 12005 14566 0 8117 11364 27729 7522 19955 17057 8195 18991 15696 15727
12042 19355 12754 8093 18862 12367 18488 14811 10555 13653 22172 1328 2729 12081 16907 17340 26366 17099 14663 9697 13905 12923 15168 16938 14046 23940
10184 16756 11650 1669 7754 17827 25638 31860 22728 28022 16119 28639 13490 12528 13243 20155 23301 16215 19543 34021 6837 12196 4094 24217 18361 23438
13406 19778 2096 14705 8759 19778 8984 13133 7015 20653 14447 21184 7341 16961 18339 21072 27209 9995 18778 24784 1943 9950 13852 21273 14188 7816
8332 12659 18900 5141 7667 12396 13099 12726 10607 8621 13477 21911 9806 23909 15699 21567 21892 13932 11114 22514 24053 2913 16130 22470 9001 12654
16228 15927 30498 18894 24636 10660 14565 7976 8527 20354 19335 12926 17727 12430 13106 5510 28354 12907 13119 20146 3260 9549 13302 23984 15994 19788
8616 15237 21007 0 19611 20604 14084 13327 13244 15616 26297 17353 7370 12757 15658 16769 18968 12352 13515 23689 28971 14462 8148 18721 10920 14200
10078 13100 15178 18933 23027 5103 14300 15668 17769 17300 24369 19150 6976 14985 15980 12320 15007 16020 29583 19617 7720 14884 19899 26516 14633 20067
9191 15590 20425 7867 15534 28055 21280 14476 9671 19170 17468 16696 12400 8576 19381 8367 20662 15903 25790 16337 4602 9737 14634 21057 23246 11684
6961 10666 20690 7632 19176 12142 17464 23185 16380 11311 21470 18046 9162 16999 19423 13532 19766 14721 17297 10815 0 13751 13979 9981 6778 18561
11780 20653 13916 0 22074 16775 9745 33367 13954 9797 18931 17123 23182 13970 17254 0 24552 16925 21973 21228 7830 11756 18816 26073 16745 23587
16838 13718 13934 11612 13888 17944 18888 10477 11128 25286 18030 24415 13162 4377 17332 16013 10363 14434 20934 27264 19938 14515 8453 18107 20499 12436
12597 19406 29285 12370 20676 11313 9120 9800 13338 20379 27413 18063 3923 14932 19036 25656 20172 13889 17401 12441 11145 11218 8399 29400 20294 17939
9157 17746 17423 13007 10532 16554 22538 15859 8879 18005 23064 11941 13133 14411 14463 16145 19226 11045 23214 16635 25023 12667 11324 14842 15630 15641
10640 18287 23193 7316 18023 19665 19926 16115 11369 25752 20274 18311 19721 10816 14740 22716 21781 11785 21180 19431 14395 19798 21302 20693 20175 12230
10734 18762 25345 4256 12071 19813 6467 8864 11412 19112 21197 22240 9860 8270 17531 13185 19853 10396 12063 11151 0 10088 11955 21818 16305 14719
15813 17870 10881 13018 14255 21652 10660 21593 12163 21045 16114 22257 9636 8950 16807 24941 10771 14883 22422 24161 14714 11186 10593 18703 20796 24595
8871 11232 15939 18378 22689 6879 15837 15979 8030 20330 14681 23879 8862 2561 17319 21006 15874 11680 24618 16681 0 11893 16530 17434 6956 27818
1097 17040 4563 3037 27357 22806 11723 20383 12071 9996 20934 14382 10334 10478 18693 20866 20749 12609 8115 19669 11337 11566 13585 15404 21941 23932
4467 11038 19944 6620 20331 20751 12206 23994 9078 22822 18064 16568 18709 8493 17211 25801 13978 11899 21035 21850 19176 17642 3701 12162 12836 16853
13425 13778 8874 1892 19013 18196 16065 35040 12271 23795 11728 13770 9926 6282 11957 15747 17329 15149 19790 15593 9145 13510 11238 16333 11235 15567
10818 19928 17253 22676 21943 17089 8869 13404 6810 16528 23877 13647 7232 5933 17412 13486 25823 15172 16694 15500 7963 10480 18135 18476 5448 15171
8391 10452 15951 16109 22866 32123 19058 27852 10986 19635 20846 11374 21725 14120 14102 3142 12042 16253 18144 19518 25747 12809 12562 19188 8782 25525
14277 17682 20637 11192 21904 25864 11386 34950 6915 22684 20498 30942 7743 18059 15626 13554 15653 12554 21571 9630 14084 14966 19418 21963 19788 13201
11287 12618 15613 9501 16964 11934 3977 16757 14346 25420 26113 25506 10350 11800 18787 18271 13484 17254 12801 12605 13923 14425 20779 18842 8670 12355
16781 22067 10618 7820 25484 3154 11212 18126 6746 14740 24292 8379 12530 10474 13279 10754 24490 15506 20222 20582 14150 11845 8844 17597 8830 18861
4238 18116 30163 0 25142 10012 0 19811 9464 18475 22573 17942 11587 14368 11264 4790 25752 15806 16092 24802 3860 10438 1684 16319 14564 19814
11341 17329 18514 9245 16432 14802 11413 20153 10236 11284 15469 26285 15890 15451 14814 17394 21910 13927 16206 21376 15985 13753 11310 20630 9592 9518
12165 9217 14677 2715 9252 19727 13645 24015 8611 29514 19850 10014 0 6443 16183 21180 22694 17009 20035 17050 11406 11669 12540 24447 16931 17244
10459 12742 16844 19229 7010 11520 16555 11839 6119 14104 15752 9313 7180 11047 12953 24569 25597 16806 19318 19250 5887 8913 10874 23834 13683 11194
16020 15601 12123 8515 16619 24596 13645 23662 8468 31833 22141 15658 10636 20705 22123 24520 16323 16145 15755 14696 29815 10278 7680 22694 18849 14722
9508 15780 15638 9287 21427 19609 20398 15567 7810 24088 19354 26106 11043 16508 15454 11170 12117 14795 14349 9294 7312 9164 11622 20686 14626 17016
16223 12823 10048 9677 22462 19914 8444 8687 9421 16186 21970 20330 13144 12156 12341 28908 24134 14787 20948 12143 7319 15177 12722 22318 7777 20531
10859 14041 20874 7133 5658 22801 8095 18164 12238 13762 26302 27306 10481 19320 16222 14931 20805 13987 20185 18442 25076 7836 20458 16823 14770 24555
13695 13374 11797 14345 24435 21318 21482 22182 11717 15311 20724 20269 14708 15733 12642 9378 14012 7386 18845 21550 13094 9519 3847 27253 6326 12385
11365 12958 17499 13121 14545 11645 9824 18810 15635 17262 20322 0 6704 4956 14847 18509 16146 13264 19332 17680 25702 12940 24366 19154 19451 21358
11260 11316 20218 13881 11699 10595 0 20252 7184 21158 27087 22139 7575 8687 14787 4420 21332 13922 7716 16266 6450 10616 11392 17329 13117 18111
16061 17818 18167 8441 22736 12006 14982 8721 17248 19251 22102 28975 6244 8665 16722 29743 23587 14688 21686 18688 21518 15136 8836 21138 15916 26700
6027 13087 19214 16095 10620 10681 6973 4656 12703 16933 32299 29694 18108 23741 14664 21774 11149 13557 25072 21885 2271 11795 11594 17095 7014 17815
2169 23177 19943 16012 18273 20780 0 22036 9779 19530 23313 28848 18623 11779 11369 24306 17665 11842 17504 10210 2821 12836 24627 15215 24531 12889
8596 18399 17173 7295 21280 19196 11185 22560 8184 10134 25871 26197 16807 12567 15347 17973 26302 13468 11456 18386 4017 16374 15574 7484 10417 14531
7535 15329 17823 14791 14941 26340 15490 17445 15610 13334 16030 20829 11953 12764 19063 16412 19120 15182 14394 19981 14178 18084 9983 16659 10632 23600
13228 13192 20696 11472 16264 12985 13320 25529 6138 26280 20409 9091 9027 9514 15424 18074 18371 13010 8429 9998 9967 21124 14888 18491 5669 13841
15075 16114 29586 27188 17780 16736 14186 26308 10369 25056 24229 5913 9597 15894 16420 9108 18870 15116 8948 25891 8192 14271 14245 15051 7012 21343
18626 14336 22235 11634 21203 8777 27303 21724 11000 30074 18556 24243 17868 12606 19801 14591 24103 17968 17404 29679 12211 13105 7381 25484 15137 23019
15231 11960 19634 3226 10791 14253 23613 21316 7160 4796 13709 15723 21147 14861 20554 32758 19502 15467 24166 22025 14179 7943 8506 23545 14712 16655
10391 15418 21909 22616 26222 20921 9922 9098 10638 13395 18573 5949 11210 17362 16319 24779 14947 15028 19902 27303 15262 12513 11788 24755 16345 23345
13876 16394 28243 7664 28254 7178 16800 21968 2330 19710 12105 10275 5192 11621 11707 17954 21470 13683 19989 16055 27910 9254 5947 13877 17626 20604
14377 19400 15631 6849 19237 10950 7429 17651 3642 20216 22705 8969 4449 16402 14902 26642 18475 14406 21834 23785 9739 15034 11666 22707 15212 22158
17208 10343 26274 12314 21576 14838 11383 28946 1149 12674 15462 23969 15712 17364 14518 11378 25751 14487 17679 14724 7856 10383 20149 16767 17775 16717
19154 11821 10835 10463 24904 19475 9062 23028 7101 14725 29339 25013 12570 12611 12875 21614 22248 14147 16984 33337 14760 14902 3208 18312 17983 14280
12341 13466 22984 16664 10320 29755 5672 19858 9619 25674 21831 26303 10589 9881 18434 4818 17416 12483 25347 26185 17738 8713 8752 21035 18533 17263
13990 13016 11975 4183 17427 26754 11950 14607 1014 25007 17425 20110 7220 3790 14016 10394 15912 16272 10682 6845 12001 20729 18525 20870 11985 19192
10760 13075 15510 9727 25074 0 27323 8523 17096 11282 19048 20042 15268 7890 9335 11428 20693 14218 19231 25594 13574 12879 18550 22724 7149 22430
10893 13785 26099 8989 12875 12603 7702 7056 16507 20172 15611 12949 8555 11694 14909 32245 12571 16864 22984 16997 16078 17524 24032 17854 13043 13080
11010 20359 9604 11876 14270 1210 15147 25109 5583 3282 20424 15250 11700 8828 20275 27114 7748 13876 19941 14732 5709 14519 7738 21798 18745 13520
13777 16617 17119 5855 14391 7611 7266 33963 9656 22281 16806 29443 6636 18479 15929 12355 22229 17271 18292 30835 16826 7990 12658 18627 9083 11227
12884 15206 16946 18170 13089 24797 12809 18111 14231 22927 25455 6259 8938 10260 17604 19377 24389 18489 17708 16282 17693 16729 17608 18513 5936 26626
11353 25097 26185 2390 22084 19241 10758 18658 7231 23778 21747 13296 13109 16657 15524 14040 28571 12090 24507 23569 9164 12689 16644 23396 20863 21612
16538 19178 27729 15952 13859 19508 8599 0 11622 14430 18144 19950 11576 14871 16618 18230 18383 20317 10724 17559 5189 7779 15978 17098 8080 14325
12016 19527 18144 13979 36144 33556 16049 26715 14185 17593 23215 22264 0 13174 13669 14515 25329 17839 18812 19634 18571 18619 11548 19373 15861 17904
12504 15234 23525 19689 20896 3791 12225 25085 7840 9158 19890 25571 5782 14222 17425 31442 24489 13241 15668 17053 21255 17882 16996 14501 22406 8832
11816 12420 18918 8137 4853 13802 20339 6248 9258 8960 16731 8676 17081 11476 16881 15659 14019 12027 23531 13602 24777 15197 4936 17565 20351 17222
9207 17565 32967 674 15209 35935 12323 13169 13110 9088 16302 23923 4164 14166 14652 17420 20975 15508 21817 17175 10094 11328 17816 18581 17928 16631
13243 10521 17256 11894 21335 12394 16904 33722 10986 7391 12522 26670 15959 11860 14212 25477 20549 14995 10672 13792 7890 7733 9639 20312 9457 12374
12260 14603 14486 0 20351 34215 14719 26386 6691 25355 21926 15805 20270 12145 10887 15404 20420 16533 22247 12263 15037 12603 6040 16452 12324 13970
15183 16774 24048 15203 15813 16201 18921 5436 12732 10124 28478 14892 11031 20629 15445 19774 21158 15014 17734 14321 4039 5849 14537 16488 17324 20265
15713 16003 21498 15843 12460 13640 13369 38107 5045 30041 18715 6519 11582 21670 14214 21318 19643 18289 23308 21727 0 14800 13142 15618 22819 13469
17997 12565 30069 11969 22780 16178 7290 16019 12354 9079 16749 20947 14722 11799 15137 11790 18408 15200 22635 8289 24177 6887 11171 18299 15115 18740
13426 10569 24045 14519 16943 21754 9622 24285 7525 13623 23850 21150 9907 8883 11232 43088 18853 15675 18634 29444 7489 14573 12651 14894 18721 10350
11378 11965 30389 4165 23607 19584 8997 14605 8772 18086 14666 19610 12518 2997 14138 14529 23523 10744 23223 9906 11781 16864 12217 14740 16432 18112
8437 12122 28734 10137 11964 7844 10013 21659 5421 29852 19990 24176 12455 6993 13085 8038 11174 17138 23436 11177 7446 11026 2314 24777 1532 15536
14203 22659 9650 13331 11059 6578 18443 11736 9714 10211 20514 21711 13983 10831 19828 15413 11037 14757 12199 20593 6536 17392 14543 23151 19022 17069
17306 17472 13344 16314 13550 21834 5857 12275 11956 23296 17665 8488 3265 7712 18030 22052 24127 14542 14968 11241 12366 12477 21491 18923 18355 27637
8234 9104 9719 9165 20358 18632 14253 12461 6036 7629 21323 19092 17076 6760 11345 19099 19010 14191 11670 10966 10578 8080 24004 19652 12363 12078
10847 13812 18568 12627 16942 7326 14501 22151 6782 8052 20504 19166 9897 13231 13137 23278 12168 15400 22379 19745 9559 12118 8171 24080 14085 19381
5021 10940 5628 14212 24499 24217 17008 8290 7822 31557 16207 9345 21973 13339 14401 36053 18726 14216 16049 18130 8885 17170 7413 16432 9636 20602
11743 17434 13212 13507 9146 16533 16814 0 8542 14830 17235 15390 10500 15824 15606 8424 17934 11653 6499 16620 0 16718 12423 19641 11512 19609
10512 13445 15041 15771 18983 21122 16363 11301 11437 25118 18954 10917 14379 9899 12980 15390 26292 14779 12086 20283 10415 9782 9861 21011 16300 7630
12994 6695 25668 12329 22500 22526 9422 7672 12791 22040 17620 14055 12636 22183 16065 33343 8710 14090 16026 25031 12474 15353 1851 17066 2479 19789
10625 15434 20804 13678 11815 8920 12821 7907 12520 29010 22770 23692 10514 21512 14862 4287 13291 16541 20841 19329 15208 13326 19955 18054 12593 20784
16756 15227 20574 9737 26438 33658 18236 21420 11396 15235 24257 15239 9021 9052 14582 31619 25451 17888 22562 19078 17945 12388 21256 20453 12058 22428
17956 12795 7903 17084 22868 28213 18062 7532 6869 28677 19975 20005 6330 9148 12698 13759 6992 19034 19601 23958 8242 8946 17122 26434 13532 11053
9252 22457 12540 5961 16794 20317 24396 10602 12157 4203 18849 24319 9999 23016 10707 0 18731 15103 22131 25168 8415 9512 12292 21725 24811 20827
10106 14412 26971 1402 16341 13068 9976 19358 10297 13403 27858 23774 8577 23447 14047 28793 23292 12586 12300 21782 12835 13002 12280 17152 12105 12413
13711 13535 25158 8631 26045 12263 15991 16627 9705 17690 21485 8240 5435 15609 17381 17507 25448 17981 23485 24489 9713 13620 18639 19550 0 18804
19433 21723 21701 12483 10676 6987 18048 18090 14346 22850 23959 19936 12785 12844 13747 5790 19551 17100 20797 13297 14353 6685 10465 23242 19896 14329
15101 16035 24147 12294 22461 20747 7915 19771 7092 16751 26126 18555 20994 16022 11839 26014 25376 11518 21549 19478 9867 14402 18404 20315 13349 12290
4909 18626 11374 14760 21166 26910 26847 21121 9079 7580 15276 14037 15316 14363 17262 16576 18582 14681 20619 18981 19792 18304 11157 14340 17176 18588
10949 11736 19640 8607 24599 20153 19239 15669 12133 20909 18372 10903 11863 24435 14848 15550 22901 17381 14946 14005 18967 12520 9821 13241 15171 23586
5339 16310 6641 587 12472 10597 18395 15399 9333 19262 20819 23465 12557 15790 14391 17716 16641 13458 18001 15285 14225 16347 3254 19918 12594 18106
8562 11227 19760 7704 20361 14242 16014 19082 14251 6539 19126 9890 10464 8680 16548 31880 30478 7614 11166 13938 13257 13523 9947 19168 8838 9757
14528 14636 19310 22926 10725 31798 20655 6288 13638 21484 14068 19129 15906 17368 14662 12030 26759 22292 19983 19080 12623 11211 21361 19034 17879 20368
15747 15045 20638 4529 26439 13435 22939 23578 4784 9933 17356 22203 14334 5773 16906 9297 16704 13429 23614 23641 16213 15657 19644 22020 15990 7556
5992 6633 10700 6572 23603 19417 11436 18544 8696 15292 15114 13076 16003 15241 17788 14325 15672 15507 9022 29199 10857 14751 8836 22168 19705 13650
11091 19378 22246 15132 11905 7441 16992 15959 6865 21792 21436 16910 6710 11877 16159 34958 21499 16339 18671 17197 11734 10182 12923 22451 8011 19639
15099 11629 12270 6302 15690 15360 11580 0 11678 12445 30289 16774 2568 0 10952 14921 22279 11657 22506 21997 10671 9670 7514 20086 22979 16205
13200 15049 24083 4616 25196 22337 6670 5029 8122 22827 10297 21478 10632 13997 19258 12486 18058 16519 16773 16815 22728 13448 4066 15215 11596 14742
14890 25801 32398 7363 18427 30360 15883 28381 5546 16233 11351 14903 10025 16557 14394 14969 24905 16450 16644 20687 13316 12503 11541 14346 17395 18266
7809 17198 20570 176 11097 22901 14130 10188 14520 17973 19918 33581 3565 19753 16821 12118 18152 10937 18530 8198 11061 14118 16166 18672 12211 6150
12224 16057 14883 10049 985 17698 6381 20545 16515 19098 16775 19259 19605 14537 16454 8047 27840 12281 26648 11197 12103 11784 5925 20036 11201 17319
10804 18162 19185 8273 27160 16563 7315 25050 9175 19777 11717 16316 3802 8585 15417 12896 19162 12882 15797 17283 8196 12647 18812 24562 8942 11048
16436 18072 22801 6607 19430 16589 5877 38390 6897 28652 23092 21621 9278 20725 16464 21608 17465 9798 22141 22720 14321 15335 4420 16031 13118 23606
10833 8361 17795 12303 26635 7174 14673 16149 7439 8644 19712 19368 12673 8674 17893 12107 20850 16424 12432 22297 0 6543 5294 25018 11601 10598
10839 20851 18211 6449 16021 8711 12224 25043 9904 16051 16285 3784 8911 16804 13568 16634 29061 12919 19601 25321 7212 14464 11252 18829 8427 20063
9876 15714 22155 8432 23911 16374 8181 13783 7295 26162 18590 18104 17088 9522 15335 20549 22838 13665 19328 13476 16183 17451 20860 15579 18141 18709
13755 16092 26158 22107 28626 15395 11668 32164 13058 6159 9321 22842 9087 13483 17076 10851 19836 8858 19249 21014 11799 16905 16084 13461 8506 12528
14568 16100 17703 4113 21660 20648 348 20901 10897 28332 15472 19168 9375 15619 16610 15598 27595 15208 17723 19625 14559 15960 11427 20584 19172 15586
4544 19663 13587 19803 20563 3774 11467 13307 12431 18279 20488 8181 9331 12469 15149 21195 19732 15806 22681 18825 14168 11276 14694 18284 20833 14713
