365
63 39 21 47 88 35 36 56 33 95 76 33 84 54 59 62 95 28 59 35 53 59 15 10 81 52
25178 13830 14453 2353 14742 9954 13036 23244 18644 27205 25667 4426 18871 17335 18717 19491 16297 22504 11794 16263 8168 15479 13607 8933 14550 18311
21074 16380 14127 9004 12890 18077 9430 23538 28009 26504 25117 13839 17711 18222 10204 20191 14904 22442 17872 15173 26242 16233 12773 7687 12306 23422
9863 22506 9305 21259 11842 14919 12083 15082 15231 6849 29159 12442 12395 20031 11145 20636 15319 23161 12686 11478 10340 13549 12992 9073 13972 19910
263 17780 19368 5366 13920 5885 9914 12161 13899 23085 12369 5379 9750 22491 7088 18502 18033 14298 9124 14376 16432 15462 9487 4045 14761 21152
11899 10491 3832 10827 11399 9870 10689 8261 13813 17903 28477 0 11557 23590 11734 25029 17850 22120 10702 18757 11285 24035 7804 16911 12927 14237
13725 17073 9941 22317 11372 12481 5694 13617 13715 15789 17436 10602 12978 18946 5984 23770 22760 18162 22356 15371 9297 20348 11873 16841 16739 21598
17366 17892 14114 29145 13517 14188 5617 18213 12169 9088 33025 9603 14896 27694 6691 21987 20668 25691 17432 10566 14549 15486 16631 9760 12661 17527
25287 18380 16257 9600 11804 11871 13334 15948 9322 19720 13254 20948 14182 20599 12276 17033 14096 11243 7183 11816 19296 17357 17135 20457 11746 26621
21553 20906 31616 19951 11327 19993 9614 21437 33097 17160 30843 7862 10502 20904 19084 20516 19632 13685 15829 16640 18986 11380 10708 14728 12442 18802
10919 17420 29725 17807 9108 2365 9105 17786 0 10580 25972 13100 8848 20451 19495 19916 19044 26654 8811 20276 21408 15407 12693 8308 13208 18377
13986 15536 11346 6001 15887 10669 10595 9875 18891 11926 21957 17424 10495 20773 18463 16823 16361 9031 15835 13361 9673 13180 13451 11092 12180 18792
19169 25209 13569 13251 9347 10935 13522 16860 28202 24492 9462 13244 12979 20719 14109 15587 19525 24741 8343 15954 20662 14301 12501 4226 18930 15646
26196 20473 23854 10374 11813 1121 7313 21832 25409 23750 16324 7496 16060 16783 14099 15337 18022 26451 12924 15055 25227 18152 7824 18477 16994 18957
26660 21127 3780 9430 14004 7279 11551 19815 23961 18714 19207 12350 12829 22334 12864 18289 16702 12414 11328 13549 18176 16593 7925 16741 15749 23155
17931 20009 16030 25504 11717 17585 11044 5923 28223 5573 19275 13045 12734 16225 12481 21282 10128 11218 15141 11460 22853 16190 10767 11018 17268 19179
11638 18048 20234 9278 14864 16110 10961 10055 12259 21312 8122 10718 13341 21514 9531 19363 15439 26650 9475 17770 22930 7295 13079 7203 19339 21217
15451 20114 14911 26575 11434 10444 10518 32464 6712 18284 28693 2817 11667 17454 18148 18986 15768 22356 4600 14786 23724 16209 15209 0 12519 16811
0 15668 637 19226 14568 18640 10058 14516 12107 29540 17921 17658 13758 20209 17149 14899 18561 21024 18676 15068 19625 12056 8346 7836 17497 18341
6533 17731 22946 21281 10926 7849 9200 17075 7315 15281 9197 3901 12031 20120 3251 18557 16982 12189 23755 19134 21572 15785 12309 13757 19574 19971
13320 20805 20157 29129 10559 6763 13353 24326 11802 19479 26637 7688 12083 20361 8857 13803 14426 14481 5226 15774 16159 21284 10125 5428 17192 16729
7195 18837 15414 3318 13580 5638 12621 15867 20124 12130 27711 14496 10607 18275 16150 24275 18587 23355 14981 18592 29805 13402 9556 14826 20720 17979
18355 15280 7354 26370 11632 16515 18572 14021 25579 27578 23654 0 9710 26666 23088 22139 19085 16887 11902 18483 17841 16590 11768 20613 22426 18225
19157 19513 4865 17264 10781 10931 10808 24439 33011 11654 27595 5020 10259 21134 17591 27669 19351 14032 12687 14459 14964 6673 11960 12907 18087 17153
14218 15765 7818 15127 11593 10803 8220 7385 15133 25521 15002 14723 9709 21284 11537 25969 14092 30114 104 16882 18762 9767 11405 19486 17496 14050
5951 17781 15834 21727 11350 15659 12915 13446 18415 7574 14300 14938 8602 17181 15266 16629 17974 23191 13785 13260 18234 11221 11218 13244 8698 21354
17550 14548 9254 17266 9649 8262 12732 15260 5534 9339 17662 3006 12195 19780 14372 17344 17676 22258 10955 15963 8935 15507 10613 9569 21451 12403
0 17561 9319 9864 14588 11202 8451 18155 16142 13536 14786 12844 13128 20025 3691 25062 16867 32207 15848 16566 26693 15412 14456 0 15998 22577
5128 20303 16473 12656 13564 9483 13621 14126 3931 17062 28962 8683 9884 17408 16538 13137 16688 15341 15217 12658 24919 15590 11775 4405 12934 22777
16557 13682 24030 11864 10507 15907 13110 11046 46650 24777 21014 8922 9417 21025 8696 13242 15053 11898 4277 14965 15012 14800 13245 12379 18293 17205
10170 19827 19343 17440 8454 4825 7031 10665 13164 28668 22614 17748 14398 14444 7290 15312 24147 17528 21149 17012 26391 15753 11314 16483 17689 15205
18051 17246 32813 1893 10134 11561 7236 18748 21211 22454 14110 4068 15543 21981 13672 18706 18260 20181 13291 17205 19174 16035 12061 17794 18977 16952
0 16222 28849 21335 16147 15163 9562 10022 7656 16795 20986 10386 11421 24183 6570 18992 15277 8615 14902 16106 16092 11883 9098 22069 13868 17599
19439 11972 12161 13133 16770 12510 9542 7663 35098 7578 15719 7857 15003 18636 3848 11699 17097 15388 20740 16240 11695 19394 11634 12465 15369 13495
14915 17883 17379 11416 10659 16059 13512 4748 33741 7508 8020 17830 12606 22746 14630 15965 19692 18762 3896 14806 16955 12375 10213 14367 18951 22915
9917 22743 19813 12087 12662 9342 9299 5802 35173 9345 6999 6971 13798 25814 7056 23462 17390 16854 21748 18256 20525 14240 11523 1957 20330 23739
8229 19421 7578 19854 9023 11699 12249 18573 13627 28917 18313 6276 14073 17431 2396 11002 14720 17920 13468 14364 14442 12720 16144 9085 15710 22193
20866 21423 4488 4891 10336 8102 16172 10528 20295 6745 14229 1698 12133 14580 9971 18505 21884 18367 23753 18708 19845 12707 12363 0 10748 22617
13589 14787 11265 16282 11785 6701 12652 8912 23485 7084 27766 10211 15142 22863 4145 23024 20753 18432 10691 14317 13381 11334 10373 11956 14415 18982
9899 17014 17234 25375 14063 8409 9957 5078 8594 15132 15241 20519 12534 20680 13555 14726 19573 11095 14047 14665 19198 20501 12987 16489 2458 15916
27229 14958 7134 19439 10117 14713 12106 17141 30896 2499 18523 11960 6789 17987 8433 28323 14561 11605 17687 13812 20528 17853 13246 24380 11980 21030
26179 24822 15065 19214 10234 9411 10757 2193 26804 24512 16611 21309 15412 20415 18495 19025 19650 17683 14463 17433 19749 16201 14832 8350 10579 22955
19378 22065 12776 22686 13886 8926 11135 0 6553 23999 12752 0 14337 17619 960 24843 15649 9109 19992 16307 20272 10976 11773 27546 20980 15472
19578 12307 17763 8353 11531 20829 7527 7146 37251 22030 25322 10192 8899 17414 23656 21909 18926 19750 18229 13103 14844 18790 8129 32714 10782 19807
5302 15412 14589 15121 9884 6828 11053 3684 18739 25038 19398 9993 11556 12730 19659 11757 14402 13623 4010 15415 6777 19630 8002 22750 13916 17478
13087 19781 16063 12827 15818 6839 9952 16921 12708 9120 16944 12380 10522 19117 15997 16295 19765 26702 2405 17555 16582 15234 12393 28473 12038 23239
27961 24272 8263 6192 10020 8309 12290 23963 19859 20870 8411 12114 8935 19915 17043 14425 15777 25588 20983 18976 13636 17122 15328 15391 20514 23289
13495 14998 22832 7816 12809 12853 11410 17424 26062 15181 14999 15354 9724 17927 22308 26071 18716 13552 10133 19942 16910 11282 10851 27855 24285 20957
2966 21567 8670 19827 10205 16127 10847 19583 18989 863 14998 17564 11705 22059 15656 20022 21656 6332 13711 17604 15592 15448 12461 7002 20863 17314
10620 19040 18019 19847 14868 13840 14803 16611 16160 23801 21960 14903 10766 17236 14168 15300 15327 17335 13354 16490 23454 19945 11212 28718 7243 21619
15032 13223 9653 15087 14080 12654 10193 21789 24817 5607 20180 13668 10401 25395 7589 24402 20838 13107 18130 14359 26579 16625 9269 13891 7736 23261
6247 17313 13503 30205 13254 13803 8192 8151 25386 18208 15740 5779 12019 16560 0 17141 18965 25884 159 14772 18588 10580 9454 11546 6485 15886
14054 9723 22226 22569 11717 11804 12859 14479 23462 13901 28038 4994 8417 19712 4417 21494 17681 7441 9782 15229 17825 13214 9626 26457 21408 17377
20337 13601 22650 19068 12267 13435 12257 26812 15581 18544 28645 11477 12806 19790 22648 17337 19587 7508 19897 15803 27425 21346 6959 21858 24824 18059
14832 19549 17504 22031 14731 12141 10888 29972 5136 28250 21863 15509 17049 22744 20624 25600 18272 21323 14454 15556 15169 12843 11432 0 20489 21590
7964 16962 17447 11785 11456 13763 9869 11984 27565 22124 14665 771 8885 16087 16940 12868 17391 10906 5544 13640 15503 15996 11853 17955 12815 25541
4962 20136 19420 23626 17842 13368 14338 15443 20988 24674 32309 16794 12921 19776 8763 23451 19548 17290 11911 15700 20069 16962 8819 10834 16659 25730
17867 24493 19884 21756 12359 6357 6793 20417 22029 18335 25324 13493 9093 19667 13678 20959 20291 25605 10988 14604 15989 10001 12063 9472 18445 17392
21472 11753 16797 20604 9253 13527 11463 16995 23560 9104 19267 17229 10972 15848 7945 16834 17554 25556 16926 17834 13890 15151 10807 22945 22802 19517
11810 14338 9537 24113 12212 14107 13447 14163 25761 21650 14656 17187 13285 17755 13345 19031 18015 15006 11694 18278 3061 15141 11502 17177 8480 16761
17344 16821 8490 21977 15095 13969 13344 9742 29609 18009 18439 10674 8593 21816 11885 22398 22332 26032 8220 19417 18184 19184 10740 19016 5631 20744
26685 21781 11409 21313 13379 7619 10141 21636 27634 3451 13931 13563 10574 26115 20901 17626 15635 14605 13097 16158 15266 10378 7479 13117 18617 23933
8793 22446 25845 18887 15139 7867 13081 10196 18325 14783 17998 4636 16593 17041 9825 26205 18823 8343 10606 20012 21841 27998 11072 18491 20190 21123
14556 23373 23723 9291 11287 10098 11330 18304 15421 21612 14034 6837 12375 23204 14475 13973 17574 12870 15837 15367 19172 14812 11952 8885 20281 17709
9562 14406 18389 20057 9531 13227 11923 9196 17354 16949 29233 9205 15605 13778 7488 15703 17938 12203 15534 18585 14832 14137 9609 17508 18924 18922
18757 21574 8913 22119 15830 7657 11379 25949 10968 26356 28855 17095 9777 22594 14672 23657 15542 28783 14771 12510 14234 16332 13878 12749 8231 22068
4431 18735 14711 15652 9368 13998 8354 22442 21358 21258 19007 9636 13620 14374 12464 17407 12037 20776 21466 14797 18069 17595 10573 12082 12861 18017
13913 13781 15643 20886 14963 10300 6053 4663 22976 23270 23396 7783 8398 20588 20643 21140 19115 18769 10989 18042 10978 20158 11906 13115 9821 18537
29561 13608 22226 15015 17683 15219 11719 18132 29901 18336 22367 10945 17016 17795 9075 13585 19412 17383 16751 14523 17734 10528 12756 11079 20890 19268
19474 18869 23065 10580 13540 12131 10818 11908 19057 8461 18803 12284 13577 17614 5295 12307 18795 22460 15728 10831 20269 10107 15080 17158 13570 23143
16057 16426 4033 28370 12625 15750 8017 15386 22067 34214 12068 4848 16195 20501 17223 13158 17309 13909 18958 16130 20118 17999 14262 22152 15466 18784
21627 22376 14488 21374 10372 13872 10459 14803 27696 18035 10343 8234 9220 22028 8150 21079 17048 31176 11231 14961 15670 12138 15762 1025 18227 26921
18964 14437 15046 20123 10125 7557 13024 23029 26821 20247 21444 9290 15544 25172 13483 26972 21283 21098 14085 17193 11764 7150 13801 403 15396 15628
20077 19595 29452 14284 12039 0 11103 14471 26870 29630 17158 11762 13570 13816 12059 22917 18290 23268 9015 15037 14792 12003 11903 21385 14825 20747
19667 16246 18002 19637 15477 12475 12280 16386 11003 10368 23084 16304 9720 18021 8292 26812 20026 20643 15483 17872 20048 19778 6274 8600 12961 20528
4282 21161 30134 19125 13403 7656 14470 15087 23342 18456 19234 1752 20423 18217 17094 22567 23524 33988 22071 16728 5667 18558 8668 17564 24605 20571
27899 18235 7765 20760 11318 17045 13633 27855 7815 17125 25973 0 10825 17067 14871 24477 17253 14157 8115 11467 15822 15901 11409 19313 6406 17781
16039 12377 18559 9042 13792 7904 8033 25580 21540 12414 30865 13994 10718 20564 10986 20915 15336 22680 24310 15954 19329 13446 8815 16941 15811 21814
19896 15828 21558 14823 10581 18004 10771 9745 22370 19076 22625 14623 13166 20601 11356 21991 17566 30333 13795 12718 19728 18298 13160 16355 15831 19098
16242 19499 7865 9233 13116 16902 9836 8480 27038 21466 19697 13961 13482 16441 759 30650 18934 20154 16572 13813 20568 15108 13830 19115 20481 23798
19389 11980 5839 19694 14255 11305 10352 19524 15943 20162 18117 18104 6734 19067 10672 19751 19280 12438 11829 15953 12397 21383 13071 26822 13457 16050
25314 17960 11125 15839 10106 10716 17722 8339 22471 12568 29524 0 13364 24291 11021 14229 14620 11837 13504 14040 24910 19628 11439 20230 20742 19279
12021 16704 28105 20181 11868 11621 9172 15349 20941 33677 17921 10795 11448 17749 548 16066 14391 13190 19692 12393 14709 15949 13605 11919 20192 16538
2296 15483 2826 15907 10522 9900 10062 7251 24277 21692 17450 4962 14479 29851 15289 23810 16974 8152 5166 12527 21012 14339 7283 25521 24627 18113
10586 12260 24830 19179 9189 6741 9924 15420 18781 21702 14932 18880 13297 20040 9448 16298 14735 26864 2775 14557 20382 20703 13292 17155 13884 20735
24643 20434 13961 31489 13477 9281 12036 17989 37421 25207 16712 12127 13544 16362 8723 25093 14317 23903 7775 16743 11450 21093 12066 15707 20344 19930
3370 14363 18377 20851 9434 7722 9564 0 16691 17868 15822 5004 12605 17515 13442 16776 19149 21319 7477 15797 11384 10409 7888 13451 11656 19589
14501 18355 15646 21685 13361 12473 11425 13314 35117 9842 20561 11747 11071 18322 14720 23504 12827 23257 6236 17756 18275 19491 11662 12928 12508 16406
7556 15030 19383 15085 10253 19719 11411 5041 11505 9107 15564 13885 15175 22480 22124 23901 15686 14379 12757 18211 17717 11542 9393 10218 10840 13231
16706 18624 9720 9935 8943 19438 14615 21345 15845 12951 7709 5410 9820 14648 7815 16383 21351 16780 12118 13698 27190 14282 12927 22717 11077 25409
10970 16874 30755 15081 13382 8822 14576 11171 21621 15102 21468 11084 7511 19875 24583 20262 16182 20701 17749 13775 19757 19332 8885 13157 16740 22071
17792 22772 21640 11497 11724 15585 10506 22075 28367 23573 17640 8614 14424 15695 20161 22404 16631 13688 13395 13854 18918 11351 13542 6159 13530 16855
21331 18602 23090 318 13682 9076 9261 16064 17871 26782 16297 8055 14183 23394 21233 15051 15019 16268 8688 13074 19207 14084 12269 5754 13983 19618
23650 16112 21560 15044 14094 15065 12662 20866 15788 17851 6656 9936 12465 25397 11895 23132 16399 27410 13660 12918 20353 14052 9182 23624 14465 21488
28227 14726 23972 8952 14003 15404 8914 14983 22452 29510 23825 24852 18454 22909 14352 14912 16821 15914 14062 20520 21865 15096 13420 26204 21374 22350
17354 17805 1156 25891 11070 10841 10375 18520 27010 35447 18616 9758 11644 16245 23703 20354 11916 20372 10323 14562 21454 13842 14904 19996 20669 19948
31739 19522 11277 6630 14860 8808 8831 15090 15789 26196 27023 14748 12850 20368 13715 19483 15341 16596 7146 13090 10915 15637 5717 29169 14212 17025
18588 24540 18456 16287 16322 18129 10204 19220 15636 18338 20298 6173 12875 19166 15772 24263 13386 20270 7779 14645 8243 18493 12348 28622 15926 17302
12486 19684 8066 14309 10203 12271 12401 5365 31270 23030 21965 14333 11832 22682 3936 15387 13312 19141 0 15624 16625 5957 15089 23580 18437 23065
17258 10145 23214 19946 14250 14214 11878 15168 29509 14913 22573 14991 16098 20356 18347 10037 17805 17820 0 13210 16376 16459 11005 13717 17669 18702
17443 18441 8441 13061 13002 10976 7041 8392 23421 8770 9939 16011 12442 17711 5443 26659 18379 24783 8142 18455 21254 16671 10616 18206 17473 18751
8821 24357 21854 19716 11161 4754 11088 17645 21613 16266 8093 17177 14026 20798 6305 22569 15320 18405 6064 15751 10847 22219 10114 20058 18608 20337
5295 16030 7307 16023 15103 12119 10076 13323 22227 20172 24047 18546 16499 22851 17459 25663 17395 9603 18726 13397 25583 20505 11274 21895 16262 14420
11289 25814 12608 14167 7760 8187 11625 25418 22460 13932 22033 10686 12933 20455 12447 20059 16807 14877 11871 19116 15872 11529 12286 29512 10472 22496
17499 14521 15646 18070 8440 15503 10628 26773 19173 10127 20180 7922 10860 18897 10221 14742 19533 16687 17933 13596 22205 6554 10678 1280 15464 19760
33322 16344 9895 16277 12900 20180 12046 8994 33282 12209 7155 15790 14533 21621 19770 21145 17415 12817 10702 15312 17396 16095 14083 13462 23312 16771
16848 21258 16342 2402 12467 15938 11032 5219 17051 23056 14695 11074 15555 23388 13030 17748 14021 20398 24867 15166 11640 12709 11536 12168 10221 18553
32995 24643 16539 11240 11629 5215 11619 8763 14234 28583 26614 10494 13826 25565 11436 16688 16234 29899 5145 17268 11127 19274 9482 24464 12402 15697
19229 15304 16657 28861 10078 17789 13574 17032 15873 15707 12707 10101 16241 18498 15099 27346 17364 22892 4637 17023 17925 10492 14209 17569 16356 15991
14137 15440 16373 22300 9472 12443 11659 4415 16073 30255 20728 14418 17035 15517 3341 24663 15281 24366 6284 14566 20920 9159 10905 10101 15454 21511
6992 14278 26052 26675 13060 11358 9734 18433 23241 23134 20875 11803 10552 22632 20634 23910 15794 22860 11372 14693 20650 19001 13551 25666 17853 20171
12338 17526 13219 4955 11511 18589 8760 1524 18903 29117 8944 10199 8529 15580 16898 19856 20011 19483 5621 14001 22675 9032 9173 19288 14388 22168
574 13171 13374 10424 12432 15629 13324 18050 15051 16763 27741 17611 12232 17746 15325 25885 18200 29508 13584 14867 20948 11274 11679 17805 14094 18537
25833 19379 15869 18325 12242 13705 14341 18879 21613 16830 12085 11673 16076 25002 12613 21725 16491 11365 20291 13681 21420 15627 9304 28444 4941 21777
15208 17434 11300 28218 14966 7224 15671 20114 20997 8399 17046 14998 16172 18042 24107 10311 16681 16911 14755 19345 13881 8659 12968 19608 20011 17234
29449 18200 20247 15508 8494 9263 10850 6147 22677 5524 20112 16919 11819 20949 12251 18692 15141 21811 12880 14633 22235 13492 18881 27251 14601 20801
25605 20443 18124 20522 13845 6820 12854 4045 11427 19832 14541 2625 9859 18316 10356 8565 18360 15547 23651 14387 23260 18251 14024 6504 18819 16931
17529 22392 9160 1497 15813 11624 9373 14019 8336 14146 15692 3465 13354 19056 12860 15199 11588 32232 0 16196 19156 13167 13964 28356 13691 19959
13786 18703 12437 21839 11147 17802 11605 16488 26930 10904 12350 2395 12027 20114 11032 19448 23135 24579 15713 14839 14407 16920 10987 24024 16432 19785
26281 20507 8257 13489 14267 9402 12835 14893 39469 13992 24778 6909 15142 8584 13424 23844 18717 20393 8585 12187 16907 14474 12609 11025 19381 21396
27993 21435 20061 11264 15510 15289 11083 14700 23759 19118 12134 8797 16713 17197 15106 16827 16882 16060 12538 16456 10432 18985 13053 17538 17033 16713
6528 23564 3345 15415 8676 2468 9837 9633 23123 34866 13234 9103 8867 15688 14984 18655 16050 24171 14028 15501 15339 13501 14468 31032 13706 17478
9374 10731 15775 23138 10247 11214 9945 20681 35573 17796 17964 17818 12363 16893 11274 19470 18236 8975 5731 13516 12188 8721 13842 13109 19124 17821
9407 13517 5447 25173 11470 5045 8429 6153 16061 17637 20045 8403 9501 21176 3299 19533 18711 18988 3450 13317 23398 10576 7036 21314 15391 25841
25464 20082 7312 13627 11437 12337 13267 8709 23114 11407 18888 4833 9552 12942 10152 25306 18299 26123 7070 15572 25223 16200 9110 15783 18518 22938
12058 18261 5523 18742 9611 14020 15695 8722 21606 5840 23123 15293 14737 19929 12775 16763 18313 8836 14253 15646 14358 19539 12708 17385 19321 17831
24416 23423 18676 9890 13714 6767 10658 12060 20088 32990 15167 16820 14609 24048 6326 7236 18871 6738 16270 14713 15743 9874 13651 24800 23256 15233
14371 16896 17553 20097 11230 26594 10241 10849 1686 25552 28362 8079 11347 20982 22274 24287 19305 19289 10769 18821 14729 19466 8740 7676 15956 19451
17751 14876 25595 9965 8908 16041 14681 6832 27725 18232 17600 14186 15988 15573 20933 21547 21702 19364 12073 15700 18298 15861 11104 21371 10604 25161
26698 21097 17822 14170 12559 21257 9217 0 16180 14048 13470 1750 12606 19878 5960 17827 23818 10943 7233 16371 13907 4310 10288 13452 7551 16723
10485 16888 14288 25344 12823 7205 9831 18976 9173 14207 19306 18213 8891 23869 18260 23934 18872 14706 12998 17421 23038 14537 5937 9625 6784 25837
14764 28723 11698 27077 14621 11086 9586 15915 14438 20156 14855 0 7232 25203 6555 27500 19943 17593 17945 11397 17457 13864 11344 15779 14558 25612
18757 18533 22892 15654 11704 11235 10758 18798 12883 15820 12940 10282 13931 18985 12136 20597 22810 20272 8679 17164 14577 12216 13566 1390 13280 22736
16103 18641 13314 17545 12189 6855 9647 8859 16055 24778 17561 1229 15806 17869 9304 17244 16204 20735 10911 16642 24194 17878 12958 9432 14260 19650
36546 21608 11775 376 12126 0 11931 18157 23594 21933 29091 13761 8336 24568 8340 18409 12471 19330 18775 12562 22205 20151 16364 14223 12898 24011
18982 19114 13440 18957 14042 8785 11259 15493 21364 17554 16066 12707 8793 19200 8222 19492 14891 16813 16371 14087 15942 14835 13063 28860 13202 21248
25357 12490 8789 20266 9821 10637 7445 21512 34343 12461 29346 11432 18061 21439 3066 22074 13415 19432 0 15547 11640 12556 11021 10631 14107 25116
25881 15907 10797 13464 16769 10888 10990 12018 18008 29756 13678 11789 10295 11050 6345 23527 16044 21259 8505 15002 17052 18549 15923 25944 12881 21377
12397 18196 10390 22709 14636 18901 11165 12852 20795 24290 16287 24156 13280 22951 4127 16676 17880 27858 21924 11612 18777 14571 18279 28003 13948 28608
8319 10886 11711 19913 12307 12877 10278 5722 22939 11721 22280 1375 16537 19879 10875 22341 16706 16916 15816 15244 16255 23316 13227 9471 16640 21985
26060 17005 20611 24448 9595 11904 11296 12262 21370 12185 18121 3926 14131 16182 8631 27952 24965 8071 23212 15241 12973 13414 10651 19131 17310 20228
18180 18820 5748 22264 12818 9760 11774 23222 0 21968 6786 14102 8656 14592 19377 20632 16108 21277 20987 12437 21512 16765 11991 8162 5170 20002
11638 16175 13901 18909 10809 16509 11746 5196 20412 26699 11823 10506 14735 21547 12869 24717 13217 17963 8167 17025 12211 25997 9619 20762 17867 19607
15827 22571 16560 13759 9300 11965 10898 6345 32127 14255 19270 5002 16672 16759 6608 24437 16670 19794 11222 14720 15548 10156 15431 17526 25030 17363
17457 24099 32548 29877 12838 12880 9892 6279 22704 19027 18046 8350 12754 16419 18333 18444 18915 16954 21517 12275 19774 20576 10014 25291 15322 13944
11442 25128 17488 13202 13253 19887 13035 5615 16468 34285 13600 10890 13781 17999 4755 32247 21736 8319 12725 14681 12050 21225 9580 17044 19262 21319
17635 14380 11861 7726 12386 2141 11108 7254 14680 26450 25661 6353 10979 16950 19001 21004 17891 20109 1818 12007 15444 15909 12489 17072 16188 20738
20905 17617 21353 18662 12731 15987 12672 13027 16995 22667 17723 14481 4488 24458 3763 14776 14707 25030 9370 14502 17464 17630 15043 11434 25070 17228
14936 14380 21907 17209 11368 15737 11366 6371 12097 9554 21888 19137 14093 21442 8330 19893 17721 22891 2773 19760 24942 18016 8512 0 16624 17140
623 14320 6263 25460 10314 8209 7992 19481 16055 14985 18547 12148 8680 16603 13674 14929 16303 16716 8935 19103 13460 16661 11224 4768 17308 24038
4809 17171 20767 36400 11323 10924 8193 24479 30292 0 13056 16339 9990 15345 15593 17234 18147 14230 11587 16490 17714 14495 9761 20474 18451 18870
13048 19200 10535 16224 10394 13577 12828 13479 34475 22612 10230 12586 11364 20895 9831 24889 17314 24169 13112 11876 18281 15160 15782 16897 22729 24520
22753 12078 15072 22459 11731 14881 12091 7535 15636 15925 14285 9451 10416 25532 6356 15917 17309 27696 8049 15973 5568 14603 8726 12831 19695 18757
9497 17937 18507 15646 11821 11241 16390 16484 12927 25328 23580 15246 18782 18214 9712 21687 17625 29145 4695 17907 9721 10486 11156 12838 21598 21710
11257 10135 22549 13561 9438 12264 12343 18834 11366 26086 26483 5899 11474 13229 18223 24591 14463 8994 21483 12081 9875 16213 11962 13962 13208 23927
14425 20893 13092 4354 14376 12297 13432 10161 24146 13748 13373 632 12931 26293 9839 25467 19065 14654 14535 11877 11599 7436 13656 20169 14311 21030
36915 15730 11549 5805 13056 6016 10724 9616 17909 22643 12133 6590 3555 24132 6822 26627 18421 0 17722 16584 24222 11383 11799 13635 21281 15606
13863 14988 19042 18252 10206 7737 8950 26795 19650 24003 24338 23736 13446 15605 17277 24200 14821 20172 11949 13859 22155 12066 13967 4251 21462 18805
31416 20807 16272 20567 9629 9628 11846 11697 25306 20023 27519 9506 12428 16529 13384 19596 17010 26069 14005 14335 22716 11861 13956 17111 14022 17427
18125 23082 22733 12697 13861 10726 11855 9732 8466 20748 23704 11152 11021 20579 11188 20098 17285 24998 14999 15606 24343 10890 14590 17109 17842 22029
26843 16740 11281 26715 14530 10444 11061 11711 8567 20008 23441 0 9070 20113 11766 26926 20144 25904 13435 16827 4717 19528 11808 19851 15179 15753
11582 20040 27634 10448 9285 12486 10944 16569 16072 26698 23940 13939 17109 23702 16171 15717 12492 24126 21804 17700 12247 14517 6555 26025 21286 18684
1295 19315 19251 7705 14355 19812 12596 22397 12956 20118 10074 9915 10462 19383 8869 16088 14309 26352 8623 15823 20648 18441 9204 21365 11795 20479
14379 17283 21289 18386 11391 10664 13347 10855 18350 11224 20177 0 10115 16643 4829 16543 18571 14564 7118 10743 21132 14052 11470 2759 16086 19275
6893 13696 5916 12816 16096 6258 13976 16214 19663 10308 11238 14256 9162 19791 19326 21007 15551 19297 0 11787 25204 12615 8578 3445 11536 14125
10764 11573 7347 0 12091 6254 6368 19946 24205 28580 14787 7397 16453 23506 7185 13553 23871 22219 15219 12177 16202 13354 11028 21837 19898 20058
25909 19894 14417 13076 14422 12240 11647 26003 17645 6037 16135 13156 8235 15471 11655 25020 18707 16653 2205 14026 16704 17322 9613 22730 13583 16331
16543 17225 14914 15063 14504 11487 11455 18093 30423 19055 18362 8426 10380 17160 16124 21906 15677 10309 12311 19312 5707 8586 14674 23709 14313 14276
32368 16987 10116 14232 13104 13522 15310 13619 21924 17249 15373 6217 12817 18677 14453 16668 11043 23497 16843 17685 19635 18188 11399 20212 9686 21672
5554 16934 4778 18370 11714 7310 12110 16010 11400 22712 20114 15116 17138 16284 15240 19067 15966 6064 12255 17456 12884 25162 11202 5488 14527 17821
19573 24181 19127 13725 11941 5982 11205 14280 11393 7456 24284 4027 15879 20238 4977 24277 21311 16553 14002 16512 17180 9446 12832 14581 16775 23358
25371 20801 9481 19741 14774 5948 8087 13092 15167 17752 10657 6503 11479 22683 14745 15804 19007 10936 12347 18107 18964 14382 12046 13423 18168 16388
20641 18707 19408 16837 10599 6815 10330 2898 17377 20370 5637 23443 14932 27919 18995 14622 19176 22233 12528 17467 28694 18133 11729 14355 18824 19078
10758 15139 16199 15545 7768 16890 13223 17256 12947 8552 21362 6879 16008 19006 7921 17139 19051 13269 10483 14111 20306 14737 10273 17811 20415 23877
15541 14597 14793 19559 10916 14472 10110 14044 20800 16810 20451 7146 16103 15796 10147 16001 16882 13382 10351 16951 14129 7269 7682 15010 14787 17896
16602 15415 6996 29076 15189 13338 13621 6572 28424 23077 29319 13663 11008 19874 15744 20601 15413 24854 6081 15110 14917 16858 9311 26390 9432 23700
17457 18072 12966 13627 9846 7043 9483 17821 18249 21633 25264 12703 12709 21089 12024 16085 19780 30205 6440 14595 18048 19781 16968 18355 17300 22425
14355 16990 10351 18350 8692 7059 14878 8804 26897 18054 9049 7636 11228 19913 9958 16888 20081 23977 13856 17976 19058 15208 13365 10536 15465 18355
20091 24184 22089 10476 13188 15281 12747 22996 19647 14781 15203 0 8434 18033 6471 19066 18541 8975 9189 13211 16088 13893 12671 22360 20179 17430
11913 20140 20802 9663 9678 11513 13371 5715 19193 20408 14381 14246 10413 21379 3089 10528 20093 9566 9028 18222 22772 13138 16577 11129 11839 22560
8282 17901 13993 9236 11518 7876 12443 15442 16635 16783 8055 16969 15663 19578 3295 27431 18384 25205 18570 15815 14791 9919 9775 16078 11280 20869
6458 19306 11452 15851 9627 5142 9417 18578 32145 17211 22065 8049 16881 20534 12296 16031 16444 21989 9940 19591 9680 15396 9605 18510 14753 18361
21198 16524 14978 29364 11729 17139 9766 17727 23675 9896 29106 8913 16652 18809 16127 21613 12905 14524 13128 14546 18398 14625 11914 2006 10678 24825
4560 21685 8280 24376 8832 17691 11555 10641 26969 24527 19294 8098 17849 28475 13238 24257 18601 22174 9009 17543 10751 14787 9026 20746 22113 20346
33711 12017 10173 15961 10356 14678 12549 14973 34108 20912 19174 9879 14580 20378 6290 21801 15515 15184 8596 12881 16962 13933 10404 12066 13259 18054
11646 16359 15108 13569 10475 12202 11540 1034 27392 12022 8595 2883 13133 17099 20025 16770 17253 19376 399 15589 13801 18916 9527 11377 22456 22359
17198 21806 22665 11943 11894 14533 12448 15477 11986 11309 16085 21615 12638 24698 11241 20332 19657 8873 13488 15740 7356 25557 9997 12289 18123 15019
10684 19978 8088 18733 11165 15754 7698 16124 10937 7888 23068 12169 11565 24307 5542 16462 17830 20345 17523 16700 15294 9192 12949 21756 18672 19350
6557 18178 15796 28828 13201 8608 11394 15566 22193 27570 9719 12265 11033 14610 11636 20112 18180 29028 15713 16779 23908 18062 10944 17960 14044 18085
24318 26244 14003 14054 10131 8454 8159 22469 18969 11245 25909 2519 10042 20179 427 35096 21854 19972 11451 18216 19636 17493 4959 706 25581 14947
29229 19034 20885 16436 12647 11853 8043 23104 25824 9800 14351 10489 12567 17595 24893 21356 15026 15944 12050 14355 19930 15502 9943 22234 19090 21679
25181 22905 10496 21464 16023 11719 10220 5365 24691 22692 8274 18487 12860 17632 9606 24099 15214 10313 0 15614 16819 17634 13837 17792 22651 18452
28727 14889 20278 13709 10225 9829 10838 5588 8175 15205 22645 15673 20053 20833 11528 26756 17042 17065 13794 12183 21755 14031 12099 20778 16297 22433
11787 16464 14512 8873 11538 8184 10314 13488 0 8633 21377 6279 15501 16841 22435 17867 17359 15632 20237 18386 16931 13094 11085 13426 14939 24075
21747 15555 15164 10855 11000 7733 10076 12639 23454 18050 19552 15353 14843 22813 21428 14153 17463 14104 12549 14262 17697 13741 11538 14770 13674 16895
14846 17002 13873 21735 7058 9781 12082 1107 18254 11596 18462 380 7163 20293 16299 19197 14404 26407 8141 16131 17786 12393 6834 25569 18624 19795
32122 23898 13169 20320 13352 6845 9377 23596 14202 11988 17070 11949 14788 17777 12839 14434 16119 14439 13021 16458 19159 11544 14531 2241 12992 18662
24705 16086 19861 19587 14297 8591 15653 11135 17880 8773 10449 7369 9475 19219 6126 13984 15454 21030 15828 12431 14967 12544 8590 8606 15994 20592
20961 20945 16481 10982 13356 15225 7867 13920 25070 23066 27401 23234 6420 15255 7599 18222 20831 23589 19919 16952 18368 15886 13111 28255 13332 18206
4424 16082 18507 19374 12402 6950 10149 18468 31816 22922 13611 13840 13680 23226 20640 17838 16299 23853 11681 15763 14027 15679 16291 12315 14386 21268
5773 17667 12118 3290 10891 14260 9791 13002 33190 25078 10516 17682 10869 18654 15016 24919 21745 11858 14924 19696 19354 7996 10654 14071 22966 20641
25989 19125 18825 20742 13482 9502 11979 4613 34073 2279 14474 15571 7778 28661 12400 25782 22206 12771 17346 18995 12697 5922 10935 20927 12941 20122
10284 17672 11836 24411 11020 17466 10554 17678 2023 24335 25946 23276 12984 15074 8533 16071 15611 17849 13332 14629 15385 12168 12222 14053 17871 16858
23550 17056 5338 4829 15267 11451 10338 12427 19835 12410 16660 13228 15692 19791 19130 15836 16121 8642 4876 19275 11306 11926 8954 18956 20296 18901
8596 25418 22080 25090 11493 16416 15672 18413 15636 4172 29692 20996 13187 22768 9459 21071 16418 17845 10187 13499 19080 14468 14749 21570 16658 16883
27822 25579 11092 15860 13765 11769 10569 16001 22857 23644 30933 13963 12299 17458 8445 19428 18264 18080 22807 14067 17814 21285 16767 16443 18866 16076
9431 19410 4985 19630 13053 17590 10379 17942 19174 26007 16464 4335 9602 18804 11258 14726 14098 10844 14917 13850 18557 15853 14161 21888 17607 21086
24552 17229 4853 2950 12772 16142 10172 12249 30749 29871 26110 10384 11274 22404 12951 18691 14763 22749 11637 14274 15586 17524 15426 21774 10267 17873
24196 23491 32084 12634 16254 21391 11497 16537 26849 33417 20284 12767 12055 26773 12405 23145 19088 9253 11207 13085 12827 15078 7960 19878 22807 13381
16810 19888 20479 19468 12929 15982 12640 16900 14126 20617 9802 11419 11117 16805 14565 15911 18406 12238 8913 15425 21442 19687 11100 14255 5918 17783
21746 18280 14174 19300 14950 7942 11165 9933 23278 13303 15893 16243 10601 26503 5113 18264 18736 14327 18288 14297 15009 13851 13475 18048 11956 16293
15017 21979 18520 26155 13096 10882 14510 12212 16376 10245 11818 10942 13086 18881 11348 18548 16242 9516 11101 14442 1406 16317 9798 19299 13537 19599
13248 17520 3690 20056 13915 9808 8532 12374 11724 16426 18567 13170 11078 21799 14698 20110 19182 10088 17018 16761 14922 14354 10594 17369 19008 17965
10570 21524 19027 7455 12401 7975 10423 12341 14880 1141 18524 14622 7697 19631 18546 23668 15358 10214 17329 14989 22019 15097 9765 5017 19269 17559
2463 20241 11803 16866 8825 7908 11076 5598 27008 4198 20841 16137 8606 20219 20705 16303 16614 24782 13661 19182 13998 15825 13176 14147 9154 16286
19200 20241 12886 19924 9441 12734 11747 10891 9604 24101 12759 12467 13170 25023 20773 13241 16098 20342 8081 11307 21095 11731 10991 22771 17568 22496
23277 15499 9718 11302 11340 12408 8003 17458 17994 17267 13754 7489 12355 24697 19305 20046 13983 17324 18479 16798 14300 12827 8413 16781 18995 22450
11792 20920 10686 27777 15122 9657 10829 15289 30626 17766 14575 12139 12941 18980 19146 26442 15576 20773 12196 16715 11893 12897 11541 20144 15479 19836
17319 16629 18231 19393 20003 20194 12235 33714 19038 38328 16147 1232 12846 18314 10607 19454 19674 11640 10710 13901 21118 9534 10510 20856 7968 18109
16265 20637 12045 6027 10726 25862 12239 12947 37047 15180 24750 18488 11431 20092 16156 22738 16590 15489 9318 18904 7047 18999 10704 22706 21554 19800
16515 12006 10991 19400 15014 0 14091 9520 18653 24759 30930 20627 12029 19014 8828 9760 17613 12075 11661 18250 14567 20749 11105 31407 17208 17604
9634 23238 7003 7142 10181 12852 12034 20597 25629 8770 32387 18576 12738 25604 18139 13624 15345 13820 15096 14108 9918 20735 13908 15029 15749 15990
19154 16947 28915 12270 13366 14742 12103 16585 11217 341 15955 12460 14938 14045 9017 16466 20219 18841 13615 16672 21795 12745 14384 14558 15253 13450
13360 16330 18224 19431 15684 12174 11150 4955 23318 26348 24336 11744 12938 18140 20722 22613 14650 19952 8328 13745 11887 16698 11270 22023 13954 20919
7959 22554 17410 11109 10223 14177 7076 7243 17490 16035 23758 8642 9584 20874 10812 19581 20500 16036 9034 13039 11741 14449 10516 6181 24762 19348
20980 24589 12820 17860 11387 9034 8031 14079 16203 11794 21328 9954 15461 16528 7630 21378 18096 11914 17887 19172 15190 18427 16112 15328 20003 19986
12411 19534 15604 20174 11623 20228 8379 10430 17197 26557 18335 13876 9816 15607 22134 17008 18139 19802 17382 18843 14114 13721 15371 23065 14604 20045
27261 14647 20688 20479 10344 8772 12740 18896 24617 23695 19024 0 15577 25149 12331 21745 15073 37684 5584 17219 13255 14576 10018 17370 19179 17911
33377 12983 4034 13441 12563 14961 10712 13981 27963 7552 21956 10172 14281 20151 17059 21606 18217 17748 17201 18270 15117 14042 10149 11150 25513 15687
13185 15702 18540 12371 12136 17288 13935 9330 23553 20217 20485 1846 13126 23408 14684 21166 17329 20210 18991 17542 17143 19240 14229 14352 13933 18327
11389 19987 9589 21663 13261 18435 10647 20332 25708 24335 16015 7475 11704 16057 17412 26173 16070 8577 15240 16561 11264 16888 9098 7185 21002 18515
29264 18599 19488 17978 11688 16426 12264 23372 15368 23022 31221 16369 11864 22939 10462 15396 15717 33514 10638 12960 23782 9868 7462 15620 13817 18437
17304 8602 9868 25601 14789 7628 9877 15019 21991 17166 15110 2707 14809 14317 19450 22473 12346 31513 16814 19248 17074 12122 12204 20456 13880 13425
9877 21043 5962 23560 13627 11670 12147 13897 19636 2938 25468 16541 11596 20088 15938 9765 18336 19673 0 14567 20989 10234 9569 9334 17700 21693
22357 12073 23206 12154 12753 11443 13822 18202 10927 20351 26619 14475 10242 17217 24733 22966 15445 14934 19187 16152 29762 14063 10717 13745 17355 25441
22621 25298 13789 30199 11981 5683 8299 8926 13766 14418 25220 8205 11445 21144 8181 14529 16282 24677 20112 14412 7794 16696 11004 19324 16134 18492
25548 16973 19150 13742 13291 11305 10464 16464 22847 28092 10955 13154 16014 21515 10809 19144 15416 26088 7700 17128 17124 13507 12462 23745 21230 18214
12423 11892 13421 21551 11976 16959 10862 15257 10368 13867 23175 15044 8743 22285 11187 14593 18228 21763 13484 18848 18406 9510 11288 16179 22815 22817
16508 14423 13269 17321 15846 14511 11293 10987 27193 17252 19410 2134 7357 16502 11153 19057 20167 12784 18608 11816 19762 18627 11091 12503 10099 20097
21204 13215 5875 23579 13828 5724 9952 15988 15534 19800 15202 21684 12537 17353 11140 23539 19347 28418 13133 19608 12279 13191 10365 25872 12480 18458
20936 15055 21312 12990 8380 20174 15113 17560 5242 21297 29009 5815 7561 17408 8492 20245 18657 10935 8469 18186 21561 7051 11210 23330 20146 21755
24058 12263 2307 5399 13605 4368 13543 10153 10494 19597 24023 21966 6235 14076 16189 23606 19945 14948 3491 15541 11323 21265 10626 26660 18838 18695
20755 12892 19601 14545 9411 12089 14977 20281 15727 4614 33652 10152 14205 18542 27579 15655 21839 25794 14762 12937 17128 15552 13634 24086 16355 20576
4247 13122 12935 15690 14219 2825 12988 17727 20504 11876 21297 9732 13565 25162 12768 18118 21694 17095 17496 20788 21977 8149 9715 15041 19563 25639
18115 15429 19385 23236 12306 6397 13927 26956 16446 26200 20146 20918 14490 28070 16528 21216 18395 22933 6853 19038 16838 15867 11281 11319 13078 17395
12943 21955 5029 4474 10355 6753 14531 15854 29253 26931 17950 13729 10049 22978 3954 12047 19602 20423 10154 15261 19413 13377 12621 20962 15949 18894
11834 8437 15356 18115 12084 9842 13453 6753 21750 9936 20814 18850 12219 17582 18251 25053 17056 25477 16362 11181 15612 11639 10531 26497 7775 16761
25668 18423 10448 26899 12294 6367 9399 22523 26191 8230 5272 14153 11591 23407 13245 17628 20295 17662 13379 11911 18700 21107 12134 0 13129 17979
15773 15226 14273 11909 12721 5176 12062 11369 30682 21777 23540 15991 9543 15536 26091 24265 18272 16299 19041 15102 9696 14437 12312 13454 18080 24283
18002 7836 22678 18320 13985 17040 11159 5821 0 18540 16874 11506 10243 22045 15600 14266 18972 15733 7465 14801 18463 18855 12717 25025 11094 25449
20596 18176 11078 17447 12204 12919 11301 589 0 16101 18549 9182 17088 16621 15589 23106 18621 13433 16149 17292 19337 14689 12411 14646 10946 17374
0 18476 8631 2457 11760 10753 14982 14301 20624 15930 21403 15744 9111 14215 28586 20737 16810 13325 14613 9483 28588 15808 13195 12167 20516 19063
15894 25838 16311 13894 11641 10090 13938 20054 19963 30084 16468 15090 12744 23572 11519 19537 11765 12935 5075 20644 16163 14692 11504 9995 11750 23766
13712 17139 16001 20017 11089 16236 10943 18369 14954 22451 15571 2788 16534 18919 13874 22055 19801 11332 391 14545 12300 20427 14369 19370 18055 18621
29816 19319 20630 25569 11154 18677 8316 10411 20091 19947 12848 14299 5729 18927 9940 11430 19718 12510 0 16777 10928 16709 10533 14803 12242 25248
10322 13567 14568 7999 10910 11224 9566 22643 20186 32826 15954 13937 15078 19839 7919 19792 22898 23502 740 11820 4940 16553 11433 15122 13777 15704
5675 17347 0 13553 11850 15754 11167 8560 23713 18222 17883 11151 10509 21607 16271 19614 20159 23950 13313 13877 15489 12410 12457 26265 21264 23441
21682 24868 22489 10671 12041 14360 13500 0 35584 17512 20205 8337 10120 17119 15113 17570 16576 22017 934 18302 17882 12490 12237 13032 12445 19667
8505 15893 10960 19046 13558 19380 8044 3783 29174 11348 20043 7784 8353 22270 11853 24903 21632 11053 20397 16651 15626 9903 14846 15280 19577 22380
7038 17266 16333 18167 15130 17731 15264 24271 17075 22105 22013 6953 9803 22927 14451 17005 15168 25382 11221 12737 14952 16953 11263 1960 17336 19716
13172 13049 18166 15350 12044 15851 8580 22518 20650 25529 29316 10772 13773 26732 10645 15916 17527 12284 13019 8402 9479 14284 9439 16661 5824 18072
9185 15811 12043 13915 8044 9195 12613 2455 13977 16115 21734 19609 10956 24264 16361 16058 16467 12611 11770 17669 19189 14356 12619 15043 27955 21731
12176 21278 21876 7635 12635 12784 11706 4628 12846 17920 20265 20645 14600 25686 17515 7166 21068 21648 23712 16319 13087 10603 14887 21581 15315 13531
14164 17374 2224 21946 13565 9976 18517 15461 29910 10230 20122 1759 11957 21274 9849 16605 15367 19379 22620 18738 12480 14539 9364 13710 20540 19894
14307 17787 13483 22474 7813 10590 10807 9425 22270 15589 12556 10952 14788 23627 14858 20229 16278 13951 15678 13566 11326 16810 12947 10461 15155 20266
10526 18969 10494 15543 14740 13497 8021 5999 24288 17975 19245 11560 13139 20062 11163 13795 18602 25928 9047 11958 21911 14361 12226 17107 16247 20543
14285 14953 18410 22585 12012 16475 11524 17555 24766 28529 14225 2299 13459 25717 13437 26995 19670 23030 11505 15759 14830 20995 9892 25392 18085 15525
19259 15428 20086 18033 12061 5104 12651 9404 10663 15323 14090 14119 15185 31155 6271 21979 16481 27043 12749 18455 14518 10498 14000 7589 11835 24216
4647 21791 12182 18410 9078 7217 13786 16013 26643 28281 19556 13177 13291 16659 12464 14777 16489 30059 9501 12076 22980 10218 5923 10907 20631 18302
17215 20612 6726 18808 12638 16004 11801 14631 26782 23442 30700 20293 16995 15520 13405 26036 17142 12675 7884 16497 20652 13298 10992 7578 15454 19789
21598 21693 21928 13804 14122 9675 11694 22616 28254 14806 11568 9149 7238 18143 8437 23860 17315 32664 11131 14381 16306 20565 9671 3278 6908 19153
10721 17444 7523 17190 11923 3243 15951 1008 3670 18008 10908 11924 10964 14655 18494 10668 12382 20814 22803 15922 16344 9660 11735 12335 14547 17064
19257 16380 14122 31947 15310 16528 12329 7687 9687 6961 30984 14121 11037 25237 22180 21382 17901 23490 15749 11442 15708 16135 10586 0 13803 17273
25672 20174 16894 21220 10464 11483 11302 18074 13520 11524 18744 11695 12351 19225 19836 17151 19117 11110 10325 16659 23075 21633 9628 13153 9225 18561
23171 20759 7141 4293 10801 20382 9478 0 15693 27282 36917 16398 15855 21887 15491 23386 16506 15469 2977 13600 16150 17706 7935 25038 18310 20963
10638 12502 5477 13413 10122 12773 11973 14379 18197 19466 12490 13734 12097 16088 20765 18999 15389 17127 10557 13863 17894 18260 13406 6921 16016 19924
7215 18435 11804 19617 11124 10677 10233 10669 17434 22152 10865 15036 6734 18621 23323 21302 20523 17221 17065 12075 19864 11481 8852 20173 13038 24306
31577 19694 22500 17745 11528 23322 10055 23406 9999 11703 21419 8409 9507 25185 13916 25518 12847 8278 14127 10340 12978 10167 10897 22680 20067 19669
19014 23319 19266 20505 11230 16588 12239 17655 22396 18860 19560 10033 10279 21068 24263 18303 16477 14738 16869 17576 11548 21482 13844 33006 16815 16552
16139 19087 21313 14006 12210 11674 9355 7127 26893 12236 4589 12542 9730 22323 10717 17779 19221 17920 0 15154 10584 16397 7849 17020 12836 19621
14411 18870 18725 17792 10974 12429 14123 14383 24659 22954 20211 11197 17349 17144 19132 14253 20027 19263 17144 17202 11791 9196 13689 22858 12540 24182
19847 18894 14455 14325 12234 12928 10918 12423 24629 38857 29070 14672 16118 15610 8486 19079 20307 14759 8082 16233 6119 19453 13403 19318 21236 20334
12145 12952 14121 28275 15268 4680 7637 21728 11318 15022 16508 0 9611 18762 9507 18765 19677 20952 12783 14298 12147 17858 10314 12475 17073 14326
22760 24823 23580 6763 11408 12789 11696 19648 13407 21066 16175 5977 13857 19769 7129 18617 16939 6082 7146 13379 22885 16638 11620 10234 15741 22587
25161 18507 13244 26010 9346 12597 10575 16536 15812 8491 18533 19812 10354 23403 12076 17728 17377 24829 10159 16543 15123 8098 15643 23474 21171 19461
12192 18818 18386 8714 11171 4989 14069 10666 32233 8462 18929 4951 10787 7986 11026 16539 18729 14671 7340 13298 18064 14385 7256 22370 19797 15723
0 16495 17205 24976 13951 6831 8878 13158 20746 11224 21608 20386 9510 17047 9918 16685 14214 27670 10292 14181 8792 14865 15703 9920 13425 21998
32558 15322 14738 18968 13725 19013 8674 0 21143 14632 16574 10527 11880 23119 15556 21162 17552 24780 12176 16928 8628 19843 10532 17430 15453 18851
16410 16452 16971 8551 11321 10686 11114 14071 27518 11602 21397 12029 12858 22947 19423 10738 14649 28823 19794 13498 13094 14728 11801 631 10397 20588
20781 19130 15730 11649 9534 4073 11938 11704 17904 28567 25467 5552 11940 12195 10638 20221 12692 16010 16636 16714 23534 12131 10695 27058 15953 16282
18141 22383 21937 27120 12537 5161 11007 19222 15985 27362 15955 10597 6170 15809 22928 18020 18886 28605 1257 17828 14701 14221 18108 22081 20403 23866
17582 18601 16021 19807 11594 12217 8052 17461 14039 9587 15494 6334 8822 20465 7498 27669 20987 19968 16738 15268 16144 15536 16410 24914 15150 23637
23632 18131 15415 11524 10793 15205 12584 20650 6088 23251 9553 14769 13035 23456 10444 21731 18289 19838 13334 13805 22916 13198 13409 18954 14420 20198
20964 19438 13195 10457 10819 17683 6752 24905 25761 17096 17013 13689 18412 15845 14372 21003 23790 12565 11064 15188 8539 12552 12318 2369 13403 16677
11214 12467 26443 15352 12798 13798 8805 8981 29607 25667 21175 863 16545 14213 17350 21633 20006 25462 15604 13190 11778 18424 12324 24821 15669 20339
18583 13166 18626 14849 10596 5317 10716 17118 28378 23385 12434 18062 9307 17769 16423 17206 16645 16975 3960 18343 10198 14581 11678 7704 20992 17298
6855 10675 7980 23473 9820 9230 14158 18197 22078 16737 19148 10392 11605 14010 13030 16036 18807 13611 15067 11154 13331 18280 10329 14602 16664 25296
15036 15014 3215 18418 9644 15884 14193 13716 11730 21396 13302 12221 15938 18881 13445 20331 16101 19773 10952 9401 20017 12562 13778 18110 19164 21903
8307 22682 7471 18395 9479 11553 13692 18852 19335 18456 24807 10165 4991 13685 17307 24695 17216 31439 18104 11760 19878 5921 12859 8563 10943 16201
7613 17004 27346 19673 13225 6392 9981 11578 22799 9543 16414 14677 15087 15561 7082 23887 16228 20271 6242 16365 18115 6277 11031 14311 16191 16623
12524 18684 20712 24554 12695 19697 10421 19686 23979 17957 22631 12880 14524 17049 6219 23033 15516 19110 20290 13525 8085 13645 9360 13242 19539 22738
148 12259 10804 16418 12694 7837 11489 10546 17668 11426 5141 8100 13372 22349 14359 13696 18353 19360 10996 15542 21803 17159 13106 26737 17169 22386
16668 20719 15078 16356 16363 18531 10316 21721 16298 22291 17187 16606 10898 17799 15234 12082 14324 16067 12603 15765 16513 5953 8826 28776 17736 16726
19740 9627 7238 15839 12050 21066 11875 8390 12856 20241 15075 0 10197 18399 15217 17295 15361 26362 14288 14025 15810 19262 13217 10164 16499 19563
27777 15726 9871 21437 12729 7436 8133 17870 19821 22205 9783 1576 16988 14325 14919 22359 21674 21719 19883 10164 14339 12373 13363 13284 21168 14381
30514 18144 19898 22217 11769 1552 12659 10602 0 17012 13503 8027 11987 17853 10043 18831 16240 13746 9516 13839 16187 12027 11622 14867 16850 24070
14756 24883 20727 19358 11775 13144 14590 8149 13020 13276 22873 11220 14026 18278 7065 18705 15157 22669 2557 13637 17786 15396 11668 24315 18603 17364
5147 18516 20871 15283 15322 18207 11207 3431 28067 25551 12194 11794 9551 11420 10003 23090 16578 12283 10080 15158 18207 14018 9457 19669 22044 18621
20248 25182 11701 9874 14756 9026 11535 11219 33930 14147 15995 7597 13139 25675 9535 25317 17056 18587 8969 16196 21576 12218 13974 11553 19067 18336
15387 15129 27004 20954 9563 4640 11116 16474 19636 952 37509 13822 6475 19937 0 17287 16057 20070 12214 14557 17030 11067 16090 13332 11407 17519
4300 23803 13434 9783 9536 9439 11121 16942 27670 30935 15583 8302 10036 19511 17704 27053 20832 18542 8715 14527 12128 17209 10225 21874 17188 17992
12705 15278 18087 18866 10822 20045 9217 17581 9074 19100 19110 5497 10406 21415 18158 27191 15085 20830 8483 15286 10352 14579 11897 18896 12770 20177
19095 16145 21055 13298 14168 17003 10418 17874 25471 22842 17314 2177 15012 19907 8791 21263 18946 21105 13816 13867 18819 18170 12589 2045 19890 21063
6982 17545 17288 8213 12035 10692 11049 9157 33632 21893 26133 10823 11819 20815 10034 16982 21828 15976 6524 17330 18699 19652 10147 8726 13676 20185
16140 19997 18970 13914 11747 9587 11393 1117 18598 11289 27275 13152 12695 23585 15257 17092 15349 17582 7705 16355 24745 13918 15353 26925 9661 24521
22868 20224 12717 25772 11848 11758 11887 8876 34216 29944 18021 12006 11086 24632 26259 23468 17337 20838 14303 15281 16319 16253 10186 12309 26578 20658
8991 10847 20187 15291 12090 9713 13390 11109 3722 19648 20585 11102 12741 23478 12440 15440 19518 20876 6063 14762 17946 12589 9433 8554 19559 15660
8651 17639 20486 13267 13425 7822 10431 8055 23831 19437 15192 15544 9951 17898 10774 12334 17336 10446 11971 16462 6054 17419 8001 13866 20334 23815
3100 18813 8039 18651 9072 15105 10072 17159 16593 22016 23684 14647 9948 18275 4921 17524 17612 11384 13203 17218 11522 16075 8549 16326 22413 23568
15929 20151 8795 18209 8878 7548 7009 20151 15705 33063 11396 5506 7327 19417 5286 22256 17572 18371 18733 14671 12873 20524 10042 13396 10868 20170
27097 25249 19519 21526 13811 17295 7678 15920 21374 28023 22596 6692 11827 21601 18911 25457 15373 12039 12580 12608 13301 17895 11374 10680 13786 18660
16000 18254 24008 10717 9116 11316 8705 5421 8224 20252 21330 13168 14868 17869 14005 18412 21999 25585 12932 12284 17903 16735 13290 12639 20473 17301
21960 8219 7689 17850 12049 6539 8863 21135 23501 25337 18311 3649 9760 19933 7823 18884 20366 23284 2861 14626 21255 12066 11776 9944 15787 22326
14208 14479 16117 11565 11467 12472 10425 12570 28899 29079 23736 5646 13114 22384 8603 19272 14396 19025 6488 13808 18438 7772 11590 11684 24894 22548
19855 18671 2796 20878 9642 5334 14164 19422 18512 8492 20342 4843 13776 21174 1652 26494 15189 18030 18852 15486 18707 12431 8604 16907 17676 17902
21385 19218 18894 17766 16034 14293 15463 16108 17905 27713 29620 5151 8725 19024 8469 18281 18053 20147 21051 17158 14732 17701 6639 22852 11278 17141
14260 14132 23887 22993 11606 8859 11467 8495 25114 3809 11543 18634 8374 26791 10010 15742 17788 28739 10026 14498 17652 8543 8040 14817 21402 22445
16893 16627 10245 12398 11073 19204 11807 14518 20822 26524 3536 15932 16141 22262 7225 21663 17208 20853 9522 11859 24945 19696 12274 11491 17204 19995
25021 20163 13280 18090 11645 10363 9513 17573 37358 17574 21502 10366 14284 15800 17035 19882 15186 18160 10712 15747 14285 18795 13851 6936 14917 23126
21790 17710 11945 8713 14007 15420 14774 13870 11440 31429 12362 18897 9349 23007 9162 23549 17675 26570 12774 14958 18520 9171 11793 15412 18309 14106
23532 17459 7978 17210 9333 19219 13369 24850 38142 19613 18834 18295 18743 17308 20476 6834 19505 9086 18248 15221 21916 18321 13330 26092 18000 18504
13940 22038 19913 18147 16281 10625 12818 24277 20780 17653 16841 9026 14961 15868 5345 24013 16381 19896 18557 17546 20039 13092 7322 29782 21413 23775
19882 17838 17944 8306 16151 12381 13099 10304 27240 8825 7822 7330 9651 18248 3235 16994 16973 20685 11564 14378 18054 11051 13035 13254 10822 15931
19912 20353 13655 11053 12162 12909 13952 13095 39223 25950 16841 10563 10794 13126 22645 20506 15188 15672 5081 12909 23299 19320 12192 21990 14083 23454
21342 19373 12566 16948 14726 17494 10475 19586 12040 7637 24043 10512 13204 18280 13485 16340 17620 35807 8518 13781 16102 9146 10147 14014 17816 32173
24658 18047 22864 26924 7538 12949 9482 18045 12718 31013 8938 7397 5231 18519 7080 14370 15448 18692 15734 16597 17679 12708 10112 19519 15685 20187
23686 25249 16232 27749 13960 11973 9508 17126 27924 14942 18945 20268 14916 24090 9888 21910 18516 12746 17055 18211 20594 10087 14574 7384 13892 19927
5015 19165 26914 10017 11058 11871 12125 11895 3715 8967 19330 12513 11109 19325 18930 18211 19181 17233 5944 11621 9815 20399 13357 11001 18859 18651
2910 19017 11071 19300 15275 10524 10906 3764 13504 17025 9252 11540 15313 20975 4359 18174 17569 20846 1487 15384 9503 15658 11666 14343 15014 26770
28850 11021 7671 13235 9755 6998 11989 12368 30789 7881 22643 14579 12971 17190 19205 16295 18566 27433 10658 13021 18684 14637 9892 23756 10419 18249
30521 23579 15751 16924 10562 7302 8125 12303 40540 20874 27245 5276 10448 24655 6213 18041 14993 18933 16302 13276 14232 21040 8060 16564 13803 13967
27478 21421 7107 13957 14412 9265 10245 14120 17626 21075 24419 18874 17539 24895 8226 21474 21248 17963 11590 14389 20480 18574 11592 12404 16273 18013
20726 11123 17643 18293 8297 14084 11327 19782 11480 15494 7533 6923 14670 17689 10588 15269 18464 10517 14202 13963 20488 12881 14085 13293 14013 19546
13088 14388 7472 15852 12844 5263 9577 18236 7779 10097 16769 12551 10728 17464 11284 12940 20775 15252 15800 11336 14075 17199 9011 19384 23354 20389
3477 17562 15310 15986 13539 14073 9828 20437 14860 19519 29352 15235 13114 16839 8878 24583 18386 26619 12878 17686 24171 15688 14243 17360 15687 20109
12703 21620 20806 21560 8787 5175 9947 3445 23532 22332 21064 11189 14223 24076 0 17102 16583 27153 16816 18905 17815 9191 10877 13826 9508 15072
9589 18665 18834 18955 12333 12962 12069 15567 20985 20773 28204 12998 14899 22344 14514 25975 15153 29769 12122 14876 22826 15853 15799 33351 17302 15809
2487 22484 17375 15947 11801 15787 12181 20681 17577 18185 22884 9329 13534 23375 6907 29829 18694 17812 23923 19334 18729 10573 6337 12778 11738 18643
25239 19580 24952 22751 11558 7930 12569 16085 12593 0 15633 20126 11988 16865 11868 18284 18935 17000 0 15573 14021 13362 12289 15417 23987 26338
6247 19313 19743 19851 12732 16443 15600 1728 5038 19105 13045 11595 11105 17987 18077 23225 18854 14517 16913 16141 17262 13052 6473 9231 11240 19331
16070 23061 22130 17228 13497 5452 8365 17502 25141 14241 21467 17406 8019 18814 22286 15780 14860 19378 12658 13262 17802 13104 8952 8735 15172 19940
13867 16066 16329 15649 12013 8393 10253 22088 25117 29731 30801 14877 17642 20002 12442 23794 17131 19919 6241 13161 21552 18989 12385 38597 5646 17940
23777 14569 18130 18805 15356 12809 10230 14051 23255 33748 24014 15666 12849 16309 1616 25169 19538 20296 19157 12635 17173 6616 13357 3937 17500 19288
5181 19583 23183 6030 9597 11285 7441 5091 16371 34329 20920 14437 15522 20216 13278 25508 20090 22031 3836 13260 19044 21276 9647 16242 13414 18430
5350 19918 7814 14038 15703 2168 11249 3368 16268 10547 8531 6485 13194 22078 17108 12957 18593 14957 3604 17143 19117 16994 10079 4598 16547 21994
18394 21822 16006 16589 10645 8958 13732 24406 18067 12063 17357 10475 10872 18748 15393 25682 19267 11747 10359 16129 18433 14774 13126 9322 23083 20163
17671 20304 22781 25020 12266 10362 15586 8398 19425 11779 17288 17235 12898 23181 24578 10891 18552 9690 17191 17018 19608 16518 15061 14318 19170 22943
12205 13797 13109 15272 11685 7699 11808 17736 21029 22914 8530 4934 14754 17768 13594 14026 15560 18892 11509 15687 23832 19057 10932 5300 14784 14647
29959 13037 19970 16704 8949 20994 8146 8278 23370 22705 21057 4113 12830 21881 4640 15339 20605 12649 8811 15565 14666 16210 12117 17695 20975 21914
27341 22047 10750 18811 15365 4310 12989 8457 17372 10331 17413 0 9185 22174 5264 26251 17412 22472 8683 16789 17775 12109 12610 27739 16774 18628
21486 18501 23667 20329 15044 9977 9979 17448 29248 12881 19430 15920 7881 23191 9585 13496 14677 20721 10949 14227 15226 19259 10407 25681 16656 17857
21052 16641 15728 14907 10649 11744 10494 14203 19695 31168 12071 11960 10951 14970 1317 15203 15729 27552 12741 16608 9783 18970 11496 22634 6861 21649
17090 19391 25618 12967 11408 13941 9941 11654 2356 32024 4763 4679 13042 13394 11107 14570 16709 10973 13875 12026 22654 13105 11611 0 19717 17226
17343 12712 21801 9706 11189 13495 14574 19478 16056 0 18551 11097 11712 14965 9089 20622 12736 21796 16059 9613 16311 13632 10399 11476 25046 24678
27849 17479 18630 7357 12182 14951 13008 13191 16081 12209 22978 12569 9710 20208 13010 12965 18618 14225 14618 15102 19016 20166 8011 24129 7322 23080
24042 19350 12742 11998 11139 12218 12987 10888 9677 19000 29341 6470 13424 17944 15724 22130 16128 27076 10301 14754 21398 19492 10722 20910 15185 14595
