365
30 29 86 0 19 61 16 16 40 55 55 21 9 61 85 47 75 89 79 29 69 61 7 78 52 5
11267 14870 11029 16528 5961 10596 12739 27638 12237 3452 8682 8485 16502 16213 21066 19540 20475 13622 10811 18477 28866 12765 14511 18469 7501 23640
15076 23292 16149 15911 16370 18642 8921 14573 19542 7204 4673 9072 19785 8784 17709 26252 13442 28108 19416 19691 19696 14538 13539 2980 16663 11358
10632 13658 11175 7815 12240 18514 13897 15898 21515 8814 17574 15940 15091 4455 12795 17697 16982 20537 14416 20414 25342 21537 19670 18707 13249 10744
22552 14114 28560 24274 12059 9307 26485 15538 17581 15298 10464 3039 15353 10883 25277 30891 17277 19191 17917 19607 21195 11122 8369 2697 20308 17046
16519 14810 13599 7076 26900 18956 21384 25739 13074 0 6816 10703 16455 10569 15220 17151 14778 15421 9284 9510 9082 13949 9233 7604 18646 16266
20640 22847 21881 11416 35059 11554 16778 13498 14528 11933 13126 0 12817 14570 16845 13550 16313 12004 6083 17159 17550 10192 25244 0 12617 10822
7144 12370 18947 12368 7050 6389 8479 24348 15866 11252 8239 25687 17407 7922 23743 17019 21494 12827 14019 15353 27407 18062 24363 25544 17703 2681
17882 18776 21254 16401 13799 23125 13864 9315 18516 4938 13700 11105 17424 11241 24576 19224 19446 15349 15484 10655 13377 17495 9548 10652 13440 4406
15102 15833 17352 22691 3195 10901 12254 17413 10965 10750 11070 10499 18746 10059 18417 15181 15088 14510 15306 11973 23719 7126 17956 12074 22957 23818
23934 10147 13094 13296 14531 27776 15600 25025 15818 8889 0 23593 15823 11345 15988 27444 16241 19331 12733 8517 15671 17645 16709 9687 13785 22159
18138 14266 11606 13089 16378 5701 12936 32700 16787 8050 8025 16967 14290 5884 21424 24482 18507 26066 8832 16060 23829 27558 29389 11311 21919 0
15673 16922 27700 11501 11874 17528 8442 23103 15977 8819 5904 7218 18630 12542 16962 0 18435 10774 12147 9050 23273 20076 11129 23600 22394 9661
17384 17121 7495 13935 16170 1389 23327 10429 12175 25252 10467 9288 17896 10836 17909 12429 14520 26330 14944 4747 20847 20814 8247 8928 16679 13973
20835 14471 12095 18619 14746 16671 21775 13900 17307 9951 11872 11079 20770 9235 14967 20038 12709 30291 15211 2751 22711 17827 13607 17260 10075 16267
16763 14392 10801 14550 16174 14842 25986 19751 16159 12716 3839 22898 18770 13418 19822 15769 24680 15503 16815 18975 24354 20461 15787 739 14200 2651
16150 13128 13482 12541 12966 15801 10152 22045 16092 13137 14627 9411 17904 19971 29931 20111 15834 24059 18485 9696 15640 19630 11456 0 21331 17541
15943 17399 10294 16740 25029 7832 23706 26436 15431 18808 1589 30555 17068 6319 16592 13240 14840 10044 16226 22699 21169 20181 22333 8072 4464 16631
15959 24896 14958 12401 19035 11857 22805 25694 15805 13265 4890 12005 19724 8551 23083 15095 16616 22375 13660 15179 23818 13795 17039 7390 19300 19571
18256 16133 9340 14965 16472 12090 13119 12809 15639 13287 8389 17982 17736 14553 13517 25581 18643 9157 14175 2321 23003 19789 14439 26987 11392 4821
18361 18219 14999 15369 10037 14529 17650 21545 19296 11165 2807 15352 16297 9986 24382 11128 19704 12146 7898 9824 17392 9895 20725 9630 20674 8273
15901 21004 5295 17519 12231 20170 12626 26723 17054 5896 5208 15727 12557 13479 25356 11982 16406 22818 11967 22520 17460 17878 16666 17540 19289 17599
11338 17536 17680 13323 14217 17404 22338 546 18665 15213 14372 14521 19373 9537 31393 21421 14047 10938 10367 16054 22692 12373 19372 18929 22782 18844
16950 10823 15790 16400 8468 18516 21056 18623 16888 2266 8418 250 16969 15060 22556 22717 17212 24394 15405 18256 11451 20128 20202 6027 17382 12640
16781 18564 4636 13629 17612 12732 12540 27997 10992 12017 15709 15069 16220 15110 23057 23107 15405 17793 9055 17585 22342 15625 26040 10551 12659 14960
18853 18350 26792 11984 19251 31944 8035 12489 13835 4580 11938 36013 21260 8329 20331 15379 16269 13255 11511 9999 23778 20778 16147 0 12548 597
12650 19749 9023 12844 19520 17889 21489 18315 15469 18037 12496 19915 19262 756 19738 17488 16227 19805 7730 15875 37442 6245 27055 2165 15577 12795
18345 21452 14907 18773 24063 8466 26982 8154 10750 4731 1083 0 17872 4481 15944 21654 15330 19201 15343 12019 26131 17125 8889 14138 13245 17133
6412 19557 23922 11773 23208 23533 19023 15142 14380 16628 4860 21512 18753 11357 22374 23537 18294 23113 7749 9861 19976 11605 11777 5050 9453 13933
20187 22430 7153 10499 7222 13825 23248 25241 12422 16875 8837 0 13208 19917 13943 4266 15378 23719 16536 18694 22771 20010 14515 12704 13727 13097
31422 21917 8880 18989 13110 9054 15513 23298 15021 4989 14755 7908 19676 9540 19329 28655 11040 21155 9835 18521 15815 14527 15452 8627 18682 19937
16932 22138 21168 14459 18711 22669 9250 8239 14800 19611 5218 13929 20151 12166 12695 15743 15196 26750 10196 18340 11806 13668 14225 8456 19063 13647
11973 17411 11682 16380 3733 15134 14836 17009 13126 18892 4854 18650 20012 7233 18459 6624 17614 18544 24284 25449 20488 20320 15942 16869 22295 8348
11089 20623 16996 17086 18791 5161 15538 19107 10225 10349 17065 24119 15025 20539 21611 27647 18191 23775 19459 6726 15461 15565 17677 2654 16832 22614
21520 20879 14163 11440 13663 17708 26680 13543 19176 20007 7037 11200 13626 5371 19686 16487 17558 22384 10422 23240 20728 18090 30644 22206 15548 22816
13644 12551 21744 16329 9291 6478 24443 21515 16744 24790 22299 11724 18330 11820 20701 8531 17755 22973 12682 15881 18264 8419 15767 8148 13534 26889
18654 17929 17924 10182 24136 7168 29212 1481 12352 12217 13153 0 18726 17048 16173 0 16487 19450 20486 11714 12018 24858 4594 8113 11261 544
17264 19874 20861 14371 24330 20020 23531 22793 17644 14522 5098 10172 16011 12833 19191 17978 17589 18701 18686 22876 22319 22803 21126 2101 15319 23689
16085 10994 8311 15168 9548 25598 27972 16384 16412 10389 13166 13344 21270 6074 19474 23517 16945 26117 13004 12916 17847 22856 16537 5896 16924 16736
14208 17603 16332 15729 17069 21164 17593 18288 18071 5129 10757 12547 14149 5592 14780 29751 15157 21648 23595 14096 24332 17308 18906 182 17734 12629
21040 19069 7892 14246 10387 14608 18004 25790 15080 21029 7411 18647 21174 10952 21125 15674 20392 21947 10054 7917 26118 14386 12697 18935 23355 30472
22779 19875 11378 10838 12546 12609 25000 16877 12611 3664 4154 10302 17313 7824 17146 19822 15676 18337 11535 5020 23101 26106 19707 12587 13350 19378
26291 19008 13256 9500 17919 13988 10410 18572 14886 6918 16078 12936 13428 12953 15547 23143 14630 19935 13447 24504 17317 22295 19424 24593 20041 13486
19073 20606 17857 10198 28216 18198 24150 18851 14314 13058 11889 17502 15825 9929 28350 31394 14775 18526 13384 16826 12873 12422 21699 27590 10540 3333
18087 20389 17399 11804 27013 8890 25544 24253 20436 5489 11483 17461 17263 9091 13610 15781 17740 22242 14457 19352 15429 644 22985 12162 15862 3988
15551 12431 11545 18267 18626 13886 21625 26642 14245 17559 22790 21618 16984 6513 18240 26766 15154 19311 5626 18217 25966 16844 12972 19425 14924 14707
15515 15798 15359 12249 14087 8785 17348 13564 17149 11991 11460 4842 17551 16678 27002 13328 18375 16597 10626 20753 16073 14744 11693 13714 14040 20058
16342 15742 30168 10894 23653 6609 27970 10382 19854 4626 20358 28411 15822 10923 18114 23614 18715 25054 9861 11741 28692 16128 14176 13675 20451 5922
17101 21848 24206 12101 28922 15279 23863 17364 10898 11000 10847 16022 18082 7027 16075 14396 15300 18734 12046 23713 20639 6384 15101 16904 21416 3054
5237 16212 8402 19946 15235 14715 20020 12433 13988 14045 14769 22893 13198 8241 14216 15858 15399 22178 16687 14783 14420 17376 8206 15440 21408 19704
24597 16092 32899 19770 12261 17328 18836 13207 14024 11106 2443 7867 15690 12519 21190 17673 14497 14351 14195 12065 34547 15345 16190 2699 15895 2038
19837 20693 19676 17384 15425 27344 12435 20097 17140 0 206 9172 20093 7915 11888 33258 14122 21341 8391 13332 13848 19879 27086 14130 18853 18678
12718 22151 13153 20915 0 10348 24978 22869 18642 9736 13007 16446 17834 14800 24942 19932 18426 15633 10319 8274 20204 15167 10068 16704 18127 14276
21821 15524 6648 12747 19254 16821 17355 11167 11835 19036 3599 15944 18665 7109 23811 11102 17406 22350 13532 16575 27875 25686 8424 0 13307 20099
17693 13825 14143 17258 16076 13853 11918 26825 16375 16872 398 22706 12386 12272 12758 11425 18213 22202 10736 23482 16667 23708 18138 18889 18809 11094
12766 21927 16812 16333 24478 10946 17534 15554 14868 15705 10396 19910 19000 9659 23134 10656 16031 21832 13084 18626 29790 14260 14127 14381 14009 19970
6035 14884 14934 14477 12376 24647 26199 17908 12979 8986 1615 22032 17622 11769 17077 10264 15885 15373 17226 1221 17503 21270 17362 32488 13342 10342
17845 19317 16658 14833 10432 20363 14638 20320 15352 3812 2938 9257 18301 4883 20887 22486 19463 22823 22133 11799 27241 12936 10210 12205 18886 29100
14965 22349 16940 13066 14024 15256 28201 18702 14786 18590 10134 4891 18303 11161 15238 17673 20578 24797 11527 21771 17487 18443 24802 6551 14404 10026
15815 12577 27290 8999 11570 10626 24961 16051 6075 15763 13274 11192 20661 2833 22325 17401 19969 31865 15437 13716 17513 24706 11197 11131 13779 9667
14085 12272 14177 22380 6057 9288 20523 18832 15272 11865 2990 6944 18286 14705 12884 25137 11838 36566 13490 17229 11518 16010 13503 11081 8163 11950
19356 14403 37392 9112 22349 14270 15932 8527 15385 0 25446 30209 17074 6986 21212 22243 17781 7049 16077 9256 17226 17015 14296 4023 16388 13520
9604 18008 19867 25083 14887 17306 23626 14175 17304 19547 21958 1286 17202 9232 14910 11958 21090 8318 8327 7154 22120 6998 12593 21808 15449 28285
7922 22785 22341 11571 15618 14501 2841 24717 16193 3987 11730 3938 15542 10177 18734 29792 16340 25998 12638 10397 20023 6354 19924 27300 11488 16352
9857 18501 21456 12987 9634 13185 10447 26842 12887 13563 6093 25285 19264 10603 16502 23006 17720 18440 12107 13268 12728 28894 13615 11063 19943 24891
11370 22446 24291 17921 15855 14527 25494 16240 16681 15312 22514 10698 20735 12192 21396 17511 18829 15178 14234 161 15157 19523 29600 9872 12585 17505
15376 17640 10051 10911 10638 20847 21508 13358 16039 18582 9571 10539 16063 11041 15584 19802 18069 22046 4197 17073 20676 3863 23291 23900 4401 28441
19404 15706 15089 12158 25911 12836 19116 18920 11837 12915 10837 0 18472 8747 14012 27071 16894 21818 7774 14606 14784 17533 19278 2651 19324 32416
22748 13135 10760 19982 7034 22663 9331 13420 13245 9532 13058 4163 16512 3539 20276 24396 16811 17218 6703 19402 10623 4868 14804 11198 25223 1532
18020 17498 19312 16992 8012 12196 11860 22673 17488 5520 2425 3102 16883 14243 19791 12693 16694 24832 14156 8902 20527 18015 5208 16774 22380 17354
11377 23778 2255 14676 13669 14698 18759 14944 16050 6482 15465 11496 14769 14697 23893 28970 18141 25620 24524 18549 31892 11951 15199 12579 15305 8649
18082 25079 12483 10488 4035 16314 24841 23445 17051 5282 6164 14267 19743 10100 27383 21852 12308 23851 12537 12802 18704 10096 13884 16589 12158 7439
15828 18004 12878 14654 16267 11275 17881 12895 17084 17227 14263 0 20599 7605 16761 25847 19247 15985 18472 7294 17115 20194 6708 190 19394 9810
23140 17178 17294 14178 18619 17038 24876 22706 16646 14758 6855 18032 18943 12976 23963 12989 15104 14976 6369 3198 11920 18437 13585 10277 8309 7582
17265 24907 18572 23585 22427 14518 0 25312 18219 29100 11283 33501 15341 6668 23579 9141 13271 20261 14073 11745 23370 10830 26684 4543 18547 8875
14838 15629 4882 18762 7209 10553 25051 28268 11437 7008 10652 27207 18124 15411 7174 15452 19033 17259 10462 13795 30808 12383 15571 5119 14363 18015
9918 23695 18099 20246 24549 16582 23683 17347 11532 13923 20140 25776 17766 11893 23772 24155 17937 24915 6896 13777 23912 20959 12842 13995 16893 14926
19204 17067 23256 19301 25573 15299 17051 18664 14941 14494 7279 7133 16932 12730 18036 11234 18281 18031 7686 9295 22445 27805 33392 14939 17664 5476
12743 20353 6061 18802 12996 16393 19492 13672 17478 11379 21686 6685 21439 4849 15086 31144 18700 16740 15780 12393 28325 22583 9249 980 7225 11260
18891 15880 16314 17643 17235 11272 18640 13655 14555 17471 18733 24732 18522 10640 18667 15200 13570 34439 12838 14459 20355 25493 13730 11506 16141 11600
23296 23178 13963 14801 12106 17670 20738 22012 14316 6246 12116 18207 18090 7971 21760 17772 14940 20658 13990 22968 25566 19523 18689 22559 20513 26445
21470 17307 21366 14805 18630 11589 20963 14765 14648 1566 16306 2359 17626 14819 15172 21405 18289 23759 24297 26686 13591 13941 16435 8129 19864 23949
14852 14107 21914 9705 11166 17296 14819 25530 16015 18667 4217 12053 17976 8890 18363 19506 11102 15748 1583 7794 22358 11049 29919 9017 12659 16334
16389 22595 19783 12173 15932 14350 36396 11594 19195 17403 12925 24942 17527 14598 18417 27467 15803 30844 20717 6223 16481 14423 21446 9341 19859 19470
11437 15434 30111 15368 18357 12715 19530 16211 14820 11217 13004 13324 20283 9017 12068 18307 18628 27188 16402 11049 28655 24754 12942 8304 19476 0
14092 15605 14690 12143 23629 3676 19843 9468 20487 15172 14384 5938 20766 3141 7302 17409 17423 17821 16301 19045 19368 13363 9162 11376 15804 9898
19132 17669 15079 17228 17509 11615 20435 16181 13729 7690 8013 19688 15593 10636 26690 16329 16982 19452 6685 17292 26044 23615 12442 4749 21407 17927
16642 14912 6701 13131 12025 17337 13726 7553 14450 9422 5214 25806 15607 7022 18704 25292 20656 24968 13413 5360 27406 20905 18086 10677 13606 14791
14382 20384 17205 20440 20412 16817 22639 18287 13816 7097 5077 14620 14390 14524 22770 12255 20264 19599 18595 6765 11317 23716 16567 8204 24483 20128
15376 12937 16472 16086 18269 26679 23512 15072 15018 10004 0 18865 15346 9184 17857 18475 16271 20566 0 26156 33931 28219 5171 16930 16099 12615
25243 19431 24095 12985 5969 4284 12714 11667 18852 14603 10751 0 20208 10590 14031 24304 18217 15922 13006 11232 12914 29636 9150 6316 12465 20952
14453 17186 28280 15652 17041 9832 19968 24371 19401 11850 11286 16036 16386 16547 16432 17487 17854 20594 19129 9607 14409 13349 21800 10151 9965 5635
10544 18644 23572 13528 15876 16740 14433 10705 15490 15840 14048 1864 16461 12873 18538 28571 14405 17813 17980 27945 18387 17310 16832 11674 16010 23188
17960 22790 10585 10455 11998 24919 31347 24108 16340 11619 9678 29095 15472 1330 20263 26670 16473 18834 13229 12088 26152 18499 22320 11556 10498 10007
15310 16311 26546 14812 27371 23676 15860 5839 16066 15919 18062 11900 15159 9401 24366 13407 20800 14241 12793 8876 23344 15095 19420 16895 16813 15595
29320 16776 16711 13706 7804 17086 24179 15716 18052 7888 9079 16104 16442 3651 25636 25855 13536 29649 23324 2534 21450 9218 19792 6252 18900 6680
13570 16063 16487 15968 16851 10397 36557 593 15126 10431 13841 17974 16501 10594 22909 14363 16741 22303 4757 9601 28199 22660 9652 20169 14623 25383
21117 15689 8980 14721 14257 12784 14795 10992 15009 17987 15877 14002 17699 11613 12365 17348 15352 16568 5975 9190 15300 25437 3841 17405 13783 23492
7240 17785 11547 14243 25183 17760 11653 23847 18844 8520 3118 13231 17042 12817 27945 5727 19436 25371 18185 15714 17901 17007 30768 9494 15758 6370
10377 14082 7428 13705 23328 21920 17201 26263 12843 7187 9922 14475 20289 5328 15755 14004 15156 17311 9480 7970 17952 14048 23745 7230 16783 26979
15003 12066 20602 11244 10075 15730 26342 11271 11935 19951 14315 7738 17123 9264 27525 14315 15689 19276 8538 9576 22188 15725 17623 10205 14718 2973
16028 17044 30325 14593 6458 11135 23597 23783 18100 18963 13146 22220 19344 8691 14409 14602 19163 14709 13199 18576 18063 4500 19584 7130 8488 0
7901 12113 8716 17476 1527 12996 1693 7665 16456 20778 8193 12136 19393 10061 24045 18804 17665 17774 6603 13046 19262 29869 15897 8107 15662 2147
16522 18600 17853 13423 14324 22479 11079 18757 18994 8361 6014 15949 19434 12084 19944 16284 20001 26628 11700 11205 32672 20576 22466 18756 18024 24123
26542 22079 8330 16886 23604 15377 8038 19629 11917 12699 9188 21824 16549 4998 12889 19819 15489 27153 15196 13881 20332 10929 14072 19141 17459 20006
12784 19112 11839 19300 16326 19693 9043 20296 15794 13669 3695 12390 22540 8615 23346 14699 16163 12655 12589 15859 21531 15665 11721 4371 17152 18515
23856 13325 21731 14632 17205 14463 12869 16237 12042 8299 22523 6412 16761 5503 11705 22804 17772 23789 8667 5822 19235 14580 14315 16349 13777 8012
17482 21104 6280 14905 12060 18499 23720 16247 16305 14586 10651 9011 14631 5898 28016 9597 14003 8983 7681 10262 11397 26629 11226 23533 14418 7198
16167 15158 24258 13262 23155 14362 18348 24178 16629 11006 15670 14567 16255 17449 20109 24576 17014 14011 11747 18043 7973 8562 17712 13048 17301 11631
20159 17529 4841 13965 25493 23311 23427 5297 13122 13240 6485 25538 17242 9731 12750 19719 12095 17028 16216 7317 27265 26895 7053 0 5441 26314
12808 12643 9595 13927 28146 14319 18081 20885 12745 6695 8478 150 20060 6785 24291 14910 16248 22623 13846 14245 25513 17059 18854 15264 21465 25862
23204 19406 9809 16349 14567 7873 17282 18708 19280 20678 13114 7692 19690 10821 25278 14269 19727 24336 7625 11004 12752 22846 18434 20215 21902 17705
14238 16110 8229 18839 11298 10028 15171 10340 10858 18914 9981 8015 19914 2255 32939 15389 16797 23218 15130 12602 31253 6116 20976 5240 7016 8433
16224 17193 29049 6979 6318 11656 18071 13985 17647 10967 23636 19388 17835 3184 31738 19093 18333 30376 4679 13729 28497 6569 15182 7453 18728 5078
17687 19887 8406 17865 12301 17585 6978 13442 11703 8878 8043 25874 13511 11413 19617 17814 16581 12579 9514 2715 16225 17874 11912 7872 13577 15469
6252 17988 15725 17388 11130 9184 27265 21667 12254 15465 15672 19874 15114 11078 16298 23236 15368 14037 12502 13347 26914 12429 18447 10517 11860 16599
16954 18201 31196 17631 14688 18038 31826 17829 17518 13974 16060 5209 18566 12686 13783 12649 13832 10006 5266 3662 25367 14485 6443 12151 6126 18850
14353 17125 27481 17128 4614 19774 20189 19658 14827 27566 12404 3498 20559 2491 16751 23175 18313 16928 6250 0 27437 13596 12699 18087 11277 14792
15967 17425 27932 17680 7059 14856 25535 14612 18887 9666 8504 16996 16288 9075 22517 28788 17346 29089 14107 7974 27530 7733 23578 10573 11515 8354
23052 17311 0 10481 9504 18303 9709 19431 13993 14023 4043 11773 14910 14802 30337 12048 19587 15657 14763 8448 19408 1901 20223 8273 17989 7083
17395 22974 22427 12663 16121 23487 14478 18000 16167 17649 14257 9846 17813 14396 3548 15942 17275 14761 11553 19298 18670 7976 36965 1855 16637 32884
21374 15415 20870 12880 15557 7317 22331 24229 16422 19347 20677 10720 17768 9156 19692 17903 21551 20024 8494 15354 31721 25819 11786 11877 15695 16902
16527 17791 9994 15344 7149 14109 23416 5610 13177 10806 10932 16690 16982 10226 18457 8220 17361 17287 11336 5725 13018 9778 17748 3048 21995 16812
15504 18752 11068 17553 0 9981 12167 7582 15562 20514 6298 6908 19480 12875 23149 27071 17640 16398 8502 16084 20866 11355 24036 12992 6471 4285
23028 22904 22769 16841 14435 8656 30856 14256 19010 6060 11058 23123 18125 9648 22589 13586 18949 15902 4694 13665 21363 13014 8592 9590 13094 8484
16688 19637 9827 14799 13395 13677 12197 18190 18091 8350 11080 0 18696 3481 22855 23841 19912 22487 12726 21519 22844 11165 16630 3934 15224 6672
15132 17092 11694 12097 10922 20631 6889 15000 18243 18515 10113 17244 20505 3305 19144 24859 15890 26427 9301 9637 21255 17060 10030 12246 11566 8751
13575 15967 217 16579 7573 12760 13874 14025 20092 1871 6338 18377 20580 13130 18233 19955 22390 14009 14148 16458 15245 17595 23412 15959 19075 8049
15028 18389 32519 12934 19371 11802 31924 16149 20005 20363 5447 13083 14610 14082 26358 15385 22228 15252 9146 9746 20118 17790 20516 6481 19211 11685
15982 15988 9185 10761 8933 21032 6288 20079 16524 20306 12264 8392 15669 12474 16490 22633 17795 23957 9865 11330 10315 15432 21523 10384 15103 34532
15880 10576 1502 13290 22144 13754 23837 22934 12822 18254 16595 13198 14556 9961 22269 24138 20973 28009 11112 19635 15772 19632 8018 0 11675 19052
16614 19891 22192 19501 5528 22649 24183 17021 17363 14902 18263 13163 14842 19111 22898 17985 11322 26264 7767 18670 15153 11351 7218 7988 20555 105
17975 13491 6595 13992 15474 22587 21562 20892 14590 10754 9757 12775 15367 15514 26290 35260 19540 18127 7244 8760 12688 11342 9843 11651 17549 20040
11332 17478 12910 10282 13325 14409 33164 13440 12153 3937 15461 7908 16769 12023 32616 19960 18475 6948 1077 17589 19815 20093 7876 10984 17848 22546
15334 21173 9658 15414 17756 20241 25350 12308 14573 14235 2953 7244 15289 13059 15025 3169 20851 19783 5400 16747 22869 17962 15113 14147 10432 8885
13932 22529 26957 14459 17746 15772 18463 12799 13334 8769 0 6095 14384 10752 25108 21563 15821 12148 10088 16020 17698 12069 16678 0 14861 21234
20763 16182 17204 19272 22379 13259 19536 17439 18105 12565 13032 17768 18813 14864 19022 24876 17258 23747 6392 6693 19620 20807 16913 2188 9803 14866
21648 14016 25319 19471 10555 16197 27131 12058 15514 18190 4418 0 16641 7213 24021 17701 19307 6638 7430 11894 24804 14218 17764 3103 15397 9403
16426 15878 12601 9239 16872 11809 16527 14841 15550 12990 1001 6448 15569 9680 20550 8706 18482 30280 19094 11733 11895 13722 19861 17693 19986 17485
9548 16536 10882 19562 25337 10349 16671 23348 16233 12165 17933 11818 18994 12638 23893 15114 16114 16601 25492 12545 14799 19349 22585 5683 22394 17088
17423 19717 26506 12051 24007 23682 30214 23976 14730 9615 3901 9649 15479 7267 19114 29040 19162 21477 4657 10779 13742 649 18708 15283 16008 14974
11840 14246 20425 16000 18102 12636 25232 3124 19340 20430 13134 18446 15871 10620 34766 17615 17161 19605 21854 15140 21738 8922 21816 6896 11798 24253
18196 17677 18057 8136 19034 14138 8006 28001 15463 7660 14825 20503 17031 12323 25413 20647 19260 22865 15361 9125 19459 26765 27442 6624 14566 6322
18352 18557 8174 15370 7509 9635 7616 13351 14712 6327 19315 19461 19112 4925 16753 20563 21219 24765 15898 6394 28616 16164 16967 17753 21362 9310
21655 14535 23639 14406 24883 23325 21951 20016 16117 11561 5386 8178 16857 9822 28250 18327 18712 16042 12233 26702 36917 24831 20509 18479 18329 10845
17968 23490 4331 14756 23098 18736 16158 12745 9739 6197 16229 8981 16208 15298 22909 16943 18722 16291 9894 9933 16368 25264 16348 16326 18295 18789
14801 21466 26297 14800 21095 8131 33463 18647 15396 3894 12512 20817 19764 2497 7171 15993 13131 28386 16700 5019 21224 18937 18722 15328 16256 5336
8048 14590 11396 14850 20903 14985 17580 12914 15445 11816 13344 17985 18154 13464 20981 14091 16507 21838 2891 7225 18489 24941 16662 2855 20967 14367
15652 15949 13725 17467 21986 0 11812 6658 17278 17063 5271 17926 18510 10540 27087 12005 18408 20895 15278 14120 19328 19450 13674 1532 19689 25751
15780 20513 23420 19291 15581 29871 26889 7221 15172 9266 17091 1181 17001 18308 13179 28515 16729 14714 6340 4085 12453 17629 3263 0 9420 3963
16271 24905 8333 15868 11612 12826 17334 11074 20587 15481 18943 18984 22271 9567 17806 19892 17521 19638 17562 6042 24735 14451 16386 15989 15134 0
19736 16135 17885 15809 24222 10900 14688 19861 13924 12612 13966 23905 16677 12751 21710 17196 24154 10660 12407 9339 23956 16219 13149 3021 23083 24163
23970 14972 14758 23484 840 18211 14382 24533 19672 4887 14596 10541 19201 4870 10661 21098 17674 10512 2357 0 20368 12043 22579 7471 20807 12363
8142 25162 18371 14182 14608 18463 10603 2858 15886 13393 13240 3487 20081 15698 20916 11748 15005 20320 19623 14780 19559 12489 27321 15486 16477 23012
17349 21973 16560 13128 12319 20436 24941 25964 12405 22080 23103 12993 20973 7534 16460 26034 18717 18927 0 13412 17272 10842 16182 9054 18579 11845
13118 18220 17677 11407 24556 13917 35580 20883 18710 8235 22398 22228 18752 9927 18510 19979 19202 18124 14343 18507 24392 12892 24420 21387 13501 11385
23511 18148 7814 16115 14388 17778 16777 10135 14847 12804 1424 14271 17552 13368 24807 23224 20884 21942 11543 9610 27665 24747 24482 10338 8167 12678
12868 15848 12364 15880 12527 22942 25702 22887 18866 19744 12205 14839 14657 8267 12532 19938 12704 23260 8940 19945 15512 18430 19733 10305 15780 9254
8040 18494 17176 14976 3546 10374 24916 7529 20799 13307 10084 13104 15505 7255 16306 29619 20234 17379 17375 11381 25865 10495 15510 0 16192 5921
26489 20238 19099 19745 11940 19115 13507 10387 16734 5362 2462 16462 16386 13980 18134 16611 21286 23022 11246 7545 21232 14023 29960 0 19959 9540
18223 21991 17491 13497 19762 22922 14561 18632 15870 17061 9663 12605 14981 11521 32259 17871 16311 17366 4137 9377 7789 16250 25003 11312 12633 19392
12759 23170 19666 12881 5938 19880 29792 24319 11007 17917 11873 16873 18947 13885 20943 12008 19314 24563 6163 11420 17830 12046 9251 7016 13750 6499
13616 17269 17562 8094 15739 8811 19764 16827 15216 12711 17343 0 17939 7755 17045 12668 14552 24672 11256 17170 13043 15184 20817 12639 15881 23783
14325 18157 29342 18118 21324 10386 20474 22722 14572 20762 15067 15657 16039 13543 17540 11939 16659 20169 11177 11746 14565 0 22275 11240 12566 21424
23843 16822 13719 10192 7904 15474 19173 17320 20463 11351 1292 13554 18969 7928 15073 25607 16960 13033 5966 17608 32517 10206 17733 5281 24591 11705
20780 12914 20313 22618 11956 11676 16216 16559 15045 3437 11465 12293 17628 9211 23782 19748 15066 9180 10028 10273 17753 14751 13051 12749 21041 10459
23030 15805 9056 18143 19004 26321 18036 16923 17981 8794 5333 13459 16764 8038 20560 21647 18614 12102 13380 5780 20669 3475 16631 1033 23673 20892
21793 16368 23287 15950 12973 12438 32069 25149 4920 19659 5976 21494 19603 11136 29080 33067 19571 16492 10820 17754 13121 15245 15154 1566 9551 27150
14008 20789 7942 15539 20325 27583 31401 24065 14434 12809 367 13041 17266 3371 20792 6695 16669 18117 14930 19198 28085 28792 16926 17614 17376 24581
27896 17295 15957 21748 13878 11760 26510 15684 17895 1855 22499 9214 17309 13141 13265 23988 19344 21720 18355 15852 20412 11642 15799 10489 23142 16262
17508 23518 25458 14351 32245 16257 7742 6830 13574 18631 14546 9412 16583 12099 17258 14025 20273 30333 20498 9397 23434 19846 21125 14113 13328 16149
13578 13152 20381 16560 15411 20274 21867 25004 17630 10563 17678 12573 14384 4673 20380 22850 19637 15654 13106 17398 18157 0 14154 6871 16071 13377
9212 19336 24897 10895 14370 17685 14232 11614 9752 2992 8044 16866 20329 9965 10793 26945 14663 18482 14760 15616 29971 14322 4105 15786 17159 5553
13179 15629 16766 17096 11598 8949 17957 15920 15017 13106 16035 13332 15651 4936 19086 14061 17618 16767 7474 13482 17968 13498 18813 3383 17473 23614
16945 16853 19405 18050 12386 12240 27578 8570 14124 10737 5232 13425 16113 13606 25681 22018 11162 21995 12856 5725 14407 9932 11505 7367 24223 15282
5806 14373 26820 12765 27861 18259 22051 12386 17134 17094 16217 18179 17385 15689 23643 6047 16810 19148 24256 13860 21135 24888 16353 18045 14384 19370
21390 15298 18537 10538 10893 20663 22381 11979 12039 23066 16764 3463 15390 13710 15944 24930 20097 7733 2322 12175 13874 21694 12226 30222 14483 29463
16752 19808 7374 5866 16492 24153 24932 22850 12414 9582 4820 8675 16301 14917 27286 9209 16172 10727 12997 18025 26462 23794 13853 0 10243 10049
15131 18278 13548 11025 10470 15587 9414 16971 17570 8933 8962 20029 22986 13445 21297 22367 17247 17424 8038 19453 13459 21683 27584 12900 15921 2307
13167 16840 16175 21374 7741 14362 29199 18297 15660 8729 21488 28586 20460 8515 28665 10491 22460 20130 17433 8496 18556 15020 13816 9669 13422 26943
12384 18474 11154 9561 6626 13899 15195 22210 14941 4022 15953 19210 14696 8231 11940 15219 18963 10351 13924 31384 21910 16975 16335 16004 18031 15769
12738 11908 15061 14647 11031 15158 11988 13440 16330 6393 680 18608 15560 10385 24879 19503 16367 14277 10758 19939 20261 19865 16700 0 18314 22667
13414 18092 24038 17575 4836 14216 20950 12248 19371 18527 3296 5108 17450 7669 19146 20832 18442 22386 20407 12234 23013 13890 21220 9673 19749 27795
12763 13626 19495 20909 20985 8060 18437 20627 21738 1241 16369 10244 16917 10773 15146 11474 16129 18436 4320 7625 15356 25196 31223 16785 12910 24014
6851 11213 29009 16266 29971 0 25227 19209 14033 6926 7555 0 20627 13490 5196 22678 19463 21730 18542 0 33783 17447 16450 7110 13103 11220
19763 20952 16459 22161 14657 17036 20403 15714 10972 12900 4087 13199 22760 18624 15894 22910 19950 25406 5641 10623 12234 14468 6447 12181 20003 16917
13505 12517 17832 15643 6457 19212 17713 27462 13371 17741 8121 17044 16371 11727 24927 13161 16277 12918 15253 23106 18116 17148 22117 11217 17552 6330
15493 22108 15833 10137 13697 6580 16015 9195 18666 19312 11223 16567 16247 7469 18640 30933 17602 23899 12918 21260 19495 17267 5904 7823 23081 13949
12624 19480 11977 16219 11567 15880 24514 12648 18601 18089 6376 17766 18361 7790 18316 26542 22374 12525 11681 25727 10872 14677 25552 17634 14171 11818
12851 20313 16617 13899 16145 14641 18284 22053 16964 18280 13318 0 17172 9368 30597 12643 15398 17639 8972 10321 17403 22318 11497 12575 12469 8499
15288 17251 15930 16967 12033 8954 29497 19884 11017 8177 10686 18888 19302 11351 25343 23209 22285 9129 12087 70 22653 79 16913 17649 9973 8150
15916 19771 18948 8676 5069 29517 26340 11979 18793 12455 0 11422 15899 16538 19355 18805 17854 25580 14235 7747 21287 14187 14963 12757 23538 19051
18052 14913 38097 12184 9038 7155 27536 17440 22425 9824 15505 5624 16150 16634 27050 20028 16672 27111 15400 5205 11309 10389 4086 9484 16531 11423
14038 14383 21523 13249 12265 19231 22946 30593 11233 14763 8840 10171 19826 7097 27045 15278 12480 19601 21111 16771 22647 24149 9117 15960 13611 15539
19219 15946 11111 16945 8043 16110 20378 18299 19661 9379 5364 11470 19757 12039 19468 22101 16099 8086 378 22726 15498 18985 13803 18733 18956 11136
21773 16350 28239 15241 15840 12508 26640 16539 15746 0 3956 10961 17212 3244 15766 21926 21455 11937 18540 7767 17879 17952 15128 13411 18073 8197
10011 17781 6850 15003 17625 11572 31170 13811 13603 11908 9302 20196 18166 9549 12890 16318 12971 22713 1371 6900 10100 25342 5860 3846 20289 14632
25712 15993 21459 14964 23546 19738 27999 15619 13697 14315 17208 5668 16102 11397 25906 22747 11008 22432 13499 26074 24174 23118 18703 2763 17475 32168
10688 9133 12252 22241 16743 16726 18726 8383 17820 12072 3882 4737 14515 13459 22577 32206 13059 23565 5127 14334 15876 28049 17362 10655 7110 5167
22287 14641 14142 14300 6127 22406 12768 26874 15978 4431 13040 834 17628 7766 17305 17615 18301 21968 7209 20729 15743 10080 10285 9542 18238 15891
22315 13811 18532 12796 27887 17298 22696 13012 15097 4562 7490 15564 15519 14104 26453 23206 14403 6278 11764 27835 25035 9328 7863 9253 12567 18511
19289 16789 6455 18905 9484 20665 16778 20857 15140 19642 13119 32212 20145 14023 14696 19406 13766 20517 15324 2243 14667 10339 21363 28114 11995 23735
16747 21786 26343 12362 3907 11778 22211 24963 21547 11739 522 1543 15745 15349 18527 24198 15392 22497 3215 14901 25680 9242 24710 7442 13029 11129
20188 22640 24316 15814 12265 11686 15045 14858 14749 9365 16300 13579 15489 7828 6112 14695 17277 14168 6451 27908 14243 22478 17608 5689 19498 18956
22104 16510 27368 15468 21288 221 17804 16311 15636 18984 0 9616 16647 3469 21646 23713 15756 24802 6023 17253 35575 19492 11823 26240 10286 16403
19111 20137 4422 14154 16311 8055 13441 7219 19877 0 5509 12365 16212 16873 13191 10730 20036 20867 5135 21193 16972 17338 29859 2391 18438 25909
12086 11810 19905 10013 12468 15573 20362 12731 15984 2248 15838 2401 18289 10589 26513 28397 16334 23741 7564 5723 24453 18783 27666 6492 19758 17188
22534 22286 29630 15202 21376 17614 35218 10623 15269 11450 10272 12779 17132 8865 29885 16343 14460 18339 10655 11881 17870 19623 5545 12347 12096 15915
16430 13165 18268 14755 22045 10290 13459 10527 14172 12314 11676 18454 16017 11611 22531 12775 17781 13046 21184 8863 20956 16740 7567 8488 14101 25347
21328 14067 25956 20039 0 22986 29998 13276 16867 6544 5153 9460 22276 10623 12948 4040 17525 22620 7861 16318 16448 30277 14364 14963 18602 10035
21785 16070 13502 23086 20758 20791 28797 16715 13800 15650 0 19365 17065 8934 28269 16782 16732 28620 11293 21092 20140 28830 9966 3558 19454 15396
18384 17466 23863 12304 16127 24371 33287 16618 15155 10198 27219 16603 18698 11678 15812 27105 15807 22441 15514 10720 19815 15962 36469 21038 19947 16606
16091 16389 18310 16193 10427 15127 26040 29672 13914 6975 8749 11228 18580 15183 20808 17684 13587 24708 25331 10642 32824 13849 19269 3510 11850 1673
17769 19761 28865 11714 19797 27185 14588 13374 17028 6607 10774 20080 15783 15817 21997 7707 20362 16722 8780 11313 15469 8458 27014 10584 10977 17493
20113 12766 12513 18847 4637 20589 28224 15365 17387 17811 17753 12913 15168 7759 11664 13911 15970 18819 16788 22303 17887 360 21210 1550 18710 9000
22528 23159 15645 13488 16142 20301 26958 15506 15686 19010 13275 908 13976 8300 28043 7472 13257 30541 10437 18439 17730 14410 18263 22425 19833 15804
16758 20866 10049 13442 19945 8311 10964 23630 20937 13247 15039 14171 17889 16300 28207 16445 20715 18332 14076 7055 22578 20523 12811 13187 19100 15332
12256 16808 10591 10231 3721 11701 12911 21884 17414 7397 10698 12157 20394 8401 22552 19114 16292 25418 9045 9678 14840 10942 10504 2332 10859 0
6016 18270 22433 14722 10129 10396 8507 9523 16833 15192 16646 12858 17269 17140 19270 15751 15614 26851 18875 10582 16872 23179 15856 29290 18095 20945
22191 9994 14146 15163 24327 10982 14842 19981 12914 3998 135 14694 18560 8148 26262 17159 16544 17392 10932 17443 29764 14950 8063 0 11155 17251
27508 23216 3533 19151 4751 14286 24014 17510 12186 9387 789 3632 16726 17453 25210 11119 16429 13186 3847 11035 31515 25824 14116 5471 17369 0
8638 21975 14904 18032 14889 15769 17183 20438 15638 1024 16985 17859 18088 7439 14486 19727 19020 21857 11123 13208 19256 17648 296 9273 18425 18415
12489 16956 15064 18077 13788 15699 30855 13107 17206 16780 0 4094 20371 5278 17836 11147 15456 27436 20712 0 23040 15207 8981 8848 13350 18895
9315 18536 7495 15779 11556 15854 18533 15019 17913 17122 18086 12851 17690 11439 13918 25496 15965 18746 11659 15952 28787 23219 7917 10737 10460 6323
11886 13516 16129 19765 14121 8820 14244 17262 10727 10301 0 12417 15998 15293 21612 14218 18713 18727 15021 7549 11610 16735 13750 12333 12255 9185
20886 11949 21764 23739 19080 12252 24058 27453 14553 22408 16464 13811 19597 6534 21706 18387 19189 26416 11838 5892 23302 26353 24649 15474 15417 4083
14382 20052 9360 19696 27054 21206 18194 19538 16645 13361 18486 4300 18242 11561 12734 4553 15168 10627 15558 16200 11810 10574 26501 7335 17970 12898
15695 13616 11497 17377 13350 22938 8771 22392 13278 14558 13146 15802 21099 9435 17970 24271 16111 20418 10109 7431 21760 22797 23260 7702 23502 20591
12047 16286 18670 14493 13741 14041 22179 37106 13867 11034 11656 11687 15275 9474 26470 17967 18164 19796 0 15339 15682 5783 12607 20315 11560 14761
16520 21158 28694 14005 14867 11229 19621 11696 12867 15056 12907 12573 19832 11719 8432 23627 18617 14994 11291 25877 18557 16353 23537 0 11688 2806
17978 12809 9843 10854 14496 16015 15416 11744 8510 10741 16912 21752 17128 15085 15751 9214 20066 24715 25543 23335 20526 28913 10477 3916 13224 22487
11163 20277 17774 19373 12720 10556 30973 14969 16323 14833 11296 24014 19635 10947 20733 31308 17448 18356 22514 19957 19432 14945 16587 10948 9187 11533
22261 10800 7053 16147 13846 18654 17727 16416 16481 7741 14654 15213 20780 10867 17296 18291 21445 24460 4070 11182 24478 13158 0 4698 16686 22494
13909 18975 32133 14143 18205 18837 17265 24759 15493 8045 7152 12903 15211 6734 25581 22118 22720 21129 23025 0 15746 12583 13602 9464 22147 19543
13785 16847 38935 16955 11709 13911 22185 17782 14312 7767 8370 18884 18724 9579 15017 14121 11866 20136 9716 9630 28435 6775 27649 17594 17702 7864
16189 20814 21846 15139 1330 20620 26638 16229 17399 24656 12365 22146 18077 13562 20487 27815 20094 18784 16841 19374 24678 1686 27554 0 9850 2964
21748 16492 7050 21205 15291 18651 17018 18197 20189 9464 7720 26293 15746 1422 19471 15476 12418 18417 7354 18269 22522 16670 18303 11305 13848 12775
22228 19811 11050 7929 15938 18626 15627 14401 11189 19128 15212 5904 20249 8651 17677 7167 21865 26432 13473 18018 21366 17598 22142 9012 12827 16613
19192 21167 18356 11837 7992 14582 22999 23284 14580 14129 2945 10861 15289 12191 19108 21669 11997 14340 5747 7923 15325 8204 22747 3682 15065 21774
18787 16699 7920 12813 0 4482 16338 22043 9937 20379 6900 17834 21984 9561 14602 28552 18490 26318 10547 17395 15342 3944 14175 7935 15369 12456
4469 20699 5186 11424 8347 8014 23375 12280 8564 3889 16386 20550 19546 14513 26893 4523 21051 19643 22077 8606 23728 10745 15087 1199 14499 3379
17490 20643 28188 13788 10383 6507 8969 12243 15538 6224 13229 8035 19269 6610 14196 15422 18556 9036 11996 15436 11619 24110 24529 3366 18283 13186
13853 14588 21800 14127 13416 18773 29375 9513 17953 22747 12273 23382 15305 2389 24865 18621 15753 32858 6168 14655 24096 7673 26433 7422 16405 5324
13461 24540 23048 13970 23604 14029 24287 10001 15328 16713 22211 12032 18076 12680 12960 21761 16826 14183 20176 6957 21449 9053 14733 7657 17056 16484
21597 15313 14718 23867 10131 15302 31285 7462 14195 0 17463 23915 18987 9231 13142 22314 17359 17428 6482 7899 23296 15092 7322 8211 12800 19541
11111 18668 12864 9778 26251 14496 27265 15804 16058 15634 2899 18953 16929 12689 17379 15977 18041 17738 8879 17918 23196 14373 15905 17842 11017 13532
25411 18376 17561 16919 7532 17240 36140 8295 20137 11244 8844 16928 18491 13096 10717 30220 15897 16266 5209 22848 9078 26997 9192 21171 24596 15250
26544 21397 15519 13566 10375 20144 23752 13885 17523 11138 4433 17952 14668 10896 31588 23082 15398 26120 11786 15401 17835 11904 6502 16184 17227 16376
9244 17416 19498 10044 8705 19515 25252 14145 14666 13597 10888 14375 15556 14518 23291 15446 15117 14244 20399 11555 25019 13862 0 14357 17276 6067
17391 20434 10362 11921 9201 15915 18789 13397 15999 5748 4892 22758 16575 9258 15293 24473 22898 15917 6917 17987 25214 14507 14572 7827 18364 12521
23822 21954 17513 15427 14982 24897 21525 20778 20843 16524 14125 6052 21869 6205 22498 19899 17215 7835 27 11671 15124 32788 11496 13439 12126 9654
17239 21369 9020 13637 23329 8172 25523 16080 17101 25715 3095 90 21062 5393 9298 18018 19725 23387 4912 10942 29231 26789 29640 15496 15444 15790
11564 18701 19716 13279 25621 34378 15531 23667 16019 4241 19133 16358 18400 6069 24171 7585 14942 23833 9186 16280 19056 15612 29815 18899 10725 19951
12874 12874 19291 15110 14161 25274 33794 22552 18892 4485 4538 21371 17035 9460 27825 13142 20718 16875 12047 12247 15541 14771 13163 3472 13395 10752
27324 13235 9053 19280 15996 24511 25568 24601 20004 6089 10206 10167 19176 17560 27391 18808 15102 20335 9341 8401 11218 8802 12545 24042 17077 15039
16223 17470 754 14282 25867 20656 22583 19247 15461 17814 19649 16057 16439 12358 21572 13525 19406 23133 9136 14563 24452 8950 9919 19342 24514 3109
12922 21541 29708 14642 18359 24304 18030 10533 17460 11043 15721 17498 20978 8277 19037 10227 18918 20694 6745 7191 26064 24127 17505 8976 11624 12776
8945 15384 19196 13904 17602 12807 28099 21078 12370 6897 20991 14448 12628 11766 24310 13943 15188 14528 4199 22743 27921 20965 21519 13240 13960 11341
19727 22854 2816 13788 12753 23242 15989 20822 14655 6120 16249 5976 19419 11638 20428 22971 19357 16535 14601 17067 29009 16919 17087 12785 7898 18732
16152 16498 21321 12098 12732 17480 18580 25766 20153 13399 18915 19508 12391 16275 19118 27119 16016 25871 12177 6991 22646 27153 21244 4334 10059 16000
22141 15282 24648 16306 17913 15964 14522 8886 18557 9390 8618 8699 18503 15347 27928 20712 11977 25325 18394 196 21276 19310 17377 16787 16881 22227
16361 14643 10681 13829 19095 11870 27300 13806 16629 6360 4915 6723 15511 10265 19859 18545 15113 11724 12627 16691 19382 7500 0 22787 16939 12090
11518 23391 9628 13647 11313 18438 31561 12323 15842 11802 15294 8599 16247 8652 25854 28671 19388 22601 15484 17431 21581 20695 36845 1752 14870 21981
18717 13802 21113 14034 17638 11421 19273 28001 16354 14856 0 14731 18671 8737 19855 15304 20784 18542 14542 12020 20836 14991 11587 12264 15128 0
15656 19847 26881 13433 16281 11315 16092 20625 10549 20285 10686 11130 18412 9642 8207 28471 16126 22888 13791 8418 22446 17157 30620 10154 20047 6011
16432 20102 11301 16596 21488 14014 14505 8683 12895 15269 6310 16520 19199 17472 26757 23954 14776 7261 3238 28535 21537 21797 30899 9483 15871 31749
17634 12440 25987 14722 7526 4599 24029 9972 14683 13950 21911 4961 17074 9209 27035 21310 18151 13797 16673 28126 26022 12147 22801 2558 12108 12261
23953 18424 15380 12996 16742 11333 11602 3303 18600 15526 9225 4973 22945 11502 15902 15280 15274 24764 17754 7540 21507 19308 8226 2356 22122 7552
12620 23582 13834 12903 4481 9631 14602 18792 20455 15381 3680 15129 16281 10726 18720 7004 15523 18212 9094 261 26248 23823 39220 7866 12045 0
18530 17161 13636 8008 8507 21956 27331 16594 19211 12161 9522 12220 16086 14661 20789 9335 16375 25928 16438 4985 23116 21666 20787 16446 17738 8122
21702 16448 12330 17108 12113 18631 23336 19951 17475 18310 12228 22308 16076 14764 21249 27589 16508 15108 7597 28817 24734 18252 19074 11125 22413 18282
16925 15421 24542 16303 16573 14025 28814 24168 16847 18161 6766 18219 20803 3721 17096 21903 15631 13274 19701 13174 27205 21003 11197 18767 17059 27936
7243 23105 24590 13710 10694 11394 19123 17278 15821 28656 6216 23270 21131 11475 19908 6743 19492 22818 5789 22842 25890 13646 7645 0 20454 8703
18185 17934 29785 11759 10211 20854 22891 17932 15103 20068 11213 24017 15957 6798 24619 18696 19528 15586 16924 5661 11414 19363 13305 18052 21848 19805
6952 16022 19860 17391 23624 12318 24407 19547 18103 19246 0 0 19598 11875 20952 19992 19338 21010 2046 10893 17642 8761 8144 6622 18215 12139
15445 23741 22950 15721 0 6932 28203 28004 14449 5667 20194 19810 17205 12656 12738 16278 18142 5388 11596 16338 28625 9984 10007 5285 18124 12847
18526 16865 19625 14649 9902 15506 18888 9690 14838 9206 23538 15701 16528 8814 21923 18838 16901 14158 14805 5016 27994 14482 19584 7464 6293 15880
18565 15237 17266 16137 14392 15494 19057 25829 14728 13514 2834 2891 19020 13898 24720 16793 15362 21075 9304 19906 17931 15348 16436 8560 14063 0
13967 19267 15933 10271 1130 18267 8087 18643 15735 17529 13805 14357 14459 11464 17974 13069 15742 22590 11592 16276 9018 9247 15464 11348 15889 1058
18342 18270 19325 14563 1176 16677 9870 13088 11017 14522 15639 20593 19239 17559 15924 20254 16860 19189 12554 18501 24205 21506 18915 17369 15246 19450
14626 17414 22069 19602 24108 11768 27088 16509 7791 10372 18478 0 12862 6539 22354 37322 17712 25047 25043 10830 9791 18500 3843 21310 8064 6624
24163 18369 14665 12003 11011 14169 10950 23298 19057 8149 18695 17689 15840 15476 15151 15551 17682 14531 6519 5676 21120 16524 12980 17092 14605 5148
20023 15762 21809 15985 12383 15088 16997 17092 15888 16846 6517 12812 17588 14430 21265 21719 13715 32363 8180 16649 13379 21957 10983 7192 15395 7969
14267 14923 11743 19648 12039 17518 18792 17421 16993 13924 8507 16557 16227 14907 22370 16458 21767 25872 13924 16439 21387 17363 22190 2376 17559 13332
19288 20412 22010 17757 19683 17047 9157 9062 14786 13106 4215 2838 18618 17985 17631 22711 11074 15779 4402 14460 16282 23047 8161 2831 7897 9373
12983 17979 13687 15167 11508 17007 16954 19017 12648 4525 6033 21540 17648 12453 15680 21787 15947 14673 11776 17725 18763 14973 13987 3766 17071 16830
19878 17851 15909 21806 18364 6482 17519 13777 14979 329 16415 6029 15464 10407 12685 15929 19504 15662 8046 6804 22741 23409 14900 7913 15064 1878
22166 23750 16977 20590 313 15714 20104 18273 19543 8327 13861 14063 18363 13464 11719 23698 19599 30803 9581 8970 18118 26010 3542 11871 18678 5883
9459 17266 15076 12368 12482 11272 17753 16132 18480 14944 9536 7954 15040 11114 29252 13169 17231 10902 8053 21825 22996 15462 23034 17683 16057 17175
7099 9308 34181 12471 10370 7041 8719 16237 13743 14329 19908 13796 19569 10692 18703 26102 15414 21398 10093 4348 31668 331 27361 22222 13526 12585
19809 8172 16754 16815 11492 19278 26466 19961 14320 10722 9260 21987 18854 12340 22332 24151 19669 25366 14747 17944 21647 18614 14678 13088 7655 23951
24131 14053 29142 12411 11641 6556 27075 18357 14119 12421 18695 4289 18330 6922 18634 27714 20673 21900 8838 16557 22433 10918 29732 18002 16209 16442
20317 22159 3565 15663 23038 10885 9346 26381 10143 9328 1848 21949 16086 14333 19665 20621 12894 21984 6077 13610 15371 13685 26222 22262 18971 16634
11896 19163 29962 14411 14431 12690 15828 13934 12633 7272 8757 15686 19713 11567 11531 23471 16899 19138 21091 17191 16722 8714 32276 22116 13873 16633
16080 20766 26762 14836 23654 20792 29500 21280 15264 16353 21134 9069 18018 15448 4853 23377 18132 23542 3450 28180 18822 14539 19820 12966 15735 30803
23791 13291 22372 13853 19772 23492 30894 8782 14033 7853 9210 23502 19471 6212 26430 7977 13347 24633 17331 1494 16840 26031 32942 4812 25451 24984
16628 19859 19392 16783 15056 17563 12448 18399 15071 16465 7697 5440 12965 5654 16760 22954 17237 11544 11278 20362 14395 13249 8036 5500 13776 16411
12784 16904 16360 19290 25874 8059 20995 18662 17642 9626 18421 20219 21619 9642 16364 19485 12115 7377 14769 26500 20420 17881 12754 12195 14025 8861
24904 13508 19003 18932 10604 18638 29040 17159 13950 17996 2359 20022 19479 13433 14193 19108 16420 17963 13605 11407 34794 14657 22786 21941 19299 22114
16194 18832 16765 21759 13159 13668 13102 11860 16042 25281 6353 19751 16117 11984 16739 16467 16750 19668 4159 12284 24016 15699 7802 10616 13887 4061
9369 19176 15148 17684 28164 19672 11186 24765 16977 290 23387 10310 18036 10137 26947 23080 16979 23868 16353 10323 25064 20992 9899 8726 17588 21794
17181 21097 3568 11069 3318 26191 39186 17008 10248 8073 6758 9541 16847 7067 16970 25387 17979 15258 11450 10672 17423 23237 15027 0 10672 13837
25050 18612 15976 14766 11069 28198 2892 12765 14343 3874 13708 1087 13289 10358 17433 21058 24002 13978 11474 11309 14837 9147 15625 4615 13408 25161
16238 18832 17548 20376 17143 15362 18141 15593 13716 14125 15133 8031 17771 11846 23573 12816 15235 29695 13997 16047 23472 22985 17296 14960 6990 18979
12894 20644 22426 18316 13020 15053 14008 25661 15262 15799 10313 23663 17857 5824 23304 14061 16990 4055 8493 17409 20592 14631 22071 16230 20282 26889
19095 19043 10647 16375 19794 8427 24920 8324 9302 13011 5828 5189 19579 8039 21036 5545 15956 19973 17609 14609 21253 26559 11155 7168 21591 1256
19385 14770 15691 17052 14459 8301 28316 14504 14087 21619 9372 15302 19620 8364 12805 10775 14879 21352 16589 18964 10581 27785 23963 13350 18469 20715
9692 20139 17540 20640 14135 11317 9700 25645 16043 18332 12544 19016 17773 4675 19390 15372 18761 23916 19603 8829 30143 26808 2729 9809 8827 7954
14243 17935 0 19359 13735 13555 7449 24368 19331 15641 10066 19149 16534 19753 20074 12883 17103 7630 12320 22548 21241 12395 3324 4182 18745 4025
14463 17731 22276 14677 33567 17590 19355 16488 16728 10369 2406 7885 16355 6507 16697 23110 16760 21809 14660 19412 11602 25623 20310 16616 20208 29814
17161 23015 15071 12717 10449 18331 9538 29797 15527 14057 9816 21479 18124 13496 23529 25635 13986 22547 10510 8369 21497 0 19960 1681 9198 10496
13837 13025 13853 18738 18301 12255 21322 15520 17735 13640 12852 0 19000 13755 23217 14702 15793 18775 13808 30070 30267 13460 13151 6655 10920 10812
15583 18702 19646 13307 22625 12419 14233 29868 14842 12017 4837 6683 16501 5056 24811 24887 16117 22751 17375 6581 24002 13652 12467 13882 17966 18314
19027 22277 14307 18840 20584 15628 9584 23044 15853 8137 8994 7450 15022 11732 24353 15026 12589 8837 9216 20170 6430 12868 15283 3465 22210 18210
11402 17750 26622 20215 25474 21456 19168 20471 16576 7417 12676 10713 15350 6837 13799 24685 16321 25347 18022 10750 17987 26269 10268 8575 14362 6967
16426 18362 15634 11007 19864 3559 18926 21688 19682 5183 14366 20318 19463 11998 24793 11304 20094 35671 15615 13254 11096 18600 11029 8158 16950 6965
14115 7277 31263 13497 9592 13228 19539 12657 16500 5384 0 13244 16741 11046 16873 17689 16251 25789 8050 11048 31392 16467 27613 6114 16622 23828
15593 16306 11169 13091 12615 13963 18499 16546 16939 6296 1580 2457 17461 9769 30256 10849 16741 17376 14397 23729 10818 26994 28262 11040 18019 17519
18030 18723 17012 18060 14001 13799 21705 14974 13803 10676 10089 13699 15355 5116 11036 29995 18514 22883 15820 14315 24000 20855 5139 15947 14880 23465
16921 19634 24405 19854 7974 14761 21689 12758 12638 10813 9860 22286 20119 2669 28701 23999 19623 28524 13944 6779 22920 19297 18210 16170 15095 17781
16788 14896 14389 13916 7021 21931 21390 18300 14318 13195 7475 13289 16134 12878 18408 23559 15296 22887 12313 13485 18448 15149 22696 25101 16421 6495
20314 18460 24076 14005 16323 15597 31416 17973 12318 9113 4967 22258 22117 9508 17794 8690 21582 19806 10962 11024 15000 6556 16385 8641 17873 13905
16244 16373 10540 12941 14194 19189 12261 3913 14426 11155 18257 2263 18270 10613 21133 22744 19178 16968 9032 18063 31760 17118 12862 16627 17117 16398
10210 16734 14228 18449 21625 7792 22015 18935 18965 9433 6701 10722 16947 327 21569 24228 15489 17441 7825 13696 27868 8384 8030 16459 23889 13048
16318 10899 7770 9524 15760 11894 32348 10018 11981 11820 8646 5420 15514 9876 14599 9664 20482 12736 23660 16708 26126 9648 17312 6375 13269 9370
16643 16852 1062 13787 4835 17960 21827 14402 15258 9392 11350 6761 17810 12359 25250 11293 17877 14312 14775 4460 20602 19610 15321 16365 11955 0
17334 15438 13616 13579 17567 11178 5639 20115 17457 12123 13468 11042 14944 12893 18214 6552 22241 22424 13732 7782 19038 18543 12634 6373 12084 7225
21624 17850 12738 10469 22821 19385 13081 28651 11156 13209 9272 5879 17096 11894 15497 31213 14813 27299 10823 7910 13798 13244 19993 20341 15882 11763
19305 18548 15017 11136 17355 14976 12757 7032 17542 13187 16358 7837 15258 1908 6646 10885 19778 21398 9817 15890 24273 14575 26890 5037 21659 1325
15748 15658 11787 16462 30460 12679 10158 9124 13928 17568 7265 20335 18253 5901 26869 13907 21733 9088 14453 8611 18877 15645 7557 9171 21399 0
23180 19447 9392 20189 26963 17183 17961 0 18680 9467 10651 15488 12998 3054 18178 19865 15659 16839 19351 0 24164 23541 25000 15861 13126 13850
26320 10759 0 21000 2645 10942 1813 26106 15694 12495 18130 15275 15695 9628 20116 18809 14720 21376 6612 23539 21632 14731 23439 5988 14882 22058
16488 21239 13613 14467 11382 17773 11616 14396 9862 10762 13173 0 18527 12354 19136 23267 19189 17626 15433 12545 25178 26010 13076 7023 12203 16507
18547 15040 7401 14766 14503 16334 29524 14147 18682 19134 10629 8793 17673 5366 33041 18159 16823 24274 13075 19752 17477 16976 16464 5855 20469 1030
15354 17224 11959 11383 31055 21534 25265 31737 13958 9974 15929 17323 16402 12107 13404 32257 19632 8977 8236 20583 23041 9680 14471 15264 17063 19153
20086 13478 15988 14750 7999 17370 10799 19995 17885 20244 7878 2490 13451 7250 17424 16824 16798 14354 16789 20562 13566 12065 18500 0 9690 22843
14780 18736 9714 14959 3608 14002 16550 8086 13950 6911 5319 21556 15733 4651 23398 22986 17754 18668 11569 11568 19244 20276 21710 4902 16012 21506
9795 23132 13308 19357 17492 22054 16012 23505 17463 10635 12308 13399 19230 6423 13824 21429 19060 23424 17223 10201 24700 23221 13661 9146 15669 9850
17603 22242 7873 15044 16137 11892 19986 794 16167 8372 19072 11787 20830 16970 19442 20334 22156 15734 17080 9256 17304 6668 17716 17204 11594 24070
11674 18261 3590 14792 13956 15733 18244 20572 15716 238 16914 18496 15940 9278 11180 18789 15223 25907 4487 4420 28684 16793 11729 5461 12866 9539
15525 20103 13441 17740 11721 8423 25568 7792 16414 6092 0 20814 15398 7062 21499 11001 17867 23214 13199 13459 14793 21828 9188 22234 19818 31095
12805 19459 11719 23146 13071 6652 12519 21004 9796 8509 2406 17527 19715 13703 25377 12350 24077 25940 12820 13335 18335 18439 11092 10279 12629 28384
15923 19427 22949 15822 14704 6305 2840 20012 15683 14833 8434 17359 16220 14297 19277 21186 16589 10661 11371 9873 9855 11819 16723 19633 18020 12889
23471 14407 9765 20059 26138 16193 13999 14216 13955 0 16443 16674 18518 5711 9578 13191 15333 24952 5306 9615 18639 13571 11539 14200 16884 18908
14537 23138 20253 12910 21213 16405 22239 27530 12644 10890 5341 20161 16766 7660 16051 23902 14387 12651 7979 4978 26162 11651 28877 5770 21822 19550
14090 17361 8329 14404 18045 18173 31136 9274 13379 4142 15043 28204 16907 2225 23380 16832 18806 16578 7480 7810 19260 12252 17069 1864 18837 0
18270 12633 10809 7640 12723 23049 16663 15257 21513 16739 18666 13206 17884 6695 12972 28126 20278 23736 16529 2029 21110 15995 19324 2947 12724 21042
14691 12924 28287 19218 5530 12663 16527 11126 14853 2240 10828 4890 18226 14103 20025 21724 17630 28567 10974 13905 18618 16761 3602 17398 15750 24595
16782 13912 18001 7506 11586 16033 17984 16029 20384 7921 1857 19801 16488 6688 26267 22541 15452 26192 14475 15598 11258 21331 17216 9000 11453 8415
6990 16050 3448 15817 16544 16496 21927 8585 16237 19725 13362 12302 15531 11072 9632 17500 16663 17839 9972 19612 20660 18522 19121 14069 19133 10464
19950 22272 4237 22084 17917 11486 21340 14507 9761 20566 4487 14068 21451 6857 23496 18688 14570 34439 13823 14569 19321 23865 23456 4565 17139 12824
16337 13984 18354 11430 6697 11391 19815 14972 17460 15071 0 25041 21442 8380 4303 12529 16015 18040 5685 9939 23846 12941 14818 10216 13529 13346
11694 19180 9267 15088 12764 17857 11418 12955 14934 15663 17859 8129 15347 15334 16052 15355 17614 18712 6622 15108 21448 15725 19634 10740 17086 14338
16368 19066 11501 17976 8184 6722 36079 13081 18456 17619 3534 9250 17452 10428 27844 12124 16983 25484 5760 13103 13138 15628 19706 10829 21385 4835
17697 16606 25942 13944 23122 14593 25459 11412 14439 5402 7615 6508 19752 11205 14570 20270 20113 18004 14513 9679 14187 20929 9255 19652 10186 13211
23016 16576 22728 17826 19227 20037 26170 18896 10774 7288 7448 20172 17251 1434 20696 19577 16784 20296 11084 13213 9708 24965 18324 11721 12134 17962
17390 18177 8108 13582 18008 13352 27522 27946 16039 21377 0 7916 18287 8230 19215 18226 15984 27743 8822 10536 21262 4261 28503 15718 17447 20734
16522 14737 23735 12461 24609 11061 24928 16953 21534 8509 10559 10858 19246 11098 26835 29137 16004 5827 19600 21082 26276 19222 16138 12418 20374 20016
19554 14577 14506 17437 21162 16471 18894 27923 14720 7136 8698 25405 17804 15604 14287 17822 18333 22390 11102 9787 22268 19940 27731 21745 20386 0
21539 15457 21572 18589 12819 19578 15638 12672 18542 10864 11165 23608 17214 3782 11504 19125 18231 14953 13038 12726 26004 12123 12198 8735 15045 19774
6036 23306 7970 13442 18505 16145 5667 25787 19815 12315 11790 5075 18803 9206 12439 15765 15681 28109 7562 11365 14878 21492 16734 8196 17946 13464
9885 21867 24979 12698 17507 10761 7761 20803 15012 6811 8298 19080 17785 13325 16124 22632 23632 23084 11212 12656 23739 9392 20574 11415 10283 26202
24670 22196 21652 17392 6040 5877 32085 23257 16862 10351 16427 5998 20501 9494 16571 29201 19513 14041 22898 6174 17077 19028 20776 9442 14974 31503
18175 14883 22492 14570 10785 18058 20034 17731 8945 17588 5432 14517 17419 7303 19724 16368 17659 16725 7148 10924 20376 15535 15275 11045 11167 24668
15030 17328 21070 9540 17329 22233 22791 19337 12835 13962 4221 15523 16357 13925 23106 23941 16918 8345 13556 8238 12277 32777 12667 12881 12180 22212
20454 14558 14765 16478 24581 12167 15334 16345 18164 25584 1218 11625 21807 6260 19108 18726 14971 20678 8996 13655 16579 14899 7621 8637 16430 15465
