365
51 36 95 11 48 9 14 81 25 35 2 59 94 76 28 61 35 97 71 84 85 76 78 42 95 39
14823 28351 19215 19686 15521 19925 8497 16628 14975 12536 11437 18648 31217 13004 14578 19995 0 16341 12680 19354 13476 15375 14741 23963 15645 15812
0 23361 10242 17251 13757 12935 19504 16835 536 19845 12715 10500 12803 18465 16112 18889 5852 14727 12234 16341 16325 11796 16380 28008 8289 10862
9972 16967 9860 10820 12945 12475 10779 18036 14687 15373 8806 18887 20696 15041 9279 13853 13402 21346 23317 12653 13020 13746 19095 18022 17773 13961
13417 22540 8780 24621 14603 13007 27738 23229 3592 12648 14324 20338 19842 18027 15138 16298 4188 15131 17777 13012 11666 9816 26943 19610 16755 19782
15253 5004 22850 17555 7021 15186 13404 14653 17894 19444 10027 22550 26430 13955 17863 15022 8627 21505 18609 17449 14910 10653 25631 18464 13862 14684
6663 18857 25909 14038 14444 11907 10666 18931 28801 16917 13724 27288 13779 12832 12845 15562 4960 16592 28789 14943 15376 13223 27216 15303 20786 15596
0 27415 18723 16987 14060 15905 12638 13444 3825 13332 12945 26844 11466 19112 14415 19075 12371 11217 14736 14199 11731 12958 27106 20773 22636 9973
4273 15962 22339 12280 14300 12862 10078 8091 14517 20516 7648 13983 14913 13939 16392 18807 10100 12365 11230 22783 14047 7233 9588 19581 17311 11646
1150 27033 21366 15895 15174 14482 36594 14802 10966 19615 10526 20290 9510 12944 13786 19979 6001 19304 16961 20125 10568 9846 19219 12442 16000 10137
9086 16670 23219 16599 12496 17041 20380 19413 6725 16177 11477 15377 21047 13239 13175 13680 23896 9525 15306 12222 11111 11298 12345 7238 13902 12213
9411 26525 19962 17022 15047 15536 10231 15703 12841 11932 13055 20884 11583 22393 12547 12803 13966 15311 13903 8111 22508 12495 17002 17490 17622 13950
0 14067 14136 18485 14521 20757 8260 16021 2197 15894 13020 14644 28779 19825 17957 14226 1675 16855 27330 12428 9518 14535 13508 8724 12737 12412
22227 12740 25388 15961 17477 16290 26519 18315 24835 13336 10726 20592 17988 20715 18307 13003 11306 19980 18140 4554 25312 12555 22348 21299 14134 22805
6609 19675 28416 18445 12746 11642 21948 18523 11122 13399 14569 17531 13254 9084 12380 17393 0 14926 20732 7031 18167 10167 18262 5012 16916 12265
12054 13207 15955 22069 14554 14538 17786 15902 16196 17546 11531 14222 17947 18384 17581 17359 16061 20245 16064 13038 11896 15126 5665 27926 10856 2601
11023 14931 23138 17076 17170 12938 9816 19118 13723 17132 13703 20813 21603 6648 16926 19075 0 14511 16567 3230 27560 11968 35406 26575 13553 12601
5080 17446 19428 10657 17246 12739 19375 18259 8402 10595 9670 9072 18955 17524 21569 19222 6869 13928 14762 17543 16469 12931 20280 21569 18109 15363
17488 9406 16135 16112 10982 19083 25873 17990 21313 12872 12707 17528 10724 16582 17236 13331 705 19965 25387 19068 1052 5357 24163 14167 15971 23861
8492 28648 23105 15909 15793 13113 9926 15878 18990 18827 13444 11272 18928 19529 15755 16187 23323 13261 14280 16321 21873 9453 8742 23566 14518 23184
8852 17766 26851 18353 13530 20426 23207 17696 5365 7748 10411 10549 10735 8416 12224 17109 9215 11150 16193 9547 17814 16464 11322 14903 15033 15588
20673 20342 24071 14404 16509 18659 24156 21184 16645 13705 11802 23375 26332 16513 16989 19828 10457 17304 24100 8487 20387 17519 25764 23316 9795 16025
4660 5078 7449 21337 12816 16231 22093 12657 9729 15227 15121 13613 18723 6106 22556 14952 16643 17846 12891 13254 23793 9299 19319 15738 13772 12348
4701 17664 21102 11942 13339 13348 21603 13538 484 19745 11667 17772 6439 18811 21035 17874 10873 16387 21399 12169 11150 14598 15687 16718 17334 17796
16908 21871 19641 11133 9761 17712 20344 15212 20588 19004 11475 19275 14106 19895 14870 17372 12937 21787 20968 0 22783 13784 16029 20185 15386 12834
10495 13661 30676 18035 12641 19328 12480 16594 23967 17915 12048 24684 22389 13409 11975 14282 4437 17276 6317 16354 14180 15074 22104 25790 15560 19901
11043 16030 17130 21095 17223 15117 20599 15939 9812 15937 14340 25171 22193 14423 15606 17991 15849 14204 18283 15130 12959 12337 13061 20059 12513 6674
17101 14541 10252 15642 17622 13931 12354 14649 16591 19047 13118 22822 12053 15388 16012 17909 6281 18973 16479 14552 7353 13220 33086 28236 17790 11427
10540 16220 23171 25676 11838 15834 15822 16833 5020 15516 14459 16650 14884 13705 15507 15613 0 12046 21591 22821 18078 16149 8073 20741 14995 10626
17828 17932 30985 16494 11709 20013 17339 12195 0 12634 10096 22754 17019 19696 16510 16732 684 20101 18878 14786 12612 10556 29106 39246 10469 7819
4870 19905 17554 15626 14026 20508 19512 19526 16957 13036 12153 16292 16050 27547 16757 18211 0 14199 18985 5330 7106 12633 13194 27501 19091 11044
22133 28108 25281 11575 11834 19267 19367 13916 12104 8930 9961 14001 20392 13647 12657 18626 0 8613 20150 25808 12939 10911 16282 8302 16004 12986
12753 22276 13252 14099 17732 18098 22661 16078 12776 12286 9005 15609 16056 17585 14417 18933 14233 18335 16375 24099 20802 12363 27708 16590 14050 15096
4187 16146 19451 20602 13779 14278 18510 10003 17473 13572 13516 33316 21897 14864 10801 23162 8622 16955 14558 14200 11539 14303 25067 11073 16691 15314
14936 19751 21048 12874 14200 14885 16387 16178 15686 12601 12160 18676 11573 22316 12763 22153 10777 9471 19952 13719 15055 15663 17324 17157 6301 22715
9534 12502 13229 11775 10796 14875 13493 15895 7268 15627 8342 14357 17031 24063 16757 18540 12945 8419 17663 19282 10400 13946 3835 20925 14417 14689
13496 17739 18512 17697 15961 14713 23903 20781 14718 19506 13549 22652 10870 6761 16423 19653 18616 14979 23857 12385 17232 15286 13855 19840 15784 16140
24625 13514 26563 17936 13829 12820 22416 9158 10498 14037 9105 8289 29672 19279 12824 10785 6708 19063 5957 19702 16827 11804 8609 12927 16583 7887
16036 14672 31756 21850 18278 16579 12240 13375 10399 18364 13403 17516 18117 15311 16013 15226 13684 16765 14027 1763 18756 12199 22462 27265 13940 25151
8866 10213 21059 23392 11410 14670 19987 17368 27422 20101 14025 16551 16718 18963 16245 19469 5844 15836 19709 30755 24693 10296 16283 14476 10924 16439
6311 21940 18608 19433 12198 13708 23496 15699 13012 14243 8490 26766 13250 22841 14753 14043 4768 18263 13536 22056 8383 11332 11585 12761 18862 9100
0 8850 4489 13162 16310 13706 6982 16085 4209 15779 10865 14082 10008 20520 14036 15159 21703 9702 13338 18306 9339 15253 32950 14867 13607 18257
11113 16924 20476 13674 10309 15209 15027 13835 8380 13034 12158 21111 5540 18818 13996 21393 15105 17462 11015 17512 19646 12737 17971 15093 17783 7734
10789 16082 26980 17169 16656 15519 22800 18586 6379 14051 8140 22834 17656 10831 18876 14474 8193 16354 16926 11891 16844 15083 28353 32994 13508 16549
24215 12234 30002 21776 17484 10030 19405 15786 20980 13726 6870 10943 1634 14516 16320 20360 18950 15710 13303 19984 16058 13595 21573 13358 11585 11755
11724 36015 19673 16401 8966 15274 11560 14141 4235 12474 12064 20368 12785 12041 15655 13509 12664 9914 17354 15497 7254 14228 15797 24457 12376 13500
22936 9353 24057 13972 13820 15238 28115 12694 12520 15334 11058 7302 13743 18400 14108 16277 10603 18102 21047 22030 26188 13638 17758 7699 17554 11898
19081 20249 29241 20376 13122 11408 13134 14158 24971 14261 11501 16030 22971 9626 13861 12635 6711 12462 12462 29904 16731 12611 7526 14813 16112 11534
11207 14657 31153 17962 17125 9981 11734 18382 15553 11345 9153 21114 8526 6441 14000 21247 16111 14914 24402 24320 9996 17650 20302 15636 16751 9049
7918 17039 14526 20033 18184 11706 22225 17445 15882 8803 12590 11137 21453 20057 17113 18550 13792 20286 25462 14169 17266 13811 16944 23880 19210 15083
12109 22657 13151 21192 10898 12737 14214 16777 15278 23168 10610 17915 21769 8600 20681 12735 10242 17216 22392 8123 10033 16921 24399 17460 17652 9036
7634 21952 22909 11215 12125 17635 20170 16438 17941 18372 9347 26497 9786 20448 16747 17027 10791 19727 16986 6576 15031 12220 20896 23580 13639 14579
21905 19468 20196 19052 12099 18524 8709 15735 21335 14729 13154 20154 16277 16898 14614 13139 4905 16360 24279 28975 7958 13669 19996 8004 13729 13650
6876 27292 14740 12558 14000 18672 25495 7531 27982 22821 14117 7786 14557 15659 18559 13978 9329 9293 21821 14960 19378 11722 28582 12916 17423 18368
25851 20049 13624 14209 12263 13266 13858 19703 18359 13625 9571 20444 23621 17214 16411 19266 3866 14217 19893 28708 4088 12636 18762 12922 12600 4367
7045 24983 20429 13329 15758 19282 16721 15415 16399 13040 12168 11971 12206 18170 12738 24022 14770 17217 15748 7018 15095 13533 25332 24925 14707 20715
15258 27161 5527 12207 8701 14722 25984 18101 6967 20229 9100 26933 15396 17883 17498 19182 7891 8990 13575 19870 19423 16678 11471 21042 18209 12967
10104 36337 2170 15285 12650 14562 14089 10299 20226 12527 11554 17241 16503 16670 16491 19143 0 20974 11254 22913 17999 11992 16474 7283 16372 13999
10707 14808 18743 19910 10474 15927 12233 16387 1744 12284 8684 17872 11900 7401 15867 14649 15513 18410 27013 7464 9137 17986 20317 14452 13506 12626
14491 21596 6660 9407 15221 15095 18960 17096 27715 15066 12925 7828 18220 16528 17438 19855 18380 13618 17996 22018 17507 14028 23136 5742 19324 16225
13022 16435 17028 15087 13742 16907 14966 12806 0 18832 14920 21791 5646 11356 15278 16295 5652 19488 21594 21282 16013 12319 13416 26421 13505 13348
15273 13690 19956 13135 13349 16866 6978 9995 11184 15062 10629 9976 23641 8769 14588 19306 5921 17472 14010 15179 16960 13321 9461 9633 18168 8995
9288 16561 25628 23848 15717 15638 16748 19205 36497 16132 13809 27018 17498 28252 13166 16208 15726 13439 16720 8690 8515 14875 13929 6476 12685 9930
20458 31090 18370 15958 12043 18933 21772 15678 12078 10722 10535 16640 28405 10889 12929 17347 17440 16141 19961 12369 3842 14428 26113 10382 15248 16485
14465 20530 26939 17970 13771 14354 4405 14534 24751 20763 8334 8113 20031 20148 14163 21156 8089 21670 16400 0 18186 14465 15575 15339 17631 19433
5493 26951 5328 12141 12493 17007 17244 9069 0 21240 9121 15831 22275 13296 19509 18821 0 19656 7256 39235 14974 14979 17482 16302 13462 12328
17794 28270 25559 17278 13243 10797 26088 18416 24168 17608 11539 28058 9315 20108 14441 13736 15596 14485 11039 14834 10913 14079 21355 11320 26226 14832
0 13817 17943 13765 16371 11608 20355 14042 5781 12632 12655 20473 25055 21180 15567 12842 15464 15994 22999 16863 15508 12833 29984 12683 18277 10017
8567 25655 21264 15070 15978 13304 21683 19829 11528 10678 14842 17525 15070 22022 13894 24871 7796 9530 13047 945 18469 15668 14958 11993 20767 11976
12630 25730 20677 17510 16639 16936 11507 17026 3996 14254 11593 16577 3308 17745 12047 20523 0 9756 23568 2874 9742 14435 24018 20836 19105 13163
11991 17875 14501 21126 14642 12865 11339 20927 34621 19473 9158 17296 12687 13382 13900 20189 24783 9019 9217 24105 9131 14422 21523 19755 15461 23943
5940 26304 29231 10424 12392 18302 16700 19175 8411 16900 12753 21374 23382 17327 18823 21648 20479 15117 12187 10006 2707 15304 20784 33456 10416 12360
14425 21523 16027 15474 14727 15353 19675 16030 14382 17943 4681 22710 0 11468 14587 16864 13314 19425 17215 3760 16136 12001 24826 17160 14284 12325
14012 21801 5367 17404 11885 18509 34143 19358 17570 17122 10785 14740 15387 18855 18626 13672 14215 16885 19850 19987 15398 18948 13488 21774 15896 7884
11097 16785 12653 14159 15155 10964 17115 21881 8976 18646 10274 11049 14734 19716 12078 11088 17627 10849 12326 34124 22250 12838 14976 15895 18765 17232
21195 22636 25123 18419 11851 10015 13465 14051 31609 11801 14496 14333 21902 6474 14040 16812 15381 15535 19306 19334 10656 13500 29822 29006 13154 16020
2410 18201 31880 15618 12830 16953 17950 15277 7692 15740 7041 19544 12751 6503 11039 18495 3291 19898 22638 10492 14368 12778 20284 28954 16204 9044
2309 31420 10266 17660 12010 14120 25462 12801 16922 15079 13526 19865 11911 14953 16665 13944 13992 15364 21780 13215 21794 9094 27833 23495 12326 12911
0 21699 25710 20936 16798 12937 23916 13359 4523 16251 6852 23466 24734 6612 15006 18758 6875 12872 18051 17355 9919 14527 14156 28817 16541 12254
6029 19268 14406 13749 12870 13946 17022 14935 22770 19834 10794 20710 15267 8855 18515 10039 0 10418 8595 11016 19284 15020 19458 17525 13085 8800
8574 18971 19665 19609 15712 16266 12950 17765 0 20416 12472 25661 28239 14042 16146 18190 8657 18857 11152 7944 15523 13110 15051 9466 17052 6248
3120 15303 19673 15031 11907 10921 9994 12474 19897 13292 10149 5731 16177 20309 14738 22366 0 17277 23142 16015 8506 9865 28495 19338 19097 6750
7538 9672 25489 15500 12604 13031 14268 15606 13857 8605 8609 20387 20905 14429 17490 15470 0 13841 16364 14485 12902 11298 28563 22133 13121 12997
7818 17973 17470 16461 12679 15950 21503 8950 10743 13523 10562 14004 3405 17558 15940 22258 7990 17047 15624 17000 13047 12926 17412 5365 15298 15751
10649 7878 34815 12786 13146 17666 10252 18092 1440 18005 10364 16789 22491 16402 15144 21596 5492 11408 15681 15913 8704 11022 13204 25471 14687 9419
3147 17255 23182 14346 12741 22674 16555 20989 20546 16064 12994 23771 16017 20488 15787 17978 5911 18727 18755 11175 7419 13479 17939 22690 17283 11070
123 18441 23445 13028 16140 19956 18880 15532 1429 15013 15326 12920 13214 10995 19136 14623 18889 7615 25011 27030 9660 11922 20335 19358 15656 19026
13750 18292 22009 19630 11792 14094 17270 8852 19694 17146 10135 20015 24137 16731 13730 20845 6095 12840 12257 24533 16217 10793 16023 22714 23010 14509
23175 20527 28050 16115 15738 14472 21540 13560 9003 17731 13246 20319 24278 19490 13464 11426 19480 19460 17638 16439 17107 12194 23144 11022 7799 9925
8847 21297 15731 11782 13107 18013 29322 18163 12995 12498 12351 25875 8397 26780 21108 18036 15315 11698 16283 35926 19423 11767 14150 21379 18890 12230
18966 21336 21715 15387 8608 11142 12328 18056 14596 18927 12532 21972 18920 17735 11742 17348 14091 12428 21771 28140 5411 13533 14567 20166 18243 12778
12031 27854 15613 15095 13562 21158 20602 20422 18719 11491 12481 12389 1210 16838 15484 11058 12075 19316 13451 8675 9901 14342 20043 20731 11041 19312
12999 27832 13205 11931 13578 16431 15790 16782 7681 13098 13647 18846 7270 17598 15566 15364 4667 10434 19034 25804 15943 12776 18296 14148 18656 18133
15495 21131 16192 18560 11294 13776 23638 8309 17017 14191 10773 16690 15165 15033 13967 12329 11129 10375 15447 12734 20330 15438 18148 22892 18472 12299
7985 24029 27697 14778 13955 13207 21993 12694 22185 12711 8652 19108 17119 5647 16954 16867 714 17062 22322 6247 12239 13169 26152 12516 15539 11051
11968 23830 21271 18953 13576 14046 27632 17540 21251 16834 9972 24602 23705 8327 18312 17431 11243 18827 19917 10139 17836 12580 19136 14885 10233 13144
16288 17133 22127 10374 10537 9851 25741 16000 20597 15924 15200 13659 10016 20768 14849 14975 11487 12596 15715 22742 11294 12900 16471 24599 18003 10548
8550 14698 17492 17359 8384 15813 33988 15952 31333 17075 11118 16399 22460 19197 17656 15925 10661 12955 23085 2964 13769 11311 17979 26061 11678 14241
5981 13292 7569 21139 14249 12142 26415 13069 17919 11630 12647 14620 9417 15595 18812 21784 11203 13729 17862 21533 20016 7796 27516 10652 15755 6472
5701 18470 18142 15733 14821 14294 14620 18080 4874 18366 10892 12231 9322 6753 14131 15413 25635 9647 12208 23398 12552 15380 16498 13939 15350 9854
4801 17097 24530 17355 11479 16074 31763 18430 10173 12784 9860 11847 28900 12408 13744 18914 1215 6508 15514 6507 19670 15784 25148 7856 15973 17704
11942 17942 14329 20216 16163 14054 14845 18155 20528 15572 11265 16974 13631 22116 18744 11853 5644 20821 14880 24891 12119 16248 20886 12158 16789 6538
22463 21814 19333 15803 11171 13202 13603 16959 270 7022 11478 22461 11040 17722 14954 19886 17171 11500 15235 6464 23712 12742 13032 27118 19731 17402
19420 15851 28580 21607 13258 14465 20884 15992 9570 17679 8915 11134 12093 13403 14941 19630 4626 14670 28067 26975 18040 14909 8265 15557 10944 14440
10227 23595 16162 11456 17436 14222 28873 20019 10421 14237 6396 14283 31453 13373 14104 15028 12503 17131 22108 11744 11835 12587 10878 12046 22246 20421
14842 7099 22263 16601 15076 16907 20559 10248 18958 16614 13942 8861 12140 17050 14858 22295 1244 23960 10661 10267 21278 15658 26264 10750 7666 13492
5189 14933 17646 8962 13320 8934 15169 19223 7907 15743 9130 16891 5625 2055 18925 14106 2674 9637 17392 14589 25742 14357 18216 24922 12344 18830
11521 19320 4763 15404 17469 15496 16327 11604 481 20334 8893 25327 8960 16170 15138 21373 9323 14373 15032 26245 7892 11689 21069 11134 13143 13949
3735 15330 20059 15574 10901 13701 9625 14262 23339 15237 10575 14129 7364 21502 14086 13184 20577 22439 10991 17377 5021 13894 23977 21132 16347 9765
462 7713 22536 17453 15983 18280 19253 15155 7274 12784 10671 17572 18187 18271 11281 20492 16027 19193 15342 1143 1988 8958 10708 15090 16841 15786
1850 20855 14179 17388 9007 13957 18290 15279 36089 19645 11446 23468 13359 18642 15012 14995 9381 17637 13473 5653 15851 9483 1848 10294 17353 14431
9265 14425 13209 13923 15005 17834 23736 21309 17714 14892 10185 13774 24098 16407 18038 17202 3752 18205 15993 11468 19181 13705 27799 10238 13748 11697
18637 44096 14588 17271 12446 14052 16770 18565 8707 19182 9157 10604 24208 17968 16877 22123 6412 15016 21107 10036 15767 12754 32329 32827 17677 13072
15974 31962 12694 9417 20308 15534 17174 12469 6093 14612 11341 33438 18199 22645 12697 21361 3115 24186 11087 4459 13615 15783 11752 24460 10739 15418
8258 32212 20135 16299 13759 15818 19883 15424 21288 12108 11507 15149 11908 21452 15320 20271 9401 11949 23681 20334 8317 12764 24827 19914 15128 9792
16639 13856 13534 16966 16790 10425 21003 21389 1374 19540 8581 10433 17868 13749 15758 19918 5645 14414 15140 5892 26388 13129 24136 5656 21513 22302
3738 27301 21836 5688 14053 15686 20028 14636 25816 16984 8220 10951 5511 12678 11886 19541 2991 17871 22945 10946 13783 11296 16717 27825 16572 15452
17109 13196 27045 17292 13331 12197 18580 23747 9367 14711 10104 12936 13844 18957 16291 19133 9354 21996 11459 19647 9503 18477 27802 26596 15765 16658
13934 14802 24925 16565 10894 14018 19699 16929 8988 17838 13280 18078 21852 12549 13658 22040 14998 14554 16082 18069 22542 16115 8155 16842 9965 10441
7 2814 19030 11145 12765 12551 15789 18656 14396 16135 10565 17836 13986 14138 13897 17168 17335 8523 17926 16231 7115 16884 35518 9703 13526 5888
14526 20231 17448 17171 18410 16134 25616 14236 22736 13142 12785 22238 12922 15871 16116 15834 17604 17277 15881 19224 13522 12311 17667 11033 17714 10803
7457 25908 18884 8402 12800 14799 15240 17548 16276 13313 9481 34182 14530 17737 14620 18769 0 10174 16729 14584 22349 13813 5786 8857 9939 13797
5800 23439 14236 12005 12649 14779 19309 17128 0 20292 10253 19342 22307 20646 14724 21490 18471 10275 20572 9155 11334 11341 8892 1026 7951 8780
11540 16583 25736 16524 15005 10151 20531 16679 14912 13935 8293 9805 24573 18190 13717 13948 14251 19929 14695 8131 16548 15516 28845 4369 18922 12088
10559 34583 25508 12686 12526 15838 13354 13599 14557 16098 11052 22914 13234 13566 14875 22862 17953 16436 15663 16078 19030 10465 20885 25302 12412 10531
13750 26116 6617 12850 12835 12536 14427 18304 21742 11181 9624 13097 11483 20092 13941 14891 0 14224 15316 11525 10899 8163 18657 15943 19213 21310
7502 17491 15025 16399 9647 18694 19239 12926 11440 9164 9174 22548 19072 8754 20398 16329 8759 15731 21732 18804 19796 9033 17511 14661 7020 6390
16057 20126 27560 15814 5967 21255 11394 12742 7656 13411 12670 2751 10200 20994 16336 21654 4593 15887 18716 3711 12370 13417 21344 10415 16953 11623
17690 12019 22280 20936 17443 13040 20323 12257 5471 18078 11166 12067 12756 21826 16621 19708 7247 11805 13979 3715 15780 16990 22747 19646 20204 6441
12246 28210 17273 13160 15936 10575 26927 10653 13154 13448 9672 15471 15534 17087 11171 15402 4080 9218 22523 16271 19418 16502 4515 17013 17878 5253
10254 25251 10324 23768 11109 11857 15458 17020 20554 20200 6797 20701 3331 18600 15166 13578 15958 12260 24043 22302 17900 12417 18392 20947 17438 14766
19311 11029 4262 9043 13000 12925 7810 16259 0 16271 15386 15757 12840 14259 16782 15855 11121 23779 10216 9574 14210 10991 12514 25721 20942 19436
3617 9111 15011 16404 14902 19913 13977 7195 16890 18947 12210 19766 16005 12645 17946 17860 3911 9527 13121 17365 14038 15425 18857 17968 13511 5629
9647 20895 10958 17814 8217 11785 7933 17394 23484 19107 13060 21156 19715 13795 14999 17425 3281 13084 5805 18217 21189 16536 16952 9527 16183 9894
12389 15080 13150 17350 11132 7903 7523 18820 11537 13358 11661 16010 20275 13230 17389 16043 13446 19525 19811 19225 4609 16183 29157 10914 16244 10396
5032 12967 11461 18136 14544 16663 10013 17759 11961 13207 13780 18733 15116 13987 14842 16300 14699 6213 23377 17662 15091 15334 7514 9713 14537 5864
16956 26325 16542 15776 13569 11597 18130 13209 19647 16503 13982 15035 17310 14496 17298 20967 2543 24040 24374 8925 18993 15302 16812 13555 18057 14867
19705 8146 12787 18700 8994 15111 14291 13041 12003 16639 13130 16942 21285 14772 17290 19678 4657 19799 19233 9254 10271 11603 15396 11147 15389 15332
13458 27251 22462 16309 13067 20708 27903 14721 40022 12876 16375 22798 10586 7465 16269 11458 5211 7206 19529 3817 7137 17253 12916 23234 17643 5453
11594 19238 27114 15688 12855 15171 24189 12579 21333 10495 9612 23110 16943 18634 19040 16109 1295 16350 25953 15849 14850 14088 3657 14226 15214 11633
0 12765 26789 15757 13617 13726 7081 16283 12297 9711 10223 20598 28226 18586 14524 25686 9697 14889 20252 24301 15886 16466 10430 7341 15811 17333
12923 16667 18089 16432 12991 10719 24893 15523 5887 20034 11770 15010 24353 10743 20165 13429 5331 15944 19830 20285 16409 14379 30658 17768 13963 17271
0 18783 13274 15398 12489 12500 23201 21573 6580 14632 13890 20418 17162 22698 17325 15885 9022 17869 16372 26360 10391 13182 19154 14349 15940 8265
17869 11201 15215 22780 9608 14625 23529 15968 4582 13810 12715 26974 27544 18864 15875 17932 13303 12162 16273 14208 16725 13420 31018 20503 17625 10941
2267 25838 13819 17793 12857 14296 32555 12056 6720 16744 11035 23883 16834 20174 13229 16791 12751 7720 17586 27518 14941 11847 18386 6847 20257 13707
13352 16931 6964 16207 8673 13169 28273 13333 29536 16992 11008 27867 5795 5759 16388 19146 6174 16585 22377 9808 26126 7314 14890 19875 13853 4484
1939 34019 12765 15965 13735 15876 19218 16636 9282 17246 11779 4529 3116 19908 18467 16524 28464 13222 12618 13742 11392 9479 21161 16378 16075 13672
23656 11076 22992 15087 12985 18556 26281 17552 9056 12864 12731 14000 13215 9135 16588 17640 3984 15801 15522 18834 10675 12604 26428 26439 14239 17330
14726 24671 25684 15999 14005 15527 19236 17873 0 13237 10167 17567 20436 16565 13296 18577 21849 22308 18909 11680 18389 17312 18894 27325 11177 17279
14047 17526 11210 18291 20043 11928 25355 8543 16339 17904 10252 23986 14037 14074 16733 17450 8779 20491 16767 21876 19578 15464 25537 19671 16807 8348
8701 29325 16892 14546 16535 15094 18860 20433 12980 20555 10504 22192 15515 14844 15126 17072 10482 16507 18096 21561 8782 12545 17005 22653 23686 8112
17734 20949 20620 12628 11149 19599 13778 17020 23818 14585 13479 15709 12741 17436 11948 14116 2241 18120 21276 10174 4448 12821 21421 28015 16796 13524
23646 21129 14558 17956 10358 14379 18474 15687 20415 14746 12405 14395 13250 6232 16733 19649 12124 20498 20898 14598 15117 13473 7868 16607 16302 15767
9069 27732 14628 28353 13617 12747 12960 20443 9630 13227 9004 16056 14453 14308 20210 12080 7752 20745 7830 9849 11952 14409 14483 19697 14076 8373
12045 13963 24417 17398 13597 15991 17763 13004 12715 19542 13808 13884 16798 17073 16126 14118 10059 25267 8186 0 14379 11472 29318 19577 13014 17001
15571 26948 21705 14113 13907 19169 10814 8414 21370 9251 10952 20626 22855 22933 15852 19450 7807 15741 20580 25069 23241 11473 20711 10717 19214 9875
27102 20327 7623 16723 15406 15018 21333 16350 7981 14532 10181 18774 6763 11651 15649 13334 9128 14124 18639 4437 22435 13377 19382 24170 11756 7701
12949 12711 20640 16333 9424 26156 16002 15088 22690 15748 10282 12151 11646 25456 12334 22087 0 22615 9702 2910 6393 13422 22542 18670 14115 5669
18434 16950 9155 15165 13033 12650 27300 17001 0 17468 9462 22568 10262 21802 16370 16997 8320 11762 21939 8342 15617 13990 19493 14192 14089 10181
5373 26687 17143 22304 10959 15652 20474 18768 4829 14332 16256 10483 2153 17146 18967 19790 15890 11661 11592 9754 8449 8677 37433 17766 18524 6671
7600 13416 12590 14354 16643 15491 30134 16133 15032 24236 10891 24806 8825 6558 17110 23523 13838 19016 14765 17723 4774 9339 19279 14552 20084 12662
11992 18512 17358 22797 15913 15827 23596 15418 24053 12303 10451 14639 27458 10049 16415 17422 21132 13923 20812 20249 25597 11261 17743 30326 18216 14676
4274 23807 13891 11210 16005 17085 15604 14347 10420 14461 8513 7660 6832 12082 14591 14774 0 21134 14690 13260 20700 13477 25562 23323 12295 9530
4633 19227 14992 12168 13421 16728 21397 14673 16891 19299 9171 17204 16870 16376 15049 22547 15580 14743 21521 12998 11776 13313 34730 13477 12603 18282
12098 6785 21016 11521 17555 15844 19797 19211 20620 22017 11060 26091 13921 8723 17232 16487 17023 11220 24869 7239 19420 13346 17759 16128 18951 11888
12615 17219 32382 16575 13139 12019 7797 16080 4066 14627 12302 13933 18564 14420 18397 19293 14376 16232 20918 10029 24445 16924 16153 27839 12900 18646
9266 9314 20679 21982 6723 20259 25162 12324 8307 20513 11705 10030 14302 18326 15833 20449 8901 20339 16654 5396 15024 15222 22329 19149 19891 8745
0 11542 15955 14954 12997 19523 25267 17153 9049 14891 10475 25949 10893 20337 16690 20215 9864 12006 7102 9379 21824 12112 13687 19718 15923 19283
16516 8680 20646 14851 13846 15218 13503 16171 14142 16507 10076 9247 24210 23373 16039 17523 0 17667 21602 24702 16434 9207 26581 18116 13875 12603
19115 23046 21821 21126 16964 20103 18983 12984 12577 15525 6503 4331 19033 17119 9925 14941 11201 13749 21280 17800 24246 8302 11393 10740 18080 15869
485 23971 12842 17521 13105 18247 25568 17734 14928 13617 9888 29060 15799 24553 19109 13455 19330 5604 17707 25770 13543 14147 25641 26086 14268 13759
0 14452 11195 17717 11398 15470 14706 18597 19506 14842 9570 6166 8301 13791 15279 12769 10936 15566 17849 18541 13217 18453 1358 4404 12151 16727
5613 16324 15905 17069 15849 15926 18479 11022 22651 15409 10582 14806 19190 15297 14934 19826 403 26646 18660 28648 25110 13712 9391 21631 13798 12368
11123 8096 15448 14040 12473 19381 16108 18294 25800 11697 9316 16906 17907 7923 18747 21607 8846 16334 22421 8078 19303 13019 34014 27100 17013 18691
8941 20315 19741 13242 16337 17628 13413 17560 23383 10353 10665 16669 21344 13004 13876 17329 0 15392 23791 21184 20335 9500 22937 30653 14162 15180
5265 19407 14655 10796 10049 16204 13007 16151 8395 24614 12875 24376 17621 19032 18124 17516 8093 20338 25025 21114 16509 15347 15811 14874 17531 14957
13898 21174 19334 11354 16377 13565 29187 14889 13422 22223 11504 22369 9250 19116 12375 19110 2349 13704 22411 11831 9922 10991 17139 20822 21704 11605
6040 24199 9745 16124 14509 15180 15361 18551 10632 16730 10706 20400 17412 15082 15601 14993 13389 16580 13695 26224 17618 10571 24685 32048 12865 10581
1615 21536 14172 17716 10839 13373 13936 11722 6997 12759 12611 24697 10734 20351 22799 20202 11971 17184 18650 7091 20137 16297 9347 8992 15071 13522
12132 21875 18065 19033 12598 15128 26483 17042 12992 18711 10818 14879 14014 11580 12141 17740 4572 13038 14757 17830 23599 12274 20258 25032 7350 8919
0 7213 28348 13487 11802 13507 21161 10325 30688 14715 11685 10738 28513 22100 15538 15521 0 20569 20363 22893 21034 12753 18142 13294 15949 15279
15252 16007 17953 19004 12807 12855 14765 3471 15968 23259 8825 13399 16318 21112 17846 14815 7536 18548 10692 21012 16075 10711 7771 13255 12717 10136
9823 24341 19727 13446 12391 16760 18604 13315 16269 12359 12587 11706 11774 8700 13883 16074 9933 18726 20585 7411 17097 13726 7458 16888 15951 12155
0 24011 19273 10390 12758 17648 31808 14430 18733 16116 13896 16507 28439 12828 18358 20245 15578 12964 8775 17429 21292 10529 19031 5343 16477 7842
18430 26218 22439 16131 12191 19443 12767 22061 30523 17718 13047 6491 14935 12853 14617 22856 1312 16574 14208 23546 15325 12105 13161 12523 14759 3999
18883 15858 18041 15258 12141 9788 15110 16954 13324 13316 8200 7254 12259 6340 11085 18014 10509 16746 20870 3879 10361 15303 12065 21463 17166 11465
964 19611 16186 19939 13816 17218 10512 16510 5245 13370 11338 5174 27053 17794 17925 19353 15427 21236 8621 12153 20111 6473 23649 12721 18704 7420
15963 13202 17700 14543 13502 16055 20181 16100 5938 12762 11587 17349 15246 13541 20004 20189 10032 22173 14968 5469 15642 11353 18075 23102 21359 14034
9893 28629 20850 13455 16999 10259 16458 17818 13318 19222 8395 17752 7185 12111 13906 16773 9258 8542 14158 18187 23385 10160 13735 23029 17231 17008
21689 15049 27801 13336 14211 15988 18014 11668 30013 21804 12954 9822 24511 19634 11634 15922 9251 14560 17380 8596 19412 16980 19777 17535 16400 12261
0 10387 13339 14104 6726 11268 7072 16022 0 14597 11873 13096 26645 17978 17695 11703 18963 5727 22154 14709 23636 12790 16592 19526 15925 13846
3912 23408 9848 11349 12401 15721 0 14902 19482 12731 12929 29216 18652 10039 16767 16037 13093 15579 13130 8758 19369 14338 24934 17027 21125 17591
22661 25975 12911 13960 16252 13360 23952 12429 10865 17787 10650 27618 14748 17180 19166 13420 823 11442 18425 13516 16941 12242 23957 31030 11760 11267
15879 7932 10931 15508 10763 20311 20376 13161 6834 15163 10553 7260 13454 20062 14996 16245 10613 20771 12569 19200 15307 15052 27809 17687 17228 13493
11495 24630 14240 18313 18709 17954 27593 13877 9872 20754 6829 14372 7670 14025 12574 16603 11715 16886 14318 3226 15284 11048 16104 8100 18687 14543
2031 13591 22723 16371 9787 13771 7592 11445 8376 15872 9700 7137 11709 6928 16283 16708 14410 11522 23444 7515 10230 9683 24972 18973 14566 7259
0 10775 18939 14106 10041 13980 14929 15620 19928 13624 8402 14707 9355 17184 16133 15979 9568 9194 22967 14245 4769 10582 10677 24091 18250 22023
14697 15301 6784 16607 13937 16997 28113 15339 7476 15958 15797 19944 15162 17582 13341 18633 8328 11422 12601 13779 20976 15278 10506 21008 23447 22233
15441 20208 23983 15567 15637 15472 16602 18392 16044 17814 12234 21614 18307 13266 14075 14451 11100 12278 14622 20508 14260 8652 29680 25415 20407 14934
8230 28420 2343 15767 13717 17101 17382 14863 22207 16022 8509 22413 16554 18438 16044 20646 16683 23635 19143 23345 19060 12995 21232 7471 14134 16904
10657 25572 32467 18864 18240 15198 13571 16900 12950 10448 12076 24829 24953 11324 16812 15667 10110 12879 17070 0 18974 14109 18107 10094 16408 13538
4959 18929 19699 16423 17456 12583 13863 19215 19389 15561 10357 16573 11215 21225 16764 18277 18885 14668 13227 5710 623 12849 14957 21186 15466 4274
16570 31791 25728 16197 15325 15862 24685 19650 25053 16303 5269 22505 12555 15814 15022 19966 516 15724 15738 13097 29772 9174 26918 22456 15253 9094
10582 14284 14875 17451 10719 13108 17618 11197 24680 13048 10365 26365 8317 24782 12969 19179 17492 16696 16348 14733 13470 12153 15667 12281 7792 12121
11007 22087 10258 15120 11429 16819 13637 17168 29245 13586 12035 23397 8272 23323 14114 11061 10381 18598 21661 16631 17443 16280 13594 16649 21383 15761
11659 3215 13493 15925 13876 14741 22342 17914 8990 20074 10924 7071 8367 19018 19262 17743 11150 21242 14451 27692 10201 9979 14965 13134 14176 15469
10810 24947 10625 17813 7273 15658 21401 12863 23898 14962 9128 25293 11859 16213 14810 17754 14308 14843 27340 19929 18332 10006 15330 14274 14038 15158
2517 28848 23934 15404 15391 18298 26279 20354 3604 16315 4197 19686 15165 10156 17642 11461 8846 23058 13202 9115 15751 13740 19964 31095 12776 9130
15828 22452 15106 24459 14620 16815 21122 18143 15164 15140 8175 22792 18041 12305 16017 16866 19780 11951 15275 26833 15799 14421 16924 23598 14357 16574
10864 21008 21362 10299 15508 13599 20427 16848 22652 14584 10984 4400 10403 11392 18750 15155 11955 13384 24149 10994 14923 7760 34513 12573 10638 8286
4189 7856 6847 18562 12574 8275 14084 16438 28009 16105 10272 18404 0 21404 20017 22547 14838 12400 15920 5809 29649 16040 31945 19128 16222 10728
24370 23673 18054 15836 12643 14626 17027 25252 0 9885 15690 21249 15581 13626 18239 14173 18133 10639 17380 5043 11983 17311 21833 16635 14654 12791
16238 32984 10188 19697 10813 16554 16731 8848 10817 19738 11216 18124 25545 23768 12459 17367 11908 17080 8505 25371 23800 15630 19539 15716 15676 16400
16087 13551 13683 24317 14144 14394 15228 15760 3938 12365 13307 16483 7559 22658 17120 16535 8571 17089 12210 7756 20482 12429 28305 12897 12062 15871
16093 13816 12064 18956 11739 16829 25139 16209 5782 13291 11315 13259 11252 12266 16291 12224 7138 17478 18842 7403 10008 14163 12449 20620 10468 5787
0 19612 29796 15982 14177 12513 21616 11918 8028 10996 12609 6856 25474 6845 18656 15717 3073 15093 8762 17259 6713 15104 21296 26133 19493 489
13625 15124 29008 18633 10159 14091 15469 12321 15415 16018 10518 18229 22134 7635 14501 17289 16579 18497 13743 3203 3605 18603 19323 10475 19135 14408
6287 20730 24611 11425 15719 19125 8871 14995 23279 17780 16790 23575 10366 14820 15700 12434 3925 18470 16002 9313 15058 11441 29727 17502 16185 16872
2490 22169 903 15261 14740 16948 27084 11400 10857 10002 9967 21781 5401 10634 15237 15085 7248 7293 5269 11435 13912 14685 19818 10563 16231 18760
15131 23061 16087 15650 11162 17190 20105 15523 10298 13710 10845 26026 14276 19596 16039 13006 10380 13318 18098 21355 7948 14619 8031 14580 13145 11572
10782 15576 20731 18953 15219 10776 27244 18330 17569 16750 14093 18883 10201 6755 19436 20209 3683 15803 3192 13140 18808 10844 25668 22969 13514 16084
10399 29656 31460 19317 12772 17377 17424 18103 17373 20400 9293 11604 6789 24992 13851 22960 9851 17652 7321 4553 15258 13859 2501 28315 15892 14627
6625 25487 9211 21812 16847 20066 9591 15185 27818 13672 11660 28629 9475 19986 19936 12233 2625 10886 17515 16227 17166 12756 14447 16914 13611 13212
8528 20569 19693 19841 12277 14242 17432 14190 6345 19206 12752 11514 14608 15071 14634 18878 16274 10734 23715 8690 9271 12298 25091 13071 12564 14067
10195 25829 15265 16691 7359 15715 11646 20396 29684 14353 12423 18955 8069 30377 16427 21031 8056 15016 19522 16718 9529 13248 19391 11812 16673 14302
0 22919 26999 11661 15326 18962 14504 19668 12174 24640 13962 24510 19569 7275 13897 20275 18309 11154 18231 14707 17893 19049 19587 18262 19250 15642
8483 24836 24247 21356 9315 18362 13984 12033 11605 17196 7762 6234 26017 19531 17019 13498 13310 16673 16858 20272 20093 11727 14415 18970 14819 19601
757 18578 14355 11510 14495 13834 29127 15305 14896 12493 9305 18086 19595 11821 16774 16858 6843 14038 17458 28995 8464 15009 24221 19894 24053 18288
11027 27175 17451 12828 11939 11686 16465 12981 13297 17024 8251 7062 3831 20330 16639 15149 4563 19857 18151 25515 20125 15119 14156 28877 14042 15933
19587 12285 15267 14088 12481 16856 4798 16112 11033 10963 13223 24059 20076 20687 18753 15829 4211 23696 16305 25634 20909 12504 30252 25332 15303 11896
8517 11762 11130 10503 12289 11278 10935 10514 14787 17864 11537 21425 9503 14185 15480 14550 11589 17130 19127 4934 16229 9802 20383 17197 13858 11110
0 25936 19214 11403 16540 15259 25091 15108 17956 17718 13303 17207 17436 15863 13586 19634 10656 16595 20623 18173 10548 12481 11134 24846 10934 12724
0 21600 33289 19686 17812 21405 19114 11016 4176 16541 6442 18499 15160 12956 10067 13929 11671 17994 11150 6555 4578 12565 20546 14475 15710 13804
20640 28289 17222 14187 16814 12458 4811 13931 7695 11812 6878 16043 21057 8206 15652 19166 17780 20172 13645 26960 16930 12665 19705 21400 15863 14289
7642 15566 19080 20581 16770 12763 16236 16964 9751 17842 10711 17887 30205 12907 15701 17793 20868 13951 23790 14436 20132 15085 23195 15574 16677 15663
1030 25781 18869 9917 13738 15340 18294 22311 10569 17459 10206 30723 14187 9929 18563 18800 11674 18646 18132 9440 22318 14737 39446 9832 21966 15034
2121 24544 20353 18594 13996 19446 13289 13624 23969 12075 12229 16295 20164 21211 17906 17696 11701 21817 16386 11459 14599 12179 28335 22497 23020 21147
2272 24501 17175 16532 14002 17925 25601 12312 0 11570 15264 20922 9169 17847 16845 15530 9356 22125 14759 2619 24152 12647 12039 19458 22766 11968
1621 33162 25857 17419 15443 13973 21260 19703 7243 21377 10514 24219 19672 11397 20609 17530 17518 15147 21677 23760 5420 15301 14128 15581 13337 8449
13746 25925 19732 15653 11528 13439 24077 19902 19982 16011 9431 22901 20744 20848 15038 16513 10271 8330 12342 13003 14859 11973 15429 17613 23110 10720
9654 22264 17882 18082 14370 18162 20048 23581 11881 19755 14300 9361 18690 12116 14697 16531 6381 10948 22052 2883 12360 10780 16426 16869 17251 11742
14956 26926 14504 11757 16766 20077 15719 11243 17328 17053 10960 19812 24962 16492 12967 18296 13868 20777 14996 28582 13107 11948 10856 22298 10698 13314
24493 18696 33715 15663 13074 14827 13664 14013 18371 21632 9194 15809 13748 19013 16343 14243 14301 14539 15937 17295 15707 12581 7650 12623 18734 11729
7582 9405 18070 15472 8393 14948 3976 13212 13118 16598 10234 17894 26111 20657 18343 15586 15740 11669 19730 15996 18608 17138 26432 11987 16007 10870
7552 12827 10306 17156 10146 16341 17882 14240 18386 10179 12146 24601 9703 15504 23177 16469 24282 16598 5287 9675 18010 14925 13909 22410 16354 9133
12841 32183 17219 11813 15133 14061 16948 13166 16931 11226 15512 7033 21774 20322 11860 19715 6041 14915 26851 21731 12339 15510 16347 25512 17328 4310
21200 15302 21814 17465 14026 14278 20189 17691 11270 7585 11528 18057 19102 21022 15229 14274 12271 20131 16747 23297 11692 15871 25019 20577 18293 11680
6460 25094 17742 12853 12851 15190 26273 18738 18864 8311 12744 30510 10731 15602 18458 18723 10662 18325 14624 14673 13847 15236 15031 15859 14694 21874
6438 19736 13064 18647 11722 12615 22436 19020 17850 19310 12591 22940 21606 18008 17871 15525 4692 19204 21307 17044 21095 14255 4307 21131 13805 14536
5753 13926 14942 14097 12102 13015 24337 14161 4866 19086 10465 22523 14885 13864 15684 19481 20188 20935 16152 22007 16214 12115 17780 5709 16211 12124
11222 17092 9252 15444 11355 19883 11765 18951 11972 19796 10230 22692 11876 20491 15804 24085 10038 12513 21970 12230 15140 15135 27111 15249 18563 5013
20203 16222 25016 27323 14106 15114 30898 15002 23865 10587 8861 27075 13980 6536 15195 17119 13118 13200 16708 4910 26217 13102 30120 20044 14736 21767
521 10225 23720 21330 14096 12137 14506 14411 14607 15861 12329 16254 26340 17370 12422 16754 7190 11880 18414 18253 19800 13564 26767 16150 16714 13436
0 16229 19752 14385 11474 9965 18217 9537 17857 13216 11018 21029 7923 12741 16584 17002 8242 14803 18142 18146 15366 16145 8241 20995 16376 11614
15843 22832 24419 19063 14770 20716 22920 17347 19622 16693 9890 11779 21751 16546 18710 17934 22094 13302 618 11441 19687 11330 27420 13848 13775 11649
17559 26355 28091 15985 12693 13937 13412 16018 11648 13876 9714 14142 9495 10505 15533 14707 7862 16692 18270 19210 17715 8887 25225 10647 15678 19057
9193 22872 24322 14129 9933 21186 19198 15098 10258 14876 10621 21440 14146 6721 15248 19773 14312 15114 24385 1474 12817 12024 17725 27799 14285 15502
10876 2920 30450 19740 8387 15568 15863 13395 15763 18522 10770 16624 21800 10249 16877 17712 3220 23129 15157 13651 23927 12813 12055 13601 16696 15561
11581 18386 16400 14060 14131 15482 9892 16280 4976 15060 10322 17367 11148 25044 15933 19248 2180 14181 16428 21732 13989 13949 19793 25504 16370 4624
8157 13176 10258 15380 14218 16562 12489 19232 11781 17510 13735 14796 18594 10725 16514 17689 5572 20564 15695 8176 16201 13247 9564 25602 15848 16488
10086 18519 13025 10735 15501 13970 3543 18756 6024 14413 11042 18033 17921 7787 17399 11239 2665 16896 17382 16854 18254 13440 11697 13872 16184 20499
516 27816 3328 19162 15821 8755 12199 17809 28506 15349 11597 20747 11095 11747 17257 18461 18831 20240 18013 10296 11281 11673 10617 9774 16392 16469
10695 16092 21854 14976 9324 17885 23902 15480 7812 10815 11021 15564 18023 14491 18648 19058 0 17388 12430 13723 16262 13523 28854 23641 20176 9034
20144 34415 18341 16132 12704 11887 30869 20703 4734 12385 8751 13552 5949 19332 13542 21372 10369 18617 18954 7995 18992 12776 22346 8780 14994 10143
0 6913 6747 16839 11435 15967 19416 13567 21890 17591 9286 7954 14358 21658 15049 16209 19682 20784 18194 16662 18921 11242 30870 21283 9098 10234
10300 24523 24409 17610 12385 11927 17972 12900 12187 11696 10336 2397 21774 13078 16246 15974 763 18651 10699 12697 4439 12120 2307 12524 12865 14840
8325 15161 39171 21308 14319 17832 15629 11869 15676 14645 12403 14641 20390 9912 15967 18371 6737 8401 17779 11685 15512 15594 25923 7220 15402 13596
17581 30982 5291 24372 15519 15870 11775 16785 8585 16055 12082 13651 26023 30935 14128 13407 7676 11576 20190 11380 7024 13573 30689 26407 18977 12503
8669 22656 11953 18982 11743 11256 16470 16010 18373 19066 11581 19744 20015 25122 19423 15998 0 15612 17739 15344 12362 12546 26506 21806 14356 14432
11494 14301 22245 17933 14871 12836 17189 17500 10879 12730 11256 14060 10018 10141 22627 19800 7870 12994 8192 10890 10774 14166 14126 17477 21784 15513
26367 17231 23866 8725 9413 11137 11502 16747 19645 12489 10067 18610 16032 16320 16900 20785 11910 20208 18378 26133 17758 10859 21760 21129 16957 9865
8414 28468 20464 23143 10498 14435 24500 19626 8737 12773 14182 14670 17996 18001 14572 13775 15946 11162 23425 10541 22325 13836 13719 20412 16934 5923
5902 24514 16444 12819 10455 14119 11176 13603 18467 21599 10749 23174 11803 14923 14476 25049 14877 19319 24975 0 15539 11464 14528 15294 11846 14317
4843 26911 11866 17968 14776 13509 21857 10427 12349 22666 16013 16527 11138 10192 19195 16818 18973 12844 18337 10405 19021 15126 31433 34464 11883 13358
16331 16957 9005 15574 18471 16560 17470 15374 26983 12743 16209 14712 11584 10950 15845 12129 11281 19540 15748 22927 14182 13482 23211 9794 16801 8410
3274 15152 27707 25803 10865 9238 13709 13473 0 15313 8028 18568 7632 5473 18410 20253 10686 17584 16624 16296 17997 12835 22749 26599 16815 12452
7450 25533 8754 19733 11534 10964 18623 15926 12191 17749 10436 25256 9891 3882 11974 18764 8389 20713 19297 0 28131 14188 26632 18581 15998 13707
5966 13570 7065 16240 13189 14952 16192 13627 21976 15755 12834 22655 8884 16170 17472 15705 4587 19479 15307 8025 10476 12480 17407 18899 14966 10476
11897 15754 34636 18677 12173 17318 13083 11642 16215 19553 11769 21753 16952 23512 12226 14780 2259 11829 21096 20710 17443 15669 31544 13156 11391 7116
2105 11221 26205 15194 13202 7358 23160 21059 19606 18060 11764 24994 11794 17086 17050 17948 7738 17289 25274 12134 14734 15243 13063 15559 18856 11233
11763 15696 273 13153 12996 16744 24915 11351 6481 23288 13081 6519 15325 16867 12895 15559 9253 12349 15999 377 13126 15403 13846 15137 21118 7228
11081 34778 22995 20705 14825 15410 22042 17111 23731 10825 14789 24152 26466 7665 17507 17834 12188 15183 16050 23592 9668 14090 5388 8125 15580 11037
7283 15777 18175 16633 13332 11831 2112 12709 26565 21317 15502 13114 22841 16197 14868 16530 17276 18659 19604 9586 20349 5678 18478 14978 16452 10055
8818 8571 32544 21307 12508 15989 10349 20460 15698 13628 10979 11432 22665 9260 15445 20343 13450 11459 29338 13035 21602 18770 28440 16204 15461 13484
15761 18383 17415 17506 12908 15849 17703 15142 3105 15572 10219 10587 21049 13078 20110 16997 9753 12382 8788 22484 15406 9708 21568 19719 13779 16325
15915 7822 36217 25704 8654 15465 15917 15965 10491 18672 11547 24948 28740 7520 13452 11131 3492 16616 16416 15570 8158 15481 15450 29302 25694 21758
11907 11994 22485 19866 18466 9518 15321 14901 12800 16676 11050 21735 11137 8055 13976 19004 9380 11351 18900 19194 14536 11207 33680 20153 15767 19004
2274 22444 16441 18717 13184 13396 10991 8355 21046 13006 10255 19477 14223 12892 13020 15412 0 14046 19270 12269 14342 12377 31927 8719 17401 10197
13555 24266 35214 18774 10950 10491 14304 9470 17109 17053 10326 12579 6220 13369 17215 20229 10198 11251 22501 20699 14809 12495 7789 18478 16988 17964
7806 19688 23494 14311 15159 14135 13587 14977 16329 15042 11598 27158 23913 15593 16752 26010 3961 15723 14477 14344 16196 10921 14767 16275 13299 14712
17189 23945 19630 16689 16029 22461 12094 15411 29598 18034 15048 16125 21986 15686 13130 16927 11212 22888 19954 9117 13836 12690 32047 16961 15759 7152
8101 26723 24656 15698 13013 18798 11105 25807 19519 16748 12375 15946 11994 15698 15045 10857 8248 11746 25129 11977 15514 10001 33865 16527 11615 16448
4633 13310 37322 17232 13135 15705 19727 19277 3558 17694 10364 15605 16319 18454 13697 20541 0 19509 30469 13823 17160 8956 37274 19744 16819 7151
11106 30100 22809 9776 13529 13987 21810 20213 5031 16526 11998 12964 11702 20877 16835 18946 13191 9840 21398 5877 26161 16692 21477 6547 14883 17954
12605 31654 18216 13084 12374 12361 21847 17430 26095 17173 11996 25640 5066 15458 12656 18085 7051 18037 9350 20888 11206 13659 24577 26251 20319 11115
5676 23166 11859 9280 11339 17541 21130 16265 35076 20904 9968 7175 19093 14814 15827 22525 9711 18358 14395 12131 24109 9768 31610 15951 15792 16890
19355 20238 18979 13634 7164 8798 15897 11237 24724 12928 12450 23254 27931 12861 15686 17002 5466 18284 17295 9791 6902 10853 31203 3487 19332 20729
16797 9359 17843 20095 17778 13252 18298 13652 23024 15975 13207 15455 14157 18480 15073 21694 5261 19509 13752 10165 12558 12077 25163 5186 12624 4543
9482 17061 22302 12321 11734 15124 18247 21337 12637 19210 13163 12139 13156 11768 16567 23208 9330 15202 28293 18507 20789 13900 27244 23789 18082 5980
19543 7792 23329 18575 16172 12672 25658 15720 8300 21033 12486 25065 11258 10520 14993 19390 6742 12061 17084 24723 21890 11854 17958 11000 17950 10327
5826 32059 5832 17942 20278 9112 18392 17106 13882 23408 7315 16855 14111 13604 16242 15002 0 15180 19065 12023 22194 14240 20831 12618 18563 17175
4685 18624 21746 22686 12323 14322 10943 16552 7346 12931 7923 14884 22055 14137 14406 22666 4414 9455 24176 14363 14977 13820 34635 19382 17585 2462
17782 15722 26562 8488 11655 14692 23555 24393 24631 16576 10013 11927 2320 1848 18719 19858 5761 11188 15000 12459 14797 12678 30140 24606 18210 10016
4281 24322 20213 14931 9674 15323 21430 19109 5208 14109 12959 17312 19012 15683 19937 17195 6347 10635 12948 17727 17652 12590 13419 16979 21634 7612
19259 22503 23598 13318 14175 15489 14680 14921 11226 14804 11982 12204 16542 9875 16919 19360 5233 24838 16251 5082 17000 11689 26468 19749 16070 15422
16140 26173 16763 21544 11602 9412 27662 13649 1255 15365 11043 6711 15931 11794 14087 19516 10133 7177 20936 13092 14007 16062 17117 26614 11556 26636
5348 17448 18402 18230 10047 12306 20431 17028 30432 23792 11553 15118 6537 10082 15328 24211 11861 12612 16645 21677 17101 14802 28109 13948 18011 2466
16405 29216 14659 15272 14613 12702 12972 9867 17921 16228 12066 18838 18581 0 18284 20078 2756 18786 16854 16230 15198 9998 11469 13236 12790 6958
12824 15607 21927 24821 11868 12710 15497 21384 23749 13818 12134 10400 18983 18279 15799 13523 10401 13574 13492 8967 11987 14656 23300 16403 14573 8899
5480 21957 25917 15805 9961 17456 14354 16057 7070 19508 11155 13460 11242 15588 12813 12260 16521 16541 14687 29602 19409 13747 15502 8188 13878 17673
8472 9199 16222 15713 15469 18753 16984 20705 15242 17144 14619 10499 11456 7412 13594 22341 12363 11623 19180 19585 18529 10784 11989 8223 12220 13067
5490 14945 9594 23712 16816 17984 18899 19023 17358 16972 12592 10281 18462 9375 19375 17772 13173 15590 12451 16686 14325 13029 22712 16465 19590 9851
15524 17720 18548 15388 14143 11235 21428 11349 13478 16194 9983 19070 15573 16229 10618 9716 12385 14763 11838 14455 20022 10140 11559 10212 15460 14132
12731 26555 12361 17092 16822 17774 17732 18803 23533 11257 10975 16956 17611 16277 14005 12886 20594 17086 13008 15557 13475 10194 13404 18821 20638 12438
10870 30637 14036 17643 14023 12901 10526 13266 7497 19926 8590 17024 16213 12458 13192 20860 4831 13464 12263 20263 17601 12055 13546 12650 14870 9176
6641 17143 13908 12268 11261 13157 22224 13046 2641 11537 9206 17854 20040 9997 18909 16748 10029 18541 12453 15445 15136 14046 33620 18750 21533 15227
7604 24469 15861 20983 13507 6003 22651 9679 0 18453 10567 8581 15870 14713 16298 21017 4464 17854 18058 18354 14653 11617 15421 5862 14589 16107
432 12480 16492 22422 9951 17595 7791 19613 11589 16624 9527 22381 21610 12458 13071 13163 1430 10682 14937 15920 20580 15822 22928 18769 21371 1735
14288 19992 23591 17479 14330 19009 19322 14764 21722 18649 8061 14698 0 19950 14843 15072 0 17705 20679 1937 10709 14146 25171 17775 22381 8056
8072 20222 18017 14002 16768 9751 13857 14001 11183 14946 10402 29312 2599 14713 14252 18560 15893 10278 11541 14863 11272 13259 18071 15710 17853 12412
8042 10976 2252 12042 8054 10930 11632 20246 17992 13110 13355 22633 25463 13575 15449 19192 21254 12622 23126 7556 13837 11385 20210 15441 15272 14762
13785 15458 33746 19333 13203 13114 30559 16481 12298 10872 9740 22001 7552 18262 17998 18328 6895 17208 20908 19508 14330 13064 22075 11762 15871 12799
9172 9048 17709 15641 14311 20306 18933 15006 13569 12331 11529 15331 12707 24882 15907 22942 5832 6249 20003 14100 3247 14753 25942 16248 9955 18867
1377 16124 28093 11119 8958 14545 36012 18069 13264 16630 10359 14640 20245 18754 16423 12822 16736 16147 14395 13009 9523 12204 24051 15048 10951 14430
9669 8265 7266 14846 14601 19574 9076 13682 11341 8876 10130 14413 23119 13559 18745 14020 3723 11240 14611 12824 25251 15472 23938 24823 13187 15319
10505 6077 10223 11710 9603 18640 15665 14286 30240 14535 11089 25951 11220 14292 15132 15006 8891 14141 19579 6783 25970 15792 23038 11487 13328 12153
0 7165 18297 12571 15421 16903 24514 17160 17885 14653 11567 21554 16354 14717 14376 16851 22129 14099 24830 20888 14021 12427 24848 27093 11702 17538
13099 19904 30370 13882 12306 14507 19263 16567 14727 21895 10242 26178 11609 13836 14992 17680 19986 10677 15055 0 8664 9938 23170 18841 13639 12779
9708 10345 12501 17897 14061 15620 23021 17336 12192 17642 12884 11625 16278 10518 17152 13979 8947 21825 14544 13207 20442 13399 26080 38293 14576 14072
14271 10125 16290 13113 12432 16678 11260 24540 9799 18403 10581 14744 17743 14788 16760 16312 12692 17007 13603 16460 12534 14624 15276 8601 23141 8671
7165 21218 14360 14755 8882 14173 20040 11568 3258 10423 8463 20308 12086 18133 18743 28813 22290 16142 23685 23879 22628 16742 22282 9845 15810 13616
9647 19106 17221 12898 14996 17208 24212 21491 17157 15508 12998 19973 19260 17301 19228 16915 9293 12961 24780 19562 12858 13683 23528 23559 21515 13431
4079 25016 21317 13907 16727 17631 15185 17925 15031 12783 10783 18663 8116 18041 19550 14101 16640 15296 19931 22235 17886 14405 13849 23480 13758 8670
8009 24535 24908 19611 16401 12942 29859 13904 23904 12235 6594 14784 15894 17678 15685 16080 20379 19833 18820 13288 28089 12804 16603 28315 20798 5773
18364 20306 5956 12227 14486 10738 15238 16222 17156 12638 13170 16170 21324 17918 18894 14857 5805 19775 12662 12565 19172 11212 9554 20183 15034 15357
15344 18797 8002 13860 11805 12395 14694 12864 11861 19242 9175 17664 20047 12463 17015 12886 16369 19382 11109 9596 20178 15942 15193 2056 15218 10633
13498 20753 10826 15539 12566 12782 12635 17274 10929 18859 8067 11749 19455 16705 13894 13937 12245 16543 20732 6840 18416 9903 21791 27385 14595 16690
4311 19421 18482 19507 16097 14063 15968 19880 13251 21207 11362 7524 5040 14994 17584 17345 11899 11000 9775 14872 25413 13895 9150 10889 15291 4465
1650 27808 16589 15271 12292 18180 18389 18914 17679 8298 8729 3088 29757 10484 15937 20059 6824 17206 12940 11540 15829 9881 34966 13064 17254 12047
19784 25811 13410 17158 19064 22808 10451 9740 18729 15966 9425 17538 23470 21081 14584 17031 6323 14073 19779 16131 11234 14960 23071 6039 14571 12252
15102 27634 19849 9873 6501 16889 17183 18214 5542 15240 11300 14745 19857 20250 19427 20540 10469 8489 10732 7019 14853 16686 27931 16369 15234 8750
4902 20570 20633 17769 20686 14685 18483 15090 21917 9661 7652 25923 56 15012 13813 20044 10305 15190 14491 9755 12425 12008 19157 32134 19067 19968
10232 16192 1370 13602 13523 18928 17788 15226 12756 11078 14585 17186 12570 23242 17137 16023 6567 20220 12386 13924 8460 14948 11253 29315 16054 9520
18867 25948 23232 21424 12536 13257 6046 10184 18954 14871 9720 16310 0 11439 12568 14573 8309 13337 21537 22394 11762 11584 20974 27142 19243 4965
22618 27207 14376 20155 15412 16000 25701 12852 22316 10746 10008 17527 4676 8007 16916 13703 12429 17790 19017 15664 10516 13240 25928 6127 20057 15623
18606 27782 11781 13668 16079 18650 7923 20052 23118 19475 9510 15824 26557 9938 14351 14561 15219 19448 20100 7780 3598 14187 13220 17669 8829 11532
16935 10850 22841 11288 11813 19727 14229 16232 7718 19833 8453 25398 5321 18350 20115 26410 21914 15967 19940 27651 11251 13308 25426 11773 14744 13933
11516 33918 13008 17708 9513 19594 22372 13805 10649 13396 8206 12715 7761 9875 22373 19547 13645 15911 16085 20011 18458 12691 11773 21573 20901 10647
3222 26346 18593 11552 13663 16237 10959 18597 6127 14238 14700 9007 22585 12759 17106 11933 10295 19854 17392 13820 8694 12481 21560 21463 11247 7467
9064 17303 14584 19254 18054 7992 10412 17016 12933 13675 9293 7812 10681 15120 14202 17650 9158 11911 19352 18702 7150 8919 28859 13321 19035 21215
12767 26160 11884 17183 12396 15458 10988 21071 5514 18032 12548 13041 8671 7898 13435 20259 9305 20478 29206 20844 15123 11279 17339 16474 14553 18145
8338 23224 16665 15888 15079 20721 19648 15160 7190 15847 9468 8989 15709 14167 15894 16129 15086 23228 20625 6002 17091 13005 8142 13512 19756 13181
10151 13722 11280 19735 12846 16022 24402 18635 28700 13797 7857 17598 28690 16660 17875 18905 15439 20855 16920 1452 20778 12023 28708 21527 15907 13555
10621 28829 16811 12297 17510 18374 26067 18274 15684 15199 12335 4689 22923 23653 15420 15882 9668 18429 19611 8872 15624 14541 9730 2993 19251 13805
10156 14063 6744 14890 12804 18521 23932 17476 20103 10760 11336 35464 5288 11794 15410 20620 12513 11179 10960 6899 10676 14016 10862 22845 13389 15383
6487 11719 23608 18928 18326 14785 24435 13247 6491 11964 8721 29318 17780 7674 14720 14714 4199 14039 14640 22563 16327 9900 23797 15817 18276 11716
13707 33725 19009 8906 16662 19210 10093 10682 22427 12618 10005 19520 8292 13469 15429 14001 1233 12386 13390 12280 24955 15353 25806 26028 19803 19456
9888 14281 17753 12527 16196 11915 20167 14111 31394 16271 12240 4671 17265 11219 17737 19111 8024 16842 16580 30370 4150 12028 26731 0 14596 11486
287 21363 33992 9624 10827 15302 15639 10691 17968 11500 12013 19650 5386 12405 17973 19513 19772 18465 19651 6482 16706 18902 16946 17211 20568 25011
0 32364 9435 18344 11009 17046 13928 14825 21127 17947 11741 26134 27062 19863 17267 25967 6639 20286 22903 17087 12772 14031 21203 7092 14945 13616
19871 17056 31729 21659 16055 12348 9207 8479 17708 9291 10957 23404 19112 13726 16546 14886 5360 14317 15348 7178 1740 12926 12757 28641 17298 7603
2501 24293 24792 7643 14102 14619 16276 9245 10920 22029 11480 10679 7469 8190 19903 13600 1546 16286 20570 13238 20234 14516 23486 22718 16730 11494
9947 17676 18551 21003 11856 13074 8355 15092 8739 19220 11304 22549 8496 11656 15953 17075 21539 19358 24265 8404 18853 12363 26380 7542 15454 13313
7351 10873 19299 17323 13320 9525 21391 18204 7784 18271 7837 19492 19013 17963 19081 12955 15866 8880 11269 25970 20353 13413 34417 21389 14688 8094
9251 22059 16512 18985 11379 17227 15118 14664 12082 12344 9783 11614 17313 17244 16722 18213 5227 13063 20844 11207 20635 10858 15804 25187 19637 22759
39 14101 12575 21526 9235 15906 9257 10800 13980 15936 13096 13724 10846 26501 14313 13311 12354 14067 11495 19223 15428 17512 23520 14882 14225 18433
