365
19 26 82 58 3 39 56 5 64 76 66 4 98 51 92 11 80 64 73 5 39 37 62 91 24 61
15568 7770 12445 19637 5623 21774 16212 18688 19252 9312 23121 13185 7187 9315 14762 14253 10017 16414 9022 12764 16016 14687 19935 14615 13765 19608
11406 12961 9941 22509 14570 8729 3674 23623 19077 17350 16176 22326 15846 20927 15453 11907 12017 21303 2964 16441 30456 20268 13911 8885 5162 12361
9447 21454 12836 23835 9927 15059 16084 24074 13160 13513 0 13333 6859 19075 7741 10385 18427 20416 7076 19761 17278 7967 16008 12480 22482 21617
19599 17969 12862 11704 15586 20116 16054 10857 9693 8705 6360 21361 5660 16330 16434 22205 15532 14170 6017 16779 12919 21895 15485 10618 0 13333
16396 23290 24974 17726 11384 17843 11828 17831 15325 39241 9599 17879 11075 8091 15860 19854 12509 18750 15592 10496 22593 5519 9446 11793 2401 28462
12573 19563 7203 13929 19227 10992 9571 10566 13655 16912 3530 10933 6426 2495 13259 16310 14944 18680 7722 16215 15089 10756 14466 13388 15759 17895
20949 12576 19531 19622 15951 4846 8319 12573 11355 37648 8162 23933 5958 112 22091 17836 14613 19522 6826 12680 32160 13617 7675 12762 16689 21989
17883 21696 18370 24007 20317 2969 19767 14396 14961 15821 10141 13674 17706 3387 18934 13997 15774 19642 15281 21220 19368 15200 25696 9323 4537 28567
10487 12219 17158 19290 12721 13696 6421 15882 3487 7267 14344 19551 12461 13422 14076 9493 14221 16128 13320 13117 16208 12817 20043 10291 13670 6565
16227 14914 10874 24940 2501 9573 10831 17061 1467 11009 15825 18324 9393 12978 22176 17942 10360 21028 8351 11697 18951 12108 16437 7688 8312 6662
7651 6778 13878 18850 7191 21641 12333 18898 12620 20461 18728 24930 10191 5656 7114 12267 11645 14780 10026 14188 24027 19191 13065 8378 16690 23910
16410 20660 7179 16429 14120 5784 6627 21054 20289 17757 24660 540 11512 18337 11106 16564 10988 11674 3034 13790 18878 14318 18680 12935 28182 16238
9068 15630 4886 15059 29006 9976 12953 13444 19280 19518 13389 16322 11504 4342 7148 6290 18026 21193 15581 17418 20999 13085 16352 11737 8181 3704
30075 14807 10379 18509 17052 23942 15399 12586 15955 20328 17569 20207 8475 15026 22655 14733 13085 21095 3417 13876 15596 16615 13032 9035 11305 25987
5076 24497 4256 18569 16239 24622 21142 8922 9530 12609 16093 24183 8928 7909 19734 17430 11439 21452 5813 13592 18398 15660 26302 11100 7467 4792
20211 18070 6377 20217 9844 6065 10120 10612 20023 24334 3917 17228 8215 5675 17973 19037 17175 20231 13573 15045 15145 11838 12975 12958 17272 13061
17522 14148 21532 16819 7164 7964 11305 19133 10457 23077 21912 13628 7660 19617 7910 15242 9375 16049 11627 14303 13654 15562 11350 12443 4169 17382
20580 22680 10072 15298 20646 5263 5183 10910 2156 20596 8892 5960 8570 0 28892 15181 13266 14699 12286 12036 29920 29843 12048 13469 18319 14580
21044 8979 8016 18993 12581 18072 20083 23162 8795 20845 18604 26522 10640 429 10838 18341 12389 17430 12701 12869 30510 18692 18795 13087 14894 19875
12712 25686 10551 13894 14023 17080 12427 6713 4269 14906 14247 12774 16992 6960 0 14378 14699 14405 13410 14795 18243 19489 10698 16740 10088 19582
27588 9172 23420 29051 21962 18103 12127 24342 6839 23173 4726 13296 8174 8485 13136 15690 12558 16432 12203 17346 20628 6576 32513 10283 13712 21142
19542 13192 14687 25891 17102 12083 10677 21039 2666 16606 16232 14996 12412 0 13629 19377 8329 22969 16585 14188 9945 17027 11401 11473 11394 20084
8686 11189 15497 23181 23418 0 8791 19259 2796 22427 10717 12057 10857 3532 10374 17217 13221 12536 20356 19827 19069 11690 16765 9675 5778 25647
14371 27506 14726 22722 23116 17034 15079 5507 11448 24179 6672 7573 11130 1569 14228 19680 11691 20455 14412 18138 3752 10688 3205 12819 25591 10821
20815 14705 14078 23120 18380 5274 14070 10840 0 9398 3221 13555 10316 26601 14723 17364 8681 21308 9050 13127 18083 8173 12389 10182 5303 22031
20225 24490 7542 17451 20572 8795 19476 20277 26695 16080 23058 14668 13845 0 13686 16363 12212 16644 19665 17629 14204 14333 4809 13124 2790 1831
27351 16398 9777 19311 6947 8708 14573 12799 6092 14959 6253 19765 14077 0 8723 9379 12744 22630 13692 11553 19528 25433 19521 9386 4964 15297
5005 14086 19974 21470 10888 16504 9589 15122 24844 18515 12937 20467 11403 11360 25327 15859 10621 25485 9012 9987 12250 18347 16527 11016 8640 13794
17473 17128 11977 24383 1981 6449 20831 20607 18815 11306 12781 21038 7032 10103 20959 12967 11780 20678 5212 16284 17895 15601 3377 9576 19231 8745
13475 5411 15917 21935 9012 8052 9088 11287 13140 17655 841 2855 9722 9439 15952 18168 12181 11685 9522 9269 19711 14687 11655 13916 18362 15343
22811 16516 4978 25479 16357 20296 12638 22115 21215 27109 7088 16439 11284 5848 25462 13409 16732 20678 13589 16507 17916 17552 10515 9069 4320 15887
23872 25614 14389 23730 9610 15588 948 8868 3284 28386 14181 20195 6227 22003 20545 10213 10795 23099 6014 14598 22008 16278 14887 10509 7502 26097
18787 15967 10663 24056 13116 24938 13703 7164 9749 23210 5667 20598 12155 0 11024 13348 13729 16959 7193 15543 17693 14831 17452 13502 1945 24271
11224 11510 11708 12579 613 6191 17650 12012 7792 17619 8893 12760 15949 11660 22053 12888 15451 23305 2919 12566 15071 19134 14095 11898 6527 16392
14090 14613 13895 22777 0 22255 19854 6406 9404 16265 14093 12246 15140 20194 24034 18352 12092 16387 11612 9202 8257 9883 19065 12872 16443 14241
14459 14049 13684 16641 21615 10112 9462 13781 5129 0 13727 13400 16207 14962 13130 9194 12597 13570 11896 13978 15367 18450 21599 8395 11201 21713
21185 17974 14705 18791 23531 18028 6677 14992 10805 16287 11796 11858 12447 3685 27595 17962 9076 16352 3777 16787 18452 19104 18504 13516 955 19857
12364 12177 6010 14940 16943 21514 3540 16267 21328 21000 17389 20969 9453 7495 12746 17998 17355 14802 8336 12187 17184 14562 19791 12667 12923 20194
29355 23875 16992 14064 12685 23812 3019 2291 0 8701 12077 4976 10415 10539 7762 18343 13973 19367 6254 24378 19932 9026 12967 9191 9986 17951
19272 24146 12994 13957 16361 17146 12936 19478 0 18724 2933 18458 11516 15113 12982 12617 17156 15387 9440 15233 28457 16366 20567 7502 6882 21107
27879 19915 19110 18335 7920 8312 7381 21138 12666 24308 14537 9714 9929 9187 18894 12033 17106 14966 6768 16383 14403 17718 29515 9786 2007 8302
13582 17961 4444 18987 24712 17955 7531 7523 5232 17728 3608 17883 10016 3120 2210 14490 18139 16830 13563 13429 11440 14987 10169 10990 10915 26886
12931 18060 18908 17460 11310 15220 6464 9921 13392 22908 5206 25819 7729 0 17454 16759 14408 13812 14284 3802 19342 20200 13612 8907 13204 25477
22104 9573 16225 14736 15940 21967 13172 24236 9517 19457 9313 18735 12030 3515 14572 17549 18735 19847 9601 10102 10167 12832 13838 9388 15242 18295
18614 19605 15631 16486 16474 13973 8421 15352 23129 20920 21972 13552 8628 10699 28143 18385 6575 15364 3730 15464 18955 16913 10971 12301 14930 20520
26370 10275 13630 18017 10053 8475 7665 14282 14668 12306 14365 18046 10310 9153 15618 13459 9845 16616 8683 14843 25212 17033 22801 8828 14337 13697
11048 22989 16897 18373 21946 8996 11003 14555 1301 7913 1760 14897 10118 11525 12184 16792 12908 17927 5589 11828 20270 14854 25034 10144 15309 12034
16917 24190 14251 11672 14976 11553 5968 12281 13997 29940 16664 9560 6943 5451 11625 18232 13175 17897 7348 20278 29664 16409 8068 11772 14022 22838
15463 6454 23634 23140 18505 21986 20067 14432 21905 16806 12919 12655 10840 12033 5069 13682 13473 16389 16276 15067 10968 17237 20989 7796 30368 28544
8034 10494 8973 18941 30321 18269 0 16677 18008 20169 12294 9089 13458 0 25058 15727 10371 14637 2003 5479 20994 9344 20942 8744 3180 27738
617 10009 10395 26043 3287 0 19485 18447 5104 17514 10771 22144 11449 9719 7217 11630 13249 18104 8898 10341 15445 18674 8612 14102 5869 14032
21528 7021 8666 19555 13856 20428 14285 16820 9474 12409 8105 17538 10887 12316 19486 15994 9436 14824 6131 10724 15329 13683 17217 8515 10312 21800
15293 24130 25171 20747 12764 16381 14886 13259 10472 41856 14447 5040 8944 15581 28106 15763 11682 16012 14506 16723 23535 8095 7183 12898 7270 25287
13739 12568 6811 16635 26675 18497 16871 18749 10540 15699 4421 9411 7330 0 15311 17634 12372 12471 10446 13858 24324 18841 14789 7884 193 21495
11671 34743 20801 16940 27751 19719 25751 18631 14741 12732 2083 18252 4510 8898 18404 14368 11787 20096 9661 11847 24955 13576 14966 12611 6707 10523
18052 11318 11720 17171 7315 493 10139 13453 6479 19219 19481 9669 10487 1455 14878 14831 10113 10784 6557 11822 30103 12556 10758 12347 12843 9855
3880 14493 20319 19677 0 13610 3881 24027 9352 20189 20176 10113 8014 9091 8483 15297 13993 14771 10076 16613 10433 19538 13132 7655 0 11516
7997 21084 18472 21221 17120 24849 14719 16555 7359 18102 11502 23820 10518 2277 19816 12488 15958 13735 10999 14013 19604 18817 15526 11958 17212 7328
26285 17084 26016 13594 6609 9276 12721 21866 13654 14337 15769 20928 14747 1045 21501 14240 11931 14010 4788 11450 26897 17195 12082 12538 11150 12883
24239 11549 14015 22717 7955 24230 7778 19692 15607 14226 2662 10417 12721 17000 20858 16043 12970 23422 11458 14716 23155 19096 13603 9973 8672 14375
21054 23065 14779 14441 24203 10141 13628 18982 20967 25418 11511 19034 7274 24599 15304 15484 17280 20524 3664 7080 24035 10225 8802 12319 10251 12247
10635 12687 15436 20262 24596 9501 13862 6783 11912 22921 17244 8478 8872 11019 15507 10516 11383 20714 9955 20242 14484 20391 10561 8693 15208 18779
22614 15275 22058 18015 9026 8398 26777 17406 0 14009 22916 16603 9197 4509 8709 24277 7052 17859 4729 18582 8978 10334 25049 9841 0 16779
5362 20640 18766 21158 25834 17827 12983 12756 12143 11718 2928 19279 13811 14448 22176 13464 12072 11522 15022 16867 20717 13855 8767 10824 15137 22002
17880 26312 19678 20746 32336 16586 6386 15333 23311 11223 12308 15563 11226 4556 3664 23754 14474 13537 17660 13856 14056 24111 29323 8645 9768 11344
17005 10624 8235 23015 15825 10551 7086 17423 9072 19847 15445 17948 8828 11118 18707 10992 14866 18919 3403 18165 17974 11398 1844 13411 12414 13650
13777 15174 19910 21943 6639 18782 6552 8552 12537 15411 11499 10240 9964 17432 16625 15020 16613 20833 2415 15851 17147 12782 7323 11803 13606 7713
9918 17519 12684 17617 5719 22221 7301 10514 5425 30615 12177 29637 16297 17592 14641 14105 13169 13342 8181 13351 21215 10822 17507 12355 14851 22586
9538 20778 13011 25810 11549 0 24194 14690 14085 28267 15406 11389 10480 6156 25643 12514 12899 16339 21071 10249 17740 18771 19825 13385 12613 15876
19883 22188 18908 26105 22060 12081 12192 18227 5287 7882 9057 5509 9386 36718 14892 17145 7678 20645 12333 7373 18703 9922 24760 9290 7382 13553
19074 28329 13439 17988 6159 25333 11927 18187 8908 27196 8787 7855 10512 6541 25299 16168 16186 23554 10054 20790 11942 19473 0 12114 0 28219
23440 18087 1796 24644 13427 23500 18781 8786 21492 13707 4641 21493 8167 10439 18876 10428 15454 14907 11930 7815 11824 17274 12111 9978 6807 25356
18365 8272 11585 15884 12882 11943 3177 15910 25792 15580 25220 20740 12916 12770 25071 16497 18252 18854 17991 17217 17928 18885 0 13340 3861 30940
17830 6571 19557 21987 23667 10641 26033 9497 7592 12210 1270 20477 13399 8416 19944 20290 8654 17271 21756 19457 12183 13639 6524 11383 6537 28060
3260 4161 14010 21854 0 10815 10601 13301 20531 26528 5672 10998 8869 11341 26732 10849 13339 14105 7768 19470 20090 17943 1670 13534 9216 6983
18707 16777 33958 27167 14263 13541 20543 13765 15276 20302 6135 23389 8634 18106 21779 11375 9485 11980 14245 17638 22267 21694 9959 10136 18017 23172
7797 7289 10036 21913 14486 4030 0 11820 20515 33440 12529 22455 6398 10898 10997 9895 15526 16991 13181 13069 22888 15659 16865 12967 2792 19658
3245 19896 19477 20274 14133 16882 10 12845 4650 15628 21236 10193 9625 7067 14591 9565 12461 11709 10993 11530 13116 3220 21663 9402 9211 20926
17392 30901 6062 8999 6798 23442 8650 15395 16749 31707 9308 29893 6381 9454 5188 19161 15008 17336 4780 15416 22825 16313 19490 13174 14451 20684
27834 13950 21318 26865 18536 11988 9235 14841 12911 24410 11926 20347 7000 16351 11237 14807 8164 20987 7312 14152 19278 6618 3696 15241 3720 13404
16484 23055 10065 18322 8069 17920 2538 24853 11828 22915 14240 15754 12631 3766 28981 13807 20713 16651 7822 10894 16311 13252 14101 10056 6405 16806
13810 17032 21335 17759 11958 11656 12678 18186 12487 13145 3542 16439 11066 0 24896 11681 19223 14995 9997 11609 11205 16871 16027 10055 8722 26050
8901 6448 16391 19935 19650 29032 15587 19212 20264 25535 1859 20628 11502 0 31529 14020 10057 15991 8949 9365 9447 7636 17419 11135 17077 20195
24000 13963 6296 20058 7426 15866 9466 19243 19827 5611 12661 14343 9467 14476 14503 22779 16252 21488 17011 13792 21412 6909 7442 10389 13210 15127
0 32615 18240 20225 18633 25451 12867 8306 10235 14461 3273 17647 5292 5674 12676 17128 13081 13985 6665 14223 10648 14855 6483 12049 12585 24721
17378 0 24313 15389 9230 12418 14315 3682 3816 14053 0 16385 14429 20339 18559 13596 10485 16058 4150 17968 22151 12206 24373 12436 13080 17178
16276 17310 2634 12823 10387 7388 14757 15165 7148 12887 4311 28452 7197 13631 27274 13807 12455 20991 18848 21428 22375 15195 15058 11463 15036 17837
5460 16801 10858 20545 6705 22307 22365 5588 9159 22142 8478 9925 11030 10907 22332 8576 15697 13867 17467 17212 20451 21861 3814 9522 23319 34512
30293 11744 26371 15282 7762 14089 10108 9568 10785 28743 3857 0 676 6416 27192 14469 13960 16538 14077 20234 10385 12568 16399 15405 25687 15691
6636 23348 14446 20984 12050 12527 6134 16777 9542 22856 19223 6816 10171 459 13643 17434 8311 10165 11315 8373 12986 12753 19291 12664 10771 15827
21883 21011 21543 23252 25969 14731 27177 9906 13947 28986 15347 20646 7926 24133 23324 17141 12496 19269 5316 10185 11497 12392 9249 11318 5955 19904
4320 25493 19441 20910 2549 18769 14934 16905 19995 2293 5073 25573 13173 1566 6737 12313 17793 15638 27056 16076 21974 12264 15048 9635 16184 14215
8778 21843 10439 20181 7596 12810 8633 14527 19925 8808 8466 11661 8755 19582 18546 19884 15267 17592 4984 16855 20617 10166 15920 13602 5776 15623
1895 15150 31114 20678 26461 21808 16789 19073 4044 19849 10369 16545 12386 10696 22344 10366 18175 21265 9170 19738 7355 12348 9052 10796 13057 18722
5336 17349 6990 23622 10842 13914 19801 16033 16447 0 10978 14750 13137 15048 15814 11651 18887 12011 17244 9839 16634 18174 11218 8844 22078 8050
14942 21341 19557 14486 15951 18999 4621 17270 0 10317 11109 9691 15934 6762 15207 16841 14627 24230 6495 14657 11627 19810 11726 14956 18434 12812
21598 23140 9888 17149 20214 11845 0 12148 11571 8106 9629 4733 6999 0 22302 18868 9099 15188 10119 18129 22818 6626 0 9243 12703 18236
13876 5210 12219 22004 18159 20397 18929 17725 8093 21042 11462 12967 8424 7452 19465 11950 9023 13425 8702 8104 22584 13588 12019 12173 3897 12372
15420 7250 6828 23776 13714 14067 11254 12777 4830 31841 6113 21495 9175 13504 16461 12477 11120 15910 8 8659 14664 24216 18795 10776 5399 21697
16518 11885 16513 25737 4284 8447 6557 13965 9483 18887 12335 27721 14001 11815 26657 13052 13318 27519 10681 14724 11899 18211 11177 14846 240 15093
10336 18565 10120 23368 27066 13771 9510 12345 1096 27703 0 19505 5537 136 10818 16243 18539 16081 16673 22610 7494 10832 19135 7110 9968 12430
15463 7605 11436 18776 13920 15885 17343 10184 15794 22733 24547 13440 9217 5983 12244 13618 14257 19817 4776 18256 19172 10790 12690 11934 7268 14712
30553 24173 14168 17337 7330 28257 17877 16620 19025 16494 12147 9614 8088 10671 19132 18916 17266 20236 13853 16178 19712 20449 0 16912 15898 18944
9071 16218 15278 13393 3002 9688 5467 15681 20063 16362 14758 18030 11414 17187 5456 14980 13886 26058 14533 15327 19458 9473 11082 10879 861 25323
11998 3965 2442 21298 5404 29296 11472 18867 1224 14834 7489 5755 9182 4027 27204 12117 10642 17035 8194 8064 21114 11174 10629 9581 17547 14871
13602 19326 20941 18142 20119 13884 4642 7759 19988 19460 15126 9065 14419 17412 9563 11401 8018 19359 6101 18090 28500 10140 17787 7000 11306 13845
6262 12777 7896 21806 3551 21294 7636 12936 8331 18621 13396 14944 6411 7982 13134 10025 16645 14906 5201 8804 24767 9063 13296 13026 12731 11708
12333 14111 7875 25209 3614 8199 11705 21345 1423 7838 0 8165 12300 12968 14543 22016 13058 18196 16028 11097 14058 14270 10257 13199 21790 19333
8603 21528 21196 22277 26692 21925 19463 9775 1253 25222 19501 13690 7851 3736 19862 10789 9209 18730 10219 15634 11947 18934 7306 10194 19706 11273
14005 27725 10800 23890 0 16951 26478 24887 19667 9629 17403 19301 6505 8642 17128 16616 9581 13151 1023 12156 12218 16902 13601 9818 5183 17383
16739 20709 14486 23020 4808 14644 12232 11410 22568 27324 22789 17840 14410 31781 10763 15085 17942 22126 427 12557 19789 17825 2928 11978 21631 16052
9191 15518 19352 10290 13005 9605 10832 16745 10800 21679 11615 19142 6784 0 22857 16425 15162 16575 4705 16022 28841 4494 16346 12140 10037 20431
16502 14329 18738 23024 14496 14536 15445 20745 7849 24436 27026 18220 10199 1674 15758 9569 14090 20072 5312 16713 13837 12193 28751 11471 6362 23417
15297 14977 13907 23585 15825 24046 6175 21999 10334 10015 17279 10793 6837 11436 21761 11988 8181 20114 13927 9034 6438 16951 21147 10913 17091 20202
11671 13618 8401 16735 15559 14083 7593 21378 4355 26754 15536 16293 12700 25348 3946 18895 5575 18211 7640 13708 22358 14737 4792 11695 4997 18463
2433 18305 18687 23925 15992 16996 15419 13527 14317 17363 6639 18052 9553 2832 23453 11749 12883 22631 3526 13095 18453 17871 15619 11728 4253 24449
19600 7268 6363 14631 30803 16945 18487 6981 11352 17737 4354 7903 10945 2268 8350 14346 10982 11876 13338 17302 17826 12355 17379 11559 5191 21159
11449 19091 4798 23503 501 12981 12284 15716 15433 19567 6481 22192 14471 6774 19110 10054 9404 23434 13012 19875 15261 19927 9166 13261 15123 19517
19277 24020 12764 21926 0 7561 17247 18836 0 9690 17510 19081 10609 9470 26318 17383 10608 20280 10716 15136 22931 12391 11235 10363 6752 12813
7966 25358 12270 16009 24991 13920 6470 20437 12096 9048 6116 14370 9764 9243 12743 12146 8757 16765 12902 17949 20597 21869 13881 10897 11752 13445
30091 23993 4388 18360 13032 18269 22406 1115 9953 24818 10451 15436 11950 5797 19667 13505 15933 13373 12781 9062 27943 24225 15167 10269 8743 28866
15832 17244 15460 14879 22939 15751 27715 17115 23091 22679 16421 16963 7104 13446 28824 14599 12142 20250 9932 10506 20089 11784 35896 11525 4102 25316
22570 16390 20025 19044 14067 18159 7935 12002 6718 15626 17098 6839 9415 13411 20133 16642 8607 20650 9900 10496 14929 16033 5534 13314 16365 15359
7095 6652 16413 24286 0 8815 17013 29595 5128 23340 7808 12075 9662 3184 20283 16546 13420 19601 3051 14593 23997 20366 18049 9281 11506 16472
17086 22873 12313 20658 10353 5629 19307 10494 3884 12225 4788 18160 12258 3375 5017 6684 10595 13478 11257 18967 16839 4708 17530 11691 11038 16563
14016 28233 23033 18610 4721 1933 0 13030 5977 16959 12582 24858 7242 14956 14667 19793 9610 16154 16531 12702 20860 8805 27167 12753 17647 10182
30616 13333 19739 17462 3938 14887 6935 6161 14264 22897 4961 14975 11060 3337 25108 16767 16916 17453 5536 12633 13107 10396 17497 11280 24915 19736
13890 22994 11010 23197 14627 8050 13411 12819 17837 14302 13365 15390 8167 9247 7650 10134 6288 20171 10100 16314 15677 15149 10270 11562 10326 19993
10838 14857 7845 17517 23189 15435 221 12867 15233 26081 13279 27369 6358 14711 11686 13865 15679 17018 18521 14346 20275 15010 15986 9580 11873 12774
10904 18134 19865 22853 202 14692 18621 13800 6329 11951 11149 13589 11336 3185 30986 12499 15086 11419 11720 10756 25295 10433 20587 11025 7748 16583
27313 2933 14240 24098 13197 18204 13955 13239 3209 21790 13678 21257 11887 21195 17465 9220 14593 19951 15380 17287 8842 22153 20156 8375 0 3733
19000 15779 6364 18716 3332 7892 21189 11064 9025 17505 15332 28038 8303 15744 25872 15685 9006 23274 0 15859 20512 19878 23142 10633 3741 4752
15446 12013 11014 11314 22991 15121 8938 11644 11776 20011 8959 0 6622 14712 4722 10853 15690 20282 5939 12510 24866 14376 14792 10058 10457 11152
13231 12505 14531 19481 16785 23479 8680 10014 10150 19775 7582 11616 13350 17310 21268 15821 14589 16261 14337 3717 8509 10389 11418 13118 9114 24925
13258 23690 12509 21936 16051 9940 9835 16347 17022 36185 0 17963 8171 17716 27290 11965 12981 13472 10411 16458 20681 16125 19055 10113 5674 10377
12621 9501 17705 21235 11022 28417 14619 15229 7702 14039 12608 17465 10499 9796 22021 9994 13510 10620 9497 20900 19574 11915 10760 7645 14490 21466
14675 19142 28089 18354 22891 622 9643 8689 18388 21204 18530 19238 7796 6737 23046 11387 14795 18762 3977 9884 19903 16473 11023 11530 9837 8265
19570 9551 16651 23660 15607 5118 24443 13895 3237 10586 15211 18232 7213 4205 24448 18855 12667 17193 13202 12584 18711 13288 477 8397 19047 23217
25203 10136 13852 22761 10948 5417 16549 14992 22187 10391 10720 17831 11917 15357 12888 16998 13664 21011 341 10633 24719 4596 11681 11277 0 21177
23083 13262 18642 18347 20031 9642 6342 17792 8794 25911 17131 15356 9546 22792 3892 10206 11896 20650 9832 13794 20091 17763 5841 12941 10265 8126
15114 23425 15846 22276 12138 12235 8760 11792 9898 21403 10914 25201 7554 9196 9739 14465 10670 12235 13635 8264 16372 7340 15663 11636 13407 11105
15686 5310 7144 30167 12889 12584 25393 12887 17272 16369 25170 11842 12896 14729 20564 17664 10837 15793 15599 16034 15582 25651 11589 10186 16947 12603
12455 21967 17655 18898 10290 18650 8879 24259 7568 18871 10419 12554 8901 14108 20544 18304 13214 16246 11304 16329 26512 20747 21281 9406 11090 23569
18577 9233 0 16204 195 13847 5059 12223 11678 10094 12177 16360 9943 10571 16778 18130 11085 20404 9453 17898 26665 14333 15275 12658 13027 23027
21269 14902 9594 19640 16477 31901 14324 18046 0 5961 12033 16296 12966 16555 29787 14053 14165 21943 7098 11650 18250 14320 14388 14623 13212 10093
21249 16447 8877 24706 3496 17069 12281 19342 9262 13282 7647 33333 12578 2937 20581 10945 10963 16151 11661 11464 28190 9786 19491 8517 8087 23525
17179 17305 9029 22063 15235 16227 10843 8769 14609 18728 9814 21198 11506 16264 12348 19517 5660 16444 12185 14330 22407 17237 15335 14448 14545 11417
15274 12135 18314 18795 3530 3479 8908 15113 6154 15474 13213 9817 12324 21315 20468 16593 14839 20488 10462 9841 21103 14124 22140 9698 16545 23114
14051 24445 18083 25157 15004 12271 14014 14230 11816 28776 20424 10286 7452 6595 28224 15281 7131 10991 11880 16192 20587 10712 16149 11465 11127 16018
10103 25220 13853 23541 7746 11044 13718 15441 20802 11202 13526 8078 12595 11637 14282 9422 11894 21566 11548 20942 27978 7193 6875 11265 9986 27118
4185 17171 23292 20581 7221 26105 3338 13851 21030 9206 8999 19943 8475 7088 25779 14799 13946 22503 16510 5855 14272 19116 12738 12715 14291 13241
15166 18288 20339 16401 1877 5769 6058 17779 9698 26815 3303 26728 5012 16208 27079 7339 12369 21564 14945 8570 19759 13712 5679 12378 19225 15968
18626 29862 10677 16369 16737 12285 17369 19954 4610 15850 16175 9670 5697 4717 13531 14560 15366 22201 8268 14030 25467 14252 13094 9722 16887 20784
12796 13590 15797 15318 4265 14190 16504 3644 8716 8975 16917 19893 10754 23712 9245 16978 9158 16485 16347 11120 14098 13293 19923 11107 9343 9180
10753 7150 6530 13751 12707 0 8255 19830 15262 14713 9599 9077 13725 20278 21487 17025 14687 13854 9988 11779 18964 5440 14027 11013 17845 13318
19144 14098 18586 19687 18777 30741 12800 13413 3117 27074 11244 22302 4019 326 0 13765 15273 15733 20341 16384 26741 19979 29260 9617 10112 15624
1307 13171 9251 20741 15447 11549 18668 25822 4478 204 18558 12859 15560 3011 22640 14773 10835 27017 8153 11708 8778 9573 2022 6892 20601 15202
27338 15778 21940 18901 8553 20885 5479 17901 24050 20750 15473 1247 9875 0 23376 21017 13249 21174 14590 14941 4065 9271 2090 11938 9484 20843
14476 12116 9119 17273 476 20635 19641 12245 12595 26583 10980 21993 12605 16751 12820 12956 17696 12834 10866 15692 21216 12755 15375 11241 8427 15269
5512 14679 11981 15621 17367 24245 14401 16684 8291 18668 10700 15080 3966 17097 11970 12578 9362 11082 9672 16285 19342 11451 10571 13562 11948 15315
14545 22256 16291 25051 6833 23637 370 19081 8957 24488 11113 27312 13988 17150 27693 15691 12106 17921 4845 15718 16779 14932 41138 12256 11781 10955
15094 11274 14106 18814 17669 8905 7320 21720 9369 11663 12676 15320 12097 13490 10931 18481 9691 16154 4274 9413 12822 10731 13511 11256 21991 15862
12460 17952 20814 21192 0 23546 13408 5051 11610 30018 12832 10350 12178 8478 12887 11100 15730 19345 8884 10064 8052 15776 15306 7461 0 16124
9565 11811 13235 18843 1544 6911 14045 15468 14002 16042 10893 18736 10568 0 16880 17298 12051 14760 7938 15174 11624 10797 20488 10024 28299 16602
9044 22648 7893 17730 9611 23649 18436 14591 11359 17438 5107 12226 15810 6761 24589 16084 7096 12168 14326 22608 24067 13512 523 11771 6008 24535
5238 18418 13684 23110 16403 3221 16581 8837 6956 19196 14688 16280 10260 11739 24038 17214 12515 23877 1668 13212 13025 8794 8828 10418 12188 19886
19209 19752 23028 22557 0 16085 19173 20001 16338 14724 6667 7497 9409 9311 4915 19689 12809 18015 15533 17939 19561 8963 12631 8119 32751 22686
22275 21045 12957 16458 10385 5113 13674 22039 2648 22393 12410 17524 7454 15795 4706 17316 18370 18954 9406 15768 13511 13219 4780 7080 7710 21622
18195 19548 17950 17791 10632 7295 18861 6416 15887 18776 5424 16901 11918 8079 20459 16138 11993 14215 15199 7101 17272 8571 21973 7767 13467 20209
21089 20470 12589 15845 9221 0 8720 13594 4383 21979 14531 15878 2416 16402 18461 15296 9157 15588 9510 23441 16543 7212 23658 8210 11857 14178
30230 16427 15784 18258 7135 26187 8199 14425 11689 22128 14581 12790 15767 8860 10553 10812 8371 21006 15527 15061 20018 9720 13263 13813 0 18823
23884 13764 17429 23801 23119 993 5901 12642 11187 15135 23888 10330 10902 487 17482 13211 17352 24893 5995 18474 17099 6334 3437 12215 12361 19376
27287 19057 5520 19758 22044 20021 2120 10177 17241 29336 7911 12837 10719 13973 15004 15453 12067 16211 8363 17360 16029 11317 22378 9431 16695 11675
19554 16486 12135 17972 7976 14524 13548 4977 11561 17126 20575 13083 8463 13713 18223 14896 11755 12267 6689 21556 19736 10194 8920 11724 17072 18029
18212 11497 2029 25809 14522 1708 20628 14589 16434 23464 15737 9589 8799 8379 18384 13929 13970 16815 3972 11904 17952 17557 18152 7638 14510 21042
17504 14722 25044 17084 21793 25916 8511 11259 17049 15206 3661 9200 10543 12356 12434 15745 12265 14032 524 14860 18209 21265 3448 9427 4570 20875
21797 20283 11041 19314 22829 18859 19668 10142 11969 20152 12626 19257 5134 4552 17439 16177 13641 16377 19684 21233 10618 15802 6651 12226 22303 7666
11753 13972 21382 20946 265 14690 15268 22566 17114 24741 1265 18345 9977 22710 18291 17554 17208 19780 10524 9468 12341 13420 11426 8086 7676 13610
11302 17112 15859 17686 6900 19359 20454 15923 17386 14768 831 14168 6902 11676 9941 11603 8524 22741 2650 20673 23959 15362 23669 10679 16929 28880
17898 18043 9415 23350 23213 25369 5559 11608 16332 11055 9133 16095 13918 14099 12081 11988 14377 15949 9148 16022 26651 9612 14873 13421 1523 16621
13017 20792 9453 16453 21154 26985 12424 15860 1727 16659 17114 18367 11983 7397 29086 22989 10301 17564 2317 19294 15822 13246 16769 9033 1480 18444
20851 15232 4324 26355 10437 27438 7900 25700 3649 14407 11148 22346 8487 7680 19576 16982 12082 14358 13988 13912 20133 13494 15926 9100 5897 15108
22137 11678 16585 22891 16036 8999 3588 16546 15364 35429 5017 9422 14760 11459 10915 13665 18099 21648 8230 12673 27632 13561 0 9367 23163 14311
8312 10766 16166 21443 20283 16961 12606 11283 26121 30472 14835 23820 12721 2552 18163 16642 15642 12005 14995 19690 13482 12513 3343 12456 18988 13880
20023 17000 13397 18057 28191 17443 9232 8421 13121 17131 12179 15985 8588 0 18268 10541 8435 22471 10899 7703 10982 15595 18244 8043 9371 26017
16040 26176 9100 22549 18542 15333 15483 17437 5143 1805 19815 20078 9336 3726 23535 8354 16972 11251 8804 10327 18985 9433 2220 11000 9603 15024
7546 22731 25996 21044 2172 11172 14105 11241 17766 27031 9321 7270 8487 19589 4840 16474 9325 12437 14481 6442 20209 14499 12527 7416 5340 16384
15673 8771 17546 20088 14626 18295 6104 12729 8524 18456 22434 14002 6991 14935 18896 21925 14373 17355 14058 14388 17398 12377 12041 7544 975 16473
10045 11866 19084 18187 6276 8443 17507 22812 21546 6315 225 20430 11340 3210 15234 17853 14270 19736 5813 11258 19534 15334 1976 8973 13672 16582
23278 13976 18614 17293 0 15767 9743 23344 0 8461 0 20219 12723 14997 19838 16207 12412 15657 15969 13635 15493 18261 41443 11083 11691 24444
32855 19248 15104 22003 22722 2298 10930 13503 8890 12142 18287 20879 6021 22410 30811 15911 9829 17759 12039 11153 16596 12163 29703 12883 11616 26770
28329 20150 14992 22552 13078 16215 10213 15315 4241 16708 22999 19924 16375 14786 17497 13226 14086 12632 10059 14346 22452 6327 21366 12891 13155 23870
18328 20495 16486 17166 22501 8891 11479 11016 26396 13268 4047 16229 7576 7558 22613 12091 16847 16434 8088 11821 25835 12317 17835 9287 10693 16377
10205 10629 9435 24822 6429 4129 10702 17032 5723 22741 14616 19682 15339 3110 11651 16164 16142 14905 12029 17485 15496 9895 15332 9904 6321 5016
14870 16527 17573 12040 14066 802 7525 16075 15896 24532 6644 10631 13378 6567 24663 10534 11706 17120 8529 11501 18967 13614 0 7270 2010 7526
15190 14022 18441 20775 18311 7639 14085 11204 18112 7031 24807 13265 11035 14666 22412 12256 9352 15752 8356 11127 17884 21773 8959 10084 13907 24065
17211 21760 19415 22524 6623 16492 4336 12938 10825 6617 10369 17424 11961 13950 10679 15980 8730 12933 12549 14677 6624 8806 6461 11775 11124 7055
0 14428 14980 19934 227 0 9364 18040 17499 8418 10854 21167 9244 8967 23580 13916 8437 16578 11190 16297 15026 24605 14185 11720 1961 29340
15537 16690 10670 21108 2686 23274 7584 16049 19368 30387 4315 26950 9716 0 14904 18294 16740 15028 13636 14008 28580 13116 16007 11893 8733 22718
24663 24573 17045 24927 13194 20211 17387 18085 9531 27078 9570 24171 9524 9551 21748 10107 13376 21369 10346 12167 23129 17064 0 10973 10938 24400
19287 23519 8205 20855 20515 11476 5755 18735 22430 20967 5710 8202 8085 14478 21836 12877 9531 11259 11574 10961 18949 11128 14319 12658 132 20762
17382 9356 22534 26972 8167 24377 14302 14405 17016 22092 15850 18903 13764 4678 14367 18649 12560 19682 11272 13721 25322 16833 18760 9374 32991 25548
14610 30573 10572 21903 7756 6418 13847 21976 13890 18608 15009 18095 18084 3917 26672 13656 17684 16825 1798 8673 15735 26358 35439 11869 12800 23282
30656 26934 11832 13860 5492 9634 17397 3701 17267 2891 9669 18521 8811 5483 2366 10357 10368 13594 15661 15809 12705 10577 5911 8435 18206 28457
21973 10595 7447 21765 12473 11851 0 12025 8321 24377 9020 10615 11064 11648 14388 14423 12648 14194 13781 13506 22653 17007 15723 12896 8966 10437
0 27709 16650 17132 0 14079 12287 15968 8225 13758 4754 18057 14038 5024 17830 15604 9280 20830 8984 11768 6127 10711 6536 13301 25686 19504
11174 11397 9478 19307 22822 25469 15959 23385 13821 24197 13984 7025 8831 25881 16643 16537 13068 21408 7560 19761 11180 9102 19945 9196 16408 20605
18012 11590 13145 11022 4448 2798 3562 22699 19096 19706 5691 16154 11772 13710 13233 15543 14581 18394 1314 14355 14751 8878 19951 11183 5962 21548
16795 18413 17069 27879 14834 16693 7382 15393 15727 22623 4653 21438 9325 12935 16565 12445 14564 20623 13956 18491 24129 18159 7710 12925 9099 15009
8457 30131 11450 23295 5687 16377 12222 11620 10595 21994 15178 22749 9257 6957 17801 20255 18398 18276 11132 24326 17983 8097 0 9440 23721 27093
18781 18673 5171 21000 20695 18499 6900 11979 4967 20416 15248 20465 12747 5823 9531 13742 14011 14864 9782 16276 21915 7528 20757 7960 2834 16614
12853 4531 12264 21161 18547 11374 5340 17535 15453 23517 11760 15979 9371 27825 17744 20576 11660 17124 16342 19487 18408 17576 19287 11197 7581 11057
19928 18377 10372 14940 13740 6447 12308 19661 14621 22996 12002 16664 10837 14559 15190 15771 10808 21731 13799 14745 16423 20341 26989 10908 8794 25757
22793 17302 6687 21160 8510 22664 15295 13075 8951 21744 8088 9830 8746 16344 22836 15709 15166 21093 11182 15014 20488 13322 28185 9135 27821 20865
16590 8582 19716 20769 16277 15125 16953 8720 7328 23903 28263 4604 12988 18252 16103 18411 16135 15306 8306 7601 18509 7235 0 13492 2949 11350
10616 18155 20137 17582 19071 11970 5011 24643 16857 21378 0 23585 15512 10038 10940 13878 9656 18582 4666 11046 18504 9085 15224 9379 7585 19895
8571 14827 19535 25214 16332 6423 5951 23132 15526 14596 6821 7667 11277 10848 17712 8954 11342 9018 19488 15783 22044 10376 11385 11669 22751 21341
17582 17230 7053 17743 15123 8719 4426 6060 4201 12912 8224 8951 9072 10986 19954 11293 11426 17559 16923 18517 21179 5387 7698 14196 4514 14871
9875 24164 22602 22244 7505 12875 13028 16055 14086 21984 9186 15017 7852 16859 17444 18752 9237 21759 7578 16057 13360 7102 3081 11304 0 24159
20897 17840 2190 14720 13986 12658 3712 8788 8185 31688 17605 14765 12873 0 0 24445 12311 18144 15697 16140 14386 13924 12302 14717 13946 20203
8851 13795 20189 28809 14252 16478 15472 3993 6500 14187 21945 14130 9704 0 14079 11463 11416 17649 11322 18174 14731 18801 17755 8061 10676 21747
14156 25618 13613 19363 14736 6393 27420 12176 15490 25922 16860 19082 11296 3928 18480 18582 9982 15304 10352 16994 13493 14933 10553 9580 2771 14854
8593 15841 19817 19343 13085 20632 13484 7750 7885 26690 0 19714 5798 4727 23787 15582 15252 20946 17842 11835 18915 15251 13390 11028 17654 13671
17707 9264 16869 12900 16551 3702 17439 19021 10577 12054 17486 12528 9405 13369 20212 14905 9375 15358 6520 15748 18052 13223 17669 12364 13970 22865
19500 15369 24886 19991 16784 0 11074 11058 10063 13128 8572 17732 8524 8358 14226 11187 12417 13258 13924 9631 14061 15750 10930 10547 17393 7767
26587 18321 13381 22573 17082 7108 1470 11633 14937 30297 13298 10062 9621 6837 12603 14136 11377 23742 6300 19922 29437 10360 799 9552 6667 20368
16299 18180 12657 12705 14914 15508 12398 12433 3269 11941 10318 19194 6514 1449 8102 12657 16265 17741 13905 11090 19874 812 5313 11040 17411 25224
4865 29201 6458 19637 17465 10564 10859 5621 3288 10233 2681 11588 5112 9088 10394 16735 10555 16711 6828 19319 14251 18448 28217 10815 5842 29331
18852 15402 9001 15859 17568 17146 8050 12663 6823 9758 7639 7197 10616 29102 10772 19497 11565 6739 14410 15751 22103 20173 12763 9523 0 20797
4280 13669 16000 22197 17180 9303 8155 7662 20851 25196 13475 15173 8059 16752 22497 14903 9039 17914 10353 13943 14675 14917 8224 14034 2507 14145
19606 12574 18191 16800 22877 14177 17380 20859 897 20794 21992 22757 9709 2262 23036 8290 8391 16794 9928 13139 15670 10930 7829 15283 4087 17355
12143 21543 12206 17094 25747 3568 8866 8448 23667 15785 39 11030 14688 21019 12708 13133 14065 12215 15613 13327 30666 12704 12346 13771 15171 21286
14268 11889 8212 17652 603 14628 19708 14355 18926 16170 11373 12693 8166 19369 15252 16792 11710 19563 1199 15497 10266 11875 0 11724 24077 7740
14999 13073 12596 24584 15881 16105 9314 18562 20416 11799 1546 17774 12733 11606 9119 19753 8409 15449 14525 22513 21006 20673 12961 8873 16559 18341
9827 10305 7244 14604 12585 16280 13343 15029 15518 14487 19506 14843 11914 17606 1366 19406 5268 12337 7483 13070 5421 15923 17253 12342 19916 9394
12521 9127 13181 21054 16554 10249 11664 16777 11764 25917 24634 22755 15018 0 17307 14759 11570 10094 10578 14466 18515 14044 9195 8758 9917 15228
9544 26008 1564 22407 13611 18108 13313 5736 7710 16840 11157 23768 11353 4048 13823 19633 14666 14899 11824 9098 20250 18466 24484 8144 18829 23585
1830 17754 18586 15602 10965 5824 10550 13949 26537 21634 9244 19289 7195 8942 10894 18851 13890 14266 18014 17371 25015 7835 21085 12047 12453 20530
12511 12195 8754 20339 6154 15945 1285 15231 1469 18811 5444 20375 12297 18565 18896 22228 18427 17296 14360 13975 24124 18338 8360 11705 11393 12152
25773 9708 5271 28146 19550 2936 7770 10319 6728 24096 11537 16667 10957 17426 7415 14586 18942 22165 10580 12671 26919 11237 19888 7492 0 13376
18786 22751 8763 13007 22911 9605 13881 12583 9224 12351 11030 16251 10140 0 2978 15997 18749 14292 9243 9749 24260 12700 16336 9720 14762 13945
19264 14054 21569 12841 9409 9237 13602 18132 4842 27966 8237 5226 9419 15205 27181 14537 8290 17510 12803 5955 11487 21222 0 11237 14840 16804
17483 13373 0 20206 17332 19596 2466 23031 8164 18120 12345 22627 10615 706 20001 15753 12547 17748 2552 15378 21318 8961 19443 11815 10833 22411
8860 14210 10515 19293 6917 11231 13254 4157 14922 19774 7904 14443 8541 7983 11715 17351 11244 12556 1046 16501 9773 13727 3698 12642 6059 12751
12900 13740 12947 20585 12109 8480 0 10093 18014 28824 7830 14837 9751 0 32324 12475 17509 11873 7848 14333 18689 26032 0 11708 8998 8354
13685 18442 16592 20584 12186 2866 8663 6209 14978 21551 18913 11096 13405 21400 19720 13279 14832 24031 9248 11129 26081 18861 17100 7753 19442 20812
12163 25918 19620 21257 22855 12150 14109 15909 5502 20204 12585 17737 3104 9392 26287 10004 11026 18441 12371 12543 26115 23846 11530 9231 5138 18096
9765 21552 13460 22359 18956 14430 7927 23835 11712 28989 6456 8990 4032 0 19707 17721 13056 21353 15500 4368 17193 17555 3409 7388 21933 13355
20349 11923 9271 18060 25014 27449 10855 8991 7519 23678 7767 6071 11620 17251 11945 11483 8470 22357 18020 8205 28914 11812 14988 10943 12083 19219
21156 21444 17424 22258 10696 12427 11505 20759 13882 24212 23596 19629 13954 12068 15845 11122 9610 14005 13750 9356 22676 14366 15881 9414 2530 21997
19970 18824 21630 22455 21817 24381 13283 5750 13788 23074 1500 16285 9086 21222 14904 15091 15163 23865 4451 19020 19254 18776 15324 13791 25843 21968
17913 9212 7145 14729 0 10430 19881 13521 5274 30234 21937 13970 6956 18387 17452 14913 11906 22673 1905 7658 16462 13906 13699 10627 15247 21676
2341 8808 11060 10134 7071 29676 26362 8907 9736 18003 6263 22533 11026 10185 27158 15373 11372 20816 12414 13778 23261 20613 10452 11059 4540 13836
15261 13423 14281 19701 4468 18056 15711 15546 20432 16314 5967 16678 8720 19426 34401 16805 7088 23992 7274 20830 16173 14487 26326 9708 11339 18417
16641 17847 7860 16399 1074 8310 10366 13961 0 9062 24372 16716 12248 20319 15165 13585 11383 23519 11493 8156 16051 11685 4397 9152 13978 17486
7332 9948 14589 19727 17879 23019 8915 18969 26290 23819 945 11749 6232 22715 6384 15304 12826 19641 4915 12667 18489 15835 14010 9494 11877 17169
22436 13395 9181 21057 0 12692 19618 11485 3330 2722 18753 4763 12411 7195 21081 8469 11608 18031 768 8970 22397 6998 24039 12248 9883 16540
21855 8831 16237 18986 17316 7327 3232 9219 16826 27615 12981 15851 11570 11900 18453 16232 13441 18894 9736 9144 14913 15335 21602 11734 11055 10705
21189 28698 13013 18345 11114 8047 14851 13382 28018 11580 11781 12681 11896 13337 18640 17641 7503 14281 16555 15158 26021 22759 0 11777 16802 24848
12262 19579 23723 22946 11695 8382 14756 8254 19847 26316 21294 16423 9219 1076 26265 15394 10887 20486 7242 15432 15093 7294 25027 12279 6925 15324
7848 24982 21802 16245 11591 22467 5321 17187 7693 22590 10776 22765 8546 8481 19741 12698 11741 21370 0 13291 13432 22295 14107 12607 2084 20923
21404 27807 14860 21182 22372 19856 8251 20000 13321 27008 4143 17290 9541 6417 22325 10474 18258 14917 10358 12029 19505 8754 16977 12902 13057 8590
2899 13047 24018 23238 4760 14954 7585 13808 14634 21570 0 8025 8365 16877 25533 19529 14256 11260 16136 14177 19564 22056 24431 9928 2159 21096
13797 21563 20801 11355 12042 27728 15231 21810 1540 15211 2619 29338 8689 17931 12018 13418 7848 20668 2864 9669 22527 18175 16200 12988 28903 10582
12810 17769 13720 16311 12300 8528 10660 18661 12815 22675 8086 5938 12137 8446 10620 17492 14661 21706 7440 21921 8188 11250 18597 9301 4803 32719
17114 14265 21020 25334 15359 8665 10876 8103 19226 21926 15526 17999 13508 12915 9534 11446 19257 15763 7227 16910 20741 18928 18079 11993 21987 16787
11819 16531 7487 20566 5296 11519 0 14663 1720 3365 5696 15978 12269 3885 38572 17691 13626 20296 11471 14899 20071 14008 24472 11115 15350 28450
3632 15475 15043 22787 6600 21348 7442 11392 0 7482 7545 9246 13234 4508 13214 17096 7474 20487 9718 17517 14471 14886 8034 6814 8276 9080
18043 10388 13811 26745 12172 14589 11771 14569 21620 3233 7320 19435 6966 8304 13071 18995 13936 16932 15735 16989 25491 9922 25980 11459 9796 10105
8021 16989 20756 18233 16327 21145 13712 15418 15847 344 10278 19584 6316 26105 23745 12803 15849 18982 11190 11061 20799 14204 22429 9413 1139 22369
12363 21915 17536 21123 22376 9028 17799 22643 11563 10862 7152 10654 13742 3341 14281 11780 12248 5605 15247 15364 22623 17724 6287 6901 13656 13912
16831 23396 11849 28087 12506 27237 22324 17930 2623 16323 17783 23517 13927 23088 13027 17712 14634 20359 10664 17079 13710 9071 22271 13546 7275 35238
0 21032 16503 19262 12165 5549 1596 7827 5509 9003 9207 10455 8647 15015 14105 12173 15507 21848 4817 21255 20540 15582 12316 12377 14683 25236
11931 18660 20074 24027 15236 15028 21317 12651 8645 19290 13061 17787 14651 2758 22353 10288 13751 19708 6267 16086 10559 23896 13238 9618 16244 15860
18999 16711 15944 17109 8964 12201 11201 21727 16975 19644 11420 18890 10740 14298 16066 16078 15214 17072 14511 15097 18622 16593 2229 8574 15876 19766
18504 23991 21939 20146 18224 15065 19342 18170 15217 9731 8008 21573 9639 4494 15535 12860 16012 12229 9990 14077 20608 17377 19344 10123 7539 20634
8166 12566 26054 18415 28286 12208 17940 23305 7509 16667 7827 10419 11969 12772 24886 15876 13449 21086 10730 17998 25665 16006 17321 9830 15052 20417
12217 4931 22503 21828 22359 21081 14821 19873 11998 4835 15000 9294 10527 1179 8730 20604 15980 14793 12514 10021 14647 9746 15477 12246 18398 12565
23459 18283 12175 25327 16518 4592 13985 15400 16172 10940 19570 11439 12803 7055 22435 14639 13354 14008 3735 9223 13480 8684 21422 8516 8955 17083
25192 2525 11529 15508 13419 6406 0 8587 0 8923 18888 9754 11632 6612 24290 13880 10173 12503 7598 14946 22991 18125 26986 10073 10664 19553
15077 9844 15916 15416 0 16877 14114 20576 13745 21657 9658 5509 8414 12943 21974 17455 9239 17141 11499 12456 18999 14767 7955 9260 15931 17500
27381 13370 9751 22558 10191 23204 11775 20059 1851 16620 12743 27835 11169 19785 34114 12524 13584 16476 4232 17383 14222 12164 7960 8317 28502 18510
6112 27338 22351 19047 22436 1816 15542 21809 10170 17460 5627 10129 9179 24854 28339 15535 11227 18428 15685 20712 21976 19113 11938 12579 17556 15226
22617 24228 13820 16162 28382 10538 13275 22974 0 19572 5717 7678 4705 19451 5495 19718 11644 3998 10422 12511 16233 26145 33225 10488 19246 9232
26853 8637 9405 24376 4408 11339 9730 14261 9249 15677 13270 18605 9833 20757 32458 7917 20686 11296 13144 12830 25277 13861 16728 11540 0 16349
5753 23022 15924 26237 25504 25280 13138 18533 12595 18674 16138 12688 11985 13126 22368 17553 16153 17385 7492 15926 19796 15990 8647 10140 12330 30443
22853 17718 17275 20707 16281 11244 8303 13772 16105 7752 3750 10635 7521 15393 17484 11815 16497 19483 5372 19591 22136 17761 1102 11748 24307 25052
13775 8627 12127 24319 10265 19329 14635 10436 8186 19186 16498 14593 11167 6337 16345 14571 8240 22876 3402 13889 21336 11343 3717 12229 14742 16311
14778 20571 14866 20486 24231 13471 15999 5642 15501 21130 8665 12790 12354 11793 17025 15370 16413 14937 15941 11359 12250 8262 11923 10094 0 28368
16813 15974 10062 22651 15065 17840 8951 1590 10556 19356 15666 24406 9873 982 15763 13218 10120 17300 9577 9712 27271 137 0 15077 3780 17686
20798 14307 22615 25861 11533 6188 8656 10090 15601 20635 791 16097 12154 5489 27288 20714 11265 17814 10589 12024 8850 17241 24457 11199 26123 19282
16619 27304 18650 18702 18264 4317 17898 10227 11176 22912 5373 20572 8856 6695 14121 10489 15722 19296 12389 11715 13823 14583 8639 11005 0 27762
11802 11837 16883 18400 11814 16476 5731 7987 11430 25769 4831 9510 12329 12794 13344 18544 11727 17785 12566 13255 13877 14103 12899 10915 12704 21251
24325 10769 14196 18097 22442 14703 18903 11472 13160 26431 1712 7534 9358 7534 12779 15039 12700 10927 6057 7709 9085 12753 17285 12121 13001 30743
20143 17464 21140 25129 36149 13753 13378 16247 19938 11848 0 12752 6832 9391 20445 10876 12121 11387 5828 21346 20687 15761 19906 10048 16687 25678
8129 17335 19821 14223 6236 21405 0 17604 14808 11182 6033 18234 7839 11406 10876 14198 15839 14833 7119 13969 10353 15729 1795 15190 15233 17755
13237 16203 14930 20678 17175 8745 6154 13948 7242 14774 16842 3380 11432 0 8505 15520 11523 12946 18150 16966 6264 25972 14826 12602 4388 19773
17707 8558 27235 18832 14888 15118 652 20101 13003 4456 7163 13595 10903 1681 12809 16242 14215 13304 8540 14445 20099 15215 10035 15200 19464 10586
12004 24738 17405 19467 14352 18427 12506 11810 25754 15327 11968 11631 9550 0 17963 14043 16405 17046 13363 16637 16171 27334 12982 9908 25145 13755
14391 20199 13087 23802 1396 6465 11804 6259 10039 22253 8846 13287 10652 3971 13405 16242 12829 17712 16296 13254 21574 17284 20111 6845 19340 12190
19489 19429 23078 24210 19071 11429 4477 12994 9930 33136 21663 20292 9402 23839 23916 12932 13732 21867 8103 13450 21824 26233 10423 14101 4803 18058
14487 6689 15395 13198 24650 473 11625 16403 10073 19140 0 10588 10501 0 14939 17936 20466 24337 18989 16053 19623 24718 14558 10122 10620 14506
9936 20975 11992 18991 28137 11520 4533 14033 12675 20145 12211 14627 14566 26446 20465 11067 18792 18183 9757 12844 10300 13159 6136 11611 4538 6969
10968 20023 25189 18194 12804 17921 7362 14442 7541 19391 19005 19218 12797 5268 15303 17058 10360 17949 4662 19336 16851 12270 23594 10605 14040 12371
14089 11648 14849 21260 22234 16632 4720 16835 14558 17433 19697 33441 12911 9029 18755 14729 14094 17577 11371 5132 13007 13951 8696 10851 0 24969
23264 11701 5922 20563 20801 14298 14237 21532 7860 11519 8742 15365 8711 11067 19244 18811 9308 15517 10164 13510 15403 14507 22187 11417 7835 10607
12557 17058 13241 19096 7472 17763 2418 24901 8649 23420 3962 15339 8121 14191 25187 18773 14354 16959 9891 9345 11996 16740 11344 15800 14006 14669
16911 10513 20030 20813 4986 11219 5305 14005 20075 21036 8868 19685 5281 3288 27594 12705 12325 23711 14025 12402 15251 12745 32896 12422 5450 16470
20207 15766 10781 20720 21307 15055 7170 14396 16665 20131 1234 8497 7856 6945 12790 17421 12501 24869 8274 7164 15357 18782 24992 9424 9735 12633
7214 11360 4936 20756 12745 9010 24322 13350 6470 9935 6061 14535 12713 15967 25286 15195 12034 24337 13212 17647 4148 8712 9401 11831 13890 27022
13942 11174 14377 17775 21692 19421 5864 10077 7591 21236 18138 34506 10343 22159 23321 13659 10880 20436 2471 13539 17219 7670 8916 10671 13852 38827
19006 17537 12943 13066 21848 19469 8709 21510 2913 13499 13995 17095 8690 10486 25504 14106 12406 29713 11089 15984 18858 15882 15931 11027 24806 21730
23831 23033 14732 14176 8585 10550 7052 14423 14135 10017 19288 22602 10440 22899 5113 15170 14435 21356 2872 21369 26491 27538 5604 5768 16653 21410
12672 17118 13547 29502 13906 15941 19818 23951 10747 19168 2103 18269 13225 19932 4625 13531 14273 21084 7529 11894 20547 23711 25852 14319 18157 17650
11654 13704 11972 20726 10102 20140 14527 2476 26773 15909 8960 17662 10526 9880 17216 20436 9028 19748 17880 18156 18098 13590 12061 8208 13845 8883
9594 12485 15336 21304 19423 6974 15497 21403 5243 12258 9211 22752 10080 10066 22793 20745 13488 15882 10733 19169 16769 7969 18153 12778 8738 16736
17828 27286 1143 24083 21242 19908 14477 18077 11227 17245 11439 15519 13547 9399 23117 13673 17362 13594 9077 11365 8189 9697 2349 11893 13149 21406
16720 16276 23354 20544 10859 20944 4423 23876 14066 26030 15675 22647 4895 11526 26618 16487 9756 15264 20849 12448 21563 12110 13384 7746 15331 28568
21612 15499 20479 17519 12678 13350 16561 18952 0 20254 14604 6881 12133 4182 21887 10381 7564 20102 13924 7646 16089 15372 16025 12820 16413 16029
18006 27467 873 12140 5449 16936 4839 22360 9413 20116 11046 15439 10454 24095 22226 20209 8813 17395 11585 9725 16103 15422 17699 8468 12717 16533
19282 16182 6873 18826 19132 15377 8199 12773 17811 0 7187 21823 6443 0 20796 19068 14748 14838 0 16340 16213 10411 4530 8432 17736 22298
9134 19296 23727 23318 18025 5385 13879 18732 16067 24709 8341 20797 8758 13474 15569 13052 11531 18797 20046 14044 26979 11713 17136 11552 15616 4418
18289 16297 23271 17471 4094 19913 18411 19632 10136 22711 9116 12740 14426 17311 3701 12993 10370 17698 13412 11232 17553 16633 4971 12476 12278 12844
4571 18477 0 26443 19981 12477 7683 20464 13567 14969 24203 23271 12199 13446 15146 13347 15413 16577 9219 14329 15814 5199 6540 13640 16118 9681
14178 15544 19270 19900 0 15496 16887 23817 7622 19603 21827 16256 10670 15798 29654 17978 10687 18447 11228 15706 15383 13340 6830 11616 20938 19493
19738 16679 11883 19536 3625 3064 19177 9832 14784 14302 9029 17697 6067 9222 30531 13476 15254 13270 7858 12522 23135 15296 2984 11855 7691 18622
16043 9459 16747 20633 20958 7580 0 10581 6636 27852 6434 23845 16324 3848 12561 14995 14072 20664 11185 15277 20978 5375 2667 13338 17908 11821
4294 16490 15001 13093 16795 11494 8701 14185 20602 6959 14679 22507 7998 14269 14872 14810 11090 16027 8097 20150 14756 22401 14096 12116 18159 10585
22899 9898 28643 16486 7065 20076 16142 31501 2825 6392 17167 11681 11586 738 29203 17415 10023 23343 6510 18098 23104 9211 2681 8865 6827 21418
5697 14730 13752 17111 5652 23733 6602 17838 12778 9445 4179 16537 13455 4928 4266 21323 11789 16610 5875 15146 14365 10124 23031 10066 16662 22575
0 16443 12905 19539 10604 19668 13597 12470 16774 31961 13406 9944 4782 17865 13157 17302 13380 17863 3443 17393 29829 12771 15418 12677 11348 14913
9366 13534 11559 25234 18175 17543 12510 13667 13777 18841 9056 17346 11838 16744 19070 12137 12419 20340 22353 16663 7622 13746 16301 10354 13531 21432
18272 21727 25781 19080 19326 13981 14056 14441 11865 20116 0 18105 11565 24143 27735 14104 16792 17638 9685 12388 25865 10494 406 12674 15208 16708
15390 12032 13175 16826 8417 21041 5817 11705 1807 10022 6144 26908 4827 8348 20368 11369 10850 13924 13227 9446 24315 21373 9340 9891 17936 15678
10888 18472 20850 17181 5788 21415 23227 6808 18868 14211 5317 7226 6466 14600 15643 11719 12757 17316 5184 12267 15016 16050 25072 13510 1877 20886
12014 20970 6489 17965 14932 22492 2426 12167 8390 21542 3293 8732 8213 3005 21458 13231 10328 13792 5756 15617 8240 2940 11509 11673 18706 9950
15483 21001 16010 19077 13113 2648 24492 6331 10900 27046 13711 15180 11522 2943 25130 17180 7354 19977 17123 15258 24811 23222 10883 9779 15293 13784
12711 12984 15254 20756 12306 3941 3019 26452 9332 16239 11443 8200 6987 9203 28604 13372 8256 13173 2856 16062 24206 13724 11139 10182 9706 17896
18821 17657 16941 21902 0 16999 22278 6935 3006 16431 14778 18258 13472 17634 25284 12840 10421 14422 2025 15769 11864 14141 19004 12054 11881 19638
17226 23549 19642 19323 14577 27143 25155 1807 15447 20466 6741 7833 7269 5698 15142 12467 7640 20229 14656 8416 19062 12304 10158 9498 10446 15676
13300 20507 4626 23783 28083 30052 9413 11496 22036 22744 4585 21553 6653 18281 22070 10469 13633 14600 10472 14988 28967 7773 16026 10974 15192 31395
20538 20079 17992 23352 24150 0 471 10123 14018 26316 0 18396 12309 18592 7607 15054 14360 17898 16890 17414 34742 26214 12237 9846 18636 27038
19032 19428 16331 23013 6216 15909 19859 20113 5237 9777 15235 3308 12834 14159 17470 17019 13197 14480 3705 19074 28354 15002 11602 9319 11872 20130
2328 11908 6637 15545 15562 9877 12530 11601 16740 17649 16697 13465 12085 20720 5325 15486 12191 15499 9112 20081 17559 11743 18894 13132 16269 19782
24333 23536 13449 19151 0 13275 18797 23225 6421 16302 14324 15850 16361 14107 23248 11634 13603 17241 6556 18729 18474 19525 13807 9080 18860 10319
15384 16510 10020 17722 14410 5033 5704 18629 5924 17966 23419 22910 13051 14500 21693 18259 14398 14767 12314 13805 14232 16665 10114 8885 3462 17834
7775 21079 3995 16949 14966 22399 15342 15084 5574 15601 8470 14021 9262 20281 25879 10572 11752 23171 4345 19679 25393 15251 20525 8798 8245 11862
3981 9278 1207 11748 22048 17736 13775 6969 11640 28051 5633 18205 11003 5863 24699 14595 6165 20154 2149 13459 24599 21218 5185 11235 14430 24237
7574 26718 21338 16286 1682 23487 10894 13294 7480 17801 14953 19578 9389 11591 20397 12650 16383 16940 13913 14446 25554 29414 19350 14244 12410 9700
6471 21741 22632 19531 18539 20260 10072 15394 14714 17566 3874 18512 12816 12128 20200 8394 12253 16343 13043 13396 22545 11897 12960 11501 4785 13580
16542 9861 21985 20337 17490 21639 21682 20131 2709 22616 144 9798 7290 1888 20083 19450 12280 18157 14864 16243 17487 4876 17287 12705 9373 21979
19714 27812 8757 19160 17393 5820 9088 14207 23393 23195 20498 18912 8033 7203 6098 18134 14316 16222 12248 9236 13309 14057 12182 7315 4824 15460
15072 18333 4676 9455 18178 19010 18102 15925 25108 19521 19130 18017 12825 15279 5001 11628 13322 19297 13935 15437 20856 17179 1280 13960 2609 9982
20536 22278 10695 25286 28633 9668 9439 19035 11104 22214 24535 16897 6484 13603 8887 14432 9928 16924 5598 13834 21509 12225 18358 12496 5686 12114
12803 20505 8196 24698 0 20572 13624 17960 10780 6905 0 15645 8148 16057 28476 8227 18531 14687 9261 17454 21705 12157 31224 11086 18070 8799
13999 21057 14812 19264 19604 18504 16448 22153 5328 18600 2022 11508 12528 22991 22958 20113 12819 22499 3837 14470 16815 9879 24454 9861 20589 19960
17862 10930 10409 20088 9374 20745 15161 18672 7614 19210 1319 22750 5116 7463 26266 18417 11147 18067 13076 9180 18158 18956 24267 6827 14088 14103
22908 18048 10392 24486 5300 26861 9148 9185 7610 8594 12653 11962 11415 17690 22687 10456 11857 17115 13323 18364 15669 23065 17205 11642 9020 16447
70 13615 10241 23532 12020 15773 9467 19149 25521 20075 12554 21208 9676 7187 21380 16922 12332 10672 10051 16670 22468 9490 12150 9262 20944 16392
24272 30335 14362 21198 1199 16583 15573 22664 5765 15564 16649 6956 11242 3994 23329 15358 12765 16239 11476 15403 19388 13721 19264 13723 5639 10835
11427 23173 15240 20206 0 4355 13427 22937 12623 11258 16911 29775 8657 14342 7068 17347 4955 15210 22222 9678 16302 12547 12952 8973 7000 20063
20545 8007 16565 23928 17259 11937 15974 17705 16396 15863 20555 17251 11071 13360 16578 20953 14334 18911 8697 19894 24474 15859 8203 10969 6948 13798
32252 18042 12779 22104 16824 18574 17264 18913 11719 5929 7526 19413 9114 12597 19241 13025 10277 18463 9080 16142 27239 19890 10725 6797 9811 35565
12363 20974 13501 21023 20538 7364 19761 14568 5179 7612 9429 15616 12475 3379 19818 13117 10895 21496 19938 18779 15378 18027 12460 11065 2018 16105
14868 16647 12391 11302 15723 20169 0 16387 7008 7699 18078 11596 8141 9809 14123 15055 15238 12628 14558 15122 22581 12122 29242 13683 14936 20134
