365
81 81 63 60 86 90 94 92 21 91 83 62 99 17 29 98 36 11 57 10 68 59 78 0 100 81
1376 6699 16146 7383 14688 18604 15094 2041 12913 17690 15289 20786 12658 27331 4647 11403 16404 17588 19017 17308 23036 5871 18558 21417 15173 21649
16279 6860 8708 13539 21059 19920 7753 9216 13756 18687 17772 18849 14761 15822 6283 16930 28503 17123 6926 19092 18295 4811 23705 15831 13676 13727
15642 12976 16892 5338 21085 15312 20228 12291 11345 21857 21133 19010 12986 11434 29456 20686 27045 15882 6200 16082 19179 5280 20716 15420 13616 25161
5225 17659 12628 13674 21173 24713 12612 17200 12378 13713 19798 21953 16996 5951 15739 15664 11565 17358 12654 6428 21050 17354 13487 17050 22700 1617
3384 7322 18633 3538 26800 29096 8396 14547 18745 17353 21740 16434 18358 10080 13495 13069 15165 14445 12994 13968 25765 6900 21309 14998 6124 15013
24023 15404 15635 11582 15406 18861 2383 21728 7989 20869 18485 15838 18490 26172 16173 16214 28892 18082 20480 18703 16448 12024 23026 13845 7898 15270
35075 17227 18006 4997 26266 17039 1496 13060 9372 17817 15076 17619 16369 14162 0 10503 14801 17151 19620 16788 24650 10453 14406 26546 9598 23587
0 13772 18489 7982 17444 16992 5169 13008 8933 17292 20282 22240 16056 10226 31333 11618 20390 20366 13577 19734 15962 14571 23866 18588 15947 10450
8757 17611 12242 5369 21924 14198 12496 15610 15721 15438 29472 19091 16144 7435 14330 18133 14470 13768 16412 12418 19638 15715 21808 22453 15822 17049
17038 0 8089 7627 25456 16547 5392 14262 11472 15107 15010 20886 12306 6370 26351 28823 10848 16734 10668 6407 13039 14715 15332 23532 20411 25144
7576 8593 12747 11726 15295 5158 1710 9777 6212 20087 21537 14747 16765 15218 12578 14114 12656 12230 21200 14686 19936 18048 19381 21379 19848 17950
25315 9604 15580 17274 21137 20889 14576 20669 13198 14266 22004 14533 16197 16739 29380 17552 14602 12807 14923 16397 20014 7896 4337 15141 16388 13394
12103 20797 12629 16771 20800 20003 5185 10136 11106 14606 22011 17656 15597 17138 18538 19238 17065 10454 10983 16235 27743 16912 17696 19608 15218 9231
15571 17823 12617 8045 21749 14971 3357 16702 16984 19149 12011 16820 12909 15637 5815 14836 20028 17762 27705 16372 22542 9529 25742 18309 12541 21126
9513 3730 13527 3613 26656 20328 0 24671 10617 12318 14708 18568 18002 20352 18710 16657 25773 13730 14746 19680 17176 7608 26257 14269 15277 16753
17964 16832 14272 8256 23066 13340 19286 14769 14053 18438 20307 18591 18390 24668 2266 13050 20616 17799 7015 8871 28402 13836 19107 23167 12405 24660
21688 11490 14724 7051 22792 17883 12447 10200 15670 17561 17609 18802 13959 10696 14343 18415 13259 20273 8110 10595 21159 19434 16789 17661 13713 11426
25729 12318 16587 9711 19777 21301 20190 17506 18064 20850 11257 15195 12457 11143 15984 14951 17110 12885 21281 17656 14656 13646 17753 13558 23528 17963
7525 22595 16797 12658 27632 8560 24970 15766 12185 18431 16060 20906 19173 13303 28405 11112 13643 17139 18915 11690 16083 14108 21135 17248 18589 16532
21606 12754 11058 13359 22354 17676 0 3801 12224 15141 19905 23243 14167 8261 8602 16603 4689 14014 14140 20233 19675 12791 23288 19713 17820 28647
18234 19716 19560 18234 17153 21460 13654 19682 13917 19022 18931 15218 18701 8977 15933 19910 21764 13387 16841 4523 23211 9913 15134 15178 13196 18261
27444 4665 16603 9141 16782 22746 0 12643 13598 17590 9679 24402 17690 10924 4072 15559 7895 20538 14207 1415 31098 17456 26710 17085 20422 21826
12878 17922 18094 9877 25357 20422 18678 15721 11753 15137 20988 18783 19147 20231 14956 12153 21874 14085 19310 19716 10600 9022 24354 10393 15561 29312
18206 6962 23244 11981 11550 23784 40 8947 12747 15887 21266 19810 12748 13755 20363 18517 13090 14198 14477 7469 21831 11483 25289 29374 12125 11192
15068 14007 15654 11519 11315 21505 23715 12053 10475 14233 19763 21828 11938 16562 18175 18298 22197 14908 18458 16840 25454 19384 24724 14617 8327 15434
3768 5351 11159 14984 27690 23499 0 16170 17350 21921 24915 19510 19250 14434 18927 13576 19715 14901 21349 10680 18910 14256 35686 20036 12244 9619
18862 17148 19678 15245 19226 13529 16276 9434 11765 16622 18872 20416 15556 15298 22052 19061 16778 13940 13144 12534 16542 8343 19914 18470 9320 19157
13101 8032 16207 8265 19220 17422 22007 13731 10824 16221 14296 18859 15151 8400 12874 18848 25233 9973 16207 8418 18648 13470 19291 16581 11954 23134
12031 9574 25667 7982 35752 8359 12961 16919 14730 19630 25172 23856 17519 11615 18075 25737 13958 14523 6950 5489 14802 21267 15824 19093 10281 24909
19822 10434 16164 13500 9290 27310 15227 10479 9353 18372 4507 22771 17589 4322 9402 26112 20220 12463 17095 16189 19103 12558 16709 13339 23917 9837
9897 8765 21656 13758 18319 13603 21998 13991 7800 20532 21340 15053 13660 11538 4667 21453 15772 18155 14028 8925 23270 9149 20347 16415 6669 7484
9996 17616 12839 5557 11346 16981 17151 18892 17986 15966 16230 20326 12168 7443 21147 19712 19122 11552 19409 7691 13557 15398 8289 17500 14979 15933
8284 26864 16811 16458 23394 19717 7032 8150 11862 19285 14041 22054 19462 14849 0 15525 15665 16630 14973 9220 19833 9808 11283 20488 13547 25948
26805 15784 11994 13145 20018 13133 17154 21100 9593 17760 27507 23196 15106 7860 12654 15769 19238 17205 16992 19511 13149 12407 25993 11772 15990 16243
20625 15852 8830 12226 16984 20210 11017 14150 18086 15610 28857 15038 14338 14603 8553 11996 16693 15994 14437 16126 11574 14837 54 25073 19013 9956
22204 23478 9722 14293 17315 22064 2434 14080 15684 12331 15524 21889 15450 9780 19039 22381 23743 13178 11847 3123 18358 9954 18919 24818 16988 18955
11179 6838 16531 5015 28301 9169 2184 13224 12508 21123 16632 21358 16445 15063 0 20522 12049 10612 15239 12279 24017 17097 10654 11525 24386 25215
0 17731 17135 20304 25921 28075 13460 12559 12409 19698 10154 20422 15685 19742 20096 13805 15503 12820 8724 7115 15973 8018 31568 22728 10536 0
10964 18784 13395 8747 36966 22173 6609 12341 12812 17135 21677 22760 14211 8719 14101 8316 19049 11621 7403 9899 27028 14486 25318 21015 4540 5283
16977 6046 12614 3379 15387 25596 25651 12003 12875 16300 17233 22532 16589 9089 19912 20830 28302 17437 8028 8004 15521 15048 7019 18964 12009 8634
5390 28629 20596 6721 16451 16767 19463 18100 15114 13600 29847 22242 17475 12961 18026 12437 21859 11673 23461 10778 12210 14716 12782 15605 13638 22557
15535 15388 19563 10059 9095 21769 28127 5309 13262 12553 14890 18055 18705 13449 15589 8846 28053 12110 17799 12138 23445 7705 12916 20660 15732 17368
14205 4298 17568 19793 22678 18107 5551 13815 11777 17995 9765 21817 14942 15825 18573 9850 21400 15858 15521 19212 27556 8882 24871 20291 9258 26393
7238 12620 17716 9819 18746 24086 12199 16478 16664 18165 17970 19488 15516 18734 22059 21615 9259 17531 14957 3559 25204 11279 11016 13937 11594 17405
7353 14681 15141 13079 14316 28073 23667 17936 16819 15236 20393 19106 18988 9864 21225 14503 11044 11482 14423 20574 21890 12566 20647 13302 12412 19139
11296 13525 7317 12764 33626 0 10330 15225 15793 14835 15502 19862 11694 11409 8155 13837 15686 11559 21496 28917 21121 23357 18543 20235 13051 3180
2046 23183 14985 14136 19202 15445 3950 13545 10868 18634 20881 16929 17229 15192 8654 15794 14056 11238 11555 10077 28129 12099 22863 17413 16916 10877
3280 25471 17113 8595 12071 10194 3351 22065 10327 19443 15099 18765 14978 13950 12178 21119 23386 14469 12032 9680 14490 13306 21436 23494 19815 4673
11238 8193 18759 10401 12821 16437 19855 5353 16521 24471 28139 18902 16702 11872 22830 9652 23307 15764 15509 18423 12470 6778 16898 21131 15202 5080
7444 20411 11203 10771 29392 13014 6707 14208 13589 17152 15215 16600 15505 19574 9730 21515 9807 14978 13046 19600 32683 17238 9336 22959 15760 15998
22701 8633 12426 12694 8219 8816 0 23968 13047 16968 23544 18737 16644 17487 9351 15868 17751 13277 12650 18512 12595 5634 13612 22161 23672 18940
30603 10012 14354 10548 8302 17920 13685 13282 15826 27310 12833 16663 18980 10806 25741 17055 17272 5941 16402 10426 12035 14143 15448 21117 13238 7836
27810 18297 16731 14130 17030 11112 2294 14888 13807 21112 10271 19780 14239 21748 11022 15496 9573 17174 10059 12783 25049 16961 19851 18988 13018 31868
15447 6217 15591 4281 18619 18077 9851 16017 11448 15663 18557 20521 19352 4300 9673 22428 14170 17578 20066 22099 24801 6662 13861 21907 13482 12765
9615 10611 18215 9587 10449 23680 11717 20934 13942 16306 18233 21719 13916 10353 13291 15200 7871 14929 8003 14482 24116 17012 16544 30016 13608 4567
13512 2441 12884 15552 13398 28798 0 7563 10381 16344 2348 17408 14076 25930 19450 16412 15609 15690 22247 14977 8095 18602 23236 9547 18921 14764
23962 17839 17050 6311 16169 27616 6716 18868 12306 17334 8246 17304 13517 13722 13833 8966 16663 17433 23236 18541 24004 20081 24059 18407 13210 11342
17945 11154 14984 12889 37825 17303 3616 13943 10488 23543 20145 17127 11091 9169 34469 14323 9534 13366 15973 15856 25008 17063 29053 23409 17448 25345
18977 12396 19527 15849 14621 11394 3458 8724 16002 16993 14544 18535 15988 8319 27823 17949 24013 12977 14518 10342 18437 19685 13121 22054 7431 9721
12963 17408 17283 14610 23631 16032 14396 15179 14842 19569 25529 17409 18014 12118 4014 11545 18046 17250 18300 13464 18066 16802 21914 27695 12900 10733
10280 0 17198 8827 26591 20004 9609 19524 13152 15145 21617 18482 16950 15789 16209 18799 23012 17209 7236 12684 28533 12764 9814 20126 16774 14666
6825 15792 4188 5558 23326 10204 24628 13528 13433 15719 20695 21354 14052 12937 23432 12113 8115 14230 7552 20468 16469 15116 17418 21697 20705 25166
19915 12877 16039 8941 24122 13082 0 19666 10668 15392 18442 17846 15811 21193 21987 12928 6892 15942 9597 14046 15966 7695 16923 14488 18836 24570
11238 26080 16393 13430 9001 23605 26332 3667 8750 14847 30459 20914 19300 23901 13118 16176 21218 12278 13184 8403 5796 19603 26988 20598 16945 16588
16544 6481 17313 7808 20810 24093 0 20222 9520 16771 0 17290 13035 13063 22228 18726 20311 10686 20641 16649 15270 17986 14224 19132 17822 11383
11903 7498 10956 13702 28146 17797 4984 14572 15057 21497 21416 20872 17005 9105 24735 14513 16208 13938 3087 23176 19950 12868 36581 14788 9052 26646
25109 20448 20594 16471 12811 19850 10365 21056 15430 12085 15215 19581 14127 17748 8102 17907 18725 17840 12293 8557 16851 15060 19463 20543 22056 18748
18151 11187 16177 9644 26287 32953 0 18270 13172 11224 14071 21103 16859 9801 27883 22724 10589 16286 16012 15390 17659 16678 20426 20369 5360 21124
13063 11228 14957 15777 30061 25022 20964 14994 14119 20124 8463 13892 14180 21482 21109 7119 14261 13234 14155 8810 14090 14807 20335 22116 16964 21621
13692 8449 18548 8234 22950 17343 15040 12353 12360 19744 17289 22103 16539 14872 6432 25833 16157 12962 12564 16966 14818 9609 27182 22652 21648 13603
10787 11967 18293 6190 10584 29118 20467 6798 12025 16679 21826 18337 13091 8598 18554 12529 14179 17282 17119 11021 14982 17864 13615 20071 13005 3239
12244 2833 11081 11835 32318 22442 5966 15978 13962 14505 18759 18060 18597 0 26233 15142 12893 15599 27608 11155 18601 8705 21637 7216 14080 22748
14602 13975 14593 6350 19803 18210 18695 11568 11625 13695 18229 20368 17722 16923 1247 16950 19266 12555 12922 21553 24114 12023 18023 12566 6330 25831
14000 6870 11918 9253 22370 17768 13733 5313 10760 16818 17716 20530 15692 18001 9656 22851 19185 12950 10489 10265 6323 18777 20547 14974 16623 21801
14861 22293 7238 18466 25679 25936 8652 15959 11491 16674 12396 25703 18183 11202 28081 15929 16349 17316 15555 12515 20909 10187 16106 13184 19572 16952
8143 12528 17863 8468 26774 21225 13261 7750 13693 15889 10976 21211 15008 10594 24721 8283 20104 11070 14086 18318 28621 11316 13293 20664 12331 11029
17458 15031 20621 9321 13475 9800 0 13430 13860 16928 19179 17659 14259 13207 23380 13762 4499 16871 14567 7171 13475 19292 19177 18904 12793 15943
17053 18161 12870 10422 19040 14760 5392 16904 13412 18745 17755 16332 15796 9466 20062 15651 9498 15262 16991 13516 19154 12121 7524 26320 12942 7302
20575 12349 5015 14155 13094 12968 11781 17837 8627 14578 16191 17618 17169 24237 19515 18784 17456 13360 14567 7612 19132 9688 11068 9140 18580 11318
13195 17326 9333 1418 20328 19413 18329 20733 12636 21019 26235 22604 16670 2340 28345 15710 20966 11956 13053 19096 27113 20286 10003 20647 14830 6557
12861 6741 10931 10295 15970 12721 16202 6933 15243 19496 26281 17465 11645 20934 9782 12554 23668 10658 11136 23337 37748 21113 15745 14818 14894 14432
3342 13821 15382 13747 24619 25062 4608 14325 18704 14569 12594 17590 19598 15108 13240 4910 19225 19405 12698 17883 20540 7369 15889 21189 18356 1173
26739 9853 19693 9618 32471 11472 8577 15812 10430 18077 10430 18694 17641 5060 14478 14858 9436 14403 12470 22669 9228 9120 21899 15127 10067 16945
4099 17203 17859 21765 22958 13173 13910 7954 12144 17755 17348 19313 12412 8812 12884 19626 14806 14695 4833 17614 22985 10201 14124 22764 21931 10618
25381 11781 8099 12288 27678 32186 2701 15377 11374 17902 12362 21370 12354 9192 14120 16290 17899 16183 15245 11628 28904 15443 15716 15785 18392 22941
7656 15941 10414 3419 29951 28007 11493 25702 11837 14387 21924 18700 15654 13538 17582 11060 10453 17298 16981 19697 35127 22656 29315 18455 6300 12455
13382 0 19655 16264 23749 19390 3702 7633 10220 17814 22513 17886 14763 4648 9986 14154 21749 13403 13285 6553 28456 12973 16251 20530 9464 12989
21691 16143 16325 17661 23215 10467 14574 6068 11330 17029 6888 20374 13982 14584 6451 19811 8564 18535 12546 18167 30107 5403 18051 13024 10322 20713
11550 22246 14148 10152 22246 10777 4005 13087 11556 15759 27031 14581 19237 5476 29105 6180 25682 20115 13110 10804 18524 21262 8212 13392 10571 29333
12436 11859 13231 15445 11470 14437 10928 16322 13087 19972 15872 24557 11626 19509 3426 15263 9430 16971 14016 11809 16207 17812 18869 17718 13011 23018
21252 12244 15893 17378 18402 13268 23245 7977 14369 22442 24821 24913 15953 28694 11194 16763 23636 13348 8004 18222 15967 18486 19432 19019 22798 19747
3173 19619 11445 13924 28428 21530 27347 17391 11937 15700 26997 17095 14534 18233 9467 16879 10458 20143 12884 14718 15454 12776 27371 19844 14339 25759
15272 6303 13102 15079 17636 16134 3661 11997 10942 18810 10277 17617 13191 21617 0 21717 15611 14365 18919 12420 27632 12677 23783 26342 13561 9963
26361 3398 18919 16126 10449 13461 2322 14864 15845 13924 15575 13665 16522 15833 35078 13432 24255 18353 12863 10224 2088 12484 18941 21098 18613 16606
24866 22097 23224 13062 18359 8916 21951 14208 11769 12539 23725 18385 15245 15214 20852 19337 0 13163 18370 15595 21349 12919 18460 20906 21013 22870
13397 9309 13730 9702 18081 21700 19007 8219 9826 17088 22069 23760 16074 17050 12034 18034 16982 13996 4318 9783 33693 13599 10744 26639 16614 20527
13402 8227 16048 13014 17536 13305 9112 9288 10235 18795 31023 19491 14652 6364 11718 20506 17966 15987 15093 6473 24786 15346 15690 16626 18753 17189
16729 4111 16366 15493 23891 18909 12033 19621 9363 17977 14063 17611 18105 22899 21189 9445 18437 15377 12286 16632 31727 18817 14282 21246 17839 25973
12028 13001 12361 13248 21966 31221 14955 10953 13521 21758 14845 20255 20506 12875 0 12228 17772 18917 14565 4495 20596 21461 13391 22329 14951 19451
11815 10033 12926 7165 19394 18404 0 12492 13270 16066 13893 18859 14580 13798 4313 8703 13546 16471 18593 10296 16275 18022 20456 23667 12673 18114
9832 27222 17285 13257 18611 25560 0 13352 16800 14378 22366 18949 16409 3459 6646 16385 12146 14502 18314 8349 24410 14688 18161 15826 19045 21688
4887 14894 19357 8269 27325 11119 7335 18172 12031 16473 25828 23009 15596 21041 10248 19882 27650 14205 23561 20474 16026 11896 11566 24532 19189 25823
7319 8736 15674 11388 14820 17269 15123 10540 12134 14487 10239 19679 17618 5424 34266 12521 17542 13470 11979 12262 23919 20006 12598 21988 10723 10236
0 5999 12726 8376 15881 10120 12534 8484 11301 15343 25834 19061 16863 17263 18862 19773 21879 8793 13186 16357 14792 10395 18266 19666 10541 19174
21489 20689 10065 11733 27353 23955 0 17466 16389 21966 16607 20849 18304 8206 8175 12401 16779 12405 17525 15034 3591 16608 20583 13535 10636 18853
15198 10218 16485 12328 8853 11799 9622 13530 14606 16282 22413 25311 14578 12162 23587 10105 18575 18255 11058 15026 20184 15450 18440 16102 13565 13740
19074 0 16102 14097 26188 22379 7936 8559 11563 16498 12381 21493 13294 15084 17620 14157 26567 12558 20689 11850 26415 11105 14731 18257 13382 20346
24605 8050 17414 12591 26238 18166 16761 13239 11288 14388 8253 19957 14624 20524 20799 16622 17528 15541 10015 9400 22443 5152 24045 20543 13380 12459
0 15881 18228 6402 21507 28016 13684 11035 11717 19494 15479 16760 10341 15099 16503 20962 18640 15307 17554 17958 13887 17223 18903 23654 12887 16134
0 14880 12991 10882 31251 24251 16910 13931 11252 15245 19521 18188 15535 16760 16339 8436 17898 16710 20474 20761 21676 18371 17105 26109 14456 12133
13371 2084 11866 13903 30894 18807 0 12844 11111 16239 24542 22027 17225 14540 24238 14471 20580 17245 10931 17267 13486 10322 17979 17391 14798 8835
14778 17884 18427 3117 22262 18384 13320 15874 11326 17738 11291 17742 12716 7386 13781 20080 24057 13322 19397 4264 22514 11171 12049 23740 16966 14623
28488 2093 19369 8635 21766 11845 0 2325 14809 17312 2602 20023 16320 6438 23248 13197 12048 11530 11445 18437 17837 12464 16997 18672 11752 23542
24501 13468 12708 7258 5988 15609 5707 365 12116 16701 23399 17312 13987 9005 18464 23522 17385 12240 19114 19449 12347 15926 11602 15287 10377 16740
29360 17653 17874 13612 17591 25549 321 13598 10813 17549 8111 19795 11947 5614 17067 20524 16153 13431 14808 10995 14911 16805 6917 25846 12152 10489
28317 11224 8241 13715 23027 20384 413 14351 12065 18208 20044 20586 15292 13298 22651 18706 23473 16877 9138 10287 23767 7534 19440 20222 19860 16859
4552 15516 24111 10212 15651 12853 9014 13259 17337 19095 4172 16855 14672 14129 26677 16884 17243 16245 10580 15241 24185 11928 23568 24323 12289 24635
13579 12200 9770 9919 29831 19743 4138 8131 12237 19600 17039 18415 15381 17188 10705 19180 11677 20855 23168 15047 21799 11876 12121 19281 10321 4351
19041 9864 6459 8869 21907 15576 10722 13605 12076 20748 24326 15383 16431 5129 18983 15611 21821 18293 20283 12096 14872 17419 16832 20977 14666 14281
19203 21427 15671 9905 17771 23135 3820 19422 7496 19205 27785 20786 17157 5400 6318 14023 19451 15161 13793 18403 14215 23694 11158 17887 17883 6580
9301 9056 14919 14156 19700 21335 11571 24468 12117 17747 15477 19078 16735 12518 11140 9635 18666 14782 15441 17726 26090 14463 14393 15173 12362 11234
21884 11979 15272 3167 9803 19680 23428 15261 13473 18442 10627 12962 11044 5325 12924 12403 10061 16559 13178 15388 24356 9425 12139 19029 14088 9795
11044 15402 15874 7859 20099 17976 5792 21826 13695 15341 13095 22297 14616 12596 13579 13088 12982 14897 14694 9108 6670 6868 15501 25828 15546 11547
11980 9259 14246 15338 32731 17926 4111 11579 13161 16072 19935 17396 15678 11876 21134 11583 17012 16692 15931 13204 28568 14987 27487 12535 18473 24331
1646 12681 5936 14892 21734 14664 6050 20844 13923 19119 16333 13909 13301 8544 7869 17139 19186 14614 8603 2603 13701 10581 14376 18631 17211 16431
25431 2047 17074 6840 25414 21801 11213 11198 15016 12739 23663 14558 17719 5145 13613 16031 13545 16155 12267 23104 25294 18131 21882 21133 11657 8669
12785 16018 15576 14256 15746 28256 1314 10911 13431 17363 20754 18609 12054 16098 3782 18130 11904 13199 12293 17014 25879 8955 18064 12837 14352 17602
33482 9695 15531 3774 17479 25759 20698 15831 10450 19524 27468 22102 12061 10405 16869 12474 3612 14481 13015 8739 17033 17636 22400 17537 9990 24373
23114 12892 19432 13269 9904 30134 5415 9252 13046 14080 27732 16836 14049 8720 22970 19043 26016 9792 10939 17295 14397 14136 17484 29222 10263 21330
23203 10950 14993 9273 13939 16842 16696 18234 11111 17770 30763 17304 14367 20941 3554 14327 17695 16640 13908 17624 15720 22288 18895 18916 14835 2882
17414 15126 19523 9868 11104 16466 10850 6598 12392 15626 13943 27755 14895 4844 7320 23625 20017 13966 21207 19922 12301 14419 22026 17840 14806 19554
7575 15585 21259 15050 18521 27650 17108 10788 17158 14707 25233 18506 9997 18182 14480 23092 15648 16194 14587 19818 14405 5345 28874 15648 15509 13520
9656 22516 18769 14174 17778 12723 23679 18072 13604 17818 18507 23665 16365 20435 19541 19201 17534 15503 17362 9654 31646 11653 19893 26593 11311 19668
14540 3793 8615 6072 24771 3826 9654 15745 13242 17162 8534 22185 16722 24108 18719 11024 16303 13957 7159 18547 7280 17646 24484 22027 10271 18298
8201 21136 15912 14451 27450 0 13298 13066 17927 17718 18074 23316 14392 3006 7876 13547 29182 13169 20056 19284 23913 24776 22120 18158 14261 15829
21726 10250 16391 12983 26641 18235 10560 16480 12675 14929 6787 19248 15063 10353 20629 8217 15208 15883 10627 13139 25644 11085 20764 20507 13727 2283
3537 8932 19814 14680 14281 23300 12051 17907 9162 13910 10316 19212 18018 14580 12234 7483 2692 12601 22213 5031 20503 21778 18781 20279 16460 24169
19920 15053 15145 9888 2387 13622 21686 12441 11764 13106 21174 21693 11938 6995 4191 21795 31240 16079 13716 10041 22774 12121 20272 18736 7009 7264
23471 16590 18589 14664 24282 11459 6671 19637 14615 12941 9490 18497 14206 13424 8645 3612 25592 19473 16431 6497 21304 18636 13273 14968 4156 15033
26491 14984 17934 9762 17314 18844 17638 11249 14345 14966 18941 20928 15378 14775 2316 9877 21156 20307 17434 18399 23847 11877 27634 17563 18135 7995
30384 11788 15229 9532 12402 15428 0 6822 10455 13100 25471 17248 15227 22956 17467 16419 8314 13781 21468 6162 33833 14858 14758 15827 8204 9950
13040 2176 19415 19259 9711 8190 4263 15028 12788 16319 17854 18656 14570 12945 9632 25141 12067 14813 13689 4155 15527 8737 15497 19398 22748 10504
32692 16481 25598 8710 19985 26318 2327 14192 19121 18558 24289 18832 15936 16951 14361 12874 20089 17513 8233 16588 28263 12080 17165 24119 14111 22856
20849 26559 15189 13691 12606 16500 11635 18139 10182 18862 28514 20477 15877 15964 11446 18493 14355 18033 14086 12772 15509 22775 21637 19503 14770 12853
30838 11873 14310 7519 18680 11372 20717 14762 14156 16573 18786 24777 17681 14264 16394 6523 7377 15732 21642 4079 24493 15909 27155 14910 13207 11327
1546 11615 14363 13782 21888 12204 14567 7097 13541 19360 26206 17952 14795 12928 7783 18752 18735 13204 16244 17882 29542 12700 21656 17101 16554 14016
8334 22114 14934 7764 12363 27581 0 19712 15038 15505 18083 20807 13812 16554 16746 15933 11827 12565 13119 12918 16381 12951 20921 15479 17078 17003
20464 6176 19211 9665 26524 18457 2555 14233 9464 16240 15051 23484 14725 18298 9090 13074 6297 15349 15926 18641 25979 20849 20094 17188 16037 12400
9911 9915 16667 25356 11430 11118 19753 13332 14193 19088 14826 20058 17495 11758 5583 17511 12932 15004 12386 6766 17472 19587 8781 19023 17140 3940
19965 14002 21895 14506 19379 23805 10455 5248 14674 17014 8912 24041 16573 14925 11939 19131 28835 20493 20597 11665 29225 10904 12627 16882 10887 24463
10263 15360 17007 15628 17665 15315 15177 20755 10200 17013 17451 18032 16840 8945 12379 10144 22742 13028 16660 12318 32826 17455 8601 16286 15395 19530
25277 9711 18462 15430 22231 15896 18942 13363 12653 17058 22407 18027 14168 14986 21100 10504 18935 20323 12803 15675 17835 11966 22192 20168 16043 20217
22752 13058 16515 6707 26853 14534 21113 13303 14622 20331 26511 18447 13282 24975 8343 17478 14819 15396 15170 10420 29682 14276 15859 18656 23428 14152
2505 8679 18675 13257 19219 31576 14423 6101 12233 17413 22631 16320 11597 4780 22563 13664 17103 15610 10809 7411 23106 14839 16320 18280 17385 15174
13659 0 18069 5632 22343 12901 0 8752 11630 13977 15367 28103 15862 9753 15843 11279 22795 12048 9983 543 25046 9978 15940 19175 9941 10767
13655 7489 14331 5988 24857 10069 12990 13119 13278 15842 25564 19041 17712 7481 11249 20290 19007 9818 21355 9959 22676 6583 6536 14931 26358 18843
11839 5896 9551 5441 25016 15264 17476 19011 12593 19514 8046 14745 14065 7782 20094 17825 9867 20087 17567 18670 13978 12680 13032 15843 19228 23329
16741 13609 14284 15736 31559 25035 0 19192 14756 17201 22355 22844 15449 7070 18912 14866 15700 16799 15392 18504 23074 23950 6318 17232 22335 20598
8750 7457 22264 19573 30499 21347 1429 18847 15108 16206 28201 21460 16797 9185 16519 21500 13090 18008 17034 18522 11444 10134 15491 22098 13370 12903
19343 10940 16374 7196 6305 3408 10726 7141 9265 17416 13621 23488 17022 6256 20825 17148 15861 16683 11760 12129 25947 12662 20621 24315 11953 20854
13186 19463 18155 3264 12234 24089 12246 10148 11650 14452 16620 19664 12082 8504 23993 20425 4592 9970 22610 16432 30621 12519 13560 19832 13924 10134
0 10995 21032 17722 18398 23378 6503 2311 12545 16102 21729 21719 11775 21287 2728 15647 15197 13476 10941 21919 19843 11757 26328 25972 15589 25919
13400 18145 12366 8831 10000 19128 15269 19119 7463 19833 23313 21075 14273 0 13179 15863 10858 18032 22942 10136 21057 12191 10923 21592 12772 22306
20874 22165 16691 14780 26546 28063 0 10923 12631 14870 23163 18074 13800 13621 9491 20581 13493 18523 13593 14216 22437 17973 16555 24667 17456 39103
5280 1311 19998 12526 11235 14943 11298 16832 12196 19299 19733 22816 15926 19134 142 14744 28729 12635 10073 25848 17600 10416 11174 14470 16117 10421
24962 10703 19079 6538 18272 15906 13279 18929 11389 13057 20540 19312 14005 15900 2687 12371 17645 6593 8662 18925 11395 19038 12974 24369 17012 8706
24948 6659 15768 11035 15544 21483 16220 11346 16535 17489 8250 19251 16250 11050 15085 11223 18153 14703 9443 13778 26967 12091 15880 24408 16561 11631
12348 11127 19020 11318 10332 26095 6788 11654 12462 17673 10379 19549 14230 14782 24782 14490 17359 15589 10160 19681 19742 12537 27967 17929 13674 27236
8593 10319 16887 10075 16434 17822 3468 8583 12299 13403 13249 15096 17802 11796 12676 12039 8021 18490 14793 19048 23578 15698 7569 18836 15122 32488
13782 10253 11009 4146 19525 12295 9862 14832 12442 17337 28602 17069 14340 1061 9891 21585 10415 18316 21039 3380 15391 3873 13104 6386 16955 25431
25782 5191 17637 14163 23354 27395 19258 9478 11476 22878 19580 19266 18645 18659 19250 20443 7804 13598 15265 5747 10069 18679 15457 24222 16320 19328
8518 9615 12751 8533 11177 9150 5983 9475 15553 16236 8653 19430 15836 17900 11761 17877 13303 15478 14270 16080 14858 17707 27661 24195 11084 28862
3785 6623 26756 12051 11668 14577 8452 4644 15131 16772 7609 27018 15537 14080 14090 10397 19643 17024 11428 2247 22176 11687 17665 17745 11365 24246
28690 4852 17934 16223 6125 10561 12272 10623 19361 20366 6477 19000 12309 7113 19428 11100 7664 12624 12710 10527 25691 19632 16674 16672 16801 16596
13933 10391 11338 11835 14921 12421 17117 23892 11844 19979 19980 22202 12670 7870 15580 12581 24981 20546 17235 27688 24379 14889 17268 10690 12350 27553
19851 17683 15096 10728 22213 32782 7953 12779 15597 16065 15362 20278 12398 4669 22117 16333 21425 13082 10034 19123 12626 15939 23565 21951 10018 11306
12849 10589 7853 10891 32267 17610 15068 10101 9579 20577 15445 18114 19994 10968 28093 16456 18921 12624 4609 15821 33889 17370 17932 19814 9268 19814
7764 14781 18967 16811 23336 29018 0 12217 13081 23705 31671 23341 18604 10958 19619 12182 13013 16522 5404 18173 9984 11510 14510 18391 17279 30295
10821 11048 16290 12293 30773 17842 10344 21408 10561 17624 14472 22295 18603 11582 27945 22411 22904 18235 19391 8511 19815 13551 9660 16967 14335 0
19468 18271 16877 12618 22843 21612 18662 12683 12876 17985 23433 24212 14716 17751 19507 17775 22254 15678 0 22504 11159 18104 11788 23878 12220 24933
11608 10332 12308 5815 23974 15125 22696 14292 10383 18250 22403 21371 18835 13004 20490 17730 21243 12797 19096 17423 27194 12334 15116 22925 25731 28257
5292 10556 18831 9436 12042 21953 0 17633 13278 20767 17390 21398 16735 20024 25146 10137 22941 15130 11295 6028 26232 14066 16430 20530 15936 19450
5556 8111 17367 9123 26501 18514 3392 12017 12651 16866 20749 22115 17425 15344 12833 17177 9370 16653 13109 12414 18585 5764 11604 21476 16917 17061
8897 22555 12870 12473 14578 25544 11586 12118 16337 19518 14098 26932 16795 13625 5473 14935 10577 13796 9199 19831 16147 7255 22432 14715 14487 13415
21240 20256 14250 11450 26394 17620 0 15518 11512 19533 12334 20018 17328 12648 23697 11879 24933 15338 11308 7133 17031 14217 15179 18237 21399 17849
26828 15494 19925 11856 16702 7729 18119 9425 12321 17460 21366 16463 16359 8666 7393 3160 18699 10668 11420 10373 21038 9895 23499 18388 14750 13773
10608 6947 11647 12008 18756 17186 6225 18456 12298 21178 10365 21633 17465 11525 16592 12162 23104 16686 6189 22043 26298 11983 16517 19365 17863 8206
29920 13813 18693 13659 19421 13081 0 9106 9317 17105 7717 18659 17594 10783 17654 19517 15443 13894 10659 19829 19286 8982 30320 27538 15089 19599
6456 20811 13936 7636 23119 14627 6238 19247 12270 19318 14463 15005 15723 14810 25584 13708 2710 16861 10590 18100 22213 7241 26848 16641 19810 8875
15112 9134 17015 16034 26118 18275 13838 13009 15358 14857 19837 21805 17669 5508 13942 11415 16622 14951 7873 4953 10262 13181 15326 18505 15656 18008
15635 2280 12906 9762 28599 10998 8159 5461 9382 19409 19571 16890 17455 6555 35085 22181 17532 12905 10870 9579 12400 26750 13098 21825 7734 19650
17935 9881 21105 15271 24048 6443 0 12868 10839 15497 15471 20222 15829 12044 23360 12828 20273 17020 14395 14898 23247 13187 12290 16144 18543 5656
8544 8395 18446 11662 10747 1332 5157 6248 11340 19542 6546 22893 16858 4284 15503 13463 33180 13542 25039 17267 23225 21223 10687 14016 12469 18158
25600 7527 13151 22951 9560 19904 11000 8386 12208 18792 18910 17539 14551 7410 16136 14932 15111 13488 11212 13511 7068 11658 12258 20198 16921 16265
18451 22707 7385 20673 15423 29581 0 19133 14383 18072 24957 22110 14524 0 8088 14892 20373 17405 12609 5715 15061 20982 31102 26127 14712 29255
20018 1859 8902 13551 14137 14283 11481 14101 6546 14642 17598 19056 21865 17449 17209 17207 10964 12614 25501 19185 25415 20522 16837 21537 19417 12994
19458 16020 15971 13440 16020 10507 2177 13042 10810 15910 20742 19553 17060 17358 29470 12793 15122 16431 11669 26398 19736 13059 21482 19145 11967 6976
3460 12270 17602 11421 19329 19036 10941 15783 11904 17173 11989 17337 12274 18636 27992 11060 16544 16698 17695 13457 23729 13318 16849 21640 15422 4724
14087 14384 12257 16065 30014 16543 8436 7089 18233 19632 19875 17720 14281 13188 4368 18266 12990 16393 15176 12126 18737 10959 22151 23500 11922 24697
24273 7383 13610 11762 16234 7988 22413 14445 13032 12706 21484 19371 15503 10813 29487 24126 14311 13011 17305 12133 22628 4172 23715 21047 12746 16345
18243 19378 17255 17508 17730 21439 8407 24898 10605 17920 28095 14876 18631 7894 27556 10911 8896 14654 14003 14736 25246 7545 16952 15218 8559 15470
6598 9040 14966 13810 0 18331 19966 10457 11151 18842 22183 16908 11139 7170 22416 9072 18472 15366 13251 10077 24485 21180 25037 16325 10513 21600
10491 196 18050 11988 16284 29151 12069 8738 10422 17170 20397 20593 16319 9108 23276 16226 7880 14242 18848 21846 21381 9895 18057 22256 23218 13451
14165 6660 17390 11085 25533 19292 12430 17328 13012 17773 18180 23787 16426 13028 20538 13362 2760 14807 10203 10733 12861 8193 14397 22644 8644 25696
18670 17882 14559 6516 22855 20293 11753 8091 15302 21625 16829 19145 14738 14606 13055 18099 21967 13940 15905 18005 19461 13563 24099 24492 8441 21861
10596 19195 19776 17510 3142 19304 0 20331 10920 18039 19959 23411 16270 4636 26703 21947 12683 14875 11940 7605 17052 17379 18244 20104 15041 13938
18438 1492 12693 13213 16762 17416 15487 15514 12160 15748 21667 15638 16257 20773 20936 21745 12448 17517 8457 4020 13474 9242 6657 17969 15581 24056
13784 20772 22438 8269 14416 23557 6889 14190 14211 17669 9854 23357 17435 18741 25628 9156 0 15825 9091 5559 22308 8877 20382 21444 14421 0
5429 17907 19546 8674 11762 14229 2569 5364 6182 14960 17687 22751 14528 18140 16320 18791 19373 13524 15758 10476 14612 16464 21240 19809 13000 15271
14766 3723 18427 9922 24911 21643 12446 13442 13112 14082 6840 20093 16631 17411 16959 15005 15697 10276 12072 25292 16078 13581 20919 18829 20777 25173
16235 12455 15908 3504 29346 13284 9376 18772 12019 15820 25326 19496 19835 13385 18531 19332 10237 18041 13301 22832 13274 14196 14499 18995 11071 23887
3116 6818 12416 7333 46243 20785 2562 7796 13685 21860 13449 14797 15082 7054 13049 14537 8562 17099 16907 14964 19812 11783 18904 21312 13187 11030
11963 7987 12927 12244 18394 18562 6180 10214 11398 21583 16547 17398 12778 16951 16545 12880 22450 16928 19670 17073 21109 13229 22414 13751 12262 25274
5282 7762 21400 12801 11316 30796 12641 24910 12427 14956 16577 17527 16349 9251 3453 17964 9914 14103 10545 9448 26207 19661 16954 17371 11972 20304
27102 23969 15456 7085 24318 11671 0 7937 11478 20376 26999 24850 15279 30550 23243 5023 14047 16927 11875 13552 6732 21433 11881 17937 12673 19801
13660 7572 18358 14184 23245 32583 15735 13367 10257 14917 18897 21107 15527 7729 6363 18677 12965 18816 17824 17708 13116 7837 14068 17834 14530 23553
16536 3912 19922 12225 27586 11874 0 4827 12480 22149 15796 17894 11999 20354 13903 14680 12686 15390 13568 19071 16217 20887 21646 27467 10729 14284
8941 11092 10824 10073 10592 4638 8786 13597 12205 12680 19317 27034 17011 13903 23750 15854 9338 14665 12606 20397 19152 8061 9705 20827 14460 14657
15755 5223 18816 12714 16733 9983 0 17527 14183 16950 19374 16501 13182 19451 20058 17526 20990 17799 14799 11691 8905 17074 20918 16755 12776 21337
19587 15699 14335 20258 15593 26606 3524 10316 11807 20651 14698 22660 13859 19515 13603 15172 6486 13919 25944 18771 5654 16182 21748 18576 20932 16610
11900 26956 20490 12218 10673 28730 0 8766 12019 14661 21959 17957 18074 971 24794 13823 22124 15946 12549 10811 22759 11899 15129 10950 7053 15276
36791 12718 14200 4498 26748 23139 11033 7272 11573 17194 17207 21363 14618 7621 15130 18180 6549 16016 17654 25831 25096 11395 22534 9553 13631 17733
2051 14213 24012 13308 21476 19492 4333 21903 15197 13031 21844 16797 18452 20227 7600 15885 3359 10501 11015 15614 19829 16547 20240 18388 21787 28671
19141 20234 15661 19211 29694 21408 10353 9903 14645 19424 14205 25828 12781 11117 18831 19197 21831 19583 10855 15183 25158 7173 16391 19738 15351 19735
14012 25495 19329 12397 31964 23773 8127 16776 10864 18344 22347 13539 15752 1116 14575 19338 20531 15151 20159 7969 15844 13342 13349 16582 13494 24857
21010 8264 14643 18421 21191 20925 28893 11155 12452 14687 16120 21250 12768 16194 19799 12040 29037 14722 15203 12514 17579 7662 12860 24564 20364 14745
9485 19210 11147 15967 15175 32030 13597 18665 12842 20323 13063 18634 13967 15027 18474 17691 16782 18795 12276 3924 13064 12989 10643 17684 13499 4387
23043 13428 14881 8232 28187 24847 5553 9666 15814 18107 11204 18560 16508 15437 13091 13396 6927 18724 16738 13936 17939 6981 13593 19021 13827 23745
3434 14057 25975 12584 20249 12417 0 8043 12102 16352 17134 21097 15806 8996 11693 11055 16787 17672 13811 18474 17860 18440 11873 18801 12782 15546
11118 4526 18710 10609 31691 23641 18617 12654 11283 17312 26749 21116 17231 24020 12285 5415 15300 11423 16308 9104 18673 17941 26452 12708 8142 23780
11798 8751 19193 14575 23460 10730 14573 13107 11784 18888 13408 19932 14565 16187 5845 18149 13516 17120 17328 7990 28315 9206 771 17895 13836 20943
5405 0 10966 5015 32106 16953 16911 15834 16035 20440 22293 19063 17579 24054 19819 12657 13139 10551 12540 14081 31835 9353 17947 18027 6175 8656
11884 9286 10572 8226 10632 19843 8958 14532 13156 11834 0 21713 12082 14699 30173 19456 23170 16407 15881 10014 8003 9465 19243 22547 13464 27837
26264 23131 20036 9549 14427 20803 2875 8179 14136 17735 24368 20398 19186 8408 0 18223 22291 16884 23252 13150 27570 14773 22925 26137 16048 6866
11971 28624 13916 1017 26055 20319 22832 9356 9349 15600 10199 21206 17123 14310 2698 10324 28505 16116 14409 11700 32933 17725 23704 19792 16636 9426
14903 9144 13376 15853 14899 37767 9263 9985 12547 16963 15211 15913 12098 21175 12730 16478 18718 14289 10398 18428 18878 12829 5147 17786 14569 20612
19635 6517 14957 14208 29067 25878 18505 13152 10360 15693 15599 19275 15219 14369 15318 3280 11778 11985 12560 19866 8890 14687 20213 16265 16731 15246
16039 18862 17030 9403 14057 9364 9050 15144 12439 18786 14373 17929 14848 23149 22192 19180 27244 19646 15552 10064 27045 4233 18904 13133 17753 12689
15527 7541 16353 8466 46091 22347 9407 17847 12252 18828 17531 17048 18630 11953 11708 21027 10452 14631 15152 13299 9157 12633 31527 24366 15828 15758
27822 18634 14041 13318 21477 23354 15512 11802 14554 15027 19767 14942 17223 17945 16095 11375 15848 17039 2783 7786 27880 14111 24609 23858 9408 5587
3078 9478 11008 12023 15661 12126 18016 11828 6633 20615 28319 21052 14954 9644 19105 14395 16945 16040 13578 16167 18372 14196 20372 15481 14738 16788
20239 16685 12214 17969 32061 18465 10644 22575 10753 20700 15150 18249 18167 13329 14976 25011 11591 18925 15155 19291 14823 11668 25954 17172 13581 10511
3097 15022 13696 10806 9487 21367 11656 17706 10007 17482 18409 12458 17103 12278 17361 20651 12216 13208 15297 6266 12452 16019 22276 23330 12360 2639
6682 4706 9752 1841 21443 18951 5722 14536 15450 19655 17381 20880 13159 12864 5726 13971 152 16157 13788 25390 20002 17162 19510 23426 8240 7026
9950 10462 17154 0 7508 23412 5418 8776 12708 13573 8189 16146 15687 19463 15432 10015 22912 14274 16551 15977 25097 17383 24180 18944 12891 3539
17598 18754 9941 13687 19069 12511 15486 13010 15369 21172 13175 9925 14555 24258 28940 12216 15272 19989 4691 16712 23974 22600 17162 24033 15686 25004
2071 14300 22326 10897 12426 22416 22927 19849 11572 15346 18469 19321 14167 28791 26586 11734 13656 14137 12122 8688 15445 21841 20426 25841 15870 11034
25305 18677 15750 10644 20156 31130 2509 23912 10913 14003 12959 20142 18556 16944 18736 18555 12225 22004 9914 10640 17059 19493 28796 20127 16647 16438
12574 11065 10245 8948 16162 29793 14545 9313 16413 16478 14578 19505 16568 20432 25129 15136 29128 16988 11410 17364 15331 4189 25980 24909 17005 15198
19256 9853 14321 9308 13128 17438 6943 6646 12364 14580 22066 15887 15909 13233 13786 23230 20320 14314 12863 19497 21296 5633 25816 19982 15957 9851
26909 18200 10159 12989 23667 32304 11907 10048 9820 19150 19445 20559 10297 13599 0 19000 17005 13467 12660 8087 22419 5105 11211 19695 10764 16479
9802 17861 11526 10119 32823 6464 27116 11772 11351 17943 23746 16829 13479 18291 21379 10601 12232 13490 14901 15782 11437 19305 19277 12049 16708 19468
20020 27773 19194 11823 22312 15521 1410 12243 11051 15340 11732 19329 19755 19298 16064 14634 12166 20805 21619 15252 28242 12768 20132 14036 16861 18965
19182 17880 18938 12870 23122 28226 13104 12303 8603 17803 21132 21053 17634 26299 0 15741 18993 14994 9069 11426 15523 17429 16006 22273 14616 29549
15321 12946 16780 11374 22550 16824 12968 6091 15566 14492 5239 20879 14144 0 18592 8453 12625 19566 19138 11385 11373 8925 7189 22732 11425 23080
12349 3453 17866 14668 23884 19913 15593 14652 14889 17667 12917 21924 19076 11877 12899 19627 18308 17066 14984 17017 24778 6703 16564 19628 21219 11559
33417 9325 11357 13245 27030 23117 10662 10425 15749 16386 15930 16743 14232 22715 12851 18438 5540 12047 10219 25981 20940 13506 13886 22133 12800 27187
24559 0 14829 14079 21198 19434 6320 18619 7567 16847 19006 17713 18676 3826 0 13429 8095 14738 14963 17307 25352 10512 26596 16187 12861 9447
29711 23691 18442 5957 28127 33071 10255 12117 14257 17685 18237 21225 13516 20885 16653 18817 22192 14743 10345 7554 29062 15612 20774 15003 14157 4622
5157 19343 13214 12709 27220 16500 1951 10572 13736 18726 18202 17037 15430 7472 5368 16322 11853 12846 9004 17636 23221 15775 18090 10551 8666 14627
19175 8070 13960 8080 1540 19227 19922 4887 12117 21293 21431 16150 16630 7834 5645 18584 12112 16124 19968 6909 27038 15299 25016 19534 13434 20037
14946 4396 12571 12046 22188 12315 2084 13658 11607 17454 13939 17495 15439 10447 4017 12904 17429 9696 18018 8598 3066 24631 25704 21234 18825 19443
13043 20941 16455 5403 19244 17326 0 15476 8745 22929 28281 22827 15609 19792 16063 14960 12211 18204 22643 17265 16782 29385 20746 17840 15495 22848
8022 8037 17357 9649 32661 2496 1219 10483 12547 18822 22276 16804 14105 17581 26131 17806 18163 16815 17456 15143 14463 12637 21210 18948 9383 6717
2151 14868 19053 13708 15852 17001 2214 19874 13181 16343 20261 17560 12121 7743 27464 15045 12751 22143 12554 13604 21002 19660 3415 20193 13937 18513
6984 4250 14618 7760 19919 24919 2420 9702 10945 15861 26230 16801 19244 16415 14836 21257 15159 17021 12065 27039 24861 11720 30301 23113 23128 19461
14319 12335 7264 6641 19276 18110 10501 14962 15007 17765 19849 15675 15527 14856 10572 22347 1889 14365 18482 15299 7685 20827 25860 19607 22153 18889
28022 19450 12983 10047 21358 18989 27284 21332 10178 19229 24057 16029 15914 16984 19147 14365 7224 16665 8859 14825 23774 20689 19421 21737 16932 18374
8935 20122 14474 14796 36763 21193 14385 13188 15591 19231 23653 21221 17318 12432 3324 27241 13963 13533 17810 22765 14012 9327 22848 15085 16727 15728
9856 13385 14915 17667 29752 8627 21472 18100 10529 18533 15902 18431 20248 10327 21085 3465 20380 16317 14043 8880 22213 5606 20745 16652 11118 16055
19569 10693 17006 9496 22676 18526 7098 16789 11952 16883 25283 14487 18179 16650 15454 20790 11378 18346 16486 18983 20080 12580 21107 14350 10894 15417
4998 1818 21688 11525 14971 26672 8671 17130 14937 14892 15788 15945 13965 10668 24084 19899 22129 14603 11856 9516 21616 11861 23215 21086 14997 15662
33802 9230 18535 6789 10603 23979 0 9814 16273 14847 17570 20739 10640 9521 7353 18064 10119 14306 21465 12235 28603 15247 17407 14686 16420 19763
25780 10479 17325 7808 16721 19780 7304 20382 12392 21933 10955 18220 16718 6463 0 16069 10777 15844 14900 10230 16433 12674 19668 15618 18252 2703
2439 6348 18054 6686 21071 27573 0 13775 15500 20678 21192 22865 14146 7576 12533 13843 10508 12650 21819 9686 10357 17535 16860 17894 16955 4352
10870 20250 12426 16920 14052 21480 11600 13762 9501 15309 8333 18324 15637 11037 16993 10981 10383 11192 12049 16657 11468 12030 17323 11033 15267 15045
7804 0 12677 9551 32768 18750 3854 21832 16659 15877 17521 16282 15642 5626 18779 7867 29256 16577 15245 11977 21449 11551 7606 18855 22423 0
11609 13010 12037 10975 14379 12429 2703 6668 15423 18220 19812 24325 13469 20812 25259 16769 14123 15515 13811 21030 15183 14210 27702 20203 18494 20346
17330 17865 20898 15254 6302 14491 2172 15460 12496 16399 14276 22240 12830 9493 16697 22886 14823 17079 9758 14728 22322 17938 28711 14885 10180 5030
11243 5145 16024 11606 19916 16722 18761 14486 15642 23317 12602 18920 13623 0 18384 13670 14976 19028 18065 8966 14611 12535 14461 21281 15191 18878
23482 2340 20034 11974 14096 14028 9738 6030 10666 16157 20197 23685 15947 24689 29473 12721 8683 16075 10897 15333 26875 11585 5513 22315 15697 0
10583 7506 15874 8380 16361 14619 10135 25457 11467 16385 17698 16354 13357 24800 11768 16351 18149 13367 19419 18944 22847 13081 24743 15963 9573 28648
13229 8693 15832 16537 27778 21875 11276 16552 12196 17297 11075 19411 15259 7776 22279 14906 21112 13158 15007 1396 19629 10774 18907 11787 3510 25216
10580 23709 12578 11702 29119 33204 13891 16084 7309 18348 18767 15184 14378 19394 14096 17697 21057 18695 24001 16785 5916 9275 26809 17210 8507 18970
9555 17433 18587 10568 5734 13903 4069 19975 8594 17044 19394 19410 10978 15991 17233 16301 14587 17699 12887 5374 12130 13465 11513 21755 11870 4964
15946 18337 10716 8174 13451 23196 0 9613 10431 19639 13828 18676 13391 21475 10471 22268 8378 16490 15946 8451 12987 13243 10593 12969 15874 11538
24461 4498 16550 8972 23887 17514 8475 3930 13774 19410 23823 23707 20398 11826 12220 9314 16096 16690 12061 16703 10984 10585 17162 16836 15786 25599
20959 17604 16375 12512 27357 23384 4354 12073 16803 17653 21063 21293 15728 8633 10867 12058 15456 12766 13737 18772 12540 14248 3479 19268 20553 9296
13669 13158 15680 9975 25467 4058 17123 9753 8516 18151 22361 19054 13970 12773 15682 13215 22444 17685 22840 11430 16521 18472 10643 23221 13585 19668
11145 17400 14179 16588 15489 21167 23815 16243 16450 19151 15781 20568 17165 10420 10738 20608 25771 20149 21963 20552 21519 8720 15132 23134 18855 15657
10515 19943 18010 7932 28545 31825 15934 10833 11970 20570 12277 23513 14895 16372 16635 5508 18658 13160 5652 1171 8946 4740 18969 21025 14019 22364
12030 10724 13287 15992 19914 12756 4392 12033 9199 14611 1726 23591 13282 7886 20484 15519 13969 17685 17751 10686 13749 16731 16220 17183 12290 28815
17062 14876 19507 8861 20889 24130 15052 13443 10750 15431 17454 21107 16857 11566 21327 14116 18775 13233 14373 20369 22198 7500 20101 24093 10704 22336
7836 11991 14525 11090 20932 21768 4897 10787 15829 21993 23938 17312 17799 19561 24354 23611 19515 13769 16561 10973 6602 18444 21574 21022 16380 21328
19290 22934 8718 18501 14918 22635 8828 5946 14393 14882 17604 18839 17339 11889 7402 16579 24336 12854 5888 9565 33162 19854 15721 18120 10017 22282
21409 10506 13884 10579 18669 16564 9163 10619 12688 18094 30636 18391 13195 10241 19730 15487 20503 18794 21740 12206 25004 15580 18500 16062 16302 18690
20276 17501 15218 12625 21954 28752 0 15218 13273 20951 19658 19710 17813 12615 20192 24441 11180 15774 13328 7854 32946 9512 6366 18836 14016 17183
26409 9073 19361 12003 26832 23522 9886 12480 15423 15796 12115 15439 18758 3279 11258 20795 12191 17414 14749 12944 26882 22659 21561 19192 15278 24797
28046 10075 15875 11351 21290 12175 0 6767 8429 17058 22681 20958 10658 17616 25671 17900 18680 19086 19350 10830 19207 7975 22081 26060 18727 8096
3073 3322 15986 3260 17259 27177 3994 3720 13285 17822 15452 24097 13589 10813 18625 13334 7858 17957 13835 10342 17634 12674 5792 22062 14145 424
9281 7334 17939 13663 20857 11473 7089 17523 18108 14349 5549 18924 13824 5054 20025 21544 5195 13658 13489 12927 7776 19540 26851 22103 13613 3479
1179 11710 14267 13689 24343 20920 6935 10216 10022 17305 20739 20650 15320 17226 13573 15778 21149 15428 16771 21658 18927 21748 18621 18460 12572 15072
23741 9912 19014 16974 8565 13147 15181 18443 14106 17321 24573 18347 14193 12902 22048 14173 23499 16175 18985 30076 16891 22493 1227 20709 16362 15127
12037 11650 15293 4909 11645 8292 11699 12126 13967 15876 19968 21636 17595 16337 10356 10388 26031 16718 16237 17369 20644 19257 15549 19935 16342 21629
14792 12979 23573 7573 20301 24130 28863 21604 13913 19112 25332 17291 16476 6919 12878 11721 17731 14752 18126 19116 7740 14740 8104 18729 13838 26457
13937 12810 18751 2201 30671 11375 961 19508 12641 21153 17412 20651 12907 12713 3172 20403 22366 14489 15192 5262 14443 17445 23796 18689 20586 26946
18297 15660 15464 9005 21397 21962 22180 11595 8277 26548 20903 16614 14526 0 14088 16478 19587 15439 16404 17891 29748 21770 9233 18929 10673 26809
12463 1129 10476 13030 23325 18123 6498 17045 15042 16134 20480 22570 16245 15024 17360 12458 22483 11814 18628 14304 21026 20127 26719 16402 22360 14702
0 17776 21780 9084 23789 11708 0 18456 11547 16149 10866 17975 16969 24783 14227 15333 9678 13353 16543 15370 22437 5500 16913 18799 11585 22664
29528 22800 10883 10895 25032 14293 19941 10881 18413 19644 11665 12678 17625 19002 23547 16212 10243 15286 22987 17654 15636 11764 17390 24990 16268 22780
32415 17731 18251 13290 21216 17169 18457 6201 12674 14890 23768 15531 16968 8956 20241 13279 8619 13658 16500 14922 36183 17291 21792 20459 12741 16353
16828 14619 22688 11584 6625 14576 25246 9601 16227 18336 16950 25090 18052 5361 4695 19648 17256 20615 11649 6477 13271 10044 17740 20295 21935 22303
10655 978 19562 9893 9204 25379 13209 10147 16525 20219 14265 17758 14259 10498 14287 14354 7843 13849 23195 15379 19562 3874 12404 27634 18602 11765
14548 19464 20634 13201 13188 23787 2430 20390 13619 16414 8124 22365 18319 14791 15114 16471 15299 9545 18370 10983 23358 13531 13952 23515 17616 16367
9479 11683 11721 6796 19634 24630 13923 8831 12898 16436 24888 20255 18219 18087 4796 19820 15472 15056 14881 23182 19876 9659 16467 19101 22920 0
11813 21484 12042 11805 14459 14519 13139 11516 12787 14041 18001 17562 17459 22352 10218 21964 19465 14693 14765 10391 23171 9091 19728 21722 13093 35032
4733 15180 9843 17850 19297 20438 11386 12283 10883 17164 9424 23731 15129 11135 12163 9085 14512 12459 17177 17899 18317 11603 12157 22764 10752 2218
19072 8075 12381 7010 21863 17415 22169 12817 14234 16358 11843 19624 13749 8528 4026 4497 17505 15337 13790 15888 21374 12540 25228 20741 12385 11554
11051 8793 12516 15641 22738 25834 4390 11668 16882 19735 16889 21493 15369 22446 9083 20059 17877 16550 5581 13487 27113 14976 8107 17265 7814 10820
19065 10679 18396 10185 27792 14603 3072 12466 10436 16023 10923 18299 18989 1284 9757 17516 13059 13439 16251 11966 29015 21306 15080 12591 14595 11606
19122 22210 16027 9849 10325 23711 6327 13480 13352 14788 23343 21501 19537 14104 14405 8068 4869 17226 13689 21847 26600 5929 19323 23733 7607 20343
10046 22724 22089 18395 18681 27207 16076 22752 10614 17784 18404 20746 19227 25009 20520 10396 17708 10555 12853 15639 26906 5100 29935 24445 13347 30227
29215 1514 15358 5445 24162 10944 10146 19170 12640 16568 20535 16174 19009 12051 16954 14879 18347 15321 12937 15672 13361 14598 9417 17825 15843 13687
19369 15673 14739 7073 22438 20775 6279 13864 15953 16803 28326 18946 16998 14021 12481 15198 16283 12438 16491 7371 15125 27792 16349 22065 11501 14153
20216 18497 16624 12028 13447 19750 6310 15760 14661 15935 24210 20588 16709 22865 16285 15170 22869 17156 16792 8549 15961 1576 12988 15178 12318 8816
14123 15963 12832 13959 17299 27383 0 13943 15084 18377 14383 23002 15468 5080 24516 24924 11377 16329 14340 12330 17758 13549 10553 25584 16193 20667
4801 17548 16005 10108 25292 36866 3043 10893 12409 19086 15010 18075 14682 19727 24560 12436 18450 9306 20504 24109 24190 17264 17568 18206 9698 16283
13350 24835 13672 7657 18191 12171 21295 14890 12212 18702 13185 18636 18128 10934 16731 11121 11106 13004 15774 26115 26505 13825 20745 19748 13020 14335
24495 27570 21728 12495 19323 16653 10690 15587 11445 20046 20124 18555 11568 13457 19673 8879 20244 14043 9235 18798 26223 14185 32915 12462 14552 20146
6805 11267 22366 16649 28059 27705 11375 10061 7373 16138 16109 20950 13708 6835 12623 18492 18186 11142 19363 17004 14994 11414 16964 20761 16907 27388
22574 6110 13394 7188 12476 12400 9941 15845 12336 15247 23033 18514 13181 16777 14476 17888 9525 13231 10937 15483 15628 12796 10428 19291 14948 6126
12937 16168 15590 8068 24245 26241 16534 15280 9108 13513 9602 20306 16981 20817 17611 12902 16540 21414 16579 21364 19881 3368 20979 12187 21640 27046
5642 20240 17304 12295 15819 12261 11148 13661 8713 19741 10145 19714 19863 12454 6243 5884 11713 14042 24374 20406 26706 12965 14316 22439 19749 36000
16448 10849 14549 8401 14853 4834 15154 13355 17107 10310 16763 14897 14439 27629 17428 15340 16276 13142 15410 16905 16464 17062 18631 18248 16635 27672
14804 6283 16402 8085 23275 13072 18489 9893 15182 18748 16037 19164 8836 9730 23490 15474 18978 16057 11244 8769 14030 3582 6577 22709 17261 10718
8396 21689 16322 6496 18926 15723 13309 8904 11306 17704 22478 16422 18542 13403 11710 21539 11832 15619 13853 25576 26991 17351 15597 14943 16071 9730
20900 12189 19119 7908 37315 19702 1153 9529 10040 18536 19062 24762 17027 11442 18883 15610 13065 19823 19480 14680 14883 10118 21184 18335 20790 13563
15502 15022 7869 10946 19080 22931 19293 17535 11405 15594 10160 22261 12501 4903 25956 18519 18149 14962 21666 8957 12769 10392 14836 17148 19900 17331
3993 10496 22408 9967 18712 38618 11313 10762 10835 14958 18563 20000 15095 10188 18093 14181 9520 13262 14304 13277 18155 13210 13062 20966 15700 17598
7985 6136 14043 10255 18039 19083 4851 11609 13253 14669 12026 17499 15827 17430 20220 12853 17048 14094 9167 15075 30196 12426 13409 16740 17057 10380
14349 10673 12210 8967 11132 18636 4391 12507 15376 12479 0 19915 16459 14142 14754 23167 15945 14937 25371 20588 31051 14636 26622 23055 13389 0
20319 15764 13163 20220 13063 16884 0 16404 9627 17685 14491 18612 17946 0 0 12621 12645 16213 16318 12112 24534 19280 11936 22385 14892 10920
13571 12581 14522 9034 26608 18593 0 10677 12789 19293 24029 14742 14624 4820 37758 17131 23770 11301 20007 26218 18344 15500 13686 19821 14171 13772
10620 17282 6014 17601 14392 8855 7603 12376 9517 15469 17598 13318 15449 21367 25113 11633 5245 14495 13667 10011 18131 7892 24300 11979 15178 28441
17436 6675 10367 14548 14230 653 25519 11011 14111 14385 14794 18079 17315 5726 14835 6291 14776 16086 31775 7599 23020 5297 16502 18636 17808 12690
14738 3984 12628 6003 20819 19878 10421 6841 12177 13371 20139 21898 14358 0 18189 20799 17335 18862 14547 11917 27898 8287 24879 17740 15066 19265
12614 12889 17215 7974 12228 25074 14784 9289 15744 16164 13231 19097 15598 14747 16260 13473 7395 14425 12472 21938 28446 10778 28241 17909 7595 21700
17563 12989 19102 11912 19450 16679 14825 12156 13588 15529 21779 19648 14802 12050 19645 22934 23230 14927 18897 9628 22083 8983 21984 17894 15281 7204
6532 0 15787 9656 14221 26833 12107 7494 7677 17299 19735 22332 17386 16722 25676 21270 4278 16411 14599 9051 13006 7503 26347 15624 17237 11824
10368 18714 16265 12605 12200 25833 3739 23797 13963 15882 6317 19426 14493 12199 24889 8668 16071 11608 12713 10970 19056 9294 8081 21290 15438 24124
14104 25226 2220 8951 26727 25643 19701 18399 11485 17690 17745 17223 14881 20551 22559 17523 16982 17936 14482 22081 23351 9830 24093 17860 13520 32914
6737 23372 15341 12824 19336 18109 11785 18679 6126 18877 6871 22171 14084 14801 14970 15276 20755 17961 6482 16917 23441 15142 16687 19849 15210 17542
22821 6247 18569 8760 19188 17687 13932 13994 14365 20616 23172 15004 12301 8092 2333 9128 17640 15341 10194 15913 20112 15698 9233 11748 13442 17217
15317 24776 16285 13329 24623 12081 6172 13485 18767 18565 14322 25540 14162 7455 20798 12983 19985 11260 12416 26080 21304 13671 16318 21776 17230 13101
7110 2214 16803 12813 20999 8727 14916 6769 11796 12714 21472 17774 15394 23138 27517 11840 11289 12541 21844 1272 28448 12193 22773 13586 11939 11346
12722 16591 15266 2332 13802 17997 14392 12512 14580 16718 27903 19249 14532 15598 12435 12842 13681 14072 17854 4706 28683 17836 19576 19324 11587 16748
13248 15010 14543 11284 16781 24120 11267 9250 11046 17768 23942 20232 13614 25001 11436 15740 401 16855 13841 15112 19614 20762 16975 13553 11418 18350
11054 0 14088 16897 15591 12754 4070 10741 12100 22085 24416 22643 16582 0 24332 17312 8367 14974 18327 10475 18344 8564 20275 21637 12289 23646
15849 15921 12874 11180 25320 11168 1208 23568 10809 16370 16204 21531 15953 31 14926 18363 20387 15920 9479 12120 24961 22131 8667 21814 15600 26803
6616 15635 19115 14377 36283 16741 17407 6148 17585 22001 16303 20654 19255 12984 15687 21275 17516 17489 14631 28782 10968 9161 21452 15494 11714 10129
20968 9941 14902 15139 18826 30379 21193 19025 11401 16910 19604 19462 14854 22996 8235 12066 12410 14662 10337 8995 27556 16992 18510 18112 10695 24047
17978 23748 16228 14185 8178 20506 17252 22981 12564 18634 20645 21463 15003 14824 9432 18350 18021 8686 14570 15210 20191 5510 25248 26955 12913 13043
17622 18695 19261 24134 20839 6388 19335 8300 8883 19423 7394 19133 21144 18144 21871 16138 14092 13484 3653 19870 21331 14545 15346 26744 15204 12958
5743 26265 15885 8603 16656 21613 12606 12160 13175 17662 17827 13480 15867 16824 17633 24193 13730 16844 15898 16321 26251 19453 22592 19433 13866 22317
27889 11503 17446 9686 27517 22005 16069 13080 17306 16311 24728 19152 13973 19208 14887 20972 5132 10477 15334 16119 11303 15989 17249 12899 13819 10675
