365
44 28 82 28 66 89 96 56 85 60 64 14 16 14 5 90 19 54 89 33 85 23 29 0 9 84
19072 24930 17381 18394 15741 20519 13572 21053 16930 20597 13966 20637 17210 12837 24296 14985 14352 12371 12177 14329 13507 13419 16276 12066 12208 13098
10194 19002 16256 14032 14384 12909 23336 16957 19925 15918 20143 11317 14428 21247 16191 13426 14942 11451 16041 20831 18183 6104 11975 33319 17111 13996
20666 12032 11896 12513 25145 15746 15844 15032 15509 15329 17185 12939 15755 21786 19348 11349 13769 12923 14415 21406 14562 9731 10933 26717 16725 16618
10977 17927 18648 15240 18281 11314 19929 22369 18066 16110 18081 20125 18852 19948 19433 15968 20567 10331 9186 22801 28532 7230 14267 16264 15040 12965
11939 19498 13900 16708 31925 19101 18975 13640 4250 10896 17126 22837 16327 11410 20314 11537 13246 12103 5590 16630 21562 11157 19462 16335 14185 10569
24295 11989 13674 15997 11679 18814 17103 15910 11720 18405 19638 22609 16099 17024 15961 9834 14155 12233 10215 22614 11672 2265 18874 22585 10143 11828
8332 10457 15844 16853 10266 9117 16255 14908 4273 20555 15873 28019 13046 26601 13623 23888 16884 13223 16218 23748 15997 13294 16519 16994 12962 8316
6062 14502 12926 17619 17622 14582 22423 22957 8053 19706 18340 15523 16820 26524 16196 15485 13163 13104 5275 23897 23012 11377 17852 20992 17502 11125
77 6888 14496 11750 11734 20819 21043 14687 16448 8890 16267 18426 15277 28154 16249 11313 17321 11143 11051 19569 16394 8596 14662 25426 12895 16474
16234 15963 16042 21242 30503 17505 18993 10781 10037 18851 20798 9331 15796 17779 18671 15226 16111 16041 4630 23544 15304 13196 14498 29892 15553 10773
15482 14657 12638 16509 5825 14408 21091 24410 18370 15134 16029 0 16231 21078 17909 26624 15817 16663 10222 21539 23001 11576 14844 22323 23364 12761
17496 7403 14836 11565 16604 16289 17232 16082 14804 10715 14669 1024 15260 24967 18846 23749 20692 11932 15965 28710 18688 8831 13744 13619 15797 11105
11329 16813 12231 19364 16049 18237 19435 15182 15791 20425 16834 21787 18206 19987 15463 11299 19303 20200 16674 25955 3418 10281 17091 15608 13343 10531
10819 10455 14664 15618 23426 14117 17982 17568 10002 13676 25429 20578 13367 9676 17154 11884 13253 11756 7474 19624 21655 12319 16944 22302 5129 14511
1991 9594 13737 20680 17783 19788 14487 12785 11043 10832 13247 9047 15302 18254 14269 24027 15872 8355 8225 31776 14951 16188 7273 13156 21306 14679
19053 15468 14537 15592 25447 15222 22623 18489 2941 11268 11918 8366 13028 22401 17742 21797 12420 15070 8298 21385 15088 9270 12339 13382 18372 11608
8345 14595 17453 21414 13106 25957 19801 20560 1854 23768 19756 19267 14745 16010 16686 22494 16438 10067 14252 11008 21683 13085 17257 8591 16759 10784
12553 12267 14989 17358 15255 22630 18397 21670 27170 12468 18002 21756 11651 24206 22512 18189 12579 11410 7148 17268 19026 11742 15938 29611 15745 14544
9940 12695 15827 17637 21758 21452 21811 15136 6701 27648 22666 2900 17821 32442 11610 20893 20281 14714 15834 19826 24617 10124 16221 20208 20136 16860
8142 9937 14195 16951 21628 11900 19381 17233 14029 8728 22140 10768 14104 23377 21219 14315 17733 13503 14880 21376 6239 8625 13878 15846 12083 15490
16215 25125 11989 22375 14891 17832 11473 17971 17244 13249 23251 7036 13130 10737 17410 8061 18837 11003 12616 19314 21925 9011 18031 15308 18900 19151
0 18777 11460 18031 24330 13668 16722 16420 11353 23675 19910 6629 13102 13405 18151 12687 15847 14644 9358 19525 26720 8295 10157 23210 11404 13407
568 12696 14899 16288 13265 20946 16324 14314 16429 14270 21593 15464 16702 17201 10694 24150 14164 20377 10529 13012 19453 14130 16123 13166 16758 9934
15828 11534 18701 15293 15811 14478 14915 18272 13794 21410 21340 16524 19211 15119 10996 21025 20033 5256 6775 20271 23061 4519 11553 12868 10866 9243
18599 10005 14486 18795 12512 9134 19250 20541 13879 1158 12055 12662 16846 17976 16707 19454 17193 21014 17734 24947 11819 12852 16137 31765 14720 16882
23454 18611 14019 15946 24547 19465 23915 17563 13466 22923 16482 2595 17541 24702 13826 24808 16670 15345 11672 18461 19999 14308 15297 13392 11122 11614
7570 12926 18759 23498 21813 15098 14530 19984 6747 18363 17373 2171 18052 18603 16029 9492 13681 13930 6091 30311 19282 5311 13137 26739 11191 7167
11178 6878 15074 13169 20326 6967 15785 11990 0 19216 20253 35158 18358 14639 15337 22208 16976 11218 8789 24699 13503 8361 16218 19312 16279 14862
8349 20193 11804 20124 22650 21281 14851 15889 9935 28774 12921 11774 14179 28861 21293 21073 20430 23757 22241 14586 22222 8977 18044 4754 9987 12815
7862 14848 18154 20276 23124 23575 19013 20413 18685 9016 16721 2306 14237 24960 7768 17229 17200 12777 12208 20214 14935 13393 16983 799 18046 9438
5611 11742 11868 12246 23779 18182 23515 20052 7557 22014 23517 0 17251 28959 19537 18333 16816 13328 15881 24416 15334 10619 13621 25659 7725 13296
15286 15696 10764 15036 14864 17035 26249 15132 10113 17301 19485 10568 13226 16887 20112 26314 17754 13525 11022 30818 19895 13861 13223 5516 11143 10769
13944 10268 16290 12754 5648 22998 17589 17006 4465 17720 13970 15228 15240 17516 17181 15204 16355 10996 13825 19719 16255 8986 14471 15352 8167 9656
19631 10265 13477 13816 17341 25009 18711 14445 21580 11824 19428 10274 15179 27028 19459 17236 16858 10731 14684 11406 10876 7694 17185 31294 7297 11929
15858 13020 14132 14730 20103 23262 20717 24003 10626 20651 20626 42533 15767 34158 12212 19227 16115 10144 10786 28263 12602 9686 12709 17313 21401 11829
14062 3199 15810 15440 21195 16482 15975 20258 18216 14678 14071 21253 20947 21119 14260 17187 14695 8854 10277 18893 6932 6767 14721 13289 17170 12898
18437 17568 16063 18378 13846 20340 18323 23643 0 12075 13835 7412 13249 20595 24544 22612 14529 8469 12905 7936 12916 15870 16394 21453 17148 14977
7958 12403 12737 11864 17713 10181 24154 18419 4728 21809 15151 25676 14205 12853 10817 20679 13690 12306 13071 23417 21334 14218 16387 23725 12358 17303
0 22521 14527 9226 8326 17476 20057 19222 26064 12867 19956 34460 17080 4937 20262 23288 16552 8867 8301 21484 21242 11445 17401 15074 18941 6043
14162 11433 14657 17611 17771 18222 12519 16121 13712 21453 17510 23005 14664 25129 17354 19590 17540 9355 9039 17533 11318 11160 13753 18659 8166 15644
21036 13103 12677 13721 12284 12579 18683 14396 14105 15463 12735 22076 15313 11192 17918 15608 9276 12673 12971 16794 12140 12997 11180 12470 18064 12899
9688 20405 11190 10905 18324 8847 19521 17698 13411 6834 27879 21198 16869 18564 23291 13104 10260 20100 12782 11069 10284 8795 12714 21270 13882 14405
14329 17463 15565 17104 12199 18534 20433 19215 13760 9683 22036 16485 18601 15151 20947 23586 16571 15738 7513 24722 25039 8681 15931 13332 13268 14726
8583 14250 11070 12043 11118 15532 19885 14555 7376 18545 24735 27123 16190 17163 15748 19538 12060 3230 11512 26344 16180 12217 12034 32902 12351 13982
2210 8324 13005 22079 25615 18397 15386 22818 17668 35080 19387 5403 16712 17374 14987 23380 12963 13784 15891 6842 14490 9812 17234 18040 14662 15384
6218 7089 14583 21951 24320 15393 22159 19478 12162 10131 22238 27366 11675 12021 14872 10376 14009 19276 8616 13955 20782 6904 15091 18384 14320 17873
11208 9951 14020 16367 19844 21162 19836 23490 8544 12981 13229 11014 15996 15396 12593 13816 17571 12410 9556 14096 24437 9549 10621 26357 23559 9997
5107 7029 14527 18874 17274 15820 15444 19555 7748 16188 12283 25227 15437 19606 13106 19808 14423 9098 12797 20660 11402 13954 15476 14989 18158 11628
19588 15335 14647 15001 21019 12650 12826 20721 3393 22573 9195 17706 16360 14128 17066 19546 14796 7242 12292 15772 15988 9109 20362 11701 12156 7863
14472 13319 14198 19373 8729 10327 13797 17104 10323 21183 16091 13977 11451 24181 10548 23079 14379 9456 12583 13022 19496 4009 17094 10990 15816 9949
12276 17432 14036 19953 6876 21938 18579 17343 10155 24733 15580 17575 14489 29509 16301 21024 16433 21086 15557 26216 19737 13952 14640 23099 11144 13089
22025 17614 14334 16495 13507 11062 14635 16765 12500 4396 14903 14863 18876 18685 19594 20454 13324 13717 8519 14459 26809 12796 12687 3149 13223 14546
16505 19483 17574 13738 23399 14262 13634 18601 8782 27810 21211 14990 16052 0 10923 23650 18410 18937 8599 15613 13616 6049 13731 31325 13112 14694
30444 19484 14757 24332 20402 20486 21386 15153 27046 13337 15795 21401 15290 10560 14190 15778 12863 11733 16250 19056 20144 11282 13779 19613 19949 12681
4575 18346 15003 17866 16987 10920 18936 23277 1013 19827 17051 14615 15614 9376 15175 21941 16162 1386 11739 22529 15642 9639 16662 32525 15704 12510
16256 14795 17210 18198 22241 29873 14819 16005 10696 7494 20520 11418 15255 14923 17736 21645 10087 11130 14565 19459 16244 9979 15269 22464 18190 13668
4701 0 14330 13972 15328 6744 20614 16946 19188 14697 13807 8938 14113 23313 13166 19628 17714 13434 11658 23557 19364 8486 12674 26432 18291 9376
11455 14123 14695 19316 22619 17151 16840 14278 16887 11094 16635 13923 16072 16440 18023 19670 16545 11759 12664 8403 23273 13448 11793 13715 9994 14031
13994 11649 14924 15168 18981 34157 17281 20849 7073 21495 26827 15724 17236 27718 21565 18585 19490 14989 12257 21022 19963 9100 9141 10538 16972 13298
0 14564 13896 21848 21254 16949 13283 22785 15094 22670 21847 19352 16149 11763 14455 27376 15197 13585 9798 23685 12543 7498 11188 19497 14179 14903
10146 18213 16050 18400 11301 18647 15707 21134 17686 10946 19399 17269 13544 22913 13982 13272 18295 15571 18890 20495 20795 16900 13217 32163 20111 12283
18950 16387 14621 16647 0 8909 17581 21582 12236 21751 16066 15193 16645 24861 12893 32346 20679 10002 11756 17959 20974 7691 17056 26740 14806 12434
10315 11783 17816 18808 10175 20898 16413 15490 12554 6964 13881 9102 14811 22846 12012 12757 16557 13173 18858 17303 25274 9740 13793 16605 8703 10991
15664 23345 15593 19183 5528 21214 19158 25535 16410 17187 17273 10455 11856 28840 14561 17880 19430 15255 7086 20276 10278 12193 19561 18609 7938 13432
25589 9616 13784 18732 9304 29773 10804 18492 6282 11287 16675 12487 12690 24935 16958 18559 16131 9594 17304 20842 24982 5220 16683 26759 10422 16487
25358 19497 14452 15125 13472 11270 16287 17265 5952 9011 18701 24500 15110 23796 10750 20697 14440 20039 4743 17311 18325 11795 13463 23955 15066 12870
19029 6890 13208 16677 10377 14778 19133 24080 5426 25663 11718 21624 17776 19337 21424 24642 17277 9308 10732 32237 16606 9238 17092 10675 19393 12525
9027 5372 11633 19057 13379 10366 18777 13648 20308 8208 20894 7317 18421 18629 14175 11728 13551 15669 18720 24251 21583 11953 13703 11083 12377 14541
23586 16003 12187 16953 16712 19304 19940 18550 12273 8504 18075 25599 11926 20891 16187 12972 18004 14960 14223 22557 7906 10581 11482 19087 16445 15324
18416 15641 10982 16691 23290 17159 14181 13353 15423 8899 25395 2724 19769 19368 16679 14713 15614 10453 10501 28954 16949 16312 12441 3899 15839 13654
0 6257 13443 16864 18332 15154 20208 18774 17229 15076 21174 659 13714 17870 12498 34224 16368 19539 10643 23649 18337 6786 15215 19765 15039 10954
19642 7891 11830 7429 18409 25092 20826 16082 7077 9716 23418 12865 16286 11166 14572 10555 15302 15453 12854 29407 17647 6153 14010 15877 12394 13133
10873 14670 14107 14792 17002 17300 19088 18224 8683 12970 21273 14598 12155 8340 18779 17826 13601 14314 9298 23246 19244 12922 16242 24698 10779 13879
2391 10954 13332 8802 12093 11629 16024 25428 7440 20613 16864 28376 18456 11816 18011 29062 9714 15988 11888 29082 18470 10065 15680 5678 14508 17160
30936 12942 11255 15471 19046 29363 15035 18420 6697 22106 20228 27086 13616 16613 10977 9063 16503 6304 9963 12308 9366 11447 10955 16017 10836 11939
15163 8369 15188 16675 16429 17317 17088 19931 13733 25289 12065 27042 15544 20045 21919 27162 16425 12324 12865 17657 26266 6420 16168 13166 16838 11299
2152 15813 16315 18081 17299 17951 21300 18055 1968 28381 16332 11609 16709 24690 20007 14712 13905 8522 6428 27107 23785 9210 12239 19195 11655 12951
26870 20089 13364 15497 17627 20727 16699 20490 13696 4357 20385 18860 14909 25447 10874 15651 13398 12036 14786 19428 26031 6682 14036 16046 13711 14859
0 22838 16634 17332 20319 9938 18062 16068 11744 18083 16865 17643 14461 17970 9259 17231 12822 11565 5900 22931 17645 11248 15092 7813 8062 14010
11631 13092 17568 19505 20491 25418 12339 21219 9084 22228 19512 20391 16023 13971 19103 19856 16247 17751 6648 15101 17109 12992 16380 17752 19303 11557
9080 11085 16076 14584 24660 20823 16292 16746 18541 15085 23236 23269 13765 29271 17207 23328 16439 14712 8783 3531 16284 9676 13591 24816 17200 14716
12663 19750 11798 12604 16581 22905 20399 18773 14910 28796 17885 16251 15654 17966 12938 19752 15119 20626 11383 24814 17832 6633 15236 22756 10552 9806
8718 10600 13472 13814 681 19666 17050 23126 7076 21067 19658 20586 13963 24873 16008 19342 13189 19141 12522 29817 18542 10409 17265 22767 16819 16672
0 11932 15786 16992 25204 20146 13105 22887 4838 18193 20542 24904 15733 21351 19909 16941 15182 13677 17974 22207 19606 9993 17077 31373 16038 12862
12069 15560 11869 22480 4929 16518 18971 17259 14815 10983 16085 13038 11671 28052 15422 19255 15074 8029 17348 20067 16149 13286 19186 8627 19650 12681
14619 16522 19076 14541 26536 19911 17373 14036 12450 22993 20177 17975 15086 18231 11536 19870 17087 17937 7082 20244 22943 9607 13165 28498 15714 17317
10914 18141 12919 14620 17571 25290 20176 18715 14938 4969 15629 10654 18567 21190 21245 21148 15984 15390 7593 20188 12698 10480 16185 10495 16898 17665
16100 14997 13854 19082 16102 17986 16095 22086 16046 11648 15630 19765 18318 5673 16907 14037 17441 13790 12503 16194 24755 9445 18439 21737 18201 16312
6308 15601 11122 14643 11279 14558 15491 16907 20987 10276 21245 5822 14592 17526 13042 6534 18637 16816 15065 27767 18079 8639 12972 19111 9747 9646
20156 15290 14804 22824 25378 28485 15647 18026 13316 15806 19918 25610 14957 20222 18021 20734 19071 16233 12871 18203 11417 14829 13114 14506 8625 9969
4291 11096 15597 18413 15902 15013 11943 17187 20900 33043 13378 19972 15688 23877 19512 15391 17988 19239 10051 29778 19473 11704 14377 21006 3947 13631
5642 7477 13061 13738 20798 16659 14353 16272 14599 25132 18398 9302 18185 14679 14653 19383 16245 9686 10962 23022 10906 13602 17100 13276 14416 9950
0 11318 16348 26490 10415 25395 22201 21934 4670 16622 23712 8156 15704 22375 10138 28415 14921 14473 4926 13365 15925 4699 15357 20823 15713 15472
26489 8490 14543 16738 14662 13107 18215 20734 15807 9636 18335 14642 13695 19213 21417 15196 12125 12095 10742 20692 18182 15802 12318 18373 13806 9424
14039 9372 16137 16286 16816 20553 16218 15688 13194 31176 11485 22506 18621 21076 22889 19875 15776 15292 13464 16541 15900 12746 16200 18696 10415 16723
2036 14042 13671 16687 15847 8366 15447 23316 9218 22515 19301 9975 15263 25867 7851 15088 16310 17271 12535 28302 36281 7591 7690 16323 12142 17652
4533 16075 13261 16333 22078 12794 20470 24345 16526 27029 22691 18940 18885 12727 9445 17650 17142 8949 11433 27672 25520 10241 11148 16399 22876 15567
16944 16664 14339 12175 25273 21304 19626 20173 16881 22778 22545 6566 13607 23930 14470 18436 15506 16110 9854 20733 23231 8012 13441 8257 19127 16831
13443 3442 13701 23130 22434 11214 19314 18679 19802 2201 20619 25393 13224 25087 19988 19616 12727 13865 12136 22521 17356 10108 16099 4456 17048 14810
4931 9280 17792 18233 29688 12937 25417 26680 16980 22969 12024 4048 12327 27655 11580 19293 14463 15979 17220 12522 23671 10928 16705 14173 13831 13960
9645 8538 14469 23072 10022 12176 18321 12584 7100 26568 20965 16650 16008 26539 23653 23330 17713 17170 13542 20601 12840 9028 17853 15483 12210 7967
7971 9324 14963 18720 26779 16352 23211 19302 16156 27534 18964 15731 13043 12157 20637 16556 17376 7007 10794 22558 22518 7241 17624 32581 11627 8460
11399 10630 15014 16835 29836 16140 15421 15148 12057 18171 18509 19898 18697 20225 13820 23074 15515 9185 10355 12915 29591 4970 16351 12555 10530 11471
18553 11651 15759 20771 23717 11502 18592 19980 25414 25355 23840 17439 17619 18667 17513 28147 17659 21933 13972 9863 11004 10499 13828 17718 12863 17301
14005 7868 13588 13166 8146 11794 15301 18818 15333 15548 19792 29355 18267 31385 14978 13609 18518 9999 15328 25327 11506 7926 21178 10517 18072 12873
9146 21917 12663 14884 17824 15786 18195 22166 13702 29879 16091 5036 16694 25343 20470 20519 17046 16019 18249 26308 17538 12376 11865 43103 12007 8669
7410 14116 14300 20213 20307 16221 17761 21923 19079 32916 16484 13427 18399 18234 11306 20037 15273 13010 7722 22223 3366 10882 9743 25356 12901 21256
15691 11220 15019 17215 1708 7331 16060 21657 4179 18494 21453 11619 16021 9426 7861 19186 16383 1632 11166 14548 16715 15864 15439 26266 6586 14783
6169 9181 13762 17783 20845 19744 15210 18384 14824 23264 19480 13156 19485 5632 17569 22009 16938 15880 18442 6705 16682 10061 16919 27022 12270 11228
12727 5688 19179 27095 18445 16812 15530 18410 1740 4110 20346 2205 15487 25847 17969 15196 17655 13579 14821 18650 17551 14702 11564 24462 14291 12077
14939 5068 15008 13954 14570 22036 24015 17776 20360 16721 22675 18125 20642 21546 22435 16138 18820 12048 9549 21203 17464 13131 20300 6025 10067 14009
4533 17403 14227 20943 24235 15730 20710 27984 17480 15352 12925 8924 16790 19087 19258 8801 17878 18077 15270 11257 23560 9294 9411 957 11383 15434
4530 6999 15641 17368 17329 15464 18886 13672 14824 22097 18903 20074 16386 26346 6659 13873 17558 9510 8046 10980 6854 11168 14398 16185 19416 11572
15640 13199 11792 15295 25970 21981 19509 20447 0 17802 14984 27102 16354 27464 22550 19292 17371 15571 7360 9810 14065 6990 18760 14805 20865 13204
20227 10219 17424 15203 19759 17486 21603 17560 23158 14597 18984 19123 14784 16271 24500 16713 17033 11743 9346 21619 19943 12331 15631 15121 13832 12954
17722 10522 15284 16751 12967 19549 19686 17262 3939 10468 12599 11107 18567 8153 18080 11327 14645 11128 11670 14143 24945 10555 19349 13502 9053 11160
14350 10968 12179 21074 14099 24935 16989 20882 14193 20206 20369 11044 13783 5623 13657 12889 16347 13272 14564 34061 24251 10720 13463 30551 19200 9660
4129 6283 10056 18794 16448 18574 24668 16526 12779 17110 21682 20403 15771 15032 20434 24849 16177 7866 13455 16816 19532 8922 11337 30733 11502 11461
22405 19403 14478 15899 19432 25852 17481 18747 11930 14049 19886 18046 17345 16334 12134 19192 16635 9887 9266 30694 17973 11208 11576 18193 7675 13674
13158 12859 13043 20462 11648 13470 19151 17722 11454 30872 25395 14773 18847 19475 23162 23713 17993 24024 7626 26174 16387 5130 15433 13730 16388 14079
20120 22249 15317 18815 25649 26527 17814 21955 10272 6438 19172 5731 17854 23951 15606 18029 14936 17712 8974 21015 18048 8123 12976 18789 17360 12120
5630 20599 18193 15810 15383 13000 21372 20146 12699 716 24388 14784 18484 29549 5701 24901 14794 19292 15145 20180 22931 11649 20380 30674 10809 15385
28922 12627 14554 15902 13892 30052 19926 22374 8080 10491 15028 16439 18209 13105 15862 22892 15658 15211 15582 10593 22336 17003 13885 11124 16841 15489
10801 8047 16399 16936 13060 18525 20412 15735 4641 22718 19688 17253 12184 27478 16144 30310 12569 19231 18631 32502 20813 8047 11198 17163 11948 15180
16419 20253 16509 21224 21214 15491 20999 19656 17612 15061 13971 14782 19693 16593 22894 11710 18418 4971 13532 10505 14986 6628 13592 9672 15651 19526
14480 12335 15488 19089 23734 26782 21065 22149 16491 7904 19613 15946 13306 3327 18649 24686 16332 15602 18277 24356 19550 10545 17443 22050 21612 14691
15469 9347 17299 14976 23521 9130 18907 11060 20392 25305 18180 7613 15712 23739 12894 17832 15218 11853 12707 17717 19641 9227 15915 23906 16653 15491
25070 10450 13164 18999 13072 21810 20678 16425 6875 26537 22927 16037 19661 18939 15216 23611 14622 18004 11104 25212 15479 11770 12975 9095 14465 11138
8046 13928 14281 15252 12030 17543 20392 21309 6258 0 20154 10967 12742 23948 12301 26864 18753 10952 6789 18674 16230 12401 19446 6427 16248 11058
9550 10285 12781 27209 19179 22203 16054 15077 5032 12922 15259 10586 14773 13309 18138 16033 15110 13600 15057 22515 16928 11420 17786 15392 13223 9232
0 8112 16044 16373 29392 7306 11500 17184 15363 14592 26947 15429 17591 15787 20851 36700 15583 9616 15312 12678 15035 8977 17133 18130 9426 11477
27893 15761 13000 16142 12615 29643 18423 14008 10171 39217 19004 11919 16070 9021 13949 15483 16266 14225 10095 15905 18675 8332 11852 15899 8670 13657
2308 15670 13004 23135 15978 17642 22150 15515 17341 7803 15772 20830 16533 14251 18011 22652 13736 11319 14406 20911 6320 10624 15111 30362 13273 10818
11228 18856 14937 18269 14632 27361 18964 21375 15909 5980 11962 21098 13438 20811 21320 9639 12889 16868 9591 16368 12151 9163 11117 14810 13102 9522
1269 14727 14036 21069 20899 20370 16799 19199 9290 5795 16529 21528 17052 9123 9191 22527 14104 15334 13053 16621 18288 10819 13623 13563 15008 11467
26840 17345 16664 15618 6966 11396 15149 20561 26082 18246 10738 9750 16969 16378 27195 12050 9526 11870 19430 23707 23264 6657 8885 17119 11748 11152
18801 13427 14304 16862 17167 26462 23306 16105 21606 25972 19762 16598 18579 8781 17882 18638 12974 16894 5299 26323 17653 7564 13294 15306 14881 12321
24681 18900 17477 18925 24821 12557 17638 16290 17957 20713 12212 13102 19811 3243 19341 12832 14046 9071 12757 14987 19152 14357 16292 18605 10653 13166
4151 12168 21276 19221 18691 15711 9799 16669 14962 29048 16267 15757 14902 16101 18358 22846 13431 10996 10581 29807 29850 8068 13044 18784 10585 11477
10453 10236 12727 21265 22726 24600 17583 18508 20605 33775 17322 7396 13934 25232 11630 27897 11736 16606 11122 28115 19478 11563 13890 22081 13002 11204
21418 14406 12452 17072 21742 20543 21257 18723 16651 15947 12021 12816 19191 18295 9720 17469 14734 13555 9454 16540 19042 7540 17111 20750 8313 11292
15674 13503 13286 17501 5452 12819 14004 19022 2769 13970 16408 21257 14699 13747 12459 14681 15340 13183 15863 11061 15756 5372 13042 0 9556 17558
28653 15110 16074 16481 25919 20991 11908 18015 15099 18066 24471 15429 18107 25207 12597 30092 16246 8964 10118 7045 21337 10257 12985 23965 14981 13217
13093 10777 15892 23388 15165 15441 19905 16720 21018 17126 21437 15554 13401 17013 17097 16299 17053 11724 6397 20129 23039 3385 10913 14555 14701 7641
0 11437 15050 16238 14725 14068 14820 15259 12753 21430 21501 16656 16510 14635 13792 13806 13935 14839 14083 12140 15729 5223 12744 18547 16960 9328
15417 13895 18112 10922 12709 14109 18447 20427 7081 12672 21394 10748 14744 18362 11657 14082 11060 18329 9020 21593 23125 12166 16972 7943 17346 12587
22394 14554 14412 19364 17719 19719 16263 14744 12451 9865 20198 12686 14209 26876 22485 27765 14528 12779 19097 24188 18965 3526 12544 14091 15545 13648
7174 17564 16753 14573 16834 19642 16089 19185 11543 31854 13403 21905 16245 23788 12945 14513 16371 11473 13618 31025 23041 10548 17297 20957 8597 12440
4322 16401 15257 16669 19341 13120 13299 24385 9118 31488 18297 19691 13948 25518 17574 21579 18209 6094 15293 7161 15196 11486 21063 18478 18142 12735
10734 18786 11930 19776 17571 21174 21814 19369 22086 0 21755 19509 15127 24338 16035 24300 13505 12563 12805 18887 15199 7942 16672 28288 13547 12189
6672 25317 17246 19040 33136 11283 22428 22426 6493 21244 16023 26937 15194 14462 13401 26725 17852 14222 12129 20453 11278 10997 15325 3575 14231 14324
10856 8992 17779 15691 18300 21569 20071 12344 9898 22055 20370 23068 17333 21005 20947 15524 13946 5163 9521 18273 7389 8926 13570 22672 14726 14443
16315 14537 16804 11270 22763 18101 21999 20799 10402 17312 21063 18543 18229 31027 24112 19333 15303 13499 10474 17332 27487 15869 17520 21520 11567 15771
17308 12432 13607 22656 9094 14521 22246 15763 16607 14814 16785 19983 13321 29794 23469 23414 13833 16781 20647 17096 24351 14529 11584 20792 15481 12680
459 15911 11615 17255 16034 19728 20008 16977 19169 25410 22069 24637 14695 26678 20353 21381 15933 5897 12630 22196 18343 13249 11599 19193 15314 8660
0 12182 14779 15432 13253 18468 16653 16261 12766 16461 19728 7529 13030 17619 20256 25529 16963 12591 12559 16092 18222 4241 14335 24712 13415 11257
28759 10608 16615 23798 8973 17417 19668 22212 11627 11241 16002 0 12795 15121 13090 18809 16374 16322 11343 28274 18411 12159 19092 19864 14889 14837
30751 4502 14452 13838 15924 16992 15589 21834 17020 31473 18945 12774 18847 20993 8893 10841 17411 11500 6324 18497 13683 12778 12806 15535 11813 12975
14367 20478 12428 10726 21433 9115 14365 20585 24597 15838 10182 19441 14149 11315 14539 27898 16671 17992 5957 26415 10830 11105 16667 5615 13014 17946
6525 29602 12396 22078 11830 33308 16850 13771 0 18323 14654 19421 15629 16340 26895 28203 12083 16630 10200 21980 1745 3732 17139 12858 14622 14088
13632 298 13534 16318 18540 18236 17603 21869 12045 26932 26562 12924 15815 17240 15963 13479 17227 6401 10758 26159 23445 12412 14371 11113 19553 11404
0 13857 14760 22677 21130 21383 20601 20555 28634 21157 25774 21428 16274 35751 13000 26454 8335 10385 7397 24104 20758 11325 13845 24740 9766 14839
1044 25845 16695 15404 6898 13359 23220 16777 23930 21288 9957 14344 15563 8129 15665 22311 13405 3948 10740 28343 22343 8655 12394 20902 16148 13604
24445 15454 14789 16990 18757 20903 15465 22017 0 17892 13620 17953 14685 20704 12212 22959 18812 12166 11566 21019 19103 9561 13009 4485 9773 16037
11337 16388 13248 25857 15492 22954 19205 17534 4752 5346 19073 10079 14467 14936 15565 18452 15678 19981 6183 23781 20506 10331 14339 13335 13867 9495
23904 16708 14312 18407 25434 14117 17539 16614 3086 10627 20544 15629 13751 21485 13195 14461 15194 16848 8231 19089 17293 8018 10336 15944 9980 17789
14130 18689 14442 20027 26594 17953 16851 17910 509 0 19101 15043 19132 13920 14956 25573 19996 16216 9799 20296 16386 9238 4908 18164 9119 14194
0 17375 12067 14020 13736 19745 16414 20767 15298 20084 20955 13143 13100 23446 17940 26715 17639 6706 14690 25968 12479 13232 20231 23086 11420 12735
310 17045 13088 20823 19267 878 21753 18003 19361 14986 21228 19447 13430 23862 18497 20596 17090 16383 12691 19432 12092 12749 9873 24821 15410 16294
24015 18686 13857 13300 11710 22360 15784 21365 7203 19265 15411 22181 15711 19603 17385 17127 12716 17557 15837 14600 16405 9647 11731 15504 18409 9839
0 20525 15242 17937 14763 24278 20684 16277 7377 10980 16524 14009 13460 13715 13607 12168 13234 15474 8525 35539 22003 9692 14374 22057 16838 8436
28586 14997 14895 11775 18282 4193 18181 15586 10031 14506 13368 18398 13592 24331 10568 11396 12584 11526 10976 20422 20540 11710 13409 7929 8957 11348
14473 11587 16336 19124 21756 18223 15655 15208 17571 9140 21822 13987 17566 29646 12573 20767 16994 6735 17128 8137 15506 6267 16544 26896 18901 10374
7577 15414 15661 17682 15178 16922 17739 18510 17584 12889 18255 17092 16344 27271 15444 37072 14590 15655 12207 26537 13032 6219 15192 28801 18031 15889
20795 17226 11540 18700 12719 12203 21360 14126 4380 19032 18552 22445 19433 25883 17384 20226 11249 11064 10945 26044 20447 7989 10112 15380 15065 17547
26431 12133 16370 20655 18215 26470 20452 14514 13477 14132 27756 4848 15907 19487 17165 20181 13574 11029 9768 15849 22774 13169 13872 20002 17095 16539
5859 17272 17928 22771 15320 29193 12758 23004 13617 17709 21701 28206 18507 16506 12597 19140 12530 8604 11551 16196 18418 6952 18574 9833 10306 12000
11901 7596 16921 18841 21101 17555 17607 21166 3821 0 15669 23711 13851 10202 14409 9562 15651 14402 14120 33351 23361 11331 16539 17385 17232 14983
24348 6781 12537 20717 19027 24228 22271 17439 7156 21388 23902 16224 17604 19905 21236 16491 13256 2278 4102 24171 32477 10594 14592 16058 15398 17984
23985 19311 14122 19701 21295 24718 15860 16259 19936 24607 21752 2695 14250 22139 10371 24935 18887 14405 8807 11550 16939 13590 16241 7028 21523 11400
15940 4212 17048 14099 33661 20285 20228 13475 18777 13066 21324 25005 20974 18092 18773 19729 17186 14248 8469 21671 27993 10346 15746 15555 9122 16450
14052 19064 15643 16451 16689 6195 24061 14125 4892 14895 19302 17689 16631 17361 12848 21146 15505 11710 9469 17354 12581 9338 15060 10031 12777 11892
10114 11509 12632 15453 17228 13314 14300 19827 4594 19816 9916 16434 13845 15311 22015 23120 15267 17085 11783 21643 14818 10228 14741 3062 14779 15662
6793 1229 13775 17422 3119 17071 22290 15648 12230 13717 23932 18154 15110 13035 18924 27487 13982 14698 17129 20297 22879 8496 14939 18082 13734 13050
14347 11633 16146 15979 6299 10009 16281 18347 1859 19648 19844 8257 19724 25768 17455 30373 19134 12537 13715 19582 15994 9599 15384 15503 21878 7839
11782 4755 13697 10202 17528 12817 14019 14858 12936 6524 19589 10740 14037 26115 14499 17114 12447 16271 12516 17023 23617 11143 10684 19203 13337 7151
5420 12626 12836 19709 16549 22696 23023 20691 0 31440 24277 12667 14468 19089 22101 15193 11786 17925 8083 32203 15983 10609 16122 3719 11133 10378
1451 10991 13123 15185 13359 23263 18522 21642 420 24404 23146 15226 17003 26495 22198 27402 20350 18369 13316 17686 17008 8672 11219 21807 14283 13530
7704 6880 13373 17211 20711 10622 17020 14608 15288 17283 14418 16067 20190 14751 25832 24679 19244 9175 10252 11404 22023 7712 14284 9742 11871 12674
19685 15607 14117 23485 14698 13871 17462 21178 24939 16590 19815 14169 18648 22749 17651 13996 15351 19138 10250 27498 13447 9646 9321 23336 11981 13900
18851 14467 14429 15492 17480 22681 19715 16498 9239 10590 19042 25086 17989 22260 13727 13726 13053 14802 12046 26046 16851 7758 17076 8908 10750 7841
19613 5934 15435 17116 5864 15085 19539 18900 24983 24161 13636 18106 12674 23037 10130 15952 18078 16977 8164 6416 20555 8529 12540 21876 17105 9590
2501 17151 11297 19893 17283 12423 16606 17807 13820 7565 14743 22484 12220 14739 15038 13929 17753 13255 8958 5882 15433 8003 12530 13834 19099 18877
11581 14978 16451 14347 3994 10967 18599 22519 10514 11985 20624 18962 13085 22005 23491 25011 16458 17324 16438 22366 23084 12455 17390 1527 11631 9491
9592 5830 12597 17243 20072 17370 19010 16111 15767 16676 21351 13741 10450 23641 8560 28361 12639 13297 15987 12072 22789 10888 17817 13191 12659 8631
11772 16666 15365 10852 4233 24917 17013 20353 18614 35798 18563 17021 15395 17491 18879 17236 18565 7608 9256 27874 17613 11826 8306 3389 19659 1782
19863 22415 14692 16355 9424 15670 20003 15732 18704 28847 16156 0 17011 12154 8076 21949 17395 9107 13763 20676 24732 7695 16690 7209 11763 14553
14806 17170 15687 14453 14364 11436 17101 15760 17654 24972 14962 25921 16235 22457 20631 23116 21309 13290 16001 14163 8163 11136 18103 4802 0 16526
10611 12615 14938 19981 27292 15238 15682 24160 10682 11569 16368 11830 16730 21441 13733 23592 15818 9024 1150 15337 17172 11632 17013 19747 11007 14399
26862 9569 13836 18283 13960 29731 19973 15565 6399 12139 16700 11536 13587 20245 15824 20682 12700 12706 9871 29142 11800 10706 13483 25068 16478 11834
11871 18492 17046 19105 17911 23343 21792 19854 9738 19346 11837 27253 12663 30501 15764 19086 14596 10110 12834 17077 14318 13872 16002 14229 14704 13462
5190 8071 15253 14668 25785 22745 19123 18903 24103 14997 25104 17839 16434 24389 13835 6396 15498 14466 2206 26228 19595 9404 19049 25515 17706 15347
1839 18512 10576 17674 17473 12408 17676 19498 15573 21404 19101 14488 15383 29084 18265 18336 18204 4869 14244 15071 24087 8089 15915 27479 21026 14535
19455 15758 14914 23899 25173 14495 9989 16552 6602 13414 10104 15358 16947 26274 22157 16285 14805 8653 3153 24905 18282 10787 11114 3533 10475 11731
480 20544 14112 16353 17799 21352 14539 18719 6550 10102 18089 19945 14002 10229 19543 31345 16621 17261 7361 14003 18242 6558 13112 26246 19903 15295
9173 14409 12437 15712 18238 10518 14061 18069 10050 16153 16178 7398 13313 10843 17240 21212 19187 11774 8715 22799 20213 11680 14791 13745 18278 12896
6806 10211 14616 16833 23436 27780 19165 27417 7948 18361 18061 19061 16634 17571 14616 17053 9834 20114 9443 19454 17993 11866 12425 23571 18248 15475
6662 21735 8473 14622 14066 24086 19062 15413 12010 26513 14615 18076 18332 31911 9650 28127 20029 15600 14772 24168 15108 11338 15927 30206 14279 16252
16782 11845 14780 16243 15345 27118 10891 19227 4445 16436 19077 241 13995 25855 13881 17087 18010 14061 18309 20068 22614 9196 13672 23110 9712 8552
12970 12338 14895 14897 26231 12287 14298 17096 10485 12948 22594 8659 13790 1128 12497 14876 16410 8704 11499 31577 12920 8427 15159 30253 16405 12958
11378 10506 15047 19034 29271 13908 12031 13520 7937 16554 13312 22609 16725 18872 12770 14826 15373 16354 3737 18084 13002 10910 12571 17569 15483 8261
21382 9963 12264 20276 16374 16121 16841 18704 16617 10163 16622 30720 16984 23721 15963 21159 19740 8782 11202 24719 11546 13331 16910 24917 13369 8342
13176 17582 16827 18676 18502 18709 18908 16622 605 1177 22725 22073 14846 23225 10991 12092 17560 9832 6918 18465 17824 15204 17001 21035 14441 12159
11088 4913 13349 23002 23133 12347 20377 20155 17484 11000 21894 16358 16306 17154 10427 18390 18990 10305 7119 34991 21100 12794 15355 15529 18620 16281
11364 6611 13030 25343 18553 19286 21907 18954 16913 13748 16399 24149 19353 23901 10722 25696 19587 19396 10036 27467 22377 10456 10256 29215 7884 10546
14135 8079 12996 16000 21602 9744 17788 25149 15397 403 24755 20350 16640 20425 15307 16731 16386 12088 5942 4935 19209 12137 18277 26391 16706 11177
23954 12641 13798 12698 23854 17570 21857 15600 16079 9781 20908 13045 13083 16602 7504 12162 15688 13736 6262 17868 18776 12798 11479 13365 15503 9011
30551 16330 12514 15214 16728 24531 20216 14876 17420 20575 17115 21422 14169 23692 9615 21714 18974 8589 10926 14419 20596 7436 19366 14829 12148 16709
24929 16577 11784 20909 21163 12270 18845 17805 19467 19953 21165 17947 15824 28222 16077 19248 13553 10618 15601 13530 18567 14196 19819 10448 11843 12130
26042 19980 14734 18591 14982 19884 12860 16055 19052 5989 19479 5034 13058 21854 19487 28837 19425 10506 9095 19904 18208 11353 18589 18991 10616 13835
10887 13934 12041 21720 7422 18295 17174 16557 27208 5891 22936 26500 12010 11091 17466 15556 20902 12661 12664 19723 26427 9069 15322 25303 12574 17346
7394 22917 15404 16231 14295 13032 21619 16340 6529 16249 19131 11977 14709 18267 14379 18933 14897 13932 10570 20912 21739 9227 10484 19546 12902 14192
7519 17451 15724 20450 6969 17647 21605 15609 17049 10818 15159 11508 15279 25497 19115 18212 13026 13665 18338 20206 22391 5363 14008 29816 9264 16354
15840 18755 11723 19413 13726 26749 13989 13963 6022 26299 21399 10045 18332 24128 13188 20542 16645 8905 15839 16237 16574 7321 11966 19872 8132 17659
8528 10781 12353 13494 26680 17633 24505 14241 12003 20413 21652 8756 14571 24973 14898 19370 17018 16191 19178 23265 23835 8612 11694 5836 20042 13918
1852 3939 15592 17570 22084 15747 14971 22288 10498 40770 14971 27929 17250 15587 15228 26407 11241 15852 12441 26417 23384 14591 15549 28977 12604 14852
12711 9103 15283 18160 16856 9055 19142 19976 21954 21696 23350 27431 16619 29027 17021 19193 16687 12019 11335 25652 27795 11993 12661 18946 13497 11436
23159 4721 14299 16625 17405 14757 19051 17991 2676 13223 21016 12437 13518 17065 15731 20786 17263 13793 12743 22807 19271 14283 12395 2175 13995 15036
17436 14157 14965 20429 26307 12635 20945 16057 20710 13673 18855 8191 18525 19133 11420 11602 14790 19861 10606 18648 12714 10340 15085 11502 13761 7652
1980 13000 18655 15695 16678 13248 15710 20564 11976 19550 20127 10855 15091 16693 16079 23103 15097 11498 19741 10635 16378 8934 15221 18158 12295 17637
0 11965 14040 19843 15574 26465 18831 18330 7305 31591 17957 15695 21729 15071 14957 12997 18732 9266 11507 17917 15833 14392 9157 12402 17354 13429
7938 14022 16384 15758 17393 21893 20509 19531 6985 16710 20924 23843 17775 21443 16465 14517 13971 10724 9903 19796 12351 10937 13877 22768 12443 14394
24155 19949 14233 20056 18757 17793 18930 15402 16591 31765 19258 11379 16537 11696 20916 21701 14473 11034 17598 18521 13934 5677 22627 16489 12883 12381
13134 12642 12525 13903 20671 16595 20511 23362 11444 15244 16783 13745 15299 3633 17795 23532 14444 11714 10728 12783 24425 10674 10570 16670 9598 15110
13886 15271 14543 12607 16618 28641 19561 22547 5240 14032 14295 17120 17382 28317 13791 21687 14863 12631 18654 21522 20993 10019 9909 23877 11240 13771
8116 14491 14755 16636 15725 21475 21281 19833 14629 18463 22427 19308 16303 27245 14185 15453 17565 21738 9571 8430 17750 4704 13674 11042 13769 14106
4123 17132 14325 10763 21801 20513 18215 19715 6428 31350 18500 16215 18949 20602 19065 21778 12611 11510 14714 24408 11336 14166 16424 16033 13850 18306
21403 16728 11540 22361 21721 18541 22576 14008 8660 12789 22641 13461 16276 23397 15811 16964 16088 20257 0 24578 22705 9683 14592 17384 17063 12175
11237 11349 12466 18400 13353 15816 17848 23057 14837 0 17010 18544 15400 20463 13653 20563 17630 12265 18412 24406 26427 8302 12909 8607 13177 13999
10376 13296 14706 20038 6624 21195 20785 23107 19964 17951 20577 11977 17056 6214 19048 18740 17381 18971 10155 15581 7636 13236 12996 17433 13935 12651
26468 12310 15590 15602 11721 10873 18379 22238 18873 21441 18584 21749 15465 12686 20521 7085 20551 16379 12341 24685 22395 2482 10949 29144 10278 16115
28428 20042 13429 16267 16399 24341 16022 23025 15126 23109 21285 13656 19419 14053 13592 18185 13499 10283 14161 13845 20595 8297 13011 12943 9200 15289
8447 17172 20832 16759 13385 12749 19461 28498 15270 3180 18058 10355 14654 23394 13554 26298 13128 14360 13370 18212 11433 5728 14144 23589 16949 17203
1447 17259 13803 18635 23805 17037 23772 21403 20465 7620 20080 22443 14535 21070 11110 16934 17635 11625 13570 32411 18474 3177 14282 23160 9993 10330
19004 14019 16570 14139 15519 22977 14208 16600 15465 23070 22203 12131 17184 29216 6012 17567 17039 5359 9308 13184 15327 9416 9916 11265 14287 14624
25746 16766 18067 17797 17568 20456 20043 15716 5401 16133 13362 2346 18015 18589 16033 20819 13781 5902 14331 14993 16548 4070 11469 19620 16418 11174
8677 19778 17111 18790 16806 16191 15248 16336 19535 11945 13923 19066 17293 5522 22244 11967 18638 11734 16527 23003 15567 13479 13105 17923 10890 17071
16071 20156 15012 12863 11536 28077 17004 19005 0 9514 17085 11211 18972 19436 15491 32887 12032 15100 5922 26836 5946 7565 15506 17309 17277 13520
25115 14019 13116 12059 20607 22618 21581 16422 20237 19541 20572 23570 12350 29827 15722 19765 12686 9509 12680 16896 26807 10997 13719 818 16998 10599
12704 14307 17858 19122 18865 19699 17837 23797 16490 20103 25007 12610 20525 15926 12284 17945 16377 11564 10263 21628 15529 12596 18805 27397 6101 12699
6758 10547 14313 19589 21457 14310 14397 25770 10154 12151 23413 18087 14720 22674 25434 26127 14118 11572 7601 28701 17859 7491 10387 18768 17514 13379
16920 14075 12871 12942 19976 11269 10986 19234 14930 27366 18706 16308 16309 21590 16180 20359 19030 15557 14092 21371 27462 13902 12861 22883 10711 13864
20526 9376 12915 17761 23447 5835 16502 23299 7538 26552 18263 27510 15169 28338 9833 28049 15536 8208 6348 23884 11807 8843 11220 27806 9926 15852
12975 23959 15013 18099 19719 18832 16498 16461 13557 3911 21236 6358 13475 22388 19746 22478 17699 17117 13144 12219 26145 11728 10005 23713 7953 19147
19035 16415 13053 19669 7155 25258 10926 24951 13141 25766 16805 15664 16377 22525 12426 16275 11973 15147 6764 22205 13625 7554 15881 29701 17271 11746
28361 15763 13784 8666 21103 15210 15673 16000 3354 9792 17098 25767 13823 17346 12687 24399 15578 18732 9360 11647 8800 7869 16000 17503 13401 9606
15322 5227 15599 19510 12866 7289 15379 21635 8048 10303 17044 15878 16697 8750 18214 23026 10189 11753 5626 31118 23654 12940 11018 21594 18054 11745
15319 22383 10728 15375 16759 31018 12175 15170 14282 12827 16020 20000 13069 21677 7693 15473 17173 14238 10288 15915 10317 9707 14746 7278 15385 15099
18253 19132 14067 16857 17674 34082 21742 13912 20917 20209 13144 16876 11312 16505 16666 18724 18119 12303 20407 12126 23558 6609 13940 18423 7961 13184
11682 14852 16816 15108 23136 19900 16263 16984 16247 28271 19445 14913 14613 12407 19322 22391 13332 15788 8496 13007 22578 15476 13647 21753 16272 13653
25952 20253 12588 18204 25423 19085 18803 19384 18879 16551 14838 17511 14154 9346 14525 23525 15230 7783 14121 21731 21302 13996 13676 10973 13908 10498
20972 8259 14590 21096 11577 14857 19105 17725 16303 30749 18704 16247 19211 37650 19381 19495 18632 13297 12835 10198 20632 13750 14928 28795 19775 10234
6132 9763 18225 16248 27316 15457 13441 23401 7213 8946 23807 16724 14646 21131 10204 17978 15716 15800 6474 25599 21755 8746 14787 13664 12148 12453
22475 11367 16809 21225 30116 17180 23238 17585 13276 21501 19833 2346 14456 22700 17224 15122 19637 16978 6741 26055 18150 9521 16136 12079 14107 14445
2288 15989 13546 11567 15039 21308 20615 25117 11206 23092 17305 9163 16545 31056 9881 13965 13659 14979 11275 21538 21208 9474 14175 22195 23804 13117
17056 9387 15409 14506 10741 10683 18282 19302 4507 8982 15578 4734 14692 24361 15057 13983 13896 18030 1500 20201 18995 12984 12089 22660 11970 12505
28627 17236 11831 14949 14257 21584 20455 19900 17072 19868 13658 15446 13890 18730 14680 18504 15368 17967 10173 24242 17480 10997 13250 36884 14581 6441
22552 13557 15923 17493 8191 16881 17754 22177 19380 16328 17982 19317 16788 32604 12129 26589 15033 14183 19073 21427 15551 5027 11817 30408 11632 14665
8268 27689 15160 15897 17150 18314 22482 13443 16460 14208 14100 12105 11126 32599 8026 16738 13446 16661 15532 16170 25471 14388 14853 20413 22302 11528
12700 11668 16751 19058 18430 28386 15228 15286 8597 23245 13718 21676 18651 11329 6783 19800 15701 10445 3799 19307 12730 14185 11751 20787 11228 10309
10194 8924 14924 21264 13996 18519 20821 18034 0 19659 20536 21581 13278 15063 9309 12252 13868 15557 14729 14584 21861 14903 13854 17629 18425 13104
0 12251 12095 18440 11867 18350 13490 21811 13168 17761 19462 17203 14484 18946 13454 8421 15140 6418 7068 22443 26217 4915 10849 21181 12069 8485
3715 18680 15112 15983 9758 16112 15005 19907 12636 22947 23700 14400 17460 23083 12731 18242 17741 9195 15712 21989 10533 11751 16661 29821 11455 13630
13628 9239 12499 18821 22863 7632 17579 19943 12534 15822 26017 15293 17947 12322 16755 16427 15976 9158 1309 15401 12278 8975 11721 16440 16108 10043
10240 19217 17379 13662 22649 20169 22340 22513 16501 18214 20737 26397 15763 13553 20346 23019 15732 13367 3633 22625 18830 10709 13796 12726 11288 13062
8290 15748 14397 14420 24814 10385 17344 19088 10281 31506 18707 30951 16515 14966 11393 10850 16874 9537 10828 27535 19157 6780 17864 12026 11729 19436
22186 13313 17116 20793 19292 18495 19234 21340 11336 0 19052 6467 14060 26326 15766 21202 18564 10449 5096 2830 21880 8651 21918 15761 7042 14623
6681 18078 14531 14373 19460 23084 21452 20320 12486 15890 19028 22779 21122 20949 10394 19638 15416 7920 9911 17323 17392 10163 16761 15964 14562 14236
18826 12317 14159 20424 19965 13350 18412 23002 23935 8208 20072 12732 20710 15500 16775 26537 11766 9925 11151 28817 11464 11808 15947 20651 12682 22332
20125 22614 15531 14901 26689 21523 23349 18865 21884 25243 17528 23561 18586 18421 13581 26601 11231 14756 9648 11738 17815 6116 13444 21211 16105 15616
13334 10299 12046 13551 13219 14951 18342 16780 21513 24996 19031 18974 16414 19669 11931 20702 15711 11573 10630 28729 30804 5862 13004 18373 11222 11833
24914 18185 12326 21221 22736 18121 15167 18729 10430 27605 23341 26023 17402 24023 11421 32929 16831 14871 13659 17511 17762 8916 12671 15573 9117 15965
9955 18419 15819 19733 26506 19302 18535 19598 0 15065 11479 4889 12603 24285 15042 16189 14296 14949 11168 28791 23359 15073 11660 20902 18812 14721
16612 9720 14939 18948 27815 18356 18147 19631 25608 21292 18668 11841 10723 25819 8191 18660 14937 7100 8282 21499 13578 9369 14172 22089 15380 10598
2982 16179 16554 20326 20407 22701 19190 16509 33178 21049 17844 6747 14852 7354 19650 24585 14303 7323 13345 20802 20637 7278 13556 8949 17420 12612
10993 17427 13368 17571 20409 23629 17695 17814 26259 15581 18644 13118 13135 17398 16304 22234 15138 8784 11297 23213 22280 6969 16163 31983 11553 17467
13923 22161 15843 22592 15286 14290 24989 15517 21478 24205 12800 17012 16670 21753 4789 22317 15456 7297 12660 19085 16687 11668 10976 19978 15251 6762
18470 27100 13385 12101 16810 25273 17748 14283 8610 15361 15701 8555 17893 20777 9907 26151 16859 11349 9966 19651 26522 8399 16040 7071 22946 12287
22020 4430 16989 19525 8608 22333 19737 17020 9619 24490 19228 14820 16194 17790 21915 21024 13722 18813 14665 19007 28552 9490 7661 25140 10369 12345
2150 12052 14958 15742 16002 13124 14437 19704 8299 23157 19041 5692 18854 22810 21234 18509 15743 7154 12374 16279 18399 8854 15879 19769 11287 15469
8830 19085 14072 15004 17521 11777 16573 17303 6844 11450 21382 18272 15563 18062 13973 22940 17662 18259 9300 21049 7995 10716 11135 12256 7645 17573
561 17075 11831 15443 15294 13070 17047 21059 15017 11112 14139 7300 16655 9473 10046 10699 17946 16030 17134 13123 12465 10632 14147 11319 11768 13293
8716 11789 16073 22899 21248 17395 23864 21951 14034 0 15596 14913 14944 14262 17756 24212 15907 12333 12118 23082 17929 9336 15433 14951 17121 14942
3521 17570 15117 12314 24213 11360 17625 13679 17020 24263 19172 5655 14877 18465 13645 16187 13644 12679 14556 14734 8817 15324 14662 27573 9996 17201
13242 10748 17829 14460 21165 27285 17938 21592 9228 28864 17870 12340 17148 26989 19971 24023 15785 16622 1497 22919 17695 7534 8633 19236 11784 10980
0 10374 18030 15563 31857 19113 19315 19680 17002 20078 16333 36873 17458 14528 11236 23551 14318 11476 7918 18537 7745 12996 12255 13207 10981 14667
533 10817 18228 18134 9270 19418 16079 14325 15984 12427 6288 13016 15097 9580 10674 19568 17698 13188 8048 12126 16109 13698 14488 16386 15337 17092
19363 11981 11793 14563 4169 15391 18466 18073 11702 37210 12274 23257 14365 20591 14148 23863 15255 15349 13006 17932 20821 9625 16702 21757 6205 15419
15676 22227 12307 8622 1901 24570 17559 19301 9259 15688 18831 0 16260 14093 19968 19715 15398 10385 16078 17011 13757 9404 11346 29964 18975 15931
5931 8341 17396 17151 17098 16087 19680 20239 17811 12406 15236 15832 16262 20025 15630 31125 14560 8783 13810 22510 16775 14399 15635 8935 14091 11842
14842 16067 15532 16622 16177 12109 20590 22741 7334 11207 12680 18012 16100 20659 11874 19885 17197 9639 14091 18438 18139 13407 14337 26786 10127 8703
11378 18291 15304 14034 23883 20572 18794 18620 12198 13876 20910 28623 15497 8323 17093 23219 19683 13067 16384 25685 18403 2951 17882 19855 12383 16528
10446 14304 11900 15859 17558 12864 22323 22140 15994 30931 14083 8684 17362 25037 7525 18494 20193 14781 10060 9393 22557 9585 15716 16960 6119 11379
0 16011 14199 13363 23789 21238 11006 21475 5293 27969 14723 9546 11664 30705 17807 19852 17146 8968 10134 27548 17718 10034 15746 22384 8800 11400
9412 24290 11383 9290 19004 20976 19215 16809 18079 28997 19360 26120 14567 14473 16573 17882 18641 9563 15883 17047 7432 8270 17946 8819 11674 5869
7673 11080 11387 17329 9624 16473 16904 18731 7133 10805 16757 22030 16671 17955 15618 5283 14582 11588 7987 23062 22282 8709 14697 16948 13572 16360
21422 8146 14636 16404 22502 7756 17260 14732 12156 11262 17146 4744 14204 16363 9321 26238 16290 12849 18720 14973 22400 11941 16192 23498 17214 8842
7345 10932 12902 12864 16815 14754 14045 16278 12465 16164 19684 13132 16833 25276 14577 20598 16515 21359 7157 35624 17610 15389 10805 32680 14174 13796
3318 10056 14912 10696 20322 22280 23660 19652 21344 0 8830 4897 12153 19246 10341 13242 15751 16208 7626 11037 18172 15165 12649 17706 9299 15421
4617 13592 14953 19804 10155 16806 26267 15841 10736 10470 17951 14975 17297 28072 13079 11382 19558 10340 11884 24482 19990 13886 11380 15972 10707 8492
3083 17811 19030 14584 7373 25804 20433 18577 7906 12291 18982 24870 19265 26877 18758 17724 15679 13169 8765 26222 21501 10888 12965 7833 11583 15148
0 10461 18549 10190 23680 12942 20218 16295 15738 31254 24090 6874 13537 20852 13326 25419 14169 16018 10023 29970 15364 8384 13832 7005 15041 12407
9405 16061 13415 16797 9875 12558 15048 22226 10313 13369 19566 9841 13190 9722 23507 10796 17531 12839 9201 24627 26521 11561 13608 24822 5115 13054
10434 3628 13266 21036 24426 25854 19786 10504 17573 13369 21112 22259 14048 28083 15258 19109 14454 11493 16938 29270 18171 10204 15296 13850 16338 12370
34455 12917 14085 18138 8419 16254 16981 15970 11572 19577 16316 3876 14686 9986 17804 23616 16407 9942 11043 15414 23936 11544 17433 17040 11338 11721
19097 15462 15601 16968 23894 13828 24637 17546 8718 31619 20295 0 15193 15057 7836 17915 15718 5460 10239 11917 22941 14877 15341 10245 13935 13676
15947 16910 10486 13338 21116 16942 15663 21665 10527 15343 11357 14031 17737 17113 11838 19690 21982 19488 13284 15741 18051 10214 13683 21904 12983 11151
5602 21106 14316 16539 9526 7541 19332 18004 5899 15544 18000 24200 15815 21533 19844 10982 16405 13085 16374 23261 19764 8904 16086 3536 8571 12087
22486 11226 15259 17267 11544 23901 16630 12800 11449 4322 19689 13096 16417 21589 13409 18516 21026 14076 10856 13693 28349 10524 10917 20390 14534 16168
5674 11993 14916 23993 22211 21795 13224 17463 24398 20462 11165 19246 16142 27941 19788 28330 14880 13317 8066 17148 19056 6337 18263 13134 15988 11393
12075 12177 12837 16362 12990 11942 15101 20383 18534 15422 19194 14698 16807 16914 13833 22115 14450 9261 8762 13626 26904 10019 14882 21025 14346 13997
12155 20577 18985 8902 19890 11612 19470 16133 10442 11346 13706 31861 14030 23149 16048 16611 15927 17387 11798 24158 10089 13762 14774 18243 19046 7355
6712 11447 13622 19685 15772 16084 21098 15563 7080 14235 15120 0 16584 25436 16577 30966 17202 13095 11025 18454 16922 6407 10808 11980 17253 15453
1456 18764 14962 14052 10533 8869 16113 18100 8400 7452 18997 13322 16800 18683 18450 30017 16874 13357 15994 11283 13540 14311 17894 5810 17358 15756
20467 15192 14372 17912 14385 7497 12322 18950 2349 10621 23392 10369 13275 16284 9338 8251 17731 6618 9894 19099 24118 15285 16536 10910 19069 10188
27108 15959 13990 18351 19900 3360 16755 18052 6243 16512 21622 19910 13868 32494 13275 13439 18804 4380 11895 16902 12684 10170 15576 20245 12228 11318
12153 19070 14010 22744 20005 20184 19837 16612 16342 31298 19382 14541 14816 21727 14428 15483 12432 15960 9087 16228 15853 14087 12402 21209 16903 12692
19232 13811 15089 23648 5576 13735 15557 22548 10237 21321 12439 9182 16012 18295 23215 10846 14313 7541 13719 21246 5481 11888 9604 13592 19702 11700
4334 18621 11288 20070 18218 28176 19008 21173 6586 37168 20890 8857 19779 16032 17505 21631 17757 10658 12831 22878 22931 5376 18441 14489 12469 12368
12744 17094 16001 19185 17572 20722 16023 13415 10096 31645 21524 28584 16421 15687 24061 15298 13981 12633 9879 18778 23636 13830 17140 12861 11950 18612
22500 13794 14018 19781 19030 10025 21066 12104 259 2108 13908 15265 14581 19979 21200 20860 17623 10004 12615 10316 23817 10256 15641 17124 19936 10073
20554 16120 13446 15297 20401 16060 13130 12435 8456 24860 21898 13864 17654 16463 11115 26792 13095 11432 13974 13008 15351 9780 16928 9684 11001 8286
8214 21289 14672 15652 22998 22084 26028 14527 7306 16405 10037 19417 16724 19778 15315 25415 13253 16990 17673 20419 9636 13846 15680 4646 9139 9131
12577 5635 16115 17411 5837 20968 16468 16619 14446 27085 18034 10657 15756 26051 13440 18987 15929 16293 7095 17135 16872 9205 15746 18663 12084 13937
15510 15379 16295 12498 16626 20554 13140 21122 21338 4700 18612 18677 16017 8501 14047 17887 17702 13558 14037 19949 18120 10962 15357 10637 12541 13476
10667 11747 13977 18752 13851 11462 17512 20737 3301 23216 19384 15093 18635 21147 13987 11726 18174 16628 14868 24838 14937 12700 14336 5530 17237 13542
13261 11311 14931 20274 16315 13704 20699 14070 10884 22476 17260 22483 11962 20883 15666 22112 16568 10886 9713 7807 17855 13384 13806 11334 12900 13935
14105 20786 13274 20422 10754 11598 17371 17469 6336 13133 22403 26622 13113 19132 16622 19584 13815 13547 13853 17952 21382 8320 19485 34237 17281 16999
6579 8514 15731 22999 16336 22195 18765 12503 17016 20860 23156 23638 12043 10462 22075 14319 14238 6524 7804 13722 26238 10352 5636 21561 12185 11607
2325 15760 12506 20953 22299 8954 18808 15802 13102 17958 21818 11030 12139 17510 8753 16520 17023 16282 28642 24796 25013 11125 8790 20290 18057 7589
22042 13105 14462 21624 10721 11847 20615 14588 14157 11667 16469 18692 12016 26316 17071 16893 14525 9737 11602 23462 21451 10239 15773 16674 16754 19912
8624 16565 15541 22955 16109 21413 16700 14078 2217 1696 17753 7986 13251 16875 14006 23061 16413 3424 15208 28122 14381 6950 14783 33649 19093 13571
28742 17487 16594 16803 17739 27714 23390 19779 17996 6022 16641 8087 15854 24032 16421 19407 19024 13697 17385 19060 21833 6514 14059 19135 16476 13035
1886 8810 19063 10879 15752 14620 15338 22006 10616 19648 21385 11133 12340 16352 18396 21223 14801 11909 11129 23213 8926 6165 17771 22287 7420 19974
16498 6123 12625 16876 13046 18249 17707 16460 21243 12831 17455 21441 16515 23881 12871 10819 14399 12954 5758 20354 21102 9039 11159 21084 11354 14160
17761 17987 12211 23360 12027 10481 19228 18025 12205 5490 22937 0 13483 15826 18728 21524 14174 13246 9397 28007 19632 11842 14626 12747 16861 13819
973 9843 12615 21849 22388 15760 17387 18386 19908 9475 22604 18522 12936 7852 14060 11326 14529 9263 6534 28354 16391 5852 14231 14584 8451 12643
11163 18977 14621 16084 13119 18472 18474 14136 8329 11214 24695 10144 16680 11371 15092 19421 14109 9288 11790 30445 13919 1810 19212 22963 18079 6344
25775 11375 15426 18416 9232 12370 10176 20316 13823 15165 13608 11040 14606 17103 17413 18625 17231 18696 7835 16330 21744 7228 14995 1417 14549 14590
8749 7786 16066 16342 22530 10847 13143 16121 14422 16646 17648 20547 12464 11538 10509 9569 15420 15012 14033 22964 18234 9802 11942 12410 9114 8689
15774 11157 9697 18312 14340 14424 16310 26868 20199 18621 21587 5772 18616 20048 18394 21787 16078 7473 10151 3731 18984 7209 12655 19559 12968 10232
3557 19454 15503 20680 11615 20445 24505 16376 14411 7255 15631 5957 15879 18104 22404 19511 15086 10672 4856 15454 10561 13750 13318 32547 16234 7077
29743 5548 13107 15189 12065 18021 13593 17394 10366 13301 22549 19176 15271 23813 20377 15268 17005 10441 16748 8464 24839 13853 15226 31432 8166 10094
11002 25049 13681 15391 15336 17363 12164 13676 0 7483 21879 26976 16624 34417 13941 23141 14926 6981 11349 33195 14288 9926 11900 26548 11109 17646
0 17896 15603 18005 8502 17338 18754 12532 22402 14578 14083 17831 15468 24179 16450 27108 17327 9097 8094 18671 24952 13717 15037 23965 15039 10625
12056 4976 12777 16305 16777 11225 17812 19079 6039 15543 17108 6831 13200 23708 15208 11488 18929 12308 16881 22953 12198 5653 15559 19337 15286 11052
2615 19147 12824 18570 19086 24539 19653 16307 8553 4433 19534 18658 15994 14055 11157 29931 13180 13289 21975 15641 16961 9838 14139 10147 16793 12057
7357 18576 14699 15199 11677 30437 20188 19033 3489 17742 22489 8858 15791 19829 16751 26700 11292 5271 12270 27971 10274 10540 15910 29903 13805 18569
15847 19165 13950 14013 6792 14437 26638 20302 1022 15541 10414 12724 14060 24298 5102 17302 19059 3654 4767 27100 23086 12246 14372 17005 16364 9974
10976 18577 12862 19270 16494 17341 16815 20558 21516 10922 20172 14659 16493 20264 15495 14066 16355 10058 9078 20836 27949 8446 14488 27242 10037 14181
14570 14340 12462 17730 5881 9570 19159 14800 20179 13979 18518 16779 18438 22213 22349 25138 14889 11720 12396 25060 14672 12388 14454 17844 17921 16223
11369 17817 13534 15086 26474 21241 16137 20500 14290 20626 18235 8941 17891 15507 19794 19233 12734 17819 7090 20828 23842 7850 13088 11288 18417 14149
22547 5271 17123 25689 21713 11539 17698 16319 10998 24581 19453 2013 16881 13166 14538 18668 16098 19363 14048 18828 16144 5333 10746 5193 15555 10640
14960 18587 14323 14411 11051 21278 17919 16735 12130 3098 22008 12070 19414 15204 20456 18538 14689 10474 10578 25890 22694 12456 12122 19991 16814 18016
11094 10653 13547 20887 26955 12747 22618 15411 14471 24436 24388 1502 17517 23276 13527 15712 16803 14170 6966 12903 20937 8586 9506 17028 20081 11251
