365
22 28 88 72 93 27 78 82 94 54 15 32 10 31 24 59 40 55 89 87 82 55 56 96 7 61
16111 11063 12068 8689 4391 11115 16252 13706 15152 14381 10876 20344 13946 8432 1312 18015 15995 12555 2095 22769 12238 18909 16256 11459 31576 2659
15062 20288 15234 15514 7671 9331 14731 10186 8612 9272 6842 17817 6511 22200 9227 13747 15014 16732 3491 11087 12272 23808 16412 11140 17718 18735
16291 14811 2417 11836 0 9837 15963 13564 17167 21476 20799 20971 9969 14492 14810 15621 16366 11364 33976 8796 13456 5971 16923 21762 28984 13926
19387 15709 18257 13161 14765 11805 20860 21748 19340 18473 14601 15793 23316 9238 21579 21335 24116 14654 0 29522 7722 19026 12971 7101 36023 6108
16366 17915 12602 9526 20043 13813 21391 11416 17832 7936 10565 15726 14717 6861 4301 26107 17163 0 13392 2452 7048 21233 14917 29345 24154 24850
16356 12786 17940 12465 5178 14835 17253 7413 23997 4066 23658 16191 16314 19000 13685 17962 19019 10143 4369 9515 9551 14114 15164 16583 14077 11975
21631 11122 3430 11461 20108 13961 10916 22159 13334 14472 17424 15722 20293 14092 10811 21044 19766 11171 24916 18770 1250 24024 21289 4865 15790 17811
19170 10500 16128 7880 12115 12762 18497 11451 16613 9832 20903 12253 10911 14781 10335 15658 11100 6447 19736 16313 10184 27551 17961 13238 17474 15444
16193 14735 7859 10132 17030 7037 17103 29770 5045 16730 12382 12765 11208 22034 14387 24682 17088 8596 13558 16430 6678 25724 18093 21608 21123 9720
19345 16459 17640 10505 7017 14342 20138 13751 11773 25883 21728 9532 7547 11616 7598 28267 16862 7933 14404 15392 9111 12913 13292 20242 4969 18566
18047 7943 13433 5657 25854 9990 17899 8384 11037 16369 15226 15059 0 21787 19694 13297 20644 18173 11586 6109 8564 17976 20249 14108 26229 5653
15150 16979 9153 12838 4760 11886 18726 23082 9066 6397 14814 19432 28383 17926 565 8867 22348 19637 9278 3416 12998 24284 15731 24635 24224 13112
16025 10656 19839 11587 18882 17510 24086 8408 3500 8922 23781 17379 18821 16128 5916 28131 19687 11372 16664 3756 8514 19179 15305 15846 25945 14855
19527 18168 11448 10950 7137 12999 11086 4749 10116 16535 15039 15642 13164 16287 6318 12652 20187 17924 23681 8978 4863 15818 19374 9175 21312 8928
17714 12322 5143 12457 1687 12498 21473 12891 9511 10661 18007 20260 21106 14108 9617 11540 16403 9696 15871 10061 9319 31377 11567 15557 13578 12064
15791 27421 9557 9775 11061 12919 19621 17238 7914 8722 22073 13793 8773 12615 12575 17661 18700 17664 19802 11146 11720 8741 19217 8319 16011 13433
16886 16782 6995 9890 6782 13433 23939 25457 3635 21390 16463 17188 10587 6911 9819 17359 21148 9604 5576 0 10236 19083 12385 14695 28393 9871
18507 13656 11191 10017 18552 7888 11145 470 20035 21785 18241 20460 4862 18291 12843 15662 18219 10654 15597 9385 10553 12930 18040 18905 12844 14440
18214 9591 26179 11085 22165 7859 20286 14891 6670 6569 17502 11903 1513 13088 14373 30717 20514 12050 13077 19671 8627 16556 15745 20821 25570 11251
16834 27803 18707 7886 19493 13186 22290 10982 7389 3583 17286 17276 12850 17054 13524 12357 21059 13253 13212 9399 8988 12923 19885 30638 23372 22248
16031 20209 818 5503 6712 10178 22142 0 23699 16703 24070 6615 10520 8810 5915 25528 14144 18486 9539 3844 3452 12185 13192 6338 18396 15860
17111 18155 17383 14638 13506 13880 14963 6100 2992 11475 11640 21777 10547 11471 16166 18681 18660 10504 13292 17049 8798 21080 15009 10712 21720 5348
17665 5470 19848 11177 15296 10474 26272 10065 720 23353 13216 17068 10988 17429 8139 15172 13930 10542 7225 0 7780 24604 13460 21029 15676 3759
16044 21913 18354 11490 6616 12468 16590 25031 6258 23041 17283 21841 6688 13924 14736 16762 18365 17480 13702 10935 4736 21322 13724 18054 26321 22368
14729 16575 10568 10222 20833 12492 28933 11204 0 10433 15466 9067 13176 18212 17840 18696 14105 14794 16137 21461 17919 27703 14546 9847 17969 10655
23228 22573 6309 9030 13381 6762 18162 20010 23093 14292 14189 14461 4784 14851 12614 25480 25414 12784 14121 19225 4538 14360 13994 6693 35734 11063
16806 6218 17515 12898 23495 13919 20185 17499 652 9631 26252 10831 13567 14618 11901 7693 19104 16642 24053 8034 10065 15461 20506 6248 24604 21513
17469 19141 20821 13817 12119 13328 12023 19441 23080 14214 8940 19661 2277 12066 17626 18464 19398 13067 7026 19078 11580 10199 15121 0 2608 15482
15105 13706 17973 7326 9829 11117 20201 14580 22768 26968 19474 13914 5244 20858 15171 21594 21004 15720 9149 17089 0 20686 14157 6841 12018 628
18584 24412 6124 11008 1231 11219 17234 17456 0 20118 18192 24623 25747 12151 5229 15424 14268 20797 15582 6252 17017 20103 22908 14670 15188 6858
16692 19258 17544 10550 0 12393 16530 15047 3984 27039 23207 2880 18263 14686 13983 26332 17348 14092 21262 7045 9279 13179 12376 12407 28493 1451
18463 11077 12724 8917 12739 18655 16066 20150 15394 12277 7263 19700 17810 18198 13006 12176 12097 9448 20787 11406 7886 23611 13330 0 21968 12872
18142 11109 11367 10666 10464 12819 26337 14160 9160 14717 10997 20075 11792 20853 5367 9460 16232 9712 12607 7850 5479 29343 11667 8014 17291 20028
16070 18090 17038 7787 16755 10488 5322 9263 6011 4326 24735 24372 22812 18471 10729 24818 19497 11063 20771 12541 13552 13251 14251 15372 33265 21794
13886 16886 10527 11921 13768 10055 15864 23436 10460 11493 24005 22582 17428 7881 19088 13361 20068 9692 0 7254 26560 15034 10907 12191 26078 11531
14318 15387 12664 10548 15339 9613 29836 10389 17147 18991 14150 20707 9005 20573 23914 17083 16086 11982 20955 3508 10719 17845 16977 16494 29095 21572
15730 12575 14697 11859 8679 7482 28912 4435 14425 22122 19301 10487 18104 16291 5925 20823 19481 14687 22127 9667 7100 23896 15621 13259 29509 13944
18564 21016 9021 11099 8436 13279 24843 18405 9279 8545 13485 26038 783 18387 11829 24101 15685 9902 25069 4872 18054 27632 17832 17532 5611 14423
19255 9925 5179 12754 11736 9072 18686 11509 0 17210 12560 20600 15170 16536 5706 12181 22816 14191 15034 2599 19830 13900 15430 21624 16406 19043
17638 16566 9126 10896 11611 12310 14277 13789 1347 19546 6459 22134 13241 23285 4807 11245 18137 18403 0 14370 18666 24450 17894 17153 25281 1647
19990 24010 21785 10035 7132 13154 18319 17269 19163 15299 19519 16071 1233 20964 10798 25365 21303 16569 10071 10198 26419 19648 21674 14123 27769 32311
18052 22318 13964 9840 9863 13290 16423 14997 0 6287 19785 19314 13335 12376 3438 12720 19225 8580 13915 9473 13678 13699 13569 13889 19704 14681
16810 6402 14816 8082 23351 13127 18890 12416 3568 8069 8484 15395 8745 19294 17472 16125 19655 12546 36668 0 24859 21066 18228 10929 20293 23034
17056 25219 17592 10502 11464 12049 22549 24149 8947 17165 22107 17062 0 20307 9954 11366 16886 11193 20920 6766 15456 13780 15535 22286 10067 28921
18031 22307 10834 9296 12761 11151 9726 17396 17237 19702 8288 17107 14741 7800 16371 21364 15880 11996 9588 5926 0 19457 10677 0 8122 14212
19263 17969 18846 13588 19928 13758 11702 3618 4435 30638 20891 22548 8119 19036 13214 10541 22610 26095 13776 10685 17768 26848 13768 19489 10263 21416
16040 28960 17749 9757 11647 14980 17104 4333 0 9425 6167 14586 6187 4603 21596 21868 15190 16257 14306 12361 10621 20337 14828 12500 15439 5660
13777 8523 17062 10621 2509 12306 16866 12172 11877 10211 19312 13767 10720 27535 9628 13201 19875 23100 17185 17082 21625 13254 17170 15901 13567 19379
16119 1382 14209 12421 8239 10038 21441 19135 7184 31906 16655 16074 0 16344 3816 28131 18858 22073 9177 0 6351 8042 20170 15463 23558 3504
16189 13412 24624 9761 1571 10476 23274 9362 0 23402 9572 24256 12620 34582 3924 12539 15174 21217 22380 3253 8203 25071 12999 16770 13600 15530
19256 8427 14533 8238 0 9307 22836 12498 11767 13210 13870 22135 29025 23872 11625 12976 17531 23305 3249 7768 20101 22318 17728 16861 26615 16646
17618 7879 8600 11966 11288 16566 20110 18350 13232 3900 11582 23208 14876 17943 15043 21348 16598 14758 18889 18788 8829 25910 17035 16241 12271 18443
17971 14463 8868 11203 16366 10994 22465 16771 5515 8893 5765 13905 12816 15652 7649 14306 18094 16137 16925 26026 16533 19236 14904 13656 28733 15398
19354 17430 10651 11603 0 15422 22874 7344 18441 19410 10277 13785 10146 16205 13469 18395 21025 11280 13107 18913 3532 22207 15433 26603 25353 2934
19366 17724 18479 11235 5274 14967 18352 12438 11560 11619 12611 13269 25066 14718 11667 22382 21467 4847 20031 21354 9421 21017 17436 15951 15970 12565
17612 1918 15319 11633 8561 14878 24127 12841 8814 21226 24450 16328 5458 20256 10937 26856 17168 21518 20509 0 7605 9049 14680 19671 31709 17812
13968 1602 16845 11109 12216 12202 17830 9093 11612 25082 10402 22555 2143 21551 7250 16066 14204 8926 11779 12594 1035 28776 16333 26234 17394 21800
18719 15401 8107 11778 6107 10447 18350 8080 20907 21288 17385 24227 0 18012 10274 27373 17772 11964 5447 5899 14938 11587 17522 16562 25902 11890
13761 21834 14640 10083 11873 11822 17190 3525 12285 32529 13334 17870 0 23041 16126 13878 19992 14325 18402 6153 12342 25051 22774 18834 17307 13048
16841 11844 14344 13105 13151 15193 24754 1373 22052 29434 21084 20651 18809 12604 14454 15448 18770 6534 24867 8688 7488 14929 14556 8492 18649 4082
16519 26015 13984 15389 6321 12555 22446 0 9455 19706 17561 12661 4922 12085 12051 28648 17850 6203 1248 7331 6436 25513 16445 16032 16194 11705
21077 8605 11656 9445 1797 18600 23064 28196 20186 8144 9378 16212 16024 27291 0 15142 18992 14595 14206 4063 20273 24979 17262 8936 16081 12613
16443 23185 23653 12240 11872 8837 21531 21699 11017 19736 14356 9628 11338 15215 5798 7541 16254 10104 10850 8846 3891 13522 19725 18347 22105 24184
19045 14059 10901 12405 26535 11329 19178 20520 13361 8252 19991 12458 16461 26847 15716 25482 19571 8312 21155 6247 1345 25034 11514 25628 11628 19049
19334 14491 17185 7733 9795 5710 13018 7112 21346 22572 11326 15336 5811 11695 13280 20294 15223 22641 7131 11342 0 21871 14355 16809 19455 15449
16316 9814 14026 11287 0 9116 16900 18444 2446 11340 15439 20948 8386 11228 9940 13751 17870 8872 15438 7505 0 20639 18462 27069 13789 27570
19009 19367 16974 15885 10919 11942 20203 6339 8394 21711 5886 22818 9090 20830 5125 22552 19669 17205 26501 10271 7036 20153 17639 8492 25963 20964
16004 7250 16845 13105 10284 12604 20628 23575 13949 22720 10222 19615 8795 11641 3664 18023 18156 14964 15852 25664 14706 29625 20064 4399 17981 9264
17710 5530 25095 13200 15657 10947 19668 18832 15719 23919 18121 17861 11752 19749 10925 18112 19741 9568 809 12195 15837 15073 12297 14258 19653 20325
19002 6264 15772 9018 18926 10478 25078 16568 16392 12206 24727 13043 25268 13216 20281 7358 20800 19112 14346 13072 10487 26583 10603 18625 18894 13828
16163 4592 13826 12883 8618 15955 19214 19137 11079 16691 24028 12252 16303 18141 8409 10145 20043 17648 11217 14733 5689 33433 16429 16740 16356 17205
16156 20550 14892 10754 8052 8395 19978 9490 8537 18543 15517 13967 5544 19019 650 25667 18497 9338 15756 9286 10095 16984 17355 33616 13544 1155
13974 10667 18827 5617 8114 10784 10485 25796 6036 8464 13483 16921 21129 20335 11733 20427 16397 11749 13094 19042 14366 22951 14624 22014 23850 13973
20587 25427 14237 6674 12027 8560 18318 22591 18115 12719 20191 23038 7438 10666 5155 17227 17618 8492 17587 23151 11892 32378 14127 26744 18404 14985
14301 14655 14378 10860 4425 14402 20868 11038 4042 27182 5313 21685 23976 17572 11788 11269 18828 16639 9064 19008 19082 20044 13166 16206 23916 18956
17375 14064 12574 13539 10309 12532 27824 17717 21662 19282 22668 25665 5317 15968 5730 13437 19388 12672 0 17721 9587 21337 12770 13394 18320 19716
20921 25050 13715 11427 17555 15130 6524 9643 20734 0 9602 15073 9279 17792 19206 25856 14008 17065 18732 13444 6415 14023 17576 15877 19092 16532
21701 8853 20956 11024 29418 10879 23251 11614 19560 14970 16045 21739 14318 20777 8104 12145 18203 15511 0 11901 14353 27231 15323 12112 7210 13707
19808 21916 14568 11480 13712 11873 15982 16494 6717 0 18573 11946 9415 14855 13393 22488 18378 21126 4881 0 5548 27138 18050 19436 19810 13855
16428 15697 19561 10601 8816 9425 16889 10731 10674 14526 14090 21018 21035 15957 10017 18877 21116 7530 19427 8612 8489 6255 17436 4482 12249 19208
19349 22824 25875 15693 7623 16628 18422 12179 20848 10333 19340 23113 17685 12368 7883 5597 17695 15138 14870 15947 6537 12662 6367 21412 19664 27194
19593 14623 18361 10045 763 12558 21577 13903 3180 29268 17646 17795 11153 13726 12028 16301 18304 10820 6503 9366 8751 23887 13561 8458 22388 11794
18548 12624 9891 13094 13801 19328 15423 16912 786 7381 8972 9173 10639 16113 4446 17795 18324 16294 7643 13878 0 13974 17561 6125 24904 25531
19670 12568 15618 11688 18143 11401 18614 6178 13902 30580 10117 22751 11153 14336 9992 18324 18570 21750 15547 0 6334 15896 10639 9756 21577 10061
17103 434 13661 11306 8483 11114 27832 19042 17595 21901 12577 14158 0 16325 14315 23008 24198 7652 7297 22112 15709 13563 18214 15701 17661 15360
19107 6489 7181 13481 18299 12780 15555 11084 1637 13945 21365 18879 11558 10082 4003 14579 18546 16392 8225 3082 14573 27923 16703 16382 33153 12355
23976 14702 17090 14689 4023 16388 25323 21137 14240 26314 20760 18860 10003 13363 18590 9915 18542 15173 0 14133 13883 20108 16921 14561 15242 19194
17248 20460 20282 15198 7483 12727 24027 4844 0 26330 12094 15626 6172 9836 7974 16454 19346 17313 15584 11130 15370 11428 15111 23265 20797 7417
16652 11835 15654 11853 26999 14549 21222 14523 8451 18652 21219 19224 10631 14465 2489 16457 14892 13528 7711 13601 13761 19491 19092 12312 13861 8088
16074 19226 11986 11273 20833 13229 18527 479 6397 10406 14655 24295 690 8610 0 15873 20527 8573 22027 9432 13295 28361 13235 11020 28503 2028
14591 5297 17982 11314 12223 11043 26209 10202 0 15503 27508 12642 15874 8520 11608 8313 23783 6242 10936 10716 9854 20274 13432 5079 16262 5309
14941 13249 8219 9301 7887 12370 16804 13668 11206 13922 13024 14541 13914 18585 7968 20801 19249 15417 10794 10961 9416 20993 16766 15239 22519 21990
16015 7056 7478 7828 9173 17622 13692 19539 2053 6670 10362 25810 12914 16765 15325 16620 18530 11751 23871 7092 15034 24516 17442 14195 16295 12595
16217 23935 17051 12466 10692 10521 24418 21029 6124 36802 22972 16155 17788 19047 5823 24546 11327 17337 17803 3416 946 14712 18676 14374 5373 13290
17242 21462 9863 10087 18199 9188 26379 7196 9488 8930 22760 14773 10775 15164 13896 12923 20888 14116 5601 20501 3902 20550 7730 11415 13844 4462
18792 17274 16695 10919 27895 10646 24446 6798 9620 19217 14958 17885 16912 18302 7651 22883 19624 16842 12649 13662 5235 21735 15908 17374 25066 6662
16360 10368 22624 11961 8366 12207 11214 6320 18490 17445 13843 13230 12775 26349 16330 4065 15419 8789 18724 6108 4701 19110 16050 23417 25269 22579
16144 15131 16967 8661 5718 17834 19852 17619 7404 26771 16779 18265 9636 10901 7800 14967 13304 16799 16128 8987 14208 20345 18101 12189 10541 19263
14144 19061 8412 11669 3951 13679 21066 21366 19016 25884 18297 18063 8362 15226 4088 15130 14777 10459 2575 6283 607 17683 15843 2777 17410 10482
18475 16819 19194 10940 4211 15018 21134 14414 26309 20752 12122 23623 9475 11343 10491 19329 13813 11266 5759 10258 14243 18289 13192 8400 20432 18033
15237 9827 16898 14060 5288 15525 21471 21446 16110 10472 12543 16525 12108 17367 11650 16149 14339 6348 3441 8651 9630 21881 16311 17530 28549 12330
17856 14013 12621 9318 13597 5775 23883 20115 25518 13458 15933 20086 6645 11244 16830 6428 20956 14386 7879 12244 12081 19917 14528 0 18710 14055
16673 13417 15860 10586 20457 15735 21925 21437 7509 21263 12773 18197 0 17596 11891 15813 19008 15873 19362 0 15097 18020 12791 23853 4312 5924
16483 17673 10646 13218 15758 9580 13736 15171 11345 9339 21923 21423 19038 15525 5896 18234 14938 12069 8763 43 1359 12211 19480 26278 32035 7403
14024 33765 17252 10459 12567 14260 18558 8667 15844 17503 25061 25371 5207 12035 13868 6624 19317 12918 0 15400 14158 28660 21259 17302 23585 17452
15750 21165 18943 14976 13244 10967 23123 14441 15654 25348 17551 15299 17357 14967 6506 17668 19781 10147 8808 20047 20370 21461 16563 23205 22811 14975
15393 15104 19770 18633 10183 9159 16990 13776 0 10423 12191 16433 0 21771 14913 19530 19475 14354 14277 18025 6144 21931 11178 21625 18544 13673
20475 13825 11477 7124 20044 12288 20076 7208 11530 19203 15521 13681 20424 12677 13018 21648 18061 13619 17564 24255 16446 20946 19702 9852 24271 27737
17535 30327 8829 9593 16260 8287 22022 16547 3053 16586 15296 20954 4869 18820 7572 23090 16905 7050 3710 9711 9109 9625 21430 12998 18550 26755
20849 27495 12974 9942 16102 12260 18866 10371 0 17851 16419 16117 9942 16084 748 25929 14945 17770 22278 8784 10780 19781 20737 11148 31033 5035
15851 12497 12248 9835 33431 13925 17040 5750 7883 15648 22399 14657 22830 15098 14403 14248 14636 17342 24588 17612 9784 9846 12039 0 24830 4497
20217 13692 7340 9597 9162 16109 12711 20390 4831 3360 21681 20353 8765 11324 12317 15172 15632 5243 18221 14112 8873 23960 12700 18384 31751 3929
16064 24811 11998 16410 10965 11879 24101 10093 519 21955 20864 13985 11205 13884 6118 11857 18519 9307 402 12674 15433 21961 13340 11986 18251 16757
17285 10424 24714 9095 1269 13816 18133 3145 9612 30675 19132 20672 9897 11349 14039 17247 17783 13728 17800 6112 13732 24051 17676 3829 17932 16527
13350 14772 10844 13618 0 10825 20411 5890 21690 9278 15029 16768 15914 19302 15571 19293 18691 19630 16408 6401 12393 15083 13697 30001 22036 8000
15740 17239 20706 11707 7381 13844 22674 13409 17636 13422 18199 14072 8525 17438 9436 15227 18545 16132 20084 3935 10570 18494 19155 20263 28307 5240
21946 22428 21012 12010 4213 14329 24934 15240 13381 20487 23836 20363 10000 16499 12154 25056 14306 4600 6571 16597 21531 28766 20819 13602 29421 18124
15896 21822 13382 10309 1069 16558 26673 23374 10196 30423 18543 20657 6886 13441 11672 17404 23906 21050 7431 11887 7597 11685 11827 14762 22131 23548
20460 698 12740 12879 13279 10280 21151 8804 13973 13253 7588 29369 10303 16831 3999 18640 15399 7548 8099 20397 17674 15818 12974 17483 22677 9709
17175 23775 4034 16734 18161 8845 19612 18693 12453 10968 13956 20252 11095 12436 11286 23758 20294 13272 4970 6443 9467 16614 20470 22515 26107 9895
17581 13628 14952 11527 9431 14927 16114 6465 11341 21526 31305 18589 7299 20697 10744 17521 16153 7870 14934 5512 7512 3215 17690 14761 21752 17044
17014 13400 8265 11354 11630 12282 21836 14836 13681 23327 13196 17962 11225 16652 24823 19819 23228 18164 13718 1331 8810 12855 17128 22887 33278 20428
18433 23818 11424 10771 14926 8535 22095 6558 13310 5438 21033 21540 0 16693 7694 9973 19206 12474 3860 14968 3018 9436 14125 22550 23955 8353
21796 1627 16482 13427 16764 12915 21522 32617 11988 21159 22563 12294 408 10980 6396 26965 21584 21560 7693 13155 18601 15183 9921 12281 17303 7436
18684 7082 13153 7426 5989 12185 17560 19593 13374 21056 12014 11783 18576 19846 5785 10164 22875 10998 15901 24764 7816 19269 13976 10986 17761 11397
16074 15485 18224 12757 10203 13974 17993 13963 18039 16267 7453 11647 7367 20305 11578 12222 19445 13040 9169 17107 3896 20526 14382 12455 17825 14340
14380 17302 16853 10033 13402 11081 20607 6849 6879 27627 19064 16365 22692 14712 17627 11604 15008 19255 25345 14727 11397 20112 13401 30936 24188 15204
15409 27892 21561 12221 5933 9449 19298 9047 15975 15826 16093 13597 24898 11333 11993 18307 21249 18503 10920 7281 15301 6141 16140 36946 16856 5306
17019 14886 19304 5921 8036 13808 21981 11996 10864 14514 20087 28530 5355 7660 7289 18377 18461 14120 21001 0 10883 23954 10018 7174 14431 16369
17652 20749 12321 13782 15642 9180 15069 7822 8057 21429 14310 23968 14122 10158 4444 4300 16540 10057 6304 8550 2214 12577 18089 970 25283 7702
14658 7911 9172 4051 6745 12237 24210 15364 8083 6478 10344 22023 13066 11354 16485 23290 16712 8439 20382 23156 12439 20880 16541 8979 10934 16046
15862 11890 11573 14216 2885 15891 29023 12114 10953 9016 20992 12124 9663 20671 9474 12702 16409 10288 17565 7523 6949 26631 13852 9209 19306 14433
17343 13809 12866 13105 8983 10164 27439 27550 5716 22008 12748 18341 9782 12986 10769 9293 24754 14815 15121 2094 6348 24811 15028 10338 28957 12242
17996 17954 8680 17876 20655 12456 25394 14321 2867 18138 24901 17042 14761 15012 9715 14283 21006 14209 17981 162 10337 16775 19082 27502 22193 19304
17725 9194 18280 10059 21561 13126 23102 20186 4393 20679 24899 17918 12184 11785 18195 20220 12059 18207 9313 8052 5738 25263 16781 12761 32092 6103
14593 23327 12182 13419 21177 12073 17561 10655 8632 23234 21025 7966 20947 11778 11115 14579 18758 20209 11436 13166 14708 27629 17062 14792 6695 9944
14045 17617 12258 11780 14045 9071 23353 10212 6254 14764 24207 18547 9759 16128 13664 19263 19713 11867 10465 19746 22328 22819 16987 14496 22654 8534
18314 13334 11510 17599 15992 11787 18375 15705 7638 7257 21780 10607 0 15444 6164 29505 16055 27404 14800 14466 4534 21418 11855 18377 2333 8311
19874 21120 16606 4212 14895 10537 22353 15737 17967 6661 11851 24911 23734 22515 14235 17862 21186 20812 15500 1952 15257 26180 12125 4396 28977 5726
15515 17753 7642 12723 18422 15272 11611 15859 448 10164 18741 6167 21685 25352 6731 13437 16708 15986 14553 15871 15726 15479 9886 12328 34415 17416
17507 14922 16255 10528 7947 16706 24682 17041 20510 4881 12140 21183 10057 22827 18375 13553 21135 19741 11081 6214 11163 27187 6493 12813 24766 10643
19896 21069 15370 4315 7926 15407 17838 15871 9126 11451 32229 14815 3172 11971 3462 6959 16568 11767 16636 4064 7957 17113 17382 13987 31396 15411
16843 19518 18657 13877 23878 8221 15747 8070 9208 21302 12819 19919 11015 17262 9299 28018 18698 18083 18735 0 15177 23980 19802 31144 11925 12907
17282 17315 18564 7685 1523 12153 20217 15849 9262 13076 18237 24253 17480 19040 15704 15309 21252 10835 14247 30743 4199 20766 20567 11976 14886 24466
16897 17186 11957 14198 23225 9093 16981 17185 24837 1351 10122 12437 18010 20928 12696 17600 20464 20456 8403 11960 10721 26673 16278 22480 1591 10031
15869 11600 18839 15265 9870 11547 21283 933 12592 27270 29867 10301 15608 21240 17108 15506 19289 10649 13916 17989 8321 17393 17631 691 15163 14886
20290 10246 18293 9289 6414 12039 24844 16853 11452 6133 12968 17709 7576 17933 12296 13580 14083 14622 16520 3239 8209 15859 15206 15839 7780 15162
18881 18216 15369 15864 10720 11704 26374 5745 8326 11222 13889 16323 7488 3656 7956 24236 16435 9200 2777 18356 25057 19629 5037 12744 22353 23941
17056 9725 14548 10824 5560 8256 21829 19168 6421 26426 20951 18320 0 16790 15849 19210 18783 7198 7741 27889 17796 13556 17922 12543 23794 13221
17004 12581 10496 14911 0 13272 9671 13775 4081 19576 18620 21866 10968 23496 8454 10659 21570 17256 18265 12726 11206 10804 12796 16793 23500 15902
18431 16910 19453 16793 2778 12039 12492 13574 0 22652 15079 23231 6250 7783 7981 16774 25114 10456 14202 0 7470 23725 17527 15960 21655 8369
17496 16136 10557 15128 7129 13358 23572 5747 4364 17158 13207 18491 5376 19421 6276 14484 17894 4769 18124 10831 671 18614 14310 7506 15433 15504
16365 9472 17490 12916 7408 10635 13561 11579 16586 6607 12496 29207 7957 13024 14485 15867 18482 11439 11869 9518 674 25427 21284 7416 8649 7926
16757 10864 12058 8654 24039 13061 15584 12345 16665 4642 20851 13413 11444 16039 20216 12195 19005 17018 23394 18940 11468 17749 15451 15678 25486 13057
17230 25606 21527 14362 10482 13680 16933 17152 15294 18951 18909 20016 15086 18374 14689 14345 22341 15645 16655 3724 3675 13218 20392 15284 17510 12961
17193 12150 9631 11828 7688 12781 23892 17868 12464 27209 18076 15172 1553 14314 8336 20883 18208 22444 6246 2699 470 19550 12250 8376 12125 12019
13258 0 15281 8526 9921 18306 27934 19334 5621 23471 24283 16356 19861 13983 9959 6478 14456 14056 6401 1699 10255 27883 18272 11352 21464 19025
14818 9623 18755 11275 26332 8960 6251 24519 13104 32397 18359 16407 5788 10991 11216 9801 17135 6599 899 0 11028 32113 16782 24367 33085 20648
17471 9226 14915 13961 11678 8250 22478 14651 9572 27110 13853 12771 14777 8023 14179 16212 17885 20744 7717 13665 13117 15729 17083 15471 28383 17755
17545 11998 8096 10575 9060 14603 9177 0 11255 15936 20420 24506 9477 11465 168 27976 15450 16289 16058 7638 0 6087 16989 9918 22695 15069
15043 0 12571 10952 3222 13447 27119 8812 7377 12885 20972 15483 15705 24066 14248 3596 15751 21207 4108 7527 5411 13136 22891 4991 1077 16813
17977 17834 18913 14102 12468 12807 15329 9256 2295 10632 5778 17443 13908 21101 13287 16773 21260 18450 17752 20167 4161 13591 17202 19869 33902 15633
20030 21316 8945 13316 7727 12904 18808 10782 21130 8774 14299 18645 10665 19727 21416 18137 17647 10737 20343 0 7160 23183 18896 24887 16171 26837
18325 10801 13153 10439 9310 11086 21954 16263 10624 11542 12020 14936 15606 21841 8761 3793 21569 11667 17288 13579 7829 16898 11853 5131 27345 9809
15318 17744 19759 14208 7274 16502 19871 11558 19519 14301 18808 14026 10493 17788 15315 28077 18706 22962 10181 18896 454 20514 16410 1860 8111 18271
18711 20155 17254 9577 5635 12490 12018 162 16028 20044 12515 9301 12899 13370 0 17784 19366 24189 14879 12550 73 27030 16597 28874 15847 7068
14728 23269 8274 11354 0 9632 18102 14659 19729 16813 8866 18916 5421 22296 19435 16806 18480 16071 21357 12869 14488 18230 10772 17420 8318 9866
19176 0 21691 13856 19868 15705 11277 9695 16223 26273 10057 21566 19533 17431 14948 25640 13289 16425 10086 4635 18552 28563 13546 28368 25406 19577
15066 14781 7100 11066 18924 9085 18884 9247 13332 11656 11998 12774 11963 23773 8781 15963 18304 10968 21636 10848 653 16898 13065 7624 14222 12868
14772 17924 9390 10341 8504 12892 23399 19401 1764 17308 15842 23905 16408 9451 15359 20777 14359 10822 15309 2205 19974 25204 18471 19567 8703 13725
14859 20170 10456 12196 20207 9333 16876 1787 6700 23710 21251 17052 182 20539 15216 12662 19146 27016 7293 5157 3825 22535 22609 20872 26163 4833
19875 18967 5481 16783 10874 12578 12468 18336 12777 11112 14885 20349 13048 16439 17507 12845 16141 15892 10446 15545 15341 12422 14890 10131 26033 18381
17455 13291 16223 9164 18043 13002 19615 15755 3592 14138 16121 12552 9209 9865 14025 14402 15182 15386 14175 11295 14622 30788 12611 14107 18438 21825
18521 13541 8473 12227 20481 16132 27547 2413 18041 4622 26662 22128 8489 13885 19922 15223 16663 16675 3772 25257 8879 19762 16272 32536 24798 12405
13364 7504 13209 10017 0 16728 23052 25380 17215 25279 16987 13405 0 14717 14035 17017 17962 14778 8833 3688 11509 18810 14579 16846 15608 10239
13718 23848 10738 12286 15205 8237 27245 0 7926 19208 16888 17353 11021 20130 1935 16951 16525 5413 33481 12172 15567 15287 12904 15060 22912 9314
16763 14073 14570 10291 11665 7586 26785 12338 4966 15990 19918 18195 15508 14743 2071 24392 15032 18537 14843 16536 12955 17477 15343 0 28566 17433
15514 22093 5221 9251 4459 10895 21698 20599 16171 8004 8395 11705 15560 15458 15790 11872 14663 11791 4526 6157 8990 24831 18733 1702 21431 11418
17979 11612 10408 11350 19826 14053 20329 20433 1293 22771 14292 18748 0 18698 16278 20296 18009 23959 18164 20589 14629 19342 13765 3748 25209 15955
16482 8730 8675 8570 5336 10781 21333 16176 2436 13661 8886 13286 7844 19490 1834 24544 20230 19669 14973 10379 5716 22857 10297 12877 24083 8810
19150 0 13895 14585 3811 10407 17762 6529 10858 14761 17766 14631 13234 13324 8560 20817 20115 6664 11330 3905 14513 17841 13138 9945 16536 12550
20644 19728 13617 14356 9694 13571 14479 3852 10263 18245 17419 20339 12195 34793 5975 22751 14992 19334 0 8870 9746 35150 22126 19246 21144 15802
17652 29321 16649 14436 0 13374 24812 17092 5952 7941 13620 13293 14867 17479 7881 17207 15791 5145 17873 17814 14234 13087 20042 14270 27937 8546
13157 12498 20282 11057 9736 18497 16625 16748 4755 8851 17388 16573 6889 17205 3713 20085 22770 8057 9064 0 15422 24914 18748 4288 16896 1771
16030 12913 17632 12590 5514 8723 16193 16126 13810 28505 13653 12039 14906 16961 11483 11333 16271 13441 19365 9347 8591 18526 18028 20847 18592 12679
15488 27354 18988 12813 7610 9544 14411 28556 24043 15672 9733 19824 4146 17582 7539 23913 21502 8526 18349 15529 11671 13188 14629 12062 12904 9359
18631 0 16195 15050 10859 11194 17188 3685 9694 16684 16479 13761 15090 15476 3849 21609 17208 17962 10720 10915 9011 28294 16038 0 22347 9303
18776 26606 16313 9953 4230 4855 18772 8998 9250 14391 19094 17103 11968 14802 2776 21736 19386 22539 13538 8143 19522 31724 9173 22295 651 1848
14685 22493 17132 13560 18169 9354 22534 19968 11374 14492 16522 15791 14965 20855 0 16626 16629 18448 8410 14248 12727 25362 17124 20360 20793 4846
19565 5568 16970 8260 5028 5592 19954 15265 1572 14456 8930 22838 6456 15501 0 20306 15159 10921 3347 7555 4416 16734 15652 15126 13872 6571
18511 8505 13746 14077 9428 9524 20835 4715 10138 16511 18247 2509 7957 16733 11943 23577 15503 16287 5513 13428 10010 10431 16833 6922 16028 4388
15710 13964 15454 15272 12101 13097 16320 8867 15246 27343 16856 21204 11686 18888 16512 13578 19539 14360 4994 6659 8879 9701 16380 15719 2427 4057
18073 12310 6327 12401 2334 15130 7958 18042 19164 19357 23269 27263 8508 6530 22467 17653 23278 14091 21051 8211 5797 24543 12468 5452 26920 10856
17094 25882 14284 13171 18115 5227 25080 16270 13497 9190 19235 22467 8157 19627 7629 16024 18380 12660 0 7075 3860 8299 14429 13795 12049 11759
17839 17880 11181 12804 13098 7400 18565 9249 4849 29480 20099 20356 11817 10637 9471 13181 21235 13975 11831 10056 4949 16338 15794 9242 8753 16953
20099 9000 22035 12593 15353 12449 18982 21423 0 26044 16750 22222 18644 11684 1216 14525 15302 20697 1110 16480 8771 38081 11640 7398 20917 16609
19712 26531 14966 11659 15638 13338 23558 10558 580 5859 10909 19557 17538 10086 10231 23250 15463 13393 18329 9945 10536 21086 13985 22269 22389 19774
14932 10755 18585 13014 18260 9104 21800 9482 8807 19134 3116 21522 2649 10893 5956 18376 14998 15386 14093 12128 18225 16598 13645 23233 22948 16505
16144 20443 11873 9923 157 12449 24144 19206 7643 26156 5825 21461 18306 17691 6608 12486 23454 16329 15231 11621 9551 15867 19513 18700 26491 13239
16844 21732 10738 7982 10894 12844 18461 11270 1729 27851 26273 23632 18087 28828 9652 19354 17099 15937 25031 6288 9548 10484 17049 13989 20774 16259
14011 16181 17649 13708 21736 15326 19774 35620 0 10867 12300 13073 5973 17887 16745 15119 23179 20251 9952 17948 12695 8662 18708 7300 32063 19769
15931 13615 12345 8564 13323 6855 16142 8266 5316 5282 20749 18007 0 22783 9968 20895 15966 9312 2396 4289 7120 26486 13478 7588 22830 17931
14451 14125 12345 12874 8082 13059 19496 15742 0 17027 2624 15438 5588 19928 2827 26389 14913 16400 14815 21880 2068 21864 15977 24654 15122 17622
16993 19256 11956 12169 8413 9817 26469 24417 15103 18574 9589 17984 7616 15975 10234 13718 10284 5202 21385 14596 13468 20453 15092 15753 26443 9440
19775 16380 11631 8073 7832 8052 13506 19295 12928 28345 8463 18548 20072 11763 19349 16018 16238 24932 20789 15029 11327 13966 17420 17567 23735 13013
19300 12133 3557 5826 7738 10198 14521 5300 11295 10336 14008 22130 10255 29927 6193 17524 18770 10240 7494 14695 7552 21910 15189 13293 17244 17324
19142 0 5547 12079 9556 14670 25350 0 11932 19665 18488 17653 4022 13215 8655 13057 14483 11502 10115 24770 6229 3969 16939 14581 23900 8880
17079 24886 8638 7034 5523 10728 18154 13422 13019 22746 12484 23216 12231 18472 14003 19959 14889 7320 732 19666 12665 13609 18545 18928 15009 14926
17751 8846 11846 11279 18307 12824 18199 13750 9240 25097 18028 16831 30212 13126 26306 11498 17945 15641 16383 9937 13174 22471 11272 27529 17745 17006
18805 9893 8018 10614 7354 9068 14656 19610 13616 27535 21521 18826 2687 16281 15378 16761 15989 22935 15220 8845 2932 21050 21599 3902 18942 18653
15980 1999 10165 9921 9243 10488 16247 14504 7869 12130 12741 17961 3409 16912 9164 10760 20463 6047 15820 378 13903 21993 19665 7762 17811 13142
16335 17583 13744 16238 11916 13312 25710 21378 4788 14412 21225 20774 13342 16727 10002 11985 15789 6165 23003 15204 11787 19939 13185 12419 22641 17957
19842 6337 14719 19126 65 10568 20888 7613 6465 16480 12459 18198 16422 15014 10269 20494 20697 18646 23888 17983 2585 20226 19115 24421 22960 11637
20142 8861 18305 13500 15448 10720 22525 7252 7778 31077 18893 16910 5639 21095 13696 17781 14978 13472 15016 16424 2163 9841 14521 8492 12501 0
17174 3932 12182 9769 3232 6780 14725 12877 13866 10231 26132 19043 6456 17981 16514 12117 16510 18082 22207 8304 14068 24982 22724 30293 25069 4954
13913 27629 21500 8048 4374 8506 21724 20738 13064 22966 17863 14800 0 15513 9199 24330 17569 20062 16809 9098 19458 35578 16822 7767 11539 11256
17391 16696 18712 14815 7994 11892 19836 19071 12142 12678 18211 17399 4905 10786 6424 9284 23136 16581 18705 26437 11882 18527 14879 17881 21278 15809
17693 18554 14003 5715 5292 8726 22038 14207 5296 29822 18825 24401 10238 24039 17038 21271 19382 19233 5813 12350 19449 21166 11635 17756 18093 27813
14185 15678 13345 10621 5699 7573 16675 11126 0 15251 12169 23012 5595 21806 9183 13534 16258 8607 10455 15664 5737 9563 14754 24873 21504 19497
19670 21331 13452 10452 11606 11979 20433 11558 0 17461 17186 14175 16076 13070 11905 20915 21110 15316 8428 16389 20953 16252 16629 20290 20461 5863
20046 25932 13882 12652 2272 15257 9841 11754 1007 15592 8842 13908 23025 9605 11273 19422 19196 5853 21189 24346 22233 21706 11751 16397 16034 23060
14054 25387 14988 13019 4625 12371 19181 4238 0 8757 12445 15062 18791 20579 700 16120 15555 14543 20987 14625 0 15116 14637 14208 24540 9406
19687 11222 18007 9359 25103 9455 22537 26030 14941 15587 16139 15549 5639 27294 11074 11073 16366 10935 920 9890 14363 14698 16537 0 26651 8216
16682 19718 9046 12539 10852 10024 26428 6203 0 18651 10691 13140 3229 14347 22282 16578 19917 17693 7093 9291 8592 15937 20147 26184 16813 9250
19596 31852 5040 9052 7411 11331 14869 29609 11043 15377 12399 13212 7392 11315 10585 18742 18046 7749 17375 16773 12523 26858 18669 7680 21758 27519
14787 15848 15967 7947 11910 9505 21029 11936 13317 14439 16998 17241 8106 32636 14396 16656 26223 15282 10823 12551 4474 18754 13687 12700 23945 15047
14789 7788 8464 14460 21761 17056 20512 12492 15479 15871 4873 10757 16852 18332 12456 23067 20076 17863 3645 16529 15055 13607 11849 18241 0 9440
13245 6451 20678 13420 16735 5905 25132 23224 7519 19840 13777 5974 18124 16986 17220 17434 15741 21533 12856 14736 11017 16667 12441 23633 6982 15101
16440 22559 14232 9622 6333 13715 12184 6739 14632 17170 11592 10190 7398 16780 2727 10336 19462 11631 17670 11144 3739 9759 18918 9961 19165 14554
19213 22992 18739 11271 1148 13653 15530 11437 9540 20005 16547 14543 4329 13833 13872 26672 16220 12366 19628 21160 6243 20063 17646 19705 15367 9540
16081 19885 16461 12660 3408 10294 19134 7162 10308 26850 23582 20753 23189 10378 1369 7150 19291 14337 11279 3751 16210 21769 14926 19613 17812 16605
14633 23474 11334 11652 16910 10868 18949 21041 20426 35544 11758 18889 10326 10702 7347 19837 18922 11116 8507 14288 17533 24638 17789 11967 19848 5889
16738 19617 10956 10475 19936 12831 14532 10262 14482 5806 8766 20793 9948 13534 12834 24799 17536 17775 0 15733 12977 22371 16276 14790 20915 17065
14739 16384 8116 10027 12612 12456 23960 8108 3923 16897 10960 17713 20540 14763 10014 13298 15160 11477 18665 15990 7285 4970 16021 9204 13237 15455
16211 19629 5667 12671 14822 12547 14687 14170 0 18015 8875 15020 6097 21441 13227 25650 18504 14127 14222 14858 6314 15491 10457 30775 17388 17241
17878 19595 22029 13570 19917 12265 21759 1880 10561 19939 16648 16308 3082 8675 6810 19113 17476 18268 16373 8161 11709 21701 12441 17483 11328 9921
15937 14840 12786 13978 8797 9934 19101 10611 9753 21712 19524 21577 2563 12883 6538 19927 22664 13166 14939 15193 14478 15859 18524 13969 13687 13049
16349 10713 13094 8499 21677 16151 27085 13008 10432 757 25257 10940 0 21279 17844 10722 17804 17767 9114 9579 9971 14432 10334 7124 15427 19529
19090 1417 12979 10162 635 11216 22794 17334 1325 22567 21903 23975 0 14372 13982 25287 19818 18774 8055 21977 13356 21710 21335 10283 21069 17432
15474 16670 16305 13037 14681 12321 11998 12529 0 6668 18442 16185 20687 19452 8237 12252 17482 10994 1396 10608 10802 21364 20570 18587 22258 13636
17557 21103 10289 14467 18656 15833 21996 7905 20614 4632 19800 13575 10466 20460 15484 22148 14914 13990 9444 14810 7833 26573 14084 19498 29051 10473
16579 23605 13566 11332 15704 10498 18793 20619 20360 6775 13139 17076 20789 8255 13523 22726 15415 17587 0 12356 10348 9057 14061 12170 20393 30734
14471 22283 20917 8437 3149 8737 17108 13747 23495 15980 14050 16191 13543 10961 9361 15020 19711 10405 6500 17878 19891 29219 13766 25878 19351 7249
18155 16936 8335 9509 0 16958 21854 10833 2641 10772 21401 13484 12525 20846 7311 20844 14655 15475 14855 18052 3979 21038 17160 20735 29578 18331
17651 12848 7587 4797 16527 13641 29130 27236 10169 4977 22690 16770 11665 9451 7310 19619 24627 14758 13970 15790 4731 16123 20020 11739 29803 19110
15094 12083 10747 12121 0 12620 18897 10761 12403 13155 22141 10684 9248 4897 12857 15726 19096 15647 25036 1108 3882 10606 16544 20126 31767 13355
17487 13649 10749 12478 6607 12742 22901 18830 0 14790 16523 23667 13083 20545 0 23152 17119 10996 16097 3376 5829 22045 15821 2478 14847 14902
18610 14707 13068 9304 12371 9750 26061 0 15165 19015 15622 16353 2975 9615 18437 16699 22161 16272 28300 14219 4655 20044 14114 14027 13926 17263
15518 26093 22338 9050 1538 10085 24779 11359 19899 21871 15440 26594 15791 24565 15754 21005 21347 16655 20360 17197 15479 27052 19857 21061 23647 10787
15065 21283 14656 14387 6113 11805 14436 17183 0 30925 10071 17650 14026 17580 9730 15435 16121 9318 14214 19791 4557 21238 17884 7213 20095 18060
19930 6169 12055 10605 0 7578 17941 22776 14671 7938 10754 15842 5667 22838 8719 18100 16771 18267 9689 15109 2112 23489 13159 31483 19680 16618
12694 3822 17411 10717 13306 13491 18548 12696 12108 17997 8970 23030 9967 19327 4416 23423 12640 10643 21430 12770 7785 18202 14120 28347 21100 4013
16330 16303 16424 8602 13278 8148 17733 2558 13972 24549 10188 12622 9321 18091 12696 23405 18348 15728 15323 888 18859 18044 17805 21242 28232 18704
18213 6506 16828 12558 9216 8819 10772 11824 7352 25901 16804 13323 10485 20208 12748 16903 19397 8855 12390 15545 11793 25250 15565 15197 11874 15653
15495 10718 20849 15938 17596 12634 17932 2134 5265 22858 19693 14458 19505 17132 10136 21127 13675 6456 6187 8807 7889 17286 12560 22137 21766 13910
18465 21639 15489 10168 8951 11086 23147 23639 10755 11053 21065 15164 0 20026 10513 13764 22993 17208 17382 14992 0 27491 12312 23340 15564 11152
14711 13480 16341 9023 6227 7062 17025 14177 16649 6451 9703 11261 11448 15384 12057 22995 19664 19343 17372 27284 3560 18496 7677 12648 22094 21316
18047 20794 7944 10897 10033 10161 18345 6751 11227 22240 18575 15818 3119 14561 15186 19633 22624 13273 8934 11844 4839 23745 16013 19466 8227 10407
17057 16322 16041 11451 11128 9965 18559 3510 12381 17235 17176 14537 18997 19180 7784 13344 19904 1638 15004 5927 11982 29395 21668 3597 12975 3567
16098 21579 9021 12881 6057 6092 18836 12618 7594 16236 20634 15633 6802 20688 11603 17486 16347 20874 16170 7036 0 15169 22416 1951 5988 15267
15602 9608 16698 13545 21268 15290 19557 7218 7318 22431 16332 14860 20745 30349 10326 21329 16341 13676 19635 0 9887 23998 19770 16683 12988 29360
18339 26227 16535 9719 9561 21095 16311 14488 14188 21188 13820 15024 14994 16032 7795 17214 12220 11365 923 6498 24915 15628 16623 20222 10565 20588
14956 24592 19365 11898 7729 11547 18702 17186 13734 32624 15813 13887 28559 16635 14137 19433 17072 13823 19521 13443 14416 21444 17365 9584 21632 1686
16618 10988 5414 8897 23984 12590 22021 19920 336 12440 22419 13211 5756 19278 13595 22778 18141 11783 4788 6418 329 17032 10028 14618 18642 10019
17196 4692 25420 15188 18495 16541 27741 15895 10660 30425 23092 22518 13582 17956 15105 28990 14816 16151 7399 10168 241 24705 19873 23092 27238 3783
21230 25822 16943 7567 23336 15631 22386 11231 11839 4006 18734 23893 540 12487 10257 7283 19543 13320 25153 0 9362 25437 10055 16302 488 20747
17719 9312 13159 12668 11134 13787 25411 13811 8708 13450 8612 17658 12086 19578 8859 7563 14668 6772 22638 10179 10971 15959 13288 18834 28603 13175
15226 26204 25521 13150 19550 7040 18358 15397 21248 19774 16803 18122 7510 15132 4582 19197 18752 5724 3766 8867 6042 16370 23705 1531 21581 14055
20334 12651 12739 11673 10067 6018 10268 16795 2110 34284 12851 13896 7579 14257 17359 21958 17614 12254 21976 15438 10634 15135 18067 604 27802 12180
12838 19071 11803 14474 3281 10058 17805 15511 0 12026 21749 16374 9811 11495 11319 11964 15282 13883 19668 4019 15894 28391 18187 17832 20563 16553
14865 13238 19675 9230 8488 5977 11586 15525 8326 21869 18489 16514 12293 18989 9717 9139 21267 16698 15972 11889 4647 13921 16721 6865 22798 18130
16546 13306 3465 11090 14277 13623 18157 8033 11597 27179 3403 13157 7802 13011 2946 17934 15607 10663 6761 4006 6216 21547 17242 8874 19354 14082
14714 13359 10573 5449 9779 6877 25452 7224 20493 21414 17176 17885 16573 14309 19473 1165 18203 10480 19307 12667 14081 6226 18200 11367 16493 24012
20476 16960 12577 13502 14503 10351 4494 14983 12942 10627 28007 14332 5 17156 8972 7901 18908 11857 7923 9205 20453 24772 20006 17329 13674 23985
15044 8062 10533 13053 18332 14991 21114 10584 7877 12329 7240 17797 0 15782 7032 7141 16944 18993 10695 13394 2148 17472 15454 17465 9690 11594
19182 6083 13740 7208 7778 11273 18041 6899 17329 21461 14646 13341 9268 10837 12515 19123 18008 15513 15628 16188 7493 20211 14742 17287 25631 399
15484 21422 22717 9629 15221 9920 23810 7528 19204 15020 13611 16867 16303 22520 8674 22771 18806 22508 16577 0 18672 18964 17055 26 19971 10660
17908 15340 11283 14594 0 13144 20401 18951 17963 21110 22819 20708 3041 17356 0 26959 17422 13769 22582 9361 13128 24991 11262 9971 19907 2175
17148 4275 14002 6465 9138 8324 24076 21946 17782 976 16039 21129 32206 13911 14093 8881 20508 0 10533 4825 14355 22766 11995 8154 26682 12314
18959 1899 8747 15930 4418 10961 24985 20351 0 16825 19207 12701 3552 6747 7826 12041 19040 28568 10776 9666 12882 19493 13675 4828 19543 18274
18020 17527 17867 7065 5848 12935 13889 12269 6994 26422 12959 17952 3697 22780 19623 16217 21150 21562 15489 9433 6730 23633 15282 21593 11873 14125
18155 20201 10835 10991 5660 10139 22797 13286 6295 10407 11199 15520 25386 18043 12691 22496 18920 4221 0 16806 3618 18234 10195 22261 16531 21053
17178 14787 15217 11800 22982 13088 15823 9104 14074 17751 21162 20360 6062 17591 11591 16923 22412 11448 13995 13331 9769 28969 22958 31812 28318 21135
13928 9343 18452 7354 13381 9979 28886 16939 0 23327 7939 3300 0 15303 6680 12975 16136 9689 16404 20386 18566 20891 9805 5991 30053 11154
19583 13375 15517 15996 11190 11952 15586 14671 7937 23901 7531 15919 8378 19780 20657 24507 16952 15431 20953 2060 2341 8401 16768 14496 12580 5816
18650 13974 12902 8402 13665 7630 20808 11225 18594 8567 12066 24934 0 11840 4535 21745 15843 19040 10589 11472 0 21769 17794 5581 10253 12122
18101 15703 10581 6006 4012 8657 21666 16761 0 22773 4379 19469 17530 9626 10297 28716 20861 24522 16356 10058 6646 19347 16853 2834 23429 17158
18999 23765 16395 10745 5270 11906 18725 16006 16037 10678 15999 20382 15482 18222 6061 20314 17978 15227 7450 14130 3033 11181 10460 20831 12809 16953
14859 3056 16264 10921 27835 16511 31378 23342 18119 22466 9840 12484 15613 5373 11112 22462 24630 16232 16625 6448 22127 27570 18249 23250 20876 7745
20082 12401 5314 11809 10127 15796 19263 1572 21557 15917 11823 15853 6626 16684 20719 12538 20160 21297 14304 9060 7199 16881 11056 21896 28591 6230
18082 8195 13638 7842 9092 12981 27680 2961 2501 27401 13814 20735 9806 19712 9929 22350 19542 15085 15831 29983 6760 15374 13486 26583 28017 2808
12975 12769 13821 11888 15135 15344 22120 17074 11058 15545 13072 15522 4225 6101 3197 14575 16875 15222 20876 3386 6820 20932 14078 12452 31610 14877
21343 27284 13602 11440 15541 13526 15381 12987 6874 18277 8542 12391 20891 20973 20323 16565 18797 11184 43166 13082 7130 17058 15184 12452 25121 10953
17153 12259 13846 15838 7679 10650 30257 14181 17723 31430 11671 16129 10692 9543 8788 22167 17215 14281 8898 22231 19294 25707 13456 16430 10110 16636
14485 11594 16250 9785 11479 14853 20725 18243 9771 8230 20210 16391 7619 22231 9340 20371 16792 4581 11736 6167 0 10155 19254 2636 24381 3125
21486 4919 5411 13148 9841 9962 19808 6824 1421 22053 18142 15535 17734 23785 19181 17509 17318 10763 13263 6240 17805 25005 14220 21130 11194 9381
21980 3206 13558 8072 14098 11697 20506 19885 19800 14806 15798 18205 14429 21002 6821 14063 20921 10312 0 7531 9491 17013 17697 17885 25014 25231
18433 21751 15215 9994 12644 14382 26653 14713 19472 8705 16589 14576 1972 8369 0 28490 23158 20320 7594 1969 2100 10980 18653 13827 17276 19120
15586 11230 15178 12816 0 13001 14533 480 19798 14473 19469 17942 14159 19924 16910 22820 16483 12510 16320 3979 14289 14293 27799 10479 24787 5990
18245 17046 15933 10339 18224 11836 18560 0 16372 22823 9541 22862 23207 19828 20269 20539 24048 16081 18903 7073 15396 22811 10891 11885 24418 14784
17347 15216 19758 9255 11330 6400 16303 15797 13795 24966 11864 13181 7141 18052 8189 22233 18389 18346 1629 6867 15783 32020 15500 1277 25426 15122
18518 16525 14147 6784 15076 13366 20898 21310 23368 21781 8484 19523 0 3263 8565 29500 17762 12955 2993 19563 11718 22772 17066 21128 17338 7484
17357 18392 21705 11468 7072 10808 28896 9517 11095 9261 24394 18716 15525 21651 3080 19636 17346 10467 16681 11481 10024 13354 12458 13289 18038 11147
15367 12294 10718 10933 8784 12131 22583 18190 13329 4070 15313 20628 0 13341 10112 12780 16474 22935 13240 1444 10507 17305 17938 2205 16554 11516
18062 19939 13127 6687 21644 18688 24822 11636 15036 18967 15032 17273 0 10011 7653 16249 15648 15457 7575 26914 5367 17867 16153 11312 18721 15346
20725 18425 19966 12936 6628 12471 26701 13663 20030 5211 6604 15704 6582 27521 18926 31363 15414 11741 1764 11859 6230 26419 17718 12015 14306 12548
18962 15056 16032 12287 15399 13391 30468 21210 12619 13219 17350 19113 11295 12871 14382 14849 21522 12622 7459 0 5172 31653 14900 21477 26691 0
13635 11633 14298 10635 22764 10558 8142 410 25909 17647 24694 15390 14973 14547 19339 19104 15015 13057 28344 0 18312 28417 13555 17426 17379 15507
17869 7723 16653 13295 10701 8836 12587 12154 3760 31309 17104 15558 819 23749 0 25355 17980 19154 13357 9387 11989 21452 12316 8163 16407 8006
19911 10541 12686 11278 6285 11232 19086 525 20993 14859 10428 16670 0 17878 9862 19819 19052 14817 15338 0 3576 16159 10294 20141 31496 15545
16313 13232 5496 10802 17868 14929 23961 3048 6728 24023 15224 15214 29423 22592 10849 11167 22316 6146 17724 745 14756 13889 13862 16155 22527 19054
15782 7880 9531 7564 13803 11833 14244 13012 4567 16516 27107 21876 21064 16234 9852 23841 20639 20052 23421 20740 17843 23264 22939 17202 21601 29554
14843 9035 18130 11788 0 6643 16754 20854 12487 18102 13425 16329 18036 23244 18396 14738 21087 18803 7340 19074 8454 7553 13763 14024 16114 13249
18683 5122 13852 14109 3249 8795 16635 20380 14601 9417 21804 22733 10941 16443 10150 9002 18755 11401 20415 3476 16992 20002 15291 12271 20725 4921
17269 16117 9525 11551 0 13883 31770 15798 9361 19437 10565 16180 12353 22518 14739 8809 24445 12603 17338 13968 0 18620 11234 14539 17374 21725
17243 10286 8040 12552 19868 10768 22632 0 0 21638 23491 20639 9118 12081 16331 18946 13453 16331 20260 11995 6589 32224 13672 10944 22676 5904
18590 3973 12422 10194 14125 11920 22340 11115 0 30146 18148 19973 0 26760 7246 15620 22386 13838 0 18751 10787 25398 19824 18651 17135 2738
14189 25127 13732 11986 20872 12522 28053 13004 5549 17007 17392 19302 0 21361 16942 17828 24896 14774 14164 25187 23878 16237 16327 9207 13437 7708
15585 13962 10946 10045 9045 16108 19526 12273 12221 17090 7789 18400 12238 17783 9173 21423 18768 11653 14434 14016 13817 19146 16138 12216 17380 6665
16715 11588 10255 9763 13404 10062 25294 13871 20776 1323 15464 14062 6438 17303 3770 15449 22818 17749 4144 6662 3798 13563 19506 17907 24215 22401
21135 11562 21248 13578 20096 10180 7244 20609 7329 23862 16132 19719 15386 15373 11001 25026 17261 14566 6065 6395 1003 18828 22648 18419 20271 12938
17979 14301 15010 7210 12533 18923 17775 990 0 15045 16834 14455 4060 11559 12563 19278 18763 10537 19430 3165 4047 18719 12844 7827 19297 20474
13738 14712 21730 11272 5188 13382 9704 24013 11798 15197 27130 19729 646 9601 10202 19154 20209 12009 0 10288 9930 12364 11845 6511 29367 28645
19103 14157 15130 11211 22091 9147 9245 18328 5414 16485 20223 20119 10411 19450 317 19094 17204 12520 7272 20575 10549 30084 14353 4019 14574 25613
16951 15698 1897 14308 6809 5719 18737 2977 10675 9831 16744 11862 5587 24009 448 14394 16488 8633 9470 9687 20209 24271 17016 26453 23690 4451
17599 7714 10683 11126 7216 10961 23267 22788 20847 15310 9883 21062 12348 15786 8388 17667 13640 15133 26590 5593 5787 27832 14478 24183 19748 15384
18438 9972 11076 14106 20549 12101 20444 14790 3827 25835 11223 16352 195 6118 3368 8259 19166 10285 6767 7113 9288 16744 13399 12122 21114 17362
16271 24529 10816 10312 9395 12932 21899 29983 6359 15832 26030 15137 12038 21093 2737 15734 19932 13916 7154 6585 11541 17039 17192 14609 17000 8232
14425 18943 16278 12074 6781 10598 18305 26181 0 14640 18945 20513 1801 24113 5763 14013 19935 10173 11657 5252 13961 32738 18989 23912 13624 15658
18447 8956 13536 12069 18758 14139 25910 16598 17191 12812 14437 22371 15363 20223 20865 16460 18056 12256 10054 8741 7502 17796 24996 11438 8186 6563
15686 15017 2920 13685 0 6986 21573 9462 14989 10097 22125 13808 15441 14578 4532 17433 10271 17494 11454 6434 0 21573 17846 10715 10061 21727
16756 11375 11182 6541 11636 8341 24545 12350 21589 16027 17742 11539 12116 19220 6029 11905 18893 11761 19096 9170 0 21169 12823 10211 20741 18356
18676 14647 14436 11013 20641 10805 23091 11385 7251 15747 20731 15911 0 14400 3835 13803 19830 8840 20858 13378 3362 32950 16035 12208 12928 9997
17756 10840 9868 12999 4095 8882 17414 13674 22101 16752 14675 20008 19603 16006 8520 19662 15668 12200 19874 4051 12861 2397 17206 11478 22943 10075
19194 7635 13948 11401 16942 15351 13074 7295 12095 14978 12924 23599 17769 21772 14549 18115 15362 11057 18607 21543 10537 19923 15220 14773 13160 13503
17729 21542 16944 5521 6354 15443 23063 10707 10452 17076 17182 19137 0 13124 17587 15659 20608 18717 0 8763 8227 21209 13499 23069 19261 6482
14236 25045 16785 10018 0 9864 20933 11417 10257 21805 8455 17705 29058 8210 11815 4542 17473 14824 15614 8117 8122 12162 15839 11543 22484 13777
17714 9364 10441 12984 10276 9838 23631 5795 19199 5763 22962 15006 18233 19059 14816 26994 14642 15006 6219 7312 6460 12740 15280 5347 22944 24322
14225 10319 8532 10401 9819 11325 20282 8304 5697 8489 17503 10012 10081 9997 12022 20781 15838 13019 16164 16684 12506 4249 24310 14771 21779 24558
17160 13310 17702 10786 19203 11663 11004 0 0 7077 21652 11589 0 21287 2238 13116 22390 7304 14558 7755 17196 27783 9677 11303 13795 13839
19507 1899 8990 15280 0 10734 20319 16604 18516 12960 14858 18885 9316 16003 21943 15936 15676 24946 14492 0 22056 24737 14330 11973 8610 10933
20252 12530 10864 12602 10169 13508 12733 2314 12602 30449 14363 10894 9315 18359 1969 13609 13662 14121 19793 17528 17871 10558 19126 7756 21355 8430
15798 4940 17370 9419 6887 11017 13283 14869 12076 21493 9755 15222 5424 11294 7498 21499 17153 11078 8852 12483 13894 23352 11583 7168 26327 4410
15101 16664 14548 16512 6774 14129 20216 12824 36 13797 29216 24302 2954 8859 22640 13371 17179 15010 19541 12010 6747 8328 15407 12038 15249 11703
18381 21466 9943 12672 22839 13073 16386 16652 13721 6186 22001 20435 19223 21730 8878 18588 17299 11104 16114 8802 18416 14872 15392 10343 16766 15684
19619 9604 14653 10216 16375 12866 24963 23739 17834 15304 8440 21823 18065 10257 17859 11970 18948 16163 3282 17696 21755 20785 20240 5725 27318 7196
19939 7844 17393 10375 20139 12147 22775 15851 10534 7608 21342 13288 9052 16466 5655 15773 17233 12561 0 14942 2680 8240 13329 19267 18153 2546
19783 12645 14026 10844 22918 12782 10352 10109 2477 16911 14290 26313 29193 21377 2357 23926 13936 15296 21957 18072 7998 17617 15842 21611 17539 45
16781 10166 12698 11431 10269 14883 20354 18286 15626 23822 15185 9283 5667 18849 18873 26593 14392 11967 20515 9441 10604 18167 16350 26128 19687 17398
17559 14334 6458 8773 12339 9028 19490 15185 6583 16295 11932 20717 8949 16795 20116 22810 12073 11436 16675 9555 6337 32273 14058 10367 21298 12836
16453 18858 9081 11768 13946 12777 28286 15159 15350 12316 10318 15740 12935 12253 18480 25005 17450 12201 10483 19542 14034 24237 17491 11842 21468 5071
15253 16686 10085 10912 0 11966 32265 14545 22472 22498 12783 23387 111 13008 19178 18605 19948 12934 7914 4772 15600 18726 12461 19548 27747 7611
20118 23119 19524 13319 11792 14048 17033 866 14816 27538 7486 8610 9708 21251 20595 23673 13825 15393 23588 29690 755 12675 9630 10606 29033 3725
12625 27494 10644 11123 21657 8050 14075 7699 13735 17063 14312 19825 13980 23009 10088 10130 19899 8546 6100 21576 8637 10440 22098 28215 22535 22319
19195 17802 11984 11777 15101 11854 18162 9480 760 17536 20721 14970 19735 20427 8998 25078 17409 14426 14525 5678 16637 11005 10347 1249 21328 3909
19130 9574 15132 15178 21651 13130 21628 11975 3917 22544 14930 19417 16403 13243 3206 19708 20921 6695 23245 13820 7881 16654 19575 22545 880 11801
17436 16268 13396 7585 0 11992 19594 5977 22055 11892 13893 19921 4137 12164 15098 15631 19445 10749 13016 18488 14489 13592 13886 0 10779 11901
15566 17666 13972 11428 0 11003 21238 6099 4315 26622 28395 17546 8536 15519 14911 16536 13987 11035 19448 12842 8802 11386 18884 23356 30055 15979
14367 9591 12428 9856 20260 8799 25641 6455 14768 20371 12854 21493 11734 7564 4240 24528 14285 2958 7786 2109 8299 32224 21559 8324 17991 19479
16676 22221 16351 9799 13831 12592 28828 9474 0 9794 19798 9407 5249 7803 12058 9245 19462 7502 26792 17961 14764 31807 15779 10426 16891 7937
15910 9864 11263 14626 19468 12528 22667 5671 252 15559 22962 22324 17837 13813 4602 16219 22476 4960 19683 18237 13750 24565 18921 21622 14165 21443
18688 13658 8193 11635 6653 12471 21323 8179 13294 16027 10400 21069 0 25040 18639 15396 20412 9021 11412 8677 8602 12046 16398 0 31997 14324
16653 20366 7371 14801 6423 18038 25715 7563 24466 24649 14704 22696 0 20880 20395 18123 14945 4811 8746 7458 4451 25550 14634 3185 15447 23404
13692 18034 22191 14038 8229 11421 15853 15137 4170 31261 15781 9884 7063 8187 25643 19890 14268 7010 24145 15913 11168 20998 13332 23902 19186 0
22459 13759 15013 16510 28363 9064 21165 995 6263 35697 9668 15330 7186 18506 13674 15309 18162 16190 10411 3571 13210 20945 12470 24930 20117 2947
