365
80 73 72 32 87 69 86 40 14 91 84 59 87 32 78 97 100 40 36 22 74 59 67 29 50 17
23648 16050 17128 0 10622 18664 12879 13903 21723 12972 13151 0 16122 18637 15672 10522 13269 10991 7355 10686 22998 8025 6454 0 13095 21934
26706 19641 16189 4571 11604 15343 19975 9351 26994 21527 7754 0 10149 21312 19533 14083 23209 20693 21783 1173 19046 4822 2331 18408 11371 19640
5214 18231 19589 3189 11037 19400 4967 19844 14710 19207 15660 14796 12139 13475 13535 16286 9059 16525 8948 5387 26971 8862 11206 13923 17749 21856
0 17437 19444 3421 11146 24937 10424 19195 17743 11049 20164 27103 15860 16053 20265 16537 23134 17964 13129 17171 27852 16409 12112 4436 16255 25855
25493 20247 16332 9132 13196 21145 14258 13122 24102 17415 9620 0 11026 17036 16481 18793 21310 16767 30034 14138 15677 26562 2874 8914 20142 19177
25658 18956 22976 0 10534 9128 4779 12390 3875 17047 176 15774 12750 12607 26928 12658 20591 26704 20358 11598 8636 15289 18239 11287 19495 11981
17764 16257 13755 24555 10809 19923 16528 12686 20820 6818 16579 22998 14101 17172 20090 12642 12847 11721 7395 14875 8452 28186 7617 5405 19182 28758
11445 18543 12950 5897 12536 8448 21599 12160 6249 21761 10193 7202 10011 8223 24256 15198 27748 21397 22475 16688 8227 11588 791 13196 17965 27616
23679 20576 23020 3211 13020 3852 5642 16123 1751 8158 11204 22650 17865 16945 13426 13195 25672 8662 11974 10643 14858 19582 11876 18936 20150 12238
16905 14759 14218 1584 13345 15922 8598 13878 14202 18085 18681 21880 13012 13319 15713 16990 22415 20479 13655 13001 29634 19486 4244 2520 11218 24778
37627 18046 15875 12181 13080 14968 9218 14230 12223 29195 25010 16671 15541 15998 12086 16483 10907 22685 15670 16841 28001 4646 3276 4765 17634 18239
17939 15947 18099 4272 12727 20716 13312 15503 4398 20252 17325 17220 12499 10550 11348 17821 17522 22776 6528 8352 27665 11860 19279 7820 13336 18162
20099 17998 17404 0 14329 16473 29855 19775 18574 10792 9267 0 12857 9671 19844 13197 21783 17398 13643 14780 6310 7317 12993 23980 18126 20350
15297 17750 18603 13393 9926 11943 30000 9371 7340 12618 0 17709 9944 15447 19220 15375 14786 18339 9274 18103 10286 8976 12143 8121 13974 28339
12592 16455 10979 6332 10214 17591 19372 12580 4841 8292 6476 7460 15430 10520 20686 12302 19210 22453 19562 18582 18963 22282 13113 11888 11666 20963
23083 11005 19460 5971 13517 14541 1563 15577 17091 0 0 11302 8982 13824 21898 15336 12267 19564 15316 17355 14382 18926 6706 15280 8421 21196
17243 7667 17077 6440 11798 13319 19522 13747 24239 21920 17099 16861 18332 17321 20282 21998 16931 21347 22171 19791 23361 19444 6384 7105 17627 22493
15129 18133 16753 8848 11920 21646 17239 15819 15624 16076 14725 4565 17839 20074 14785 10711 18666 8141 12827 9406 22610 6361 6952 11253 13340 20325
26409 13423 15678 19080 15231 14938 10957 15035 25925 10002 19545 26471 15923 6280 21142 16223 15316 13488 10651 17793 24307 31000 11085 20480 10336 32272
7814 12057 18851 10096 14573 11511 15251 10539 22945 13355 7909 539 13066 15168 15815 17255 16118 12307 19629 13836 13363 9311 13758 8008 14427 19483
23968 16322 13702 13439 15998 6417 12259 17420 14518 11708 4249 15289 8223 18662 21000 13121 17647 18285 18115 20665 13965 18247 12205 6797 15458 10734
31649 19268 9150 0 12387 11849 22155 9905 18331 22504 0 8103 14263 14801 20121 14187 28099 21662 8303 16468 25691 24177 7833 11639 10924 22418
18707 20973 15963 15466 14466 16367 10969 19556 14792 20759 22201 16716 8914 18194 18353 21766 18024 15685 19617 16910 13155 12285 4897 5320 8424 14361
24480 15700 19759 11895 15826 17946 19781 10622 20880 23638 9528 3162 12557 9486 17938 12237 33720 29267 19029 13083 19107 11089 3970 0 19230 23727
27820 11418 20631 5991 15252 3558 7907 10520 14954 19552 10469 19172 16496 14427 24356 10502 18233 20889 17139 17189 9461 15208 5645 13655 12619 25209
25709 16787 16479 16872 14136 4484 15534 19578 14652 16823 14112 0 9190 17482 12587 16190 23184 19649 6605 15266 22328 11270 16816 12485 15245 26683
11112 14280 20381 5801 11811 17286 16507 16109 20327 12760 10176 17769 14837 17965 11637 13560 29298 22413 13698 18027 22372 10318 9738 16206 9927 23499
20860 19874 20172 3200 13769 5756 16947 19979 8714 19128 23162 10791 8345 14457 21644 10860 19504 14355 32914 11688 22186 17535 13854 15510 10525 16615
12948 17787 17323 11557 9988 1445 23883 16444 11894 22611 10937 2314 9798 18066 12963 7665 25007 27904 5832 7675 20873 21251 8228 22964 23273 21364
17216 16245 14138 15864 12941 2997 27423 12415 5306 17563 12647 8929 16425 23182 18987 8351 30905 23966 21878 15897 22735 28077 19474 6757 19345 10985
26050 17554 16266 22296 9320 14731 8303 18051 9416 22517 23808 16774 19397 19826 21736 14795 21041 13873 14581 26354 19001 21168 23402 16958 8524 17859
20636 14439 19224 6713 13340 19192 16581 14292 2204 21709 16546 23160 11505 13519 25207 18441 11903 13233 12729 18416 27061 19201 5891 736 11235 21353
17436 20523 16476 4636 10532 14749 16529 25977 7590 21113 18266 30858 8988 10707 24140 9801 13154 19402 20116 18885 24853 15288 11101 7976 11249 23515
9643 12893 17836 0 14624 4138 7654 19366 16128 19902 11704 24596 9450 17367 14785 17098 16735 16318 12722 16467 21150 15846 6656 15672 8956 12427
26037 18682 19446 8756 10934 18410 4711 11133 27472 22106 13468 8264 15806 12377 13031 17039 18614 14201 19025 18795 23175 19011 6976 10429 8850 21135
24721 16747 15434 562 11591 15441 18711 19902 15807 10231 11357 20656 8445 16851 12390 18325 18586 20300 17532 10911 18006 13244 15033 0 13160 28193
18846 18856 11181 7005 15098 5762 16318 3492 35389 16253 2850 26405 19809 15800 16696 12066 19916 15128 29197 21430 10333 24066 30228 15011 5011 25057
18791 19383 18787 24332 13714 10366 2668 13530 7629 16361 16596 11116 9284 10592 19052 17528 24355 21133 18718 20870 13479 20525 14246 11790 15649 20624
18603 17895 15048 22392 10634 23314 12585 14171 25011 10899 19490 21043 9153 17824 16364 10311 16596 7183 19231 21631 20406 19830 4701 7210 11504 25483
29623 17966 20930 6181 13197 18604 4148 15312 9701 19348 10588 25063 14909 17477 23678 10367 6571 14240 14345 19151 25255 20531 6272 1698 16181 18478
21464 18318 22710 27533 8759 4755 22004 14357 18391 15794 13239 12644 18091 17272 20492 18124 22831 5891 25490 11905 17416 8760 16187 24320 12182 21473
18075 14871 18097 13172 15284 18415 27399 16682 13790 22624 16804 28635 10297 11232 22306 12869 19671 17121 20349 8422 19942 10469 6942 16357 10985 20782
29285 20415 18981 15960 7723 12073 3098 22958 23162 11785 11345 18966 10152 16751 20658 18408 27663 12009 8952 17073 15887 21032 5059 3847 19194 28713
24664 16169 22268 14408 11555 10947 13713 10698 9522 16182 18390 10417 11748 10438 18958 14222 13682 19902 17725 13169 28825 14148 14398 11041 17837 14798
20521 21957 15230 19415 11559 14037 19279 15282 21876 18805 18025 19099 19746 10615 23255 13155 24343 6930 12227 20207 6495 25302 807 0 20494 23127
18894 16493 15112 7529 11552 5108 4402 10016 15702 15201 9546 13680 9763 11176 11916 10800 12900 24417 10608 19666 4282 21810 19441 5470 15266 22784
23426 14508 17703 10904 15922 4893 18824 12584 26948 14566 18468 1232 14703 16350 16759 14429 27360 14963 15835 15484 23710 20103 7088 17187 21100 23967
16225 20607 17053 10032 15285 12279 2738 19867 24445 20603 8272 4890 18042 22975 13897 15868 25180 16483 17570 23208 16192 9396 10890 10298 20474 24225
18626 13007 16141 2206 15644 4664 12336 12864 8657 26516 13558 22220 11723 9459 10083 11570 25241 16228 15444 14598 26422 20827 9939 6535 7298 23439
27071 21454 15904 24431 11923 0 17236 13787 25775 15971 16532 17816 7374 18638 9403 4812 25189 15797 18409 15731 26348 6964 11412 21986 14585 15738
27860 17895 16426 3417 9828 21861 26567 25485 10470 12315 13796 6060 11683 20327 20129 15791 19432 22038 19851 10100 29095 8158 11654 2759 14909 17131
26138 14812 20947 22822 12182 12996 16058 11428 27565 6294 8305 0 13440 12237 24706 13809 18352 23317 13436 15210 1772 23535 13001 13925 11454 22291
15305 17262 17748 7723 11132 16818 17709 23249 24600 16529 7169 7013 10705 11645 24744 12537 9792 13261 19361 8443 19508 20907 2443 10662 6219 19674
12257 11354 19537 23050 10084 12771 16850 10345 8057 0 17980 12277 16473 13966 22497 15370 27339 15555 17382 15693 17816 19938 16240 10615 25023 16016
11440 15235 18114 7933 14346 19358 7744 9025 11818 13935 12339 12118 11295 16038 19598 14709 23333 21747 9402 10485 20523 12052 4642 10971 13600 18446
25206 17220 20459 10960 12959 28991 16245 10367 8540 8532 15114 16810 13689 20790 17524 15374 16886 20905 13416 13585 20670 22264 8264 1525 22778 20657
10505 17332 18977 2424 10340 15020 19434 20393 9453 18026 17208 21140 17905 13383 17975 11844 13521 14481 10783 14607 20752 18349 13650 7655 21977 10486
18135 20624 17102 9396 12257 15163 3565 17776 8781 12686 3798 21181 13339 9898 10251 15874 18151 9793 9364 18543 16579 16217 18580 11445 19874 21659
27378 20211 13245 0 16086 10059 20086 14191 25312 24224 16199 23438 8623 7136 19480 11776 14467 16292 19403 15201 24220 25130 7252 13410 9508 6589
13888 13419 16948 4170 9475 12893 17368 13502 33138 24233 18945 20218 15765 10116 19121 13007 10872 18069 17127 26098 24220 19227 18348 13471 15033 15120
12702 16618 18076 12925 11456 16854 15810 20439 12185 12933 4768 14530 15999 14885 10634 18493 17125 13811 13834 11931 19932 3862 14838 2423 18534 20852
6932 15890 13990 19670 10711 3576 20003 21097 13404 13732 21175 7369 7098 20767 19277 19932 24378 19855 9738 10496 5063 18149 11774 14011 13315 8928
6830 21041 16397 10962 11275 20317 26187 10401 25170 15123 14049 13681 17415 16559 17853 17249 13498 24699 20921 17549 21649 12362 11582 5216 8865 20321
22881 16628 14180 10354 15134 10497 14434 11406 7033 24594 8121 11747 8466 17603 16128 19616 15069 26949 11462 16489 8057 10624 5663 10976 19719 21971
13227 18123 15816 3297 11822 29504 23685 14731 12263 12036 16033 20397 10696 16752 19938 17024 22104 15838 25369 18815 6105 13855 16848 9434 12549 13991
18594 12622 20509 15164 12465 11535 7861 16305 13180 21013 11780 13288 14087 7704 22403 7994 17476 17281 18884 19582 22833 20647 9856 22294 13404 22118
13411 14693 15963 6852 12572 17472 15698 7663 10602 3945 8123 8256 11432 20737 9610 13276 17388 19408 12478 17312 30557 22924 9250 5437 10203 23270
18765 11622 20091 8849 7259 15702 13577 8541 14555 22050 12408 13194 15252 16959 18026 20474 29217 15644 13931 14577 20240 7077 8770 15349 15721 25838
17626 21772 21354 12510 10142 9919 20119 13674 16492 16248 25673 20692 12174 16072 25249 15194 31187 16591 23730 13809 11820 21787 6801 12656 17662 22837
14911 20482 19534 4629 10535 19332 12651 15693 2036 17441 13588 0 13536 18261 13066 19155 18834 25869 5967 22005 23549 4481 15806 8687 13012 21284
11347 18364 16771 7402 15627 14085 25396 14194 20236 2983 21169 9809 17036 13381 21573 18096 18506 15344 18160 15583 13004 18269 10161 2369 16807 23600
16029 16425 16554 5859 8548 14412 13599 12124 23213 22933 18980 14570 15936 15577 22079 15892 14240 17797 17392 18327 32901 8806 4155 9471 14800 32778
13235 21646 17326 15643 13210 11632 14464 9333 18264 19736 14840 30391 16862 17643 18017 10924 33548 25403 18487 19168 15110 23788 15957 15357 9430 24840
17515 15119 20556 0 8164 9613 18974 20858 18501 20193 5044 30460 17386 12874 11976 7366 20788 25040 18287 20279 13190 22348 11100 8669 13968 29956
9779 14915 18244 10529 10442 14764 13950 13869 10142 3158 14707 20376 11759 7253 25512 18252 21071 12171 10268 13639 18952 3386 12732 16912 18337 16658
1137 10964 17050 1698 16639 14672 8059 16293 11453 8364 14139 13879 13405 15838 15720 12497 29455 14064 14104 11021 28612 14521 3766 2035 8655 38200
18239 20581 17355 11968 11789 6334 2716 17676 26736 32198 9805 16246 13496 13592 22075 14073 23834 20534 13101 21300 17018 12753 0 16408 12762 21952
19716 18153 21380 4532 12179 17420 7626 14011 12266 21668 15822 13818 13677 17376 6406 17727 14965 20820 12923 14245 16214 31782 19292 19273 20008 13144
22531 19093 18882 11734 11445 13249 25202 18427 15585 9328 13767 13266 19159 19482 14791 16188 16574 25973 12929 26729 21116 12092 8445 24630 13581 17513
13041 18448 17082 11634 9980 13435 22945 10970 12031 14737 18537 20450 12879 17992 20150 17920 23674 5576 12317 24678 15640 14819 5277 20574 16345 17761
4595 16019 17043 9632 12324 12072 24090 11642 19608 3372 6978 28938 11838 16268 22923 15297 26460 7914 18282 20736 17101 13937 8907 25256 10713 18945
10537 17967 15633 18618 11723 0 20106 12405 26407 23800 15167 8122 13190 9530 20691 11134 24770 22597 14134 7130 22755 21915 8364 14892 19092 14361
13313 20144 16492 11829 13176 13437 8537 20902 14459 9911 19595 19986 14245 16428 14563 13230 25582 16361 17097 12598 18855 16497 6526 14630 15199 25923
11266 18450 19691 14423 13636 12636 19472 16004 28494 19666 19129 23441 10897 12689 19801 16657 21806 16823 14553 24740 10082 22321 11938 20770 16194 8627
17365 18369 16617 4954 13763 13156 11815 19717 7920 23768 0 16668 13657 10249 20566 10394 4709 28317 15682 14551 24853 16218 14042 12519 18369 23162
25728 12405 17342 3443 14844 9635 3520 10321 15969 9232 15768 11505 16094 11052 21124 9052 15134 13641 20388 15052 6273 21642 10457 6268 13348 35558
16967 12507 18075 0 13546 16625 3938 15536 19639 13580 11230 20915 7898 17977 23092 15349 13017 21590 14796 9650 21396 22398 14315 3927 15103 18452
16735 20859 16967 17305 11131 10400 9364 18648 13244 20460 6548 17410 9573 26541 10946 15609 19034 26301 14694 17168 19204 21730 10351 19036 14204 12434
22426 22626 19733 725 13779 12866 7476 20349 25101 8662 8795 10942 19063 17218 21790 14604 23879 15554 16572 9955 18519 17509 18280 11026 8293 26724
21015 22057 15859 5996 12393 21991 12457 27211 11434 20222 16994 9917 13456 20069 17163 11635 19920 22125 6723 14771 16278 26887 2885 5583 17778 12784
16985 15437 17556 7504 7476 18589 9973 15816 17649 19132 8709 19108 11749 22185 18763 14896 15785 19124 19914 20566 18932 10666 13971 22669 13996 19383
8502 17987 14225 10274 12124 18755 22336 15047 13816 19126 22831 10311 11628 16239 11602 17088 17045 16052 14445 17239 16891 18136 13862 12310 15406 20031
16290 14975 14182 16228 10660 14670 15696 15420 12467 7556 29163 11651 20117 13017 11494 17741 14884 24792 11480 15079 12341 4997 11281 21973 16461 20204
21052 19425 17036 10421 14109 14159 0 10311 23090 15751 1631 5121 17673 17304 16129 13037 14390 14533 16529 19326 17027 26622 9435 10071 5084 20578
21816 15697 17192 23591 12394 16272 7565 14175 9382 21791 13702 16327 10842 8276 9008 14192 16469 21664 15104 8317 25039 11450 9066 16790 15743 24583
5679 16018 18797 2497 12007 15756 26388 21227 10819 11432 14447 11159 12918 12046 15997 17943 24333 20756 14292 10464 19649 21619 9224 14517 22171 23921
17516 21093 18268 19428 11847 16970 17892 7471 4920 20248 13286 22567 11785 14363 12410 13829 17443 15642 16498 15066 13950 26496 14306 19732 14069 28095
15860 17810 16478 8661 11405 8535 6323 20612 6813 27299 1964 16465 17957 15542 17838 11288 11493 25457 15150 20854 5040 21321 9806 13839 19720 12512
20482 12603 16019 18764 12902 13698 16267 19969 14106 23006 24141 19847 11279 13313 14451 18004 12703 16904 25854 14747 17531 21005 7458 6752 14379 21877
5321 13801 16860 10678 6375 22137 12231 11178 10941 12243 15364 0 8300 17117 15403 12987 13560 22025 23142 21212 25156 24693 19581 13716 15092 27630
18269 16655 16592 0 13892 5222 15258 14001 10684 26165 26284 14293 20145 21120 13306 13036 20136 24539 5864 16578 4508 11845 8127 12922 6859 15387
11308 20135 17887 10843 10481 13302 13491 15571 18693 15915 7066 8605 9980 4743 13954 20078 21796 20899 16751 13062 23825 8914 10012 10569 24811 16292
8906 14078 15696 4788 12186 13732 17538 20867 20356 13045 15877 3065 14408 10509 18548 17216 20073 15725 20970 9302 15821 16793 13659 16050 13144 22586
14874 14300 16810 13856 13586 659 4860 9515 3921 20549 14158 13392 15768 14751 11625 12912 20776 12004 21251 10865 13730 23247 12140 2375 14969 12559
9392 17772 20401 14330 15318 13133 33053 11987 24146 11367 16619 14997 7494 21151 17379 15516 29634 14930 18355 14789 8868 13910 16564 1037 17031 20857
24159 7322 20844 5427 9729 0 13830 15908 14378 8326 10185 15819 2956 11078 23337 18111 11001 10159 25522 22200 9021 22279 15631 12794 16509 29002
22713 17392 17986 12603 10619 11271 20541 18868 12186 15425 5843 7808 10287 21000 8873 17057 18297 15854 11819 12823 20702 17622 11967 16142 15054 24360
15800 20022 17425 3436 10355 3063 21541 7619 5072 7327 15136 17496 12161 22744 19030 22857 18422 22261 15875 9155 8780 26290 11257 15331 8281 13538
11888 12811 14273 11829 12624 8399 28766 10481 2580 18228 11138 12933 13170 17292 15894 18305 13501 23974 9598 20905 18407 19532 10298 6407 10298 16790
10818 17830 17712 8816 14565 10351 14025 23553 0 12418 0 17158 12425 16036 16735 6384 31761 10299 20250 19239 23203 19116 10572 21283 14406 26746
8246 15401 15624 24973 10681 15052 19575 8136 6771 16629 15368 6143 16152 16684 18920 18749 19404 26002 14874 10780 17877 13128 20443 296 10374 18721
12824 13842 18032 14719 9986 7595 15886 8146 21540 12991 15582 6240 9378 7901 15257 16144 19889 14297 14245 14313 19875 39833 16279 13968 14159 13396
31796 19885 19463 13060 12461 4634 17294 14350 14299 24855 3662 26757 19379 16795 13229 17655 24977 10060 18694 19992 15266 10248 15538 1785 15511 9216
9321 11448 16344 15674 9025 11511 16038 15253 12004 12526 18461 10821 7671 16736 19261 21771 21006 15260 18469 6251 17919 14414 10194 9585 14030 22184
10687 22356 19185 7722 11289 13297 20342 7096 13084 32289 22029 22720 8439 14510 26589 15657 22876 18680 19214 13697 27555 20138 8560 3616 10715 20176
20638 20567 18251 8966 14202 12058 15446 8469 12583 6971 20110 5621 17287 9833 21538 19689 27816 28253 11200 14378 14037 14496 19222 5746 7618 18649
12324 11002 15023 13446 10481 13923 26566 12620 11131 14239 5709 7540 15841 9997 18913 16176 10630 16262 10060 22325 12715 23081 13940 0 16838 22113
25511 16651 16885 13720 10564 16632 28008 10445 14375 21948 14906 14584 14100 15442 14925 16468 28542 23382 14479 10190 20222 9497 18922 16650 17488 18513
22712 15267 19835 12875 9943 17653 13907 11705 10394 22531 11586 17953 13886 16982 12583 5036 26639 18183 4024 10191 21298 27937 8324 0 11643 29464
10815 12459 16961 10788 9771 4982 14028 11962 14794 16592 7296 6590 465 7638 22886 16468 23718 11275 15524 12268 25722 22715 7214 20403 12374 10535
21569 11298 18972 12008 13841 19774 18906 19146 31695 21954 8073 19298 7780 22081 21752 16463 18730 21308 13723 18408 4910 14911 24672 9333 15999 10450
15178 15506 16777 11104 10317 17503 13525 10893 18685 15417 21203 18377 13040 15609 18222 15570 7414 13960 22629 19088 7583 21819 10846 4307 17838 15051
14763 14095 18489 6414 14251 8343 23679 22799 14939 21567 15257 20151 13347 17146 15197 15481 15072 18806 21497 14514 22410 14788 1795 8778 18132 34555
15162 19211 13060 13440 10699 413 22145 9045 6737 19020 8632 16118 14115 18042 13750 24784 15475 13416 27489 7172 12563 17923 6093 6930 26162 12111
23446 16038 17228 0 9669 11561 20373 16397 22985 17177 24795 19866 11341 8672 12638 9509 16934 19617 14047 18458 26345 14048 9373 10425 12086 13444
14459 16782 16264 0 12754 8554 21940 10557 2048 21540 15320 0 16864 15802 16572 13035 18824 8845 19318 11385 10554 23303 7917 20996 16787 15373
17010 11741 16576 19505 15873 10298 13673 8752 17290 16775 17846 11994 11755 19296 17554 13575 9919 25085 15317 8151 15862 8994 8855 18634 15297 22423
19247 17882 16057 9453 13496 2570 24972 15448 12485 12525 16225 5684 13433 24836 20121 13583 20746 12494 14198 19949 23993 16354 15022 3987 13545 23364
19026 11131 16280 15347 15345 14112 25985 10692 0 14290 14562 23331 14934 22736 23390 16076 20715 9248 18028 13260 15774 12071 12642 1486 10664 12858
30235 17848 19369 12853 12942 19236 16366 16855 14447 6471 14774 11115 14434 8852 26162 17030 28574 29217 18086 21440 27765 21343 10100 13350 11025 19147
17323 14332 21923 15111 14867 20071 22622 10762 23350 17809 16359 11261 15449 20288 8778 19819 22664 17322 13806 9544 18749 36483 6896 10789 16694 16707
18637 20537 12782 1591 12916 7706 16536 19276 11684 20206 11931 14747 10139 12120 23168 13360 21668 28227 22943 16646 27446 24254 11285 13378 15907 31812
14501 21151 17555 8027 13640 13637 22065 8348 20599 11726 4421 20575 8835 10341 15209 11064 21308 23740 6415 20611 11603 27038 6868 10861 12947 14257
14289 16265 19003 10175 11916 14420 4865 12897 9480 18176 9034 16092 14160 18825 20089 12844 27876 27287 19778 20794 19365 28828 12047 11418 11798 19534
2028 16620 16226 18292 15578 11675 30507 17921 23751 21076 5625 10272 6693 8015 12268 17688 31646 13766 16120 17723 10785 21239 11423 8582 23051 20014
12458 17367 14290 9261 11645 9913 26242 4763 16601 6231 11002 22081 12501 9964 14784 16280 21184 23851 13415 14740 30720 22892 4511 4370 10586 26452
24178 20616 17252 15008 12342 14581 11758 10211 14500 14023 17628 10297 11454 17238 15205 16127 26286 19223 9374 6814 17679 19267 6468 18869 8103 13789
12162 17047 20313 3797 6689 7644 21409 18430 16280 15551 20343 11837 15436 16513 18276 12062 17910 15533 15361 16087 13305 19556 8562 4511 20550 15993
24422 18394 19539 16377 10050 18319 14351 15650 9979 19187 5996 18095 15316 16910 29418 14653 14030 22107 23720 8358 0 11446 14649 12438 7733 22039
18563 9469 17083 13173 16191 6080 18433 19429 27658 16761 13286 3404 13914 15724 21515 9818 21223 11856 13499 17190 13738 19627 7360 4971 21843 11242
26826 15933 16493 7978 11130 18760 8632 16013 20881 21127 8894 215 15840 22093 12027 21015 12546 13168 8760 15102 12978 11400 13495 12935 16303 16509
6283 11861 19009 11598 10779 13904 15827 19942 24920 8280 16675 21415 13362 17786 20107 18134 12398 23384 16855 17769 15463 20584 12293 0 20608 20745
10915 14481 12616 7273 12426 12516 15604 11982 6462 13956 24665 28799 13491 20844 14346 19992 14772 13424 8276 18826 1700 21435 4939 10027 10655 5994
22105 21131 20777 9950 12130 5544 20988 18728 11696 20552 14679 15392 7329 9932 16054 13677 15812 7639 14129 16689 23867 10149 6964 24243 9272 20219
9805 19423 14994 26695 13669 13512 15312 13088 22250 19536 12741 18802 11391 21536 22777 22301 31848 24226 11743 13942 3742 16714 17323 0 21636 17470
21955 19084 13781 4631 7253 17279 10119 19633 9407 22250 5972 0 9643 26573 10644 10068 17098 22028 20776 27341 19986 13069 12513 8040 19869 30709
23426 12798 10969 10712 12442 5543 10805 14614 14398 11349 4358 5790 18282 18677 12398 16263 26165 15523 11472 15976 9848 23535 7141 23364 14680 13131
9862 15605 15034 18127 13589 9139 14587 22056 20295 8661 11138 22677 9428 18783 16670 15407 29626 30252 16442 21076 1948 19880 12952 26789 14406 28324
25653 17565 16743 3305 9516 11402 25817 28243 5049 19131 12601 11315 17116 8557 23539 10721 17504 15802 14169 14129 11851 13420 7438 0 20933 20930
16804 18112 17274 0 10924 16889 26016 20198 19280 25338 8584 10970 14084 24655 19684 12852 20458 18207 15892 22424 6063 20655 3180 4258 5445 20163
23618 16027 20626 9672 11524 9713 10404 18247 17003 13959 21454 11570 12824 10780 19376 12982 29665 20488 12162 15773 14035 19686 15847 20528 16855 13057
0 15329 16699 8859 9904 20933 9921 10854 20734 22411 7733 22465 5439 13568 14196 18440 12380 12635 15275 12711 21805 5957 11806 7540 7396 11727
10965 12611 18326 325 11380 10719 6793 18719 27753 23350 12253 14556 16829 14217 28982 13797 20565 13560 22256 17710 5733 17762 10882 14115 19018 30312
13760 18276 14537 17738 10664 18478 13697 16545 24593 12088 13674 13341 11490 12896 11163 13947 24925 20409 20035 5310 16189 931 11158 17180 12300 15461
9852 17524 17165 13009 11221 9619 27827 8376 21698 15219 15407 12962 11992 10744 15755 18930 21008 16247 16030 11771 22605 22931 9864 16055 15726 4105
18662 8633 25255 9728 6860 2369 5189 11776 18012 14810 25197 7971 12317 18507 13084 11481 15011 12632 16348 11049 26136 19840 9166 8457 12263 19431
16912 18748 13402 11538 8142 10750 26297 16350 6278 13706 23240 12191 12054 12505 18387 15388 12197 21107 11312 10398 15050 20505 11701 11020 20351 13132
13639 16362 16374 12397 12024 9889 18530 14184 19319 19083 19122 12440 16510 11913 17060 11650 19960 20632 5797 24798 16058 20226 7155 14571 11002 16313
16327 18782 19489 10434 10934 6725 13818 15373 21050 16592 11396 0 17107 10511 23561 14400 19703 14318 26634 16109 23361 20437 11997 965 19617 8028
16680 15613 21307 3317 13678 15593 20714 16324 14876 5757 17256 17221 15070 6533 21041 16829 21399 21835 14637 19720 16292 14894 8097 17584 9067 19203
6928 11672 15948 6519 10563 7262 14506 10365 18634 15693 10842 16190 18382 15273 18623 11885 7386 21428 13198 23641 9790 16661 25513 9121 14972 23447
26960 17272 14931 6708 14519 12922 17575 16561 11942 21492 9676 17417 6595 15607 21585 16743 16680 17682 13803 24619 19212 26373 18629 9407 18622 19765
13191 16788 18505 17839 11140 10332 9914 13410 23160 20684 22436 8173 13304 14117 17760 19760 17447 19776 17914 7499 21861 19057 3062 17221 13206 16975
10917 18238 13049 7682 12691 18066 18914 7843 33724 15259 25069 13543 6960 22492 16061 15776 11712 18665 9453 12777 17931 16942 7215 7001 27353 8382
22418 13145 17157 1015 15949 21104 23944 14986 21446 27350 16228 19633 12690 12033 15186 14163 25988 18718 20118 11719 18345 19046 6730 4386 14402 26111
2943 11735 17400 11875 14885 12239 0 12685 11072 14373 10922 35553 13901 18912 18925 7775 23839 21676 20328 15436 10671 25968 1929 8070 15178 9941
17055 13777 16758 0 13209 16453 25300 21540 0 9491 14584 24665 7777 14699 12910 17250 12677 21616 15630 18168 27079 16276 17174 16640 17019 12407
2338 14815 13836 12735 11412 16489 6476 11807 14836 20883 7332 21435 4913 11020 22615 13077 9027 21329 13931 14653 28079 14762 6996 13605 19167 14017
26712 17965 16631 7750 14448 20866 22880 19348 13776 33475 8064 15980 8360 14129 17315 12914 23444 21755 16425 18486 15679 14821 13762 0 21785 23888
15839 14567 18034 6079 12304 13482 14420 16508 8897 17367 7464 16337 16588 14181 12238 15392 25556 25913 5272 21450 13215 0 22910 16943 21416 15232
22591 20770 20199 12203 15865 17077 21338 12851 19188 22296 17253 11477 13806 10898 12802 13188 22810 11947 23062 10987 24826 12959 11987 6197 14089 16581
20921 17181 19823 11128 9768 10489 6139 14556 0 18739 3459 2332 19835 12975 21228 18025 25233 14807 9438 12170 23447 17616 8621 14926 13708 16046
27620 13042 17142 5779 14772 20477 8433 5443 18974 11559 22032 9792 10538 12393 15930 21846 15375 23671 12810 19953 6585 21392 9228 11204 6197 25595
12677 19715 20016 17930 12635 13625 29270 18016 17784 14816 7317 12411 17213 15936 14225 14871 34190 20373 14294 16662 17888 26414 9533 17821 5304 8739
15470 12123 18879 18540 12725 8703 11389 6828 24999 19632 8737 23146 11433 24362 16492 17978 16054 21558 14653 21138 23800 16339 10356 1382 18252 33523
31277 17509 18015 0 8633 6902 10415 14496 10988 25974 0 15986 11439 18637 20431 20880 15945 17426 16710 9918 4566 19871 547 7461 14342 16013
25620 20732 16867 8637 13096 15201 28892 15574 1902 21640 15835 22538 16045 17142 16113 15221 42013 14272 16262 18680 7441 32334 9332 0 11791 17233
22779 17422 12384 6508 17274 14728 11886 20787 27978 22993 13774 23524 12342 12674 23919 9966 18549 14481 16116 22873 15213 31416 517 4588 19834 24957
6652 17222 14556 10447 9335 13559 21498 13486 5461 17212 754 9637 14636 13761 18168 16973 16239 20392 15527 28439 18014 14763 8892 13108 12217 17049
13703 12750 18454 28625 12396 8471 15344 14189 21102 21959 13509 15329 3816 13250 21879 12774 20205 24636 11019 11644 14749 13187 12493 9479 13949 13120
13944 13852 16952 9442 11274 21249 20888 13918 11261 20286 21373 19292 13762 14033 16127 13556 28920 17311 14009 20667 15569 16240 9390 6732 19267 21619
19897 19510 14853 12686 14749 16250 9448 14634 21083 10510 12185 13111 15007 16995 19869 13350 7782 16625 13635 21727 15155 23948 3097 13231 13193 26500
31152 18354 15636 31431 12777 15877 17859 21900 19132 17927 10116 15238 17053 15261 22962 10888 7232 20304 19037 17515 17432 14157 18746 10472 15370 15316
27014 17251 15986 3794 13257 13457 22501 11014 27303 15036 19333 20981 20046 19070 23031 17065 28293 26147 20771 11099 22933 5663 12974 7969 13521 24516
3307 8962 17001 8958 15123 16955 28949 18745 0 20748 17547 12363 14432 10608 12365 9894 14585 16686 15081 25124 35116 16322 5580 13220 13651 17614
24588 17735 13893 7322 10836 8640 6321 21167 23825 23043 20883 14426 17283 18306 12945 8248 18717 33437 16380 17369 7911 17887 15824 12610 10083 27015
20664 17952 16354 2210 9527 9011 6337 13221 13514 17189 15846 15754 11433 11732 25692 11815 27490 18020 12652 4268 12517 20348 3670 14570 13298 21006
19673 13420 19312 15130 11236 16369 25326 3547 4867 15406 21071 20823 16004 5128 13925 9729 11660 18981 9039 11028 22225 16789 17679 26835 11136 15450
7872 18536 19507 10793 8097 15673 18543 13267 8001 13849 13774 19126 6169 7479 15250 18694 16703 27018 21352 17667 20454 15370 7202 10790 13943 10558
16155 19327 16343 10845 14146 6261 26817 16508 4641 21004 5690 21366 13902 12044 11646 11274 32114 20985 24877 12216 27742 7188 13610 23310 13472 13867
17146 14000 20609 12357 9305 2567 20058 13965 21856 21295 12926 2532 10525 7103 27753 21065 29909 24653 10158 20695 26714 16375 9582 0 8212 27482
21288 16246 16912 0 12168 10615 19962 18711 18587 13129 15229 15479 13594 14109 11879 8670 14310 20182 12931 15889 13542 27848 6618 17726 17741 17247
18480 14965 19021 10915 13087 7314 15616 21817 22323 20105 7131 13707 13171 11359 24062 20434 10623 6967 18838 19835 9145 17272 19492 4551 16794 25284
9452 13866 17123 2795 11729 13130 19873 17080 9454 17134 17440 9241 13026 17688 17799 17229 13865 22648 19480 26278 26379 9437 19385 11101 12660 16314
16011 21591 15061 6449 10799 2310 12970 17651 14223 18986 10954 5582 14747 3574 15827 12669 20562 18358 16670 15689 16854 20579 7629 13026 15061 13459
24292 17765 22636 0 12873 14686 15011 21864 18738 16876 15254 6076 8129 18036 14316 15694 14520 10175 22645 15595 9097 19863 24386 3327 14262 39843
14560 19454 18056 17738 15761 4170 24736 6714 6826 16616 0 3557 9104 17348 6644 11964 16531 21348 21142 12630 16314 25899 15537 10743 11255 16426
33859 16122 16016 2146 12302 12669 33084 16351 13004 20590 16878 2637 10080 10534 20712 13011 19868 11891 22337 11920 14362 19306 6958 19525 15701 15345
14290 17091 17602 15687 12898 13975 21323 12748 14274 9939 11876 22124 9261 13188 19911 14238 21892 16127 15281 29198 26518 22251 0 11165 17897 20946
12634 11954 20323 19738 10089 26689 22344 15311 16910 6932 17334 15851 14143 15807 22254 7868 18355 21224 9073 11019 10961 18042 8803 12895 18521 10920
11792 16617 19608 2459 11592 23147 3153 7751 18897 8791 14309 4375 17997 9242 17963 12769 21675 14016 24558 14121 6168 16418 10946 7051 18556 30578
15004 15519 20727 9627 10343 14834 4292 15990 20523 15133 17311 6381 17061 13635 28946 13388 23081 21763 19452 23863 5609 7838 24746 11774 15748 20208
32339 11706 12580 1885 9730 12863 13196 22485 15232 16456 9987 10543 14484 18944 19646 9190 24746 13352 16226 23476 17114 22031 13083 2041 10593 18200
18504 15110 17190 5252 13066 22547 6471 11395 13654 20461 20227 18067 12090 18170 18354 18292 24375 18540 6270 13401 23082 28827 7760 15644 11303 33350
3742 19272 19061 12993 15388 10859 7398 19872 18610 21790 12411 6581 16824 11943 25894 11765 13310 10106 14370 10587 5591 14187 13218 8380 14210 19704
23353 14158 19110 2053 15695 7371 8147 6723 20135 22636 7989 19531 13162 25919 9888 10725 23423 9107 8414 14112 17985 13560 12850 16747 8679 17623
15666 18560 17863 0 16245 7399 10416 13654 13358 25183 23611 0 13313 11376 9983 20532 9363 16092 16129 22186 24298 20022 10036 11404 14757 19304
16656 16927 18510 8392 8081 10785 6378 13870 15369 22709 15306 11682 9756 14095 17668 12201 18901 17712 16328 11690 17610 17661 8398 23235 11511 20471
16654 20002 13373 15269 14033 14121 9072 11081 10924 10740 1104 9682 16975 16602 16163 14936 28221 3875 18360 17205 20951 9511 14476 0 23603 27325
12143 11751 17680 3814 10462 19068 24980 23125 31356 13838 2969 7046 9838 10373 16370 12965 24296 18916 16297 24948 20136 24480 6119 11294 13001 3691
11829 18466 19881 2587 8465 6490 33991 13607 16140 15513 9225 27520 10011 18744 17867 12744 14619 12199 14615 22680 33495 18490 1947 22511 11546 23076
14698 10292 13742 1853 14302 18677 18740 15608 7300 13005 10441 11397 11813 12579 20043 18325 19897 16815 19561 22926 24595 12729 14966 8697 14338 18517
21077 8936 21513 18668 11778 19508 19516 17700 8294 10251 0 23438 15708 12657 26220 17021 21495 19315 14892 10289 25738 20571 3871 7570 10964 4640
14117 20352 13745 19611 11962 12418 10737 12530 17543 11399 12999 11119 16587 16915 16184 11294 7704 14817 16913 16462 7235 16803 13696 18382 10472 13508
13027 20786 15818 19279 13758 17518 10577 9613 14519 23605 11715 9256 13504 10004 12540 14446 30737 14217 16943 19846 17397 27495 9680 14002 12568 12473
25244 19557 14617 15595 10953 0 2929 13083 22316 23541 0 18375 17871 18854 10368 17991 23525 25661 6100 19834 16894 23843 22074 18271 13469 19579
8208 23267 13103 8784 14787 10586 16947 12946 25378 4480 10703 13391 12151 16056 23922 21665 14949 24938 12344 16193 12692 9920 5284 17552 17970 22433
21869 10918 21369 16119 6310 7211 15109 16785 19432 14631 10330 12377 7139 15642 19132 18406 20317 23785 7912 17745 14060 12602 13225 12738 10311 9076
26791 18421 15629 4178 11117 14076 28402 12308 32733 22491 27264 9735 10358 12838 20274 10777 22164 18464 9621 12564 21520 25745 2063 8578 11180 15546
26402 13351 18319 5348 14163 5485 24294 7934 20450 12794 16191 12687 8724 20408 12982 22035 21524 20687 12308 16085 7114 19057 8289 15102 15694 24433
20057 16077 16295 6866 10027 11497 5444 13368 10821 13953 15637 5238 15743 23184 12233 14028 19516 17055 20125 18580 16202 17676 7435 11816 19900 20616
29533 18159 18410 14097 16748 4098 18005 10679 27206 23789 14941 12654 16237 8821 15388 14350 23229 18365 23000 16483 8453 17904 11959 3280 10870 34652
24433 14955 19666 5311 15381 15399 18243 12964 13369 23803 1889 10179 16588 12561 6625 12946 6700 24773 14790 17222 17169 4556 1565 15547 9345 7114
22076 13497 17494 14337 15636 23522 23293 10699 21219 18852 9196 15794 10422 13242 14081 12385 28158 26421 14056 14699 20306 21071 6101 18803 20970 14022
5877 20232 14192 12261 16190 4512 21244 9694 11792 18336 4701 25832 13064 15295 20562 19045 23014 15781 16182 26711 14809 10080 9055 23057 12358 28505
23399 15632 20216 6250 14121 5205 15936 8960 25840 11372 13246 7853 20491 12622 34364 8346 17696 13083 17894 16311 22869 12325 17545 11952 14614 17357
18071 16294 15798 0 10937 12244 7281 13127 19363 18780 3861 8099 4610 21845 23532 17666 22780 23686 13858 9583 18731 15156 9369 19754 12102 21085
16067 20412 13297 11617 9541 1998 29255 19845 26767 17032 8496 14392 12936 8783 16715 11963 22595 18546 11829 10476 16940 15491 9622 10258 24545 30063
15800 20116 18687 23285 12372 14163 12850 6242 20565 16030 18873 0 8055 13104 15052 18225 19018 29575 16033 15133 27466 27195 16844 21656 12717 16336
21883 11851 19581 11430 11296 12128 17908 11925 11391 22374 14770 14801 16460 12702 20352 19626 19151 15635 20747 18869 15651 26954 568 20668 21358 17764
16944 19080 16137 5582 15464 1512 13212 18700 23504 23911 14334 31363 19385 11121 21274 16115 13122 16979 11891 20888 10831 10140 6874 10924 7651 22634
25839 20134 19786 3637 13808 18424 15715 5796 319 19169 2630 11430 15127 16342 22261 10617 26004 12786 13603 11444 25236 26712 15171 10886 17511 13808
9720 13589 21880 0 11861 19055 25585 14881 15276 12584 12438 17311 16371 12623 18285 14376 25800 17161 9328 13805 10490 12296 524 378 11900 9464
10184 19007 14451 20818 16701 10450 16496 20730 11334 25436 21073 21373 14486 5904 25948 13036 20291 21268 7700 22532 8259 15493 15272 24415 7104 14653
16756 13999 16562 16395 9814 4003 22348 15856 10316 16482 23325 10088 13071 13784 22845 11556 14232 27395 15640 20296 13540 19103 7803 8369 22940 23817
13643 17897 20475 2015 11340 15465 9605 14257 19631 19318 14984 8790 11239 13960 26380 18253 22275 27325 18025 23965 29216 14802 17812 4016 10031 13802
11548 12833 15553 0 11075 10249 12575 3644 5606 11241 7936 12335 15643 10079 17036 14196 12622 19745 17992 16738 13370 12661 11000 18184 21269 11561
19550 17847 15182 4707 13558 17137 15548 18593 16115 10632 10414 2696 16388 6130 16479 13038 14227 12119 17606 14691 15620 17360 5130 16774 11372 21631
17777 17869 17767 12732 9893 23865 21075 19089 9363 18448 14664 13841 14708 16007 18145 10851 14171 13470 22456 11891 16790 15816 16690 22419 10022 27525
12484 17992 19510 8241 11540 10968 11124 19317 16729 17824 13957 10402 16095 14053 18764 13994 18261 19957 12771 24773 18905 9782 11414 139 19811 30560
12008 18165 19264 14570 12420 5847 12789 10916 2853 14818 13835 2680 15393 14075 32576 14212 21753 24720 14702 12118 2195 13041 7539 7215 17958 19471
16825 16956 16036 15068 12565 16538 20020 14016 0 29868 14699 21690 13758 20363 21346 13638 23789 18884 22071 15759 27745 23217 11130 6073 20193 14281
23692 22438 17549 7665 14742 17832 19123 13159 24414 19264 23740 20637 9391 10479 24608 11289 12590 24548 17054 8567 33930 18386 16133 19736 12607 22723
2821 16705 25045 15856 11514 1154 8279 9718 21319 16389 4723 9420 11599 8504 13197 8408 8993 25674 24115 11385 12605 20272 3123 19726 18986 16261
23945 14728 16811 16726 12268 15536 9299 15098 8059 18159 1289 17831 17041 20829 12882 17234 27015 20911 21547 22948 23348 21368 10126 7170 14614 29244
9044 16808 20389 9524 12897 6523 10874 11700 16771 9084 7425 15710 14761 13627 17525 17630 18799 15649 20793 14520 15368 0 2623 0 17408 27112
17821 20352 21172 13825 8891 21279 5046 14453 18854 21353 2654 8828 12616 19258 15731 10078 33058 22557 21786 8875 7038 8626 1906 15075 11934 18478
20468 17332 18967 8023 10926 9884 12474 15065 11686 15393 18718 10875 9717 11830 17841 14956 20765 10459 9247 11512 17113 21186 11644 14450 12404 10772
20088 17693 14357 12007 13343 352 8899 11606 10210 20332 0 0 15482 16448 19214 12836 20982 10283 19980 15897 9051 18821 2706 16944 11183 32239
23202 12721 19081 15276 9531 11960 15473 17468 15263 17434 14002 37298 13266 16109 21085 11818 24614 15752 8840 10191 25798 6495 12834 14892 12545 32451
12343 19132 18142 14425 12435 11514 9805 14512 13297 5758 13238 11852 13020 15031 19716 14453 23284 10590 18805 23783 18373 14079 13119 12233 23813 20610
6861 19253 15875 361 17005 22634 31232 17538 11379 11289 16764 11132 13841 18800 19187 7083 13883 11462 13625 12709 17201 15874 0 22550 17848 26213
29162 19982 18045 16588 9835 11894 20950 6326 24730 18145 18199 8518 16109 8129 20287 15821 34154 16285 3757 11155 19352 11084 17462 14339 24485 26004
25201 14093 13201 5300 12701 4926 20050 16180 4602 9259 14301 18361 16295 16798 14936 12492 24089 21430 12551 15964 11730 15351 9298 15626 12801 18985
16794 12503 16086 9969 12616 8997 16304 18650 12503 10448 8191 4428 10745 20502 15326 12214 17614 26606 12466 13141 31319 20258 16323 21368 20049 22175
13294 20298 12002 7561 11076 16956 0 19124 9544 30160 18497 5852 12614 11853 14462 11840 20542 20421 10441 17357 4345 16117 15187 10974 7897 12876
10830 16823 15535 11470 15092 11432 7410 19037 16232 10375 5982 3920 11068 18398 18193 15150 19795 21182 4885 22408 21001 7541 13138 17267 6776 22560
8834 19566 16007 25053 7004 7739 5430 20509 5871 2904 16340 7014 11871 13112 8600 10693 40491 7593 14913 17830 16977 9402 12599 29082 13793 22715
23644 17177 16664 21418 12786 13947 24727 10576 17734 10328 5974 14077 14419 14318 17328 10218 12334 12461 9110 14162 16826 18392 15386 8225 18327 8727
26051 16155 19732 13009 12866 20023 8981 18430 42737 15438 16694 12788 10945 14727 19043 12910 28178 8427 13223 21474 15808 2650 5313 6881 18072 17270
18057 12245 16654 10010 14179 10534 23937 16495 12904 17423 13063 3771 11732 7971 26983 10671 20547 22832 27802 10378 17222 26587 8854 8474 13441 9255
7437 25200 17580 9122 15836 9064 14240 10306 11118 15346 14145 15426 10679 13192 19632 16853 10614 12773 17247 19664 19485 32851 10784 18486 13013 14703
12066 14871 20674 1219 12108 16257 17864 9568 25552 9910 2067 1941 13489 13865 15394 14305 17183 16007 9598 12704 3864 16291 6323 16822 11799 14994
25716 17024 17890 23313 11169 19261 10406 16964 27926 11981 28114 2401 13231 12912 20656 15013 23087 20394 9173 12015 21336 14423 7387 14029 9670 20162
14000 18566 16778 1742 10909 11212 14066 3231 3206 19805 26869 20224 16386 6520 18122 16352 20518 14787 16588 17927 20470 31290 12547 10926 13546 26138
11781 21980 14788 21235 11416 19422 10184 9896 16089 24981 14440 9054 9536 10029 18087 16950 18526 21853 10667 2766 16926 13999 7487 13121 8758 14535
10738 15694 13599 0 13058 13354 16196 18614 18363 10843 25971 9577 11568 11007 13314 17427 18784 21222 22557 13744 17763 16777 6603 6378 13528 26094
16248 17097 14880 5642 13143 13488 18429 10177 17363 21620 7672 17561 8986 15742 12311 11160 19373 27245 11516 29288 20257 12804 14066 11754 14926 10227
25145 11722 20182 13207 11625 13743 14838 12911 18967 12624 4324 20688 11449 10195 12960 15544 16812 19367 18374 24358 24953 18255 10115 11660 11522 19048
26265 18656 19701 8152 12052 19857 24243 18127 10268 14615 11616 9614 16769 17454 12699 18735 15508 17403 9927 13125 20902 23828 6309 8744 17283 23339
17187 16750 17147 12316 14353 16424 19386 14907 20811 7042 11385 13939 14116 15379 17939 5708 18763 17442 16546 22962 22827 26438 13154 10627 11597 15782
14796 14051 14523 16475 12976 23947 15445 8831 29295 17949 9276 10167 15382 13774 19040 18135 23104 20151 5980 17972 19165 33785 4204 0 13034 6602
14963 17781 17410 13995 11636 14335 19716 16396 15260 13792 8118 17690 15416 8516 18795 10187 15121 17349 11751 17559 9511 18363 13041 8255 10417 12260
7698 22946 18836 2849 12496 14743 29352 18940 17721 20796 9195 8065 16074 12442 14733 17425 17378 16544 7946 12918 29903 15726 8265 1172 16072 18524
22529 20769 21434 5151 12604 19311 12245 13454 11260 4027 10612 26042 15040 9562 20945 13631 15440 18460 11949 20818 14663 22868 2102 0 18700 16366
14923 9109 12158 4570 11942 5593 12362 14178 13350 9695 544 14790 8486 17349 18341 12417 24850 21927 16673 16588 11861 20005 11524 5021 12797 15123
27522 16612 19048 9258 16214 7749 20412 13541 29109 19943 15165 28427 15141 16389 16859 18713 25101 22128 15048 10084 24228 14347 16211 17202 12190 13093
23387 16894 17715 9105 11679 10456 48631 17965 6685 7806 26583 13558 8798 19378 19782 14485 32303 30286 15014 18455 14358 20823 12324 0 8820 17111
31470 14281 18232 2348 12259 2940 24667 15843 23971 16423 8815 7115 14659 18477 20618 10884 14071 14034 14190 28711 9921 33292 13092 11883 22177 9393
18804 18097 20712 11304 6596 16079 11653 10961 23096 19969 4584 13534 6259 23347 17969 19717 21744 21812 24740 12898 16689 22493 7999 16015 20989 24568
23752 18357 16360 16016 13315 6717 7635 18804 18063 9832 1202 17274 17587 8736 15169 18525 18311 8565 16938 14750 16259 6572 12422 2402 16914 20278
27289 15080 14970 12624 10940 16864 16235 12100 34467 24528 23947 13614 14578 13689 21131 12083 26314 26184 13261 13704 4130 10587 8116 18425 14719 21044
7631 13806 19567 9142 8263 14516 9002 22889 13491 21615 8994 0 10173 18529 14040 20001 19097 21717 17932 11367 23380 18258 5417 8494 13278 17219
13067 23911 16885 18580 12109 11329 28585 17193 11915 21843 7512 16586 10220 7677 21324 18588 27695 20063 11736 17771 14363 17452 15109 4195 10878 29339
29621 16048 18674 11667 10188 10106 18063 14371 12559 18893 13326 23073 19156 9366 16515 13774 20527 10643 16509 12462 14619 22534 5224 6397 15765 13722
24376 19233 16180 4527 12497 10415 2040 15106 25937 9754 2500 438 13357 9556 19921 11487 20806 25704 17311 9484 10447 19876 8721 18980 11029 26836
10522 13944 17827 0 11141 14001 12388 16143 13734 13137 12983 17412 8864 12740 18757 16847 31526 14191 7255 14009 13891 5823 6666 16827 15209 14642
12751 14866 17462 15949 7144 8989 28432 11257 11338 10348 4873 16695 7817 8056 19411 7983 26421 12756 12228 23587 12392 14920 6707 16545 21683 23906
17397 16878 13889 0 9891 10597 17155 16449 22368 29020 25895 19882 18582 8313 14460 18393 14411 29363 10646 16129 20650 16527 0 11176 7479 23293
14293 16617 19145 5192 12614 2328 16018 17826 10297 16529 7800 14545 16320 16264 26271 17871 24096 18543 19297 16112 17083 22778 13381 5729 16202 18182
20964 15567 16807 3805 14819 17906 2468 8130 11479 20354 0 12203 15239 20128 24556 13062 22391 20202 13158 10930 20144 14857 16093 1844 22825 27849
24898 17204 18122 5201 11418 23383 14431 19903 3751 9779 12567 11646 11332 16426 16314 7923 20815 24899 10771 11029 9439 22944 7482 24478 13798 14392
20242 12870 17278 4583 11514 12317 22338 15121 19367 19571 14411 11518 14034 13866 16756 19270 8092 15896 12878 10509 9421 8341 9244 9355 13673 27149
21805 17736 13530 1415 15317 26310 25819 11081 32277 16647 0 18151 8968 11332 23141 13613 13005 21519 14887 8597 12679 15825 13338 0 14980 22716
7433 18044 16003 12591 11913 11135 25503 13399 17749 8462 13479 11383 13413 14282 18115 7730 21082 16223 12610 14653 9279 25611 7108 4294 15898 24642
18609 16890 17842 10854 15150 12079 5012 19053 8484 17978 8980 16315 11194 17049 14528 12831 25087 6432 16177 8460 18365 16890 14304 6122 15376 8066
19963 18652 21630 21165 12269 3695 1409 10373 7676 21202 904 15919 15808 22976 14740 17057 14786 13498 21114 19615 19283 17646 9344 17169 26524 20370
5756 19565 18178 25275 14808 12952 24764 12158 15259 16663 12648 9848 17268 11741 25062 9366 12946 18252 12024 16727 10503 32418 3610 10965 19271 15793
12570 14905 15536 7555 11655 0 18256 15783 7376 16771 18675 17646 10464 16770 20446 18636 17460 24835 9023 15489 12329 21247 12552 8379 18589 25368
15046 21767 15356 4007 12983 11418 22609 17957 6354 20451 9722 10134 10075 15965 20374 13740 12374 15548 15622 10800 24051 21956 16138 11591 17014 16534
14166 20162 19363 8149 10214 10578 6843 18821 4045 27439 0 12562 16413 8650 17247 15743 18387 23937 4812 8909 23304 31732 19712 1482 14843 18273
13280 19351 15975 13715 13879 10914 21095 15162 4022 29434 14741 4307 13920 12941 20968 13889 7502 18706 12663 23733 29237 16743 7369 0 8489 24139
25149 19756 20585 10553 12924 15555 5006 15027 12453 14485 7317 12621 13078 8668 14718 15952 17490 22996 22276 885 13259 17052 11403 0 12865 18947
14531 17354 14133 19983 12624 7447 3660 11543 13550 17593 15613 21012 7129 16954 12258 18757 15955 14907 17084 14072 18883 18728 11155 14743 17220 8619
23450 19024 14304 18037 18506 3822 29127 17774 14265 11462 5795 18161 10023 14871 19019 19430 18799 23852 17990 21141 12067 26354 2208 22574 14632 19757
11376 11869 18273 13226 13078 2220 22267 22280 19742 19959 12308 18914 10395 24108 25718 10252 22156 10463 17781 26332 15150 6029 10313 7560 12765 25060
24488 16381 21866 3776 10941 9917 10355 18985 23902 20772 1463 14195 10737 13657 13411 19286 23206 9260 8973 10698 18906 16982 8461 0 16005 17844
25669 15672 22338 17931 7944 17220 19029 18295 13285 11932 3725 17390 13865 21984 20422 9239 23233 16191 15249 14954 23052 19784 6108 5763 12773 29644
18536 17736 19394 13274 12898 575 19267 11609 17204 29819 5473 8594 9162 11094 21444 11065 23938 12812 13411 3524 21352 2690 7502 12836 16419 25762
18068 18727 18177 13824 14202 7800 9216 17095 20942 7396 6603 13538 14721 14568 18546 13084 20180 14521 19804 17980 23820 18135 17875 23281 12907 22966
21187 19207 14905 19727 15548 24609 19832 19596 13077 10447 15258 6608 13764 11362 13328 12900 5535 22385 20631 11035 15368 17102 2524 5553 13810 17946
9122 18424 17315 0 7458 6786 20310 10897 22431 14670 0 16334 14536 18392 11140 13622 11437 8117 14896 7801 25286 18979 9167 0 12967 17580
20563 17954 19974 8172 15446 2388 24848 14937 20851 21120 11378 5304 10845 9461 13634 13117 20879 13864 21653 16342 20818 18839 13844 17394 13633 18324
19100 18204 11896 12559 13597 24402 9692 15015 22614 17437 17813 12577 12953 0 5830 13902 27862 16364 15199 14666 19386 7104 10856 3943 15271 30506
10552 8309 16646 4026 9315 9939 17774 15146 14406 14194 9399 8665 10212 5762 15492 16608 16728 13097 11030 15415 18808 25200 13705 30483 8558 8862
21364 22600 16762 5327 9086 3185 8877 9732 9243 11184 12832 5274 15238 4520 17136 10790 8644 17204 8485 14332 15889 8143 14419 18468 11942 13028
29813 19418 21632 19517 9506 8487 27820 14746 12424 23213 14659 6898 18092 19147 9804 21888 33692 16705 12925 10766 34350 20849 4668 8885 14483 18359
12977 13095 20151 22714 7370 10465 1770 13323 10693 17478 25088 9250 17302 20116 15374 18404 17452 26879 12118 12834 14910 13664 4736 4405 21919 16752
0 17160 15849 6855 14135 9672 12903 17608 9316 17307 10134 6441 13190 12766 23752 9175 22712 7858 22544 13425 7636 18155 9342 10985 12437 14967
13244 20884 16389 6765 11969 13340 16299 9060 18921 13674 16126 14665 9960 16124 22981 15634 16284 23468 24256 9997 29466 15864 14296 8925 20347 4452
14056 19656 22468 7610 10862 8125 14391 16516 2348 4541 20831 19309 8623 11815 9915 10855 11218 27453 12527 7018 21856 18721 18798 13377 21079 22401
20377 17820 15364 6843 12802 111 23123 13294 18604 36445 4902 10330 16492 9908 19066 15112 19747 17271 9240 9266 25643 12264 23185 3414 19092 15036
23358 15341 16185 3070 10860 18629 16544 18348 17550 23810 13945 16067 11336 11089 12278 12748 22987 16542 13687 14855 0 23726 17442 0 13463 23403
22583 12799 20103 1580 12362 9146 21472 15088 14496 20638 9057 10763 9975 6890 17062 13436 5476 13918 13371 20777 26795 552 16502 17658 18723 13233
14749 16952 16871 19991 8047 20520 14405 18932 10798 24219 1974 6115 12286 15495 16967 14854 10007 14937 16108 16016 20696 11673 153 1397 23575 17781
10976 18207 12729 18736 10410 6593 4526 14008 16016 29492 26683 23385 13641 17103 15969 17041 26994 26945 6112 13348 14248 13873 1427 22570 16196 20387
12636 21133 16313 14867 14098 7590 16600 14226 22139 15011 17598 18780 17368 8982 10068 14841 20160 17079 14498 9821 13508 21907 10778 15479 10702 12060
10136 16120 18941 27705 13490 11779 15087 6493 15924 7239 22135 10718 15325 11453 23374 11618 15066 21471 17562 24101 10513 15953 17380 20275 15815 10142
20889 15724 16493 710 12322 7308 17264 4384 23747 13903 16308 13635 14544 19487 15100 17187 25565 15880 22796 17475 15887 3042 11355 19024 21314 27043
30114 21105 19788 22394 12072 6079 10233 13093 26981 16202 23026 4824 15250 16150 14712 18627 20436 19942 22552 13693 25986 15561 10620 15 9752 12708
17810 15518 16032 13254 13722 17081 15842 15164 12854 15059 11863 10654 17265 17379 16172 13721 24916 22846 18964 17357 29527 26505 10809 5893 21945 12767
10600 17777 17927 3373 12164 6513 12845 13608 24004 25759 26697 16688 18800 12996 16516 11877 16988 21625 11247 17760 18936 13737 8567 6913 14363 13753
22264 20821 16680 16722 13104 7211 6979 20776 19340 18392 14455 15224 13197 24232 19756 16976 15875 17674 17862 15590 16516 12839 6158 15268 6913 22145
15426 18870 15478 0 8655 17816 24985 9957 10915 16920 14282 1797 15384 19369 15665 16674 22325 16237 20198 15976 15603 19456 12094 14003 13564 13742
8994 19147 16834 3045 15058 11564 17617 12574 10276 11386 0 30209 10887 12073 19131 14124 21785 23026 18946 16047 24298 16097 17713 3525 10364 15167
31300 16478 15961 2103 14506 11165 7423 18283 27340 14919 10527 20770 15795 18387 22425 15040 22046 19965 11825 17512 27153 14945 18676 9795 13122 25625
18346 18841 16663 6387 10895 33421 13007 20525 11619 20281 9830 16678 12045 17229 19787 14923 19713 10925 22027 18412 16138 20504 14814 21508 9121 16962
21219 13406 15393 3397 14243 20817 23480 11165 9171 22837 4814 9579 15013 11231 17532 11219 25263 28434 19102 7383 12996 19393 5515 8943 16061 16109
12109 22799 12336 3336 12859 9216 8384 6684 13023 13473 14424 14564 14785 12965 22018 11185 23909 21003 20782 15888 12318 17553 2021 5311 18733 18133
24934 10542 15183 19036 9449 9751 21347 11785 13164 10655 14518 25319 15285 9905 24118 13631 20892 27942 15229 12263 7974 15364 19626 9665 15529 16150
28368 16165 18039 20428 11297 8569 23512 17838 15663 27223 3202 22991 10261 18191 11906 11036 12207 29243 16312 21994 34246 18804 17279 9898 20471 9265
14295 13966 16594 0 11626 17234 9126 12274 27398 26392 13464 27435 16968 13046 18499 14645 18083 13625 19605 26569 5748 22569 13719 10880 14714 20935
20579 14524 17288 11225 13992 14698 17665 10179 15118 15273 10736 13880 13398 11751 11673 17083 29845 22192 17530 17734 15368 8138 9129 11666 10815 22003
27136 15070 20281 12425 9795 14657 7949 15509 18720 20628 20200 23068 16226 15116 21767 15442 20401 17394 25861 13732 20261 16721 9148 9887 21322 31955
17310 15641 19284 2863 9243 16050 27162 8318 16762 11418 21073 0 11511 10879 26115 18322 24538 27375 15471 13977 21275 17865 0 22117 12066 28994
10945 11944 18451 3177 16611 3666 25167 15992 14434 20773 1864 24076 9979 16213 19539 19444 7505 9856 17816 18974 15657 15270 932 8524 17541 9698
14849 23328 20565 0 11764 11008 16408 16057 28987 20433 10351 26835 10936 10737 30819 6210 31019 18111 19900 24372 13388 12119 4424 17485 15651 14146
10172 18351 15883 17563 12882 8506 17866 15956 8322 8696 10219 17412 12936 16433 18899 12043 14043 24937 14003 14370 24096 25869 14386 18069 16623 17687
22045 16722 21103 2953 12337 5879 17105 14161 22070 39446 16006 14628 10122 14008 26182 10995 7967 13332 17721 11663 17690 25161 15041 2416 17123 11224
14472 19705 12661 21766 13513 21827 12704 12315 29437 9183 18873 14494 17558 13453 13097 16273 26150 21205 7491 24649 20819 15161 14556 10620 16904 14829
18976 17988 18788 16788 10922 11268 20534 15107 19442 23034 12896 6122 17607 20957 11206 12116 18621 12143 13537 15419 28184 14394 12805 15189 8049 18263
26523 23480 19255 11661 13714 14317 38432 11938 21410 18519 4519 11400 16839 12766 16862 10214 20858 19278 9315 16325 20511 22629 12928 0 10034 15168
12495 20763 17097 6124 13323 13842 4295 15256 16306 16695 16679 14635 13338 15060 12999 12287 21907 11508 13407 22082 19442 12863 3490 7692 8217 25444
19491 22889 19206 11441 12021 15412 6878 11859 31493 30843 15266 11734 11002 2589 17492 18730 21374 18659 13714 18713 19156 15934 8669 8082 15581 26606
16648 15280 16958 11405 13180 22388 0 15928 6184 20494 14316 16919 8191 18134 16850 12820 19133 8103 20757 6100 10381 17666 0 10521 12934 15373
21250 13702 16682 11192 12416 18472 7759 12213 10827 12803 10680 17420 8372 14946 19746 15763 7101 24700 20667 14550 30608 23929 11408 20212 17027 20270
15158 16890 20514 879 10428 6272 8541 17477 12531 19809 14088 7015 10833 11386 21589 13337 6502 16178 10303 16824 15034 18493 6885 4879 13509 27589
20550 17176 18901 16427 10554 18240 24241 12602 7226 12587 22881 3579 9982 10961 17451 18755 26116 15253 18979 21829 14399 12977 20510 10763 15080 21983
0 21001 14654 21833 8609 2431 3429 10601 28539 13861 19573 6537 18177 8968 12471 18990 16047 29717 21920 19602 19727 28470 16289 6241 15581 21251
20392 15847 15548 1520 10196 17088 15342 13558 5645 10792 5665 18195 13728 17255 8598 14315 15271 26436 12271 27973 1218 25052 16389 12191 9483 13535
15605 19048 15849 20862 14447 13224 16584 13479 12379 25150 14731 3694 11080 24123 12349 15294 12039 28607 12554 23174 17463 22046 8550 7622 19526 15455
18166 14537 16474 8760 12527 13543 4964 19960 15224 16287 0 28845 14192 16607 13089 15961 16414 19282 18602 22045 17648 8349 282 16922 13192 19022
18703 20545 16440 8796 12523 7141 21288 13812 4563 5755 1806 16199 15936 17521 32193 16615 23963 9177 14051 19249 5356 21441 5050 5126 11692 20311
13108 15857 15643 17141 12631 4384 21425 16052 0 19583 12282 410 9222 9594 21036 10714 27329 16997 18193 20670 16916 9954 12542 14551 24067 11578
17976 21170 19559 8416 9996 9194 30437 15506 23616 21867 8951 3397 15919 10760 16528 12825 28427 22584 13250 16193 25721 11909 17017 22225 14926 9831
