365
93 16 89 14 12 79 85 91 54 20 73 43 73 83 69 39 71 21 16 61 33 90 30 25 93 63
21155 16555 13077 23429 18306 20714 15858 8964 8257 11503 13078 20951 18566 20498 16311 11343 21812 14086 10436 13345 13920 15089 8902 18788 7785 5895
19047 13668 9359 11904 15863 16132 16856 15807 6833 10628 10300 18246 21162 22953 17090 21710 23597 14852 19285 12516 11917 14788 15846 20385 16447 12925
19758 8655 15883 18437 14812 12065 18821 21877 4188 9235 2787 22905 16908 18180 20719 14080 15570 14568 19528 9368 17016 13822 21607 16223 7827 26789
12885 8707 16361 15174 14204 23137 18392 29471 14447 16390 14932 8366 16116 14193 14309 3443 16031 10657 13832 11168 0 14792 12691 15905 3744 22991
22489 8828 9820 15257 20877 18275 16169 24323 9327 24894 8467 14360 17838 11814 16054 9604 16092 22441 23309 18066 15812 13725 9515 12342 13782 11867
19319 15719 6938 13050 21463 11073 22157 8912 13726 15620 13405 12266 17489 19830 17250 26189 22514 10775 13760 0 14682 8904 14317 11265 9265 0
18519 7632 8422 16944 16286 12435 17496 27992 5550 14100 20360 18447 13853 11810 12368 3418 16379 15486 9277 14595 8340 15431 10328 18100 13246 18254
16307 14527 10113 25410 12364 16235 21044 14177 7977 13573 4443 8277 21604 9072 15615 17539 15836 10848 18287 13047 9227 18280 16116 14399 15519 2544
21390 9727 13325 21407 8024 3921 21787 22477 17606 9565 10480 15818 16027 20502 14878 8149 14973 10323 22191 13347 20072 16503 16708 15467 8968 9520
18290 13532 11275 16217 16346 20687 20209 30297 13215 6547 13720 15462 22681 17019 15377 1077 18757 15218 18065 18584 21474 12068 9321 11677 13269 13103
19961 13048 16124 1441 1578 19416 17993 19791 12324 3144 17908 10736 13793 15882 15101 9941 17760 15858 13203 6987 7556 7690 12854 14199 20554 13065
19079 14373 10640 15528 15627 19892 20265 15829 10896 6668 12073 9183 18182 24744 16671 12471 12971 9815 17052 21855 3811 12426 16187 19187 20175 14568
18118 12341 11548 11993 3780 12820 23356 20861 14131 13443 12602 15863 14606 18007 22497 6883 21687 8315 19232 24455 0 14107 21092 15543 6835 689
20967 9210 13580 12209 14349 15901 16208 23375 9217 18098 5946 18309 18729 3078 20346 7493 20336 9500 19283 5197 8584 11811 16770 11167 9068 10949
18264 13777 17193 15498 11629 11332 16082 20037 11216 12081 15244 16170 16825 24734 19324 13563 19053 13436 19240 14520 6760 17648 16033 17383 12970 15261
15538 10199 4504 11804 24505 15381 15229 19528 11549 19632 5340 8696 15561 13532 15610 2586 19411 15834 17351 13730 10418 11816 12099 19412 7522 909
14836 10273 14003 13527 14039 12044 17835 23907 7329 7542 12350 13938 16001 11922 15629 0 16615 20639 18036 15734 0 16237 13982 12236 11841 12655
23477 10120 12351 16756 12870 10531 19671 31129 546 5181 16661 26546 15384 11214 12879 10045 15130 14485 12862 14836 5514 14308 13153 8622 3912 19307
17212 8489 13758 12093 10394 10584 15583 17583 10000 19931 15301 14089 19640 21754 17138 18537 18019 18315 20302 15718 11695 13855 21667 17221 15532 15278
15255 14592 14498 13587 6434 19241 19409 18047 12669 13116 18216 18402 13552 22175 16093 3682 17005 15206 17162 14337 9483 15447 11532 7447 19965 15687
16414 9596 8494 16449 822 26539 18988 6369 0 9404 13774 13144 15738 16969 14995 10415 19442 14005 7051 13416 3434 11344 13566 16931 10704 11490
17760 10106 13758 16279 12204 28082 23657 14696 11830 12362 12657 13242 21421 17472 19170 18542 14348 11047 20493 10573 13637 13236 18002 11861 18145 18287
20203 14022 15023 12504 13557 9722 20826 27328 4440 8451 17906 19256 18665 24335 16278 15586 15425 14912 13890 10872 12257 10605 16550 21132 16478 26628
19521 14148 12814 7941 11458 13443 19220 11135 11452 7898 10830 10410 23228 19733 16789 23919 17123 11520 22267 18754 7804 16810 16699 10619 11335 9760
21374 10215 11788 22269 24113 17369 20084 19196 10003 5787 3484 18886 17286 19712 14866 11971 14787 17298 21367 23221 1034 13898 14696 12950 7667 21080
21030 10834 14998 6174 23856 5737 22223 17694 7975 18975 7048 15238 19211 14082 16864 18358 22509 8430 6620 11690 16979 17071 13079 12092 13951 8423
17321 11187 12025 8411 18727 13032 17879 19148 3470 9682 7352 10029 17754 13155 16912 20702 21514 5812 22030 9623 8656 14742 13897 14697 12004 11534
21071 13465 13485 13893 10998 2491 16102 24228 17543 8138 15582 24762 17114 18757 18803 9085 15939 8251 22088 16118 8224 11520 16331 21197 7837 7979
24123 7889 15114 17270 12731 13445 19799 29459 6493 13179 4559 14982 14485 26009 15226 7398 23522 9092 19390 11200 3535 9445 15024 18439 10257 18899
16743 8628 9523 17085 12276 14984 20713 20330 18517 3797 3659 10812 12967 9701 14317 12514 16353 12362 12263 11789 19625 14541 13368 16380 11995 18842
17909 11271 15302 10649 14407 20919 18437 16272 10430 11501 16989 18472 20687 16469 19442 13881 20303 10606 18971 16493 8459 10720 11585 15893 11137 16401
18914 9527 13562 16023 5951 13758 13446 24826 9281 11350 12513 11879 18982 15332 22091 17862 16724 11835 19935 8807 6438 12618 14536 11222 19235 9894
16592 11533 14100 17175 16958 13832 15636 18020 8026 7866 23928 1948 16791 14529 12409 5651 19480 16181 21163 10205 7239 12670 18712 14934 3656 14997
16994 9007 8677 10925 13257 15273 18366 21417 9761 23249 8105 16907 15851 13991 15499 6053 14495 8986 17208 9395 18892 11609 13331 15568 7005 16727
18858 12607 12274 7424 26140 25202 27701 14383 14884 13682 3150 12189 21353 22643 14243 14139 22331 13005 23852 14495 15905 9564 13583 19622 12618 14697
18623 9726 8311 0 17168 27585 23606 24970 10102 18208 7202 13190 22789 17638 12266 15820 17171 11795 17930 20487 3648 9058 10476 13988 12236 22822
18926 10183 14859 1176 14623 9506 24443 12762 8225 17099 10432 20503 19458 11155 13208 9628 14660 13213 20314 19954 11297 13756 12264 15476 7734 23429
23079 10674 12701 4606 14988 6658 19040 39101 8978 8205 10085 13275 17506 21312 11970 4367 13103 14509 24897 10934 15185 13971 10237 13263 9738 17928
17122 11063 17582 10222 23207 9281 19143 22309 11324 16508 17087 7352 18587 13118 8207 16544 15756 7434 25417 21781 14690 16240 13549 20934 8917 18904
15064 10354 11094 12885 14706 10685 19161 29505 4201 18613 13100 14039 21638 20912 16316 15027 17608 13523 17992 16728 9385 15283 14545 6433 12325 25218
23496 11227 10723 1609 11288 9924 25693 29661 17128 18914 16625 27778 15935 16695 14992 6204 16529 7193 18025 13324 7862 10629 14711 7701 4488 11361
18210 9803 16031 10139 13379 15116 13982 26582 16713 19127 17881 26074 15237 16653 10629 5685 21554 17424 18875 16186 7872 13311 7625 19804 16028 3601
14823 11595 14121 14738 11900 4751 18089 10486 9234 14420 9773 10341 19044 20529 14906 0 18192 13051 15788 14827 6174 16581 15373 17790 11731 10938
16853 10583 11549 12279 17668 10817 10920 28941 7797 5710 12586 18931 20422 16621 15150 9109 20797 12524 20644 19787 17859 16655 13338 15100 10224 199
19864 4853 9609 20075 14347 18244 20703 27914 13404 14040 10929 12715 17550 11268 12951 4624 16508 16575 17643 9413 14885 15057 8366 7884 18647 23128
18069 11094 8615 25387 11290 18292 19867 9203 12357 17279 0 6082 13653 18943 16980 8229 20706 8160 24754 16050 13452 10230 12632 12271 14898 3993
18957 12074 12230 11931 8948 13089 12961 15103 9130 15833 7546 26248 15455 18648 16243 16488 16732 9388 14669 4455 7995 15759 16461 13907 21739 22723
15575 13510 14066 9803 5702 7982 18306 23173 7619 9464 10423 13041 21639 23049 18931 5869 13638 15607 20724 11855 18201 11926 17358 20179 3244 18319
16227 13530 19359 21307 6558 5933 23115 27216 8159 10208 22317 13048 19636 21280 10097 17075 19635 16110 16355 10139 12133 12951 12748 17805 5319 9461
17534 11156 19364 14902 20827 22570 25510 15327 7291 1549 20658 20783 18008 26375 13292 4859 14986 10493 11859 11604 10991 12769 13449 15036 12976 13787
16332 11148 9558 17317 15113 12481 22907 30033 9282 15809 3967 26890 13597 26310 16009 9787 20005 11643 17564 7560 13159 18204 16533 13294 17805 8736
18855 10829 14197 27698 14423 9961 22612 15486 8036 13139 8083 11992 17713 19673 14344 13222 13144 14118 22743 17416 0 14762 15552 20348 11334 19123
22149 7489 13129 9601 6821 14774 18461 25086 4901 1150 12199 7929 15741 17737 9886 9372 20248 8876 11852 17022 6510 14710 18084 15483 14667 12808
18028 11566 10021 11662 27763 17703 20800 10121 10253 10869 6157 12786 15495 12639 12680 10296 23022 7302 15781 16432 0 16481 15702 10658 11513 3978
17694 10999 9691 19394 16151 10555 24427 19856 11974 20580 4455 13462 19294 24038 14097 11710 16278 9187 20130 10788 7534 15417 15006 18994 10785 21269
18658 11435 11831 12664 15281 13948 23386 15661 7046 13205 15936 18415 20390 10238 16248 7418 18404 15315 22222 14860 7901 12342 12986 14748 11127 29106
18404 4226 9232 10300 18413 6196 18648 14567 9961 16346 11494 19188 13740 13412 15297 12938 15214 16839 17747 8561 21716 15811 16421 19019 11420 20398
18059 12283 19813 11249 2087 0 16303 15611 16089 0 3330 8416 20052 25162 13777 12557 18937 6699 22062 11838 3348 16426 9665 16400 11230 1604
19852 6624 13663 18978 11446 31406 14220 19377 13478 21224 16829 11695 16678 15531 12918 6510 17312 18207 16019 4561 7880 18266 15440 13971 14391 2688
18854 12263 14973 18610 12215 15688 19132 19901 11152 11121 20057 17379 14025 23739 8849 8870 18858 11236 19270 30421 11340 13446 12840 11390 14739 8905
19684 11722 8459 22956 21878 10877 16408 17956 10602 27144 12312 13796 16359 16477 18394 5768 17574 21353 17775 11119 5256 14721 14300 15124 18086 4684
18446 12485 14397 18672 15681 11087 20773 11633 5624 14807 14992 20181 14962 11628 17908 7844 17934 7302 12249 7388 7220 16268 17808 21362 7844 21915
20315 14036 15722 6614 9727 11718 22267 28843 10531 17865 8406 12851 17128 14671 16135 17777 21611 11782 26790 13067 8851 13974 19611 14717 10066 10419
18173 11744 8414 22072 11565 18746 17599 20786 9650 17091 12834 14839 15221 17958 15963 10064 22345 10648 14738 18953 12117 10254 16900 12331 13757 10423
20909 6872 10996 14950 17618 15374 18389 26861 12758 13679 9954 13212 15212 16129 14267 10512 16160 11749 23362 12887 13870 14422 12787 21845 14381 23838
21718 12914 13253 11100 9335 19535 16685 14214 10383 15027 4071 11183 17443 15676 16248 24391 15758 10968 16025 14160 0 16744 10905 14367 12188 0
19410 14384 12210 6972 10213 13959 17124 15582 5611 10780 12957 14335 24179 16912 16954 15377 19841 19400 15089 4512 2725 15514 12756 13359 10694 12223
18871 9544 13719 14436 16596 4382 17222 26974 10315 16907 13329 11352 15771 19542 17637 21372 19515 13433 11308 13289 13997 8808 6711 11025 9479 18322
17411 13982 15305 4629 15004 15518 20771 22824 8194 8996 486 14091 22361 26059 17315 9307 16882 17162 23116 15703 7063 14939 8627 8054 15047 26194
17880 9359 19979 16876 18944 25194 16291 11864 11604 15773 16922 16636 13039 15084 17413 8020 15175 15600 8775 17550 522 13759 19077 18123 14233 27174
20190 11062 15779 4630 16614 13204 20973 25782 12858 14952 9380 21189 19989 17591 16025 14120 22273 10408 23863 5204 10124 11713 11800 13073 13863 14629
22335 9408 10719 8575 10927 16505 18122 21712 13083 18013 19080 12105 17726 22127 14928 16033 21432 17180 16602 16061 7231 16972 14216 10837 11680 11979
22437 12933 18091 9832 17344 23296 18822 11749 8740 22055 7960 12722 21986 24579 11466 9507 17490 10088 16781 15267 8156 15185 10726 15096 20958 16959
19174 10492 7463 21147 16356 13255 13322 26928 11478 5874 14160 23148 20826 8294 14761 16269 18023 9996 22289 8442 923 13586 13579 13734 4019 8447
17922 14434 11246 9844 19493 22257 22462 16976 9021 13001 5935 12537 20098 16677 15483 13034 17941 15972 11793 16196 16193 11707 15682 13673 5959 24294
17683 5675 10686 14793 8897 24575 20657 14566 13535 7855 12805 13081 12620 16846 12303 11981 18110 14096 15822 15729 6837 11987 13231 18447 10098 0
18331 14879 10027 17632 13235 6706 19300 22035 14700 10760 7537 15739 16464 17264 15475 17340 16382 14127 18432 13941 18158 21482 19224 21535 15383 6761
20653 12229 14514 14746 19996 18537 22466 1045 14404 8397 7269 18923 18663 27117 16078 20172 21123 16235 25068 16028 16975 15967 9719 15207 10740 5776
17651 12735 16437 10981 14947 16518 21432 17407 13075 12349 12725 8763 20594 22446 12176 8212 20338 17245 15101 15235 10298 17780 13978 14463 5608 11157
16686 10753 14196 17415 13154 10581 23134 19262 13977 16522 17093 10420 15081 14184 14738 1172 17858 13372 13914 14369 13468 13770 15071 13399 12192 19583
18538 9569 15203 12981 6657 14663 22818 20641 10872 0 5487 12812 15905 9101 19371 17312 16007 15414 19465 9791 15501 16318 9295 21266 4260 11566
18791 12521 11728 16835 15246 0 16470 19371 10332 16891 8109 25159 23646 12909 11637 264 16534 15674 24146 14194 1834 13038 12203 13990 12965 17091
18794 15077 11647 10945 5765 14297 23510 16985 13584 5233 3390 19720 19956 15643 18259 6954 17360 13961 18903 15048 12054 18202 15474 15983 7756 8263
17405 13889 11554 16519 16710 15062 20336 25822 8859 14609 5536 14089 17008 17124 15114 6309 21378 15850 21650 23994 10976 13795 5349 14269 14286 9586
19322 9316 16351 19140 24040 16012 17296 20719 6827 9633 8651 7668 14982 23414 15067 12225 21445 15964 23055 7497 1084 13503 12665 18145 7799 8571
21534 10796 13534 6038 22372 10289 19922 25382 10324 16319 11455 14398 24070 20697 13653 8310 17931 21125 12643 11104 8995 17526 15472 13631 4662 12610
19232 12459 12857 7082 9093 15171 20941 18715 10959 1720 14338 18216 20488 9281 17652 15516 18572 13288 12820 10045 4570 17581 20269 14946 15414 12546
17555 11639 16002 19016 23822 8086 20125 26445 9870 14325 8145 13060 18681 5020 14958 7762 15835 15208 26365 15701 11789 9303 13597 19604 10906 10694
22546 12075 13432 19034 19852 16760 20088 24914 13421 13071 7856 12569 15395 19653 14112 14858 14121 14986 16491 4267 3980 13713 16939 14651 8046 0
20674 9959 12144 12120 14582 18646 17075 22682 10300 24128 6877 21363 17470 20999 15221 10400 17718 4138 14845 10718 18010 13959 10659 16975 19543 9390
20748 8757 16578 18877 16096 8267 20318 22071 8452 21791 21829 16625 23740 20461 13523 17248 19031 9307 22616 10315 6926 15245 9944 18064 9927 7379
19426 9696 14819 8219 12290 17597 21284 31043 10083 10821 13606 8958 18141 10989 14858 1253 18124 16892 21482 9818 7551 12199 15905 18258 8699 13191
22073 12396 11195 5240 2988 15420 13461 10075 11990 18229 2765 17527 21448 20192 12322 0 18605 29748 17407 18508 13198 14060 14364 22675 15328 4008
18887 11253 16747 5452 23662 14320 17780 17299 10311 11987 11416 12566 17663 20719 14612 7529 22057 8821 19161 19818 18729 15941 16215 15626 5177 5222
19411 13047 9948 16181 16461 11867 22640 21720 9701 23646 0 17041 17748 16048 16193 10716 14435 11988 18428 18784 13537 12311 6907 15546 12523 10885
21084 11999 11915 9902 22575 19573 23164 20411 11484 19264 8318 18114 21799 15927 11420 10765 16052 11202 25064 17571 11280 19069 20814 17915 19350 6969
20546 11862 15500 28360 17458 6918 18176 15280 4076 8178 8285 13561 24818 12465 15497 2957 16667 12755 20037 6835 8734 13110 11509 10857 4492 10467
22905 13128 12390 19671 12955 13236 25603 27342 15382 17360 9958 27007 17498 20879 20241 10998 13463 16497 11894 15813 19117 9455 14961 22006 18614 18738
20453 10335 16059 4972 13284 8950 17618 15528 11643 12675 6454 12639 11430 20902 9193 6907 22080 12491 19507 20005 11464 16193 16712 18672 12693 19469
17847 13518 12172 7914 25726 13466 18764 18297 9773 21357 9671 15321 20347 22255 14860 13659 16048 16469 15375 14309 19260 17581 11071 17529 11392 11273
20413 10317 15545 19116 26751 13218 19621 27533 14025 17006 19279 12053 19077 13557 13488 8235 19559 7759 21602 12433 9331 13835 14033 13443 9195 28944
18109 10691 12710 2076 13796 25143 18146 19401 6700 12813 10506 7754 18085 18906 15522 19114 17069 21027 15458 11152 10610 19094 16902 14069 13296 9941
18059 9991 7052 9003 15945 2596 16545 11280 11838 9327 18560 19618 20170 17540 19327 2666 15797 15076 16801 12016 6108 16780 14718 14886 13068 2913
17765 13781 13052 5532 8936 12906 25362 12727 10151 20045 20559 11138 18135 16849 16793 16564 20114 18211 21653 25875 10614 12190 20175 16088 10264 7760
20158 9463 7626 11973 0 6090 19777 16648 13121 10123 837 14803 19664 18202 18473 6466 16819 11100 22753 21381 14375 15870 12864 18334 17243 1330
17663 12092 6443 28503 21870 17849 17273 28818 6083 23222 21495 14468 20454 20987 13557 8367 17349 10726 12941 15235 9643 14333 24878 16333 6350 27849
19854 11100 15732 14740 17353 22964 15885 11796 9825 15124 5294 15476 16000 10291 11680 7175 20446 11892 18299 17815 11796 14805 16122 20481 3644 10112
19893 13067 13762 1424 11068 9054 25848 32076 12575 8177 11628 25733 17011 21414 12474 1842 21624 10258 18200 9810 5679 12979 12225 12387 10144 7157
19767 12812 12951 18769 18493 12673 14996 22684 7744 13387 14694 15668 16518 23472 14604 2696 15145 14427 9132 25861 4847 13355 10503 18514 14095 23967
18234 5792 7222 12586 12305 24720 15842 22751 9975 6122 12938 19725 18376 11904 7554 14094 19320 15958 17959 6814 4989 15555 7376 12244 10240 18881
18290 10372 10853 13933 21943 21952 24486 17539 11313 13405 9187 23039 18383 17986 15072 23773 15639 14812 23604 6734 11352 17931 20836 18584 4086 8926
20058 12934 13662 13999 15798 20751 19835 24158 8983 12514 22341 23712 23056 16690 15865 0 19013 10480 16401 5867 2159 15153 14487 15908 18124 21876
20986 12324 17263 15161 15855 15261 22635 10574 11448 14125 21642 26687 21941 19555 12500 25503 18316 14188 15783 21432 12585 13452 9254 17306 11460 15843
20119 11596 17684 4814 7430 12264 16909 22882 11684 17948 7396 17824 19144 16658 19489 16445 15055 18882 11716 18854 7713 14808 17219 19169 14023 30378
21350 11573 19360 14938 13187 12159 19881 29131 8175 7178 14422 10159 18588 16238 20347 11689 15559 18481 28063 12568 12368 14044 14868 15052 17820 17422
19883 10693 13888 18019 13363 10050 13636 23687 7008 21563 9119 26258 17957 18200 13288 23087 18515 11005 16082 18066 6556 15691 9416 14420 14633 21129
20772 9542 12889 11150 19763 11199 15732 25248 6833 14694 0 17814 20480 22774 11224 21438 17159 9954 22453 15384 11501 8603 11751 14437 23378 11541
21028 14214 14568 17817 21395 17828 17690 18531 3923 3315 15448 14901 18197 19106 10940 3304 14303 19897 21435 10626 10332 12815 15386 12928 17078 10945
15543 14827 13620 12204 11801 18237 13222 32283 10522 866 17049 17616 15396 11846 15202 12812 20862 15441 32568 18597 0 16307 16872 13992 5861 13587
18203 12880 11719 20397 20066 16540 22650 17367 11175 15905 15112 12804 21244 12965 13448 11777 15649 17582 15438 14524 12469 13791 16779 14059 7666 12082
20419 9631 12684 15881 11184 14436 24689 11833 6200 9514 14980 9978 21443 19766 11968 19108 18752 4940 15313 8692 17309 14408 5491 16918 9502 9197
20848 9630 14831 15861 9848 18531 22162 20389 9529 12942 10386 18903 17818 15837 16223 10811 19107 11756 25541 13266 4092 12655 8309 11891 13271 14756
15815 12995 13490 9719 20632 19675 16307 17979 5169 9247 14271 18713 18499 16151 17414 8060 16022 18075 20421 15509 9961 9963 16975 12755 12689 20463
20849 11484 8342 19966 15169 14254 18419 16542 3007 21341 14477 28108 19378 22520 11440 25037 21492 20685 10703 11690 12768 18540 15452 19147 12788 15182
17890 13769 12683 16452 11535 9128 15334 13952 8682 13119 17691 17531 19238 16958 14752 6132 21561 15833 15811 14834 12449 12894 14518 19424 15755 13600
16992 13353 12678 30800 23849 4934 19983 25991 4642 14857 12661 22580 17726 20321 14830 12003 19089 7546 22010 10416 6238 11107 17935 15089 18243 0
17908 8586 14146 12344 270 23825 20484 25236 12762 27463 16669 20376 19475 22726 17784 14041 16842 14658 12389 14889 12986 16681 13088 12078 12116 0
20105 9425 10456 8457 18921 0 22892 13218 7222 18951 16107 5686 15946 27511 15605 13895 12813 14202 16110 14029 15619 12362 12705 16826 10417 23061
22628 12712 12274 3736 19792 12903 21432 18413 14299 1410 13149 17222 19482 12171 13823 1777 14871 16187 15724 11643 1434 15199 9714 15795 10743 11297
17682 13666 9147 10329 9351 0 20028 18140 4328 21125 11043 15889 16248 14549 17648 13975 20864 7611 19194 16026 10061 14777 20747 15651 13044 0
21780 12341 15401 0 10841 1413 15402 15728 8895 19801 17900 12813 16028 19251 12572 9247 22035 9813 19472 16703 10484 17264 10617 15041 22867 14873
21803 13440 11449 6641 6010 3771 12535 16704 9701 16256 13238 10304 15592 14853 18647 15638 19992 18482 12146 21330 12968 15647 20933 14520 9629 7486
18118 15135 21172 18591 5184 12852 21269 27411 9908 22198 11991 19813 19341 24466 16091 10367 15266 11583 22249 13269 1603 12219 11193 19970 10326 3257
18433 14786 15105 2434 15581 19305 14209 16327 10937 13111 11657 19604 10429 10420 17644 13747 17767 8772 15050 19792 10496 10113 13327 18670 10442 13402
20235 15410 17988 15707 11362 11015 15654 22157 7740 15235 15977 8324 18714 8465 15271 17181 15906 17554 17270 17572 4832 8578 17506 19113 14080 0
18749 17297 7749 12699 9921 20796 19667 24125 8168 15421 1885 19172 14186 16735 19117 12030 20204 8440 27124 13928 14421 14352 10087 19435 14727 14283
22089 13842 16381 15580 11336 14710 18047 21505 13148 10990 11383 9732 15621 15808 14678 15506 21073 14902 22486 9748 14815 14726 12907 14702 12212 10813
15333 11495 16926 7599 12700 22887 29150 32389 15478 9664 6603 25313 16873 16954 16998 9648 15266 21870 21959 14571 10428 16973 7561 11913 12607 16672
19567 8499 11278 14581 20209 11698 24113 19554 10280 17127 16453 13895 18083 22024 5120 15240 16641 15646 19342 21793 23756 13671 12740 16136 15676 7987
16140 13652 8327 12227 19192 17006 19982 15634 9389 10571 26217 15927 17112 15670 14219 9675 16322 13381 14070 18680 7839 16023 13141 18809 4995 10885
19142 8226 11654 11997 6251 24381 16010 20342 10704 15372 5302 9405 14999 19238 14276 12887 14531 7625 17986 10349 11577 10493 18460 18428 15207 11357
16124 7156 13129 7271 19500 19805 15990 30432 18262 12572 14898 20282 17402 25784 14585 10646 16419 13330 9939 22652 10775 20503 15066 7319 11989 7735
18581 6691 11799 13568 19673 20688 18673 25742 7267 19603 0 18704 18641 25563 13990 3380 15483 15099 21949 12957 10643 13316 13272 15089 9136 14361
20750 13876 9924 11771 14680 17500 21497 13986 6960 12411 12864 13685 23374 13829 16080 16673 16930 11851 5957 21232 13160 17113 9962 17091 18614 2591
18652 13255 12143 10718 13526 4469 14310 17444 14995 6195 9994 13144 15425 19928 21216 11057 17701 9329 16686 9703 4467 19617 21891 19123 11083 18064
20271 8316 8114 14560 11469 15047 9887 23066 8290 14886 15037 18524 17458 22818 13156 14716 18015 15667 16587 14433 12396 11268 13142 12274 15003 13877
18743 13033 16910 15093 21552 18137 24013 18916 8688 5375 0 17855 19500 13385 18784 0 16443 13841 21041 13031 16820 14275 18411 20068 13045 7694
19801 10398 12561 16940 17318 27437 22106 19496 9683 12568 12900 16248 20059 16692 8167 19327 16846 12218 20442 11524 13163 7653 11586 19870 14315 19699
19634 11015 14369 10919 11225 20305 20225 16159 8507 14699 2661 10625 22753 22559 18199 22662 18371 11932 18803 9075 10085 14693 13137 17116 16409 13369
19853 8567 10319 20652 20884 16707 17530 13746 7676 10530 3563 13124 19567 14534 13054 14043 19732 10871 17474 11410 5552 14067 13329 15370 15289 10266
22948 10425 13552 17594 12777 25026 16821 24627 8411 7435 0 21192 20835 10739 13828 14734 17675 12956 16810 10241 13867 16034 9590 12455 9663 12813
16671 12856 17990 6426 23747 22344 20226 21141 4075 20765 0 10056 16951 20536 17809 11351 18404 9899 21180 12368 0 13326 16533 11693 14812 19246
19383 14844 9955 20418 15128 15897 17530 8290 6920 3494 21116 14682 18318 17977 20743 11655 17691 18016 19434 14824 8545 16770 9509 11880 10847 31977
16737 10740 13484 10049 10062 18213 21126 20670 6339 5695 8944 24871 15476 16523 14229 18775 16991 18713 17616 21177 2717 16229 16302 16337 11623 7861
18305 14137 17796 22077 20660 18609 16959 14154 9274 18972 9243 26402 14356 14277 13323 11559 18372 15062 12657 17655 15646 9854 9061 19330 6217 11783
19447 13788 13068 6619 11369 15275 17892 18157 14753 18506 14831 21397 17989 17896 12466 10945 18667 9583 20974 13802 10385 13296 8608 14791 13597 4013
17231 9948 21683 17017 24016 3607 22975 27347 7136 0 2266 7501 16193 20508 16492 10647 18838 12927 24836 9853 4653 15889 11749 17442 11866 23554
18956 9928 8166 1302 17773 21434 14819 10278 7190 10282 20802 6965 16679 19502 12127 4062 15829 7939 21198 14152 6569 13674 13006 20116 13914 17348
20890 11868 5258 22503 7998 19101 21046 26661 8849 11538 17754 9654 19332 17796 14972 14563 19677 12363 21508 14002 9975 17381 19238 15391 9316 22066
21358 11521 9045 15880 22866 18300 20562 20523 12071 9847 12044 11652 19160 19866 13602 4875 18357 12026 19741 11171 17577 19135 19252 16473 17026 0
17624 10446 9892 3342 24504 11554 23980 23828 11085 7813 12071 16245 22541 19644 12125 14376 19386 14209 17276 7047 14332 9488 8842 17944 2805 13165
20651 12691 10122 15457 3859 20570 18042 3007 4089 9423 22185 14744 19580 18497 14291 16375 12501 10922 13372 12765 3230 18125 14385 15690 9029 22594
16878 10883 6650 17120 16562 14926 18600 14883 11044 10398 8142 20852 15665 13674 11363 0 15587 12279 18551 10520 17437 12155 13311 14932 8505 14835
17181 17348 16079 5577 19768 18892 12642 25662 11391 17645 17853 14204 14631 18949 14530 9644 17977 16695 17098 8867 8461 15953 10077 12466 12879 1521
22031 11935 15190 341 18328 15746 15955 27160 10284 16746 16629 10091 15998 11822 14855 12794 16674 10151 20216 15217 1620 11057 8166 15649 14452 5546
21573 12180 13861 12009 16645 12692 21312 17990 12161 15395 11387 21444 14823 27474 17751 3938 19639 10326 16529 16227 10355 13178 11356 17551 11988 15679
19483 9086 10636 16830 9105 8071 19855 7822 14193 13909 17543 8932 22795 29406 17245 14560 19795 10399 21907 18516 1639 11597 12598 15661 11958 24473
18764 15490 11585 17601 8118 3468 19069 22607 12501 5155 17795 14962 14435 19626 11879 19782 21907 12070 13499 19985 5224 11224 16741 16035 17419 9812
21123 13932 15130 9695 13111 22225 18675 16599 3200 11128 6598 18211 12619 15498 14770 499 17580 12791 16312 11379 25763 15925 21333 16182 19215 17222
16868 11967 10213 16221 7483 18051 21533 12245 7768 10627 13984 14956 16888 7680 10351 6722 17675 11221 17777 18186 9892 16756 16316 14037 15143 5713
21424 8617 18305 21890 12505 27074 25072 16496 8632 12605 11746 17410 18542 17132 15419 4310 16876 12235 15547 16987 13832 13931 12119 7722 14074 26363
18588 12134 10466 24388 24563 14863 20139 27509 12180 8841 12739 21540 16879 17767 20588 8696 16678 16263 23428 10345 3485 12659 16877 15517 12107 11912
16465 16114 5960 18646 21829 8579 23633 16198 14549 11240 11777 15239 23637 15487 16467 9019 21650 13874 18308 16393 9852 11277 8940 12820 10531 8527
21819 12922 14149 14410 10755 18939 17642 18707 11176 19529 3556 7822 14859 21751 14718 16253 19693 17049 19147 6301 16753 18205 11219 11747 20887 10363
17720 7867 7519 9080 11407 16887 16687 3045 5540 12905 7533 11521 23545 15184 18311 23026 18430 12335 22637 8854 9919 13096 12168 18475 15213 5040
20712 11017 18620 9007 10644 7901 17081 18762 7000 12739 9845 12416 20658 16980 15871 18859 22895 13534 25779 8679 9007 14976 14231 12109 18229 20830
19116 11401 18905 4918 9604 8163 23639 30944 10877 22171 5033 4566 17010 16953 15563 10446 13222 11454 16368 11092 2701 15962 14692 13079 16755 14450
24146 14989 11860 21126 9972 7711 18408 3735 10204 21716 9469 13019 19361 29024 16047 6771 11978 14270 15632 12783 14630 11009 20331 19878 13626 10568
17217 12944 13187 17721 22213 19823 20409 12316 16258 11031 15608 1485 17018 20369 19348 22892 17452 14810 18665 16496 10508 11500 13614 15089 20985 28694
20085 12017 14440 18490 28829 18678 18937 25974 13223 11373 11943 18796 9553 27140 9351 9730 19699 15937 14697 10183 16037 12542 18225 17001 4801 9036
19426 9409 7421 9506 10565 21035 15452 20149 18518 17150 8775 18045 12268 16131 16578 10734 21375 18013 19626 18149 9466 16166 20660 16123 25226 0
20580 10974 13611 11360 21749 20801 19805 30503 12703 19089 18715 7721 15793 14882 10721 8392 17786 12020 21016 18466 7381 10901 14450 11784 13671 19650
20173 14691 18585 5707 23081 13961 26862 30000 7446 11093 23990 16869 20543 8051 11851 3471 19055 10037 10822 2871 6484 10439 8822 10736 12873 13767
19666 9336 17297 9844 14263 12209 25101 30957 10954 5606 7943 11375 18523 19402 10030 17197 14632 12197 20082 17538 9826 12488 11558 14085 19404 11745
17968 10695 15963 14516 11453 13499 14211 17406 7556 15652 9255 10751 21096 13301 18467 11042 19035 10374 25028 16530 6629 15462 15769 9645 8337 6679
22271 8795 7642 19977 20767 14896 14359 4144 10086 17341 0 12072 20017 13097 15073 23750 21010 19361 21341 10050 7075 11853 16757 14784 21482 10795
16679 8272 16163 11786 16677 19625 18114 22711 13824 15749 9899 19007 15235 16165 13363 16200 12545 20854 11289 9844 10859 7761 15278 17902 16951 6098
22143 9598 11274 13693 14054 12559 13702 14019 6136 14029 7185 14157 20160 18522 15169 0 15976 6641 11579 6621 10999 8413 10351 15197 9168 9142
19741 9250 11101 17890 22763 18610 21419 19581 8967 13598 9320 13764 15761 14935 13327 7977 19111 14164 22159 12848 11622 17782 15172 16556 5838 9480
18923 14064 12505 14425 9213 14213 19617 22660 11716 15192 9816 17521 19991 16169 13812 24598 17869 13336 19374 14017 11060 18704 16429 17513 16046 11535
22244 13493 9977 8098 12215 9473 20511 33801 11663 25246 177 22883 19077 16628 16896 21797 18929 10910 19818 13544 8628 16066 11017 10619 9435 14624
16825 12778 11070 13495 3374 9916 27319 33311 6517 15499 8737 16774 14520 12784 19686 3586 18449 16305 16399 18546 20307 12699 11043 14838 21109 13139
18960 11023 18800 19317 4007 22562 22881 24438 5599 3638 18012 16048 17262 12962 11375 10380 20314 17007 22558 20937 10189 11028 14540 20024 9068 19696
19668 8504 17945 11680 4145 12430 27695 7103 8060 13672 13564 26180 12857 16042 16615 11771 17626 15659 19799 19246 15521 12950 15006 13626 12548 21449
17734 9579 14484 15325 8645 20547 24546 11745 13043 13378 16782 7773 17113 9248 17783 15495 18048 12368 17895 17930 7811 15933 9974 21260 7781 17520
21499 11176 12136 12830 10163 2912 23835 18989 10421 17339 8039 14765 16772 18767 17808 12909 18491 5232 16239 5569 13018 17005 18902 15713 10580 1175
16910 6983 10238 7951 22899 21641 22008 14485 6767 5755 6268 18773 24903 22996 10815 15970 18614 9955 16904 13843 17317 14978 9813 19028 22326 21894
20170 11121 10097 14922 21029 5856 24805 31104 16918 15361 5772 22292 18700 20871 16789 13756 17175 11979 25576 6236 10914 14906 15394 14095 17261 7711
16631 10279 14679 16693 10041 9391 22437 14105 5679 9708 16003 22263 16827 25682 10838 9316 22147 4935 24801 11313 2912 13178 16120 23084 5066 9830
19007 9264 11931 18772 9474 14259 16291 9555 7174 21973 18756 11548 16266 20849 20827 18540 21596 8297 27242 14532 4904 13239 9736 19966 11470 12726
17950 11777 7009 22373 4546 11985 20351 17223 7783 13637 10375 15076 17839 17395 15958 3837 15879 12380 9209 11895 7400 11219 12396 18839 19890 8045
22412 11236 13882 15387 8207 19192 18933 7967 5649 21262 11965 15526 19699 25335 13557 3529 18089 15338 21363 15495 3859 12280 18963 15684 3895 18604
17429 9879 15982 4353 10149 16311 21910 20348 10840 16522 13910 6915 21060 11634 22802 15646 14798 9809 16916 16384 3824 13605 12742 18797 7521 13566
17851 12727 15587 19269 22017 16490 18929 12741 12530 13618 10620 11342 18845 20310 21383 8388 22879 15711 24403 11685 10440 11812 11781 18347 15509 6370
20887 11581 15611 6511 17960 11294 21429 27338 14697 222 7059 17289 18875 23839 15197 5721 14411 14560 16552 11391 2504 10646 12529 16284 6875 7775
19736 8160 9788 27641 16857 20455 20745 16116 4633 10173 11824 15868 16203 22946 14033 4465 17658 15450 16466 9113 12093 12452 13684 16939 13386 2517
17141 8795 9524 10375 14773 23134 15165 11556 13487 14689 4166 5501 14201 15483 7512 10790 14916 19904 21365 19006 7448 15925 14734 13106 12783 5139
20640 12371 13280 4734 21203 16974 19730 23307 9250 11949 12329 20133 21478 14516 14705 3497 18227 5798 24927 18112 15540 17417 14252 7109 11946 20283
20177 8965 8798 10655 17891 4502 17600 17820 8256 16016 6785 13140 19240 17719 12187 7335 19529 13338 32190 5450 14123 7622 15771 22164 11536 14198
18612 15457 9355 14116 26701 14623 18703 22182 8183 5049 349 17969 19929 20097 13304 8014 13927 12175 13424 5714 10529 18584 15590 18371 12157 20928
15689 8680 20322 6165 17035 30184 24036 36196 8842 509 11850 21076 22241 15937 16280 2766 17042 9992 21420 11459 7027 12443 9529 16573 4065 21620
19117 12766 13605 0 9694 11546 21806 11043 9706 16593 8598 14146 19017 13387 14523 19976 15709 13775 22835 14490 10381 11863 15266 13944 6842 2562
20080 13559 11873 12553 20380 14806 22234 23282 9111 15174 2145 19760 14961 9778 15480 6493 15911 12034 19534 13775 14608 15391 12968 17090 13228 17773
18814 17300 5266 3209 23424 14941 19179 12928 6245 6828 20545 23580 23595 22700 17333 6854 18821 13941 17672 14423 5905 9387 14563 14613 6432 20615
21289 10428 12666 14574 5030 21780 21726 17562 9653 24269 5800 13510 18415 18615 18153 12695 18631 18068 11725 15495 19134 16423 19070 20648 13439 0
22011 12285 10154 11778 22951 24147 25499 16420 7129 14259 7932 11793 17048 20158 19257 4420 16025 13177 18491 15253 5592 12119 10163 8821 14996 17064
19073 8940 7581 15313 20534 20478 20195 24899 14405 16156 9049 7675 16818 24002 12557 14512 18547 14965 25380 14579 300 17577 17184 12266 10602 13929
19169 13106 8684 2842 19638 20209 12461 20062 13395 22037 3729 13443 20410 21750 14082 7883 20477 17878 9392 7336 19436 16234 9752 13625 9845 10155
19066 9314 11864 12523 13048 12301 15952 17329 6732 19950 9374 18696 17738 14158 14851 19746 21638 15213 14933 14176 18799 11516 16590 16512 10178 16305
17316 12236 13260 19118 5044 12521 19413 23906 12999 12220 6539 10840 17495 19511 9752 4597 18798 12383 10060 15103 8630 11681 8935 21073 9613 17971
18123 12042 8118 21809 24202 13630 23461 28716 8781 8815 12709 6005 20852 23158 7949 13553 18995 16280 12589 9312 4995 11212 11244 18718 23198 12429
16923 13739 14081 3410 907 21320 18448 26748 7001 7251 13573 20070 16202 19818 14854 26852 15660 16678 18453 10104 7260 12654 12460 14242 10050 12138
16617 12270 11929 14066 14683 22457 18611 23181 4256 14937 16995 12885 18736 16475 14141 11253 17019 7033 18857 3248 10412 8462 14408 11701 16256 17341
17738 8564 12610 10630 17153 19520 19262 28077 9317 12327 8582 10005 19490 17476 10617 8947 18316 12226 17270 16683 14445 15471 19390 16890 9980 13451
20864 13564 10721 7543 22881 5022 18262 20351 6119 9231 16184 19737 17813 19721 17314 2004 18386 12065 20034 18944 7313 16411 15514 18365 16833 17323
18030 9654 7563 17241 7918 15818 14706 18852 12307 9655 25815 23173 15469 21413 23322 5702 17516 14433 19215 15260 6120 13629 18900 17809 4041 16375
20879 17759 7786 13193 15582 15485 18660 30922 9173 13421 14632 19835 15665 15522 11700 10986 15707 19789 17941 14357 2944 17914 17374 9374 17356 20202
17651 8709 9679 0 24985 10764 20278 7275 3793 5337 14570 15145 17381 13036 12653 13233 20658 13124 17399 13571 8847 13783 9378 15342 9215 8302
24131 13352 9924 27055 13363 11599 15418 16096 3530 22465 10821 20388 18258 19985 13840 1957 18321 17327 19100 15697 0 10333 12855 11037 19219 13690
19432 9252 14471 9129 23087 1861 24953 15587 13739 17554 18121 12204 20455 15966 14354 8833 17481 9118 20384 9637 8443 12928 10313 13643 13863 7600
19442 10129 10463 0 29069 15817 17431 22050 6129 10236 17899 13586 17315 14586 13754 11660 17018 19307 13559 15562 13616 10681 17441 14667 10268 16361
19155 12609 11109 9881 18093 27436 19268 16228 14633 29039 14390 16628 14388 14387 15928 12782 18943 15337 15654 9906 12373 16544 13624 21703 12148 9347
19087 15187 17085 30949 19201 13070 16652 15200 8726 20194 6971 22573 18541 18163 8221 3952 16843 18137 21353 8861 22571 13762 10409 12843 15200 11348
25224 14935 12914 11992 16354 19117 21637 25976 9948 15364 12550 11320 18410 14228 18298 0 16862 14716 22900 5064 6114 14480 7763 25831 11015 8043
16205 11635 12399 15854 11458 15224 18795 14857 12787 8865 6806 19691 17364 14614 8743 10316 14763 10303 15379 22564 2566 15290 9136 26465 15809 15211
24312 11611 14763 13817 19753 11076 17044 24280 7244 22843 3642 16539 18676 16505 18501 11968 17354 15018 14854 6431 5161 15740 16427 19280 18652 1226
21963 11301 12162 8621 14243 3684 15402 17497 21380 21369 14250 11366 19003 19506 18500 13973 20438 14660 21759 7774 1324 16015 18210 14322 21163 11083
18383 9059 14179 5816 14599 12788 16248 13811 12015 11728 20650 13845 18895 16425 17031 16307 21481 17957 19570 8504 9713 15603 9281 12657 9561 3938
18257 11852 12775 22804 15605 10453 23865 27740 12266 9245 7085 14113 17145 8724 15385 6335 18086 12665 18233 15672 9595 12749 16389 16010 9934 24059
18318 12430 6771 20978 22870 12292 21835 18676 12120 8824 13760 16654 14180 19266 11841 10046 16413 11946 24009 9755 8294 11119 16485 12850 8492 12563
18352 5887 13517 22111 11313 15930 17849 20828 15249 12627 11069 4986 15009 14214 17171 17851 16671 8563 17393 11815 18656 15508 13021 13588 18970 2683
20532 10286 13852 12831 16354 16407 13176 15513 10737 16646 20970 14748 18239 17005 18611 21635 19481 14051 25331 9565 13955 15291 14198 11791 11936 16046
18089 11575 7522 11069 19311 2122 17293 28421 17631 22553 12565 19331 17380 18058 12107 22445 18006 19653 11606 15352 2743 12898 13020 19767 15271 10677
18229 8093 12012 17233 22340 20298 17975 21060 10943 10780 1748 15219 19131 25337 13080 13075 17074 16653 19167 16961 15091 9681 16221 10293 8365 19987
17903 12056 15488 13076 18288 14264 20003 19919 16291 13455 10843 14097 23851 17463 13328 18477 18210 6526 16568 22915 17400 20215 16655 17515 13114 25992
21175 11116 14133 14185 11310 12831 14416 24847 11017 1892 10108 19004 17121 17050 8450 1966 21252 20059 13820 9951 14565 17539 14336 20186 8869 6584
16092 13908 13986 15695 12458 4237 19085 20836 18505 25019 10896 22759 17338 21018 14460 12118 16789 9461 23112 18469 7039 16357 10450 16756 9291 7123
20143 13102 16175 7780 14086 9510 12064 26148 8597 9753 6953 3502 14082 22641 14932 15606 18996 8827 22042 3630 7559 10070 15647 15391 21387 19848
22978 5414 13763 3563 11842 11465 20098 26117 11587 12431 4993 9071 13324 23281 11246 10365 14615 14651 14818 7713 6745 9227 16468 15069 13820 7468
17495 7324 13124 18659 18765 13920 22209 31429 7714 16202 7513 11585 18853 16525 12042 20111 17332 16682 12518 8785 274 12990 16645 18979 2377 6138
19791 9958 10704 10125 18131 27326 21078 23116 9858 20670 9329 20596 20313 19899 17447 9409 17377 17071 13171 18750 11395 12334 14759 17147 11597 13525
19389 9118 11598 8927 13135 25856 17570 23890 13654 10408 19201 14507 18808 11919 18072 4473 23436 17286 23162 13701 5347 15299 12951 19597 10539 10092
18036 10352 14081 5029 11953 13888 8668 23923 19236 24527 18140 16313 19444 16192 14775 10882 19274 14968 18272 18835 11874 13402 17528 15185 13292 10189
20184 12270 14874 1739 9125 8757 21592 13589 7090 26465 9398 15343 17182 8980 11784 9549 15885 13454 13460 10179 11145 17968 13559 19758 15148 14059
21133 7085 11102 16141 11447 23935 16528 17868 17055 22126 22499 18989 21868 16866 16909 9228 13321 18895 13575 17811 3765 13045 15005 22312 9733 14557
21452 9037 8212 22038 16070 17596 18539 25635 15094 20757 10192 15483 17344 14769 13810 16582 14810 13410 15276 14508 10957 11177 5165 16931 6758 13935
19398 11374 4413 12296 6289 17674 22199 19972 10812 11688 3904 17322 17928 20141 14063 21213 22644 9363 15694 14975 15606 10973 10890 15828 4974 7966
16104 13722 11515 13681 13206 15126 21537 19598 12881 12917 7333 10323 22412 11508 17334 5691 17086 17514 19074 14115 6520 18112 16656 9396 14105 9041
20323 12771 11559 7564 15955 14821 12350 24018 9061 18334 10032 11832 21024 20992 16966 11681 18474 14167 21534 9167 15611 13248 16048 14087 3998 10524
21062 11753 16649 21695 15682 16200 17255 8352 12180 6451 20188 8802 16684 14907 13689 0 23366 14751 15770 17970 7888 10483 17691 16847 9851 10116
21634 13973 8907 4882 17162 3094 11772 16633 16337 15740 10883 13902 18939 16258 14577 12155 16251 12845 15844 11646 3538 14376 9897 12151 4358 23231
18792 7281 8964 18180 14540 11365 19480 15076 11708 8770 14958 10097 16235 17028 17587 18980 18011 10790 10079 19291 11601 11007 6053 14155 12515 11819
18996 13298 13354 27243 23802 20621 17681 17067 10629 19992 0 21938 17538 11739 20040 12473 17537 10239 27088 20741 10994 15183 8862 16773 20190 11384
19506 10223 12139 0 13347 9647 17786 9553 12696 7963 2525 7260 13918 17594 17412 9852 16010 18082 17094 8456 22235 14302 11400 13929 11847 23324
18787 11363 14506 22578 11109 29049 23955 21103 9060 17296 14323 14283 17165 14713 12861 21016 16892 12160 22183 17943 1317 12947 19677 12184 10283 15206
16501 16026 14213 12323 15510 18521 29016 30667 4706 15447 12389 20746 19750 14233 14059 3611 19556 14401 26093 13840 10364 13675 12459 15410 14441 7728
16506 12349 8362 17960 8817 12122 18862 17531 14876 25313 9699 16150 25009 16506 15214 14278 21090 11882 13330 16773 9324 20991 11209 14082 4786 1641
13178 11796 5191 19537 13374 1277 23179 13425 14609 20841 15415 16338 16061 20470 11213 16145 17856 7341 18346 6059 17559 12552 12551 20619 8339 18001
15812 13750 10951 5599 15977 18606 17833 23257 13092 14092 8387 11317 14606 31183 15714 15008 21025 15014 18409 9838 0 14134 15551 17683 16063 15217
20115 11495 12862 2311 10326 12843 20537 31398 9174 24693 3117 17333 17722 26304 16086 5617 22088 12983 23256 10026 89 9253 13584 19293 2720 25590
19236 15237 16878 4917 17417 19187 16912 20038 10772 16877 6139 20386 15688 16249 15530 10777 19816 11286 19221 13369 8914 16865 11830 18266 7611 0
19139 12152 12854 12072 13397 7674 17194 10904 8009 16240 6642 21185 21906 16726 21565 5287 18265 20925 22202 13722 7897 13910 14651 14457 13048 0
18188 8405 8250 3293 14946 25587 21307 34320 7133 23624 6341 20019 20108 22164 15798 0 17811 10667 18480 12265 9508 14101 7198 7972 13386 11510
16321 10929 6854 9587 15978 15840 21410 10684 11129 12897 0 5820 18444 10756 13129 23603 15171 6905 15504 17210 17775 11144 12033 15895 15135 9497
19976 9083 12570 7144 12444 11836 17729 17969 11273 23312 14248 14507 24157 17621 13429 13941 19396 12255 11553 11854 12843 13955 16495 11485 13521 3248
18186 8766 9397 6547 18154 0 13511 9193 9256 24387 15642 14623 21034 13159 15332 9148 18062 10965 17704 16958 12505 8231 16158 11099 17206 14723
18471 9309 10351 16917 21300 15480 16667 21829 8404 6207 11114 9778 22803 14564 7800 11463 18579 10697 23649 9508 11106 14302 15757 16548 21527 12548
18833 12943 13888 13213 13875 21851 21888 11616 8755 13951 2268 24132 18341 19819 13843 13057 24557 13160 22841 14162 14212 12390 12569 14900 5292 14808
14370 12200 6944 2112 4781 16585 22558 28211 7531 0 13118 11743 20813 17083 18364 11545 14795 23430 16140 6888 6212 13052 12370 22366 13257 13766
15552 10235 17534 24664 19773 13494 20269 13882 7936 23617 7024 17147 22751 17537 12038 0 19740 9937 11679 18779 8342 13465 13711 15110 19380 2937
19849 15293 19815 11033 14541 22099 21497 39204 9201 21602 11630 13300 18011 22739 16726 11961 18462 8899 12267 8591 18469 13466 14436 20168 10337 20333
16901 11888 9106 17380 20032 18812 25129 21360 16005 10628 14599 23046 24063 23447 16196 15985 15497 15593 15352 12380 8724 16224 13255 17880 14168 16053
19973 12127 10744 20255 18587 18291 15482 23929 9371 16714 9329 19378 15806 19792 16917 6469 17849 12245 16060 15812 12257 10811 13706 16672 11333 13081
18145 14626 12343 10554 11813 16792 17354 20014 7230 11289 2601 21367 25001 20717 7191 17979 18817 11728 13753 6377 7292 11238 10726 9925 22749 12182
17927 13341 10022 13796 14447 15665 25642 11941 12858 8153 20761 15085 22644 14815 15117 5979 19295 15556 22302 13420 10422 14873 13844 16363 20822 11462
19095 12889 8594 19885 16344 10609 15104 20104 10619 25310 6767 16009 20431 18027 18345 13577 18778 18108 20507 20156 7783 12799 12429 7782 9591 974
17641 11297 9812 7670 9138 14253 20027 22454 6997 17706 12009 17901 18916 12431 16956 19458 21658 17356 19425 15468 12159 17548 11769 11067 10804 13073
20163 13725 11987 13594 11653 6080 23320 6713 14077 25006 0 15710 14886 19920 8158 12939 19041 12194 14371 10746 17673 11833 20334 13509 10559 9393
21794 10341 14444 3968 15972 5664 20133 10147 18525 5704 12520 20717 16391 14622 17335 4033 17857 9358 22874 13218 14385 9797 14316 15226 18417 8694
18946 11404 16973 8250 17195 18096 20652 18332 9458 14435 18467 6475 24336 19175 18506 11908 20053 14267 20956 13892 12936 9423 16076 15066 14885 10752
18399 11449 14330 14534 18030 20578 18124 24823 9069 12795 1898 11789 16148 22150 18407 6700 18616 7621 21727 8323 13644 12503 16754 9484 14139 15120
18567 11661 20798 9921 17157 4498 14813 19610 9690 18953 12389 14710 12921 16354 19676 0 21808 13382 21321 5103 9574 18103 7961 10624 16270 15256
17071 9903 15705 14895 24109 22524 21116 13635 9360 15175 19383 7776 16069 17353 13371 11166 20284 18945 23951 9683 8605 10679 6892 17520 8132 6909
17637 9657 7535 13517 19247 7524 26277 16959 15830 15340 4087 16539 18350 15565 14824 17818 18629 10027 22145 9580 15074 15034 7812 12622 14026 14089
18757 12728 7631 11393 24543 1128 24178 15557 9140 11278 11510 15530 15550 15041 14324 6295 17087 8791 16353 17547 9255 17719 18119 15689 13025 9022
18801 14883 11458 11229 20353 6906 16410 13042 3937 10070 11805 12997 17953 7800 10134 13898 20387 14536 16634 11183 5481 14383 10882 15011 13194 11709
17489 9753 15573 10943 9964 19464 17084 13582 14765 13940 16228 14575 16703 14276 17168 0 18873 18214 23985 8320 8601 11854 16898 11517 6829 13550
20254 12714 14672 0 16043 24767 20630 8404 8650 13395 8442 21824 20690 16639 19614 19906 22306 17403 15218 27136 0 9450 11146 13338 17360 14798
21010 10496 12596 11509 16418 7507 24297 23114 11166 14970 18159 11739 18061 15007 14617 13358 17450 13783 16680 7243 17270 12589 22868 17203 2347 17357
23552 13279 17644 7605 12186 13942 11390 15808 6597 15261 6844 16382 15207 17835 11671 12539 15842 13363 11792 14500 13581 15031 12416 21515 10233 9850
20509 11457 9860 5940 19380 14300 21974 15095 11162 15079 8183 16404 15118 10035 17786 14632 19035 13494 7675 15403 16314 13758 14642 13646 21762 11839
17073 12511 14477 11752 16764 5654 16655 19693 6628 2771 20644 12303 23663 20172 17242 6944 18045 9547 24625 4346 21230 15982 16029 19331 13679 20282
20495 7426 12673 13344 12037 25792 19600 13970 13556 11668 5966 11028 19861 11809 15325 19065 16669 5908 7275 17747 10689 11388 11740 14519 15055 16823
14545 8804 12679 15365 9281 14458 26365 15269 0 19525 20955 22678 22223 13716 15664 10797 20842 10556 24782 8492 12094 16183 10901 19363 19861 3497
16953 11098 12516 12320 23436 4449 17377 8769 6213 12077 10695 17012 17470 2814 14874 2294 17101 12015 16589 10740 23798 10873 12202 16090 5652 8630
17612 11203 14775 1938 21157 48 21133 11318 7490 15426 16965 14505 20075 22501 15009 27617 14593 13434 20989 12611 9373 9918 15116 16917 15244 15882
19776 12294 8448 19359 27562 14323 23384 28770 7621 9176 13265 15198 19467 13340 15072 12396 22432 7509 24084 16545 8283 13234 15426 17447 9452 18927
20323 10811 5479 19506 14624 20294 17552 11583 16060 11418 0 10286 18228 15915 18952 6276 18275 14606 20994 20294 9693 11196 17877 21603 18732 3960
20914 14714 8492 9267 14226 13012 17885 20539 12061 22230 122 12960 19203 19877 14196 4398 21161 14690 17158 14075 8896 12110 12259 9066 7392 7321
17801 11909 11647 10039 20571 10452 19867 3290 7773 23670 5533 13392 16674 20799 20510 17205 13404 13127 23852 1493 11748 8375 18066 8703 14166 12879
20225 9326 13394 15135 9625 12281 22382 17199 12328 28075 11707 15548 21922 13447 24403 13320 14208 17257 22159 17499 20649 18387 16951 16413 17150 5555
20529 9055 9901 17651 21314 41371 19870 21988 10547 3284 17401 8474 9586 18418 12247 18754 19225 12750 21743 10406 11311 12893 12010 21715 13741 24469
20702 14748 17083 9138 23154 9724 18216 20505 14657 5786 6135 13863 19231 23218 12642 14187 15786 9099 14429 18972 7238 13491 6905 15393 14080 20135
19478 14322 14656 3430 9511 25227 18481 30442 11148 5047 18717 10834 17292 17478 14746 0 13671 16885 26441 8432 16111 18161 13665 18774 12163 5511
16914 14131 12089 28628 11355 17311 19815 10506 8600 16568 15594 10527 19104 14600 13395 20169 18991 9326 23501 15170 0 17682 11406 19338 16400 0
21506 7522 18053 26073 21074 21120 13270 8501 11529 16867 7717 20846 13749 16331 19309 5091 17478 15260 20049 8737 5371 13385 11895 22983 16911 10966
17556 11181 9009 7893 19987 14768 17808 31701 12737 18899 13789 18725 24214 20163 13925 13664 19134 18106 19061 11158 2365 11288 13404 10134 14667 22055
21742 13936 14927 11302 12650 6889 16882 33563 2853 16488 21392 8131 21894 5714 14191 9190 20040 19948 14551 13276 14925 12506 12480 12057 12425 6583
16103 11382 13366 17222 19769 13593 16742 15020 16064 25865 14062 14638 17052 15829 13693 7576 15778 13588 15705 16256 6567 13729 21425 19842 11155 13319
18732 17528 13086 9718 16534 15756 18263 29458 5018 15107 9615 13865 13417 20046 20286 11752 21545 6475 23994 8674 20115 13823 15163 11068 3691 5551
18866 4597 12070 15140 16818 22449 20405 23311 14890 22684 4492 21229 21496 18573 10054 4715 15795 9556 18939 10580 4485 16945 17211 18196 10079 21679
19232 12226 12529 24643 4140 9179 16652 22153 12013 12216 19605 8787 18613 22213 12802 14442 16292 11769 27010 13770 14690 13592 14299 16916 13386 9030
20164 11892 9508 17899 12081 19748 14318 23260 13532 4680 13646 23987 19507 14083 13080 11161 18308 25430 19058 14221 2300 18390 19061 18018 5340 16530
18396 14356 17279 10625 15651 20043 21956 21397 2356 17485 11793 11140 16412 15700 13489 12902 17205 7366 12441 12113 0 12595 9501 13680 15345 15724
19527 9608 11879 13452 27085 9026 16613 19423 6447 18116 16423 12250 15529 18935 9683 7355 15092 8463 7746 3298 23875 12682 18228 17013 18307 33367
18408 10610 9782 11020 23694 19490 17847 33125 14387 11234 6110 12317 20908 19200 15517 2853 18365 14226 11742 17945 12241 16996 12341 22233 6761 15380
18434 11441 15087 11751 16340 25766 22916 18589 8949 9732 13101 12598 16241 22965 10401 13203 17465 9774 24300 20892 12300 15571 17231 22650 18583 17327
17416 9525 11332 23904 13356 11935 16525 33864 13188 18005 12070 15505 18230 13681 20773 14400 18643 3147 21903 10660 2037 15352 9463 14085 15707 13921
18350 11459 9741 6442 18371 10692 22081 22290 11462 11411 12014 7819 16366 19011 13006 16322 17943 17555 16305 8904 7333 12682 15272 15822 10488 18063
18868 10774 14235 15983 19315 12488 19622 29376 14406 19356 6521 13482 17662 13108 16752 12685 17380 14578 19657 8064 9362 13479 7668 15716 15651 19740
18324 8096 14721 25446 11855 12890 20608 32724 11255 22641 0 11317 19046 18835 18418 10782 22254 14117 23457 14882 19823 14621 15508 18088 11213 17975
19781 15189 10413 19524 11390 13403 16791 11097 14956 13639 21871 16942 20367 17556 12596 15599 16989 17564 17622 11873 14745 9847 18081 15160 18124 12665
16407 13169 13684 10395 13818 25541 24324 20776 6263 11391 5346 18049 21366 17430 12733 14033 14309 13001 19875 8536 8356 12394 18424 12844 17937 17986
20337 13674 10186 7105 19482 14062 20811 15260 11770 14294 16164 12836 13111 16784 11798 16969 20473 14381 14371 11145 10242 13779 13226 10555 17212 31162
18330 8935 11867 20577 14745 21171 17494 19948 8113 23957 11298 21618 21458 7656 9084 16157 14588 14063 23013 19090 5624 9117 15197 15822 11219 1171
17693 10604 16815 12613 6484 20867 23137 26336 10421 19227 12430 13170 15379 11487 14634 10580 21474 6759 18036 14694 17567 11200 16174 13591 2124 9517
23889 8305 13488 6780 8066 15239 24458 23672 4464 18446 16932 13184 20039 16320 16324 2067 18777 17215 13247 13638 11923 12680 18636 16754 9212 9691
14466 11971 11193 6620 3878 12432 24430 26404 10367 3327 9439 18375 13763 14534 16362 3798 18393 9414 18965 9044 9161 13452 18271 17922 4497 8634
20605 14141 14069 16936 14051 26112 15948 17072 10476 21000 13804 11353 20732 17261 12252 22174 21292 18146 16808 19059 0 12218 16778 16777 9682 21294
17610 10842 6392 14899 12636 15213 14126 13982 14718 14366 9507 19355 12068 9569 19755 1918 16031 9612 15917 11601 6574 10926 7493 19815 9013 9053
18817 8818 14638 18225 22327 14843 18591 13845 6281 22973 11607 17457 19406 9308 15668 4813 17633 13176 14514 5876 3389 15920 15391 15736 10444 3629
18266 14034 11347 12803 13305 22887 20205 15973 16488 3783 12346 8365 18843 23610 13271 5780 18206 13272 20067 23137 4283 13713 20772 12571 11304 0
21646 12119 14697 20037 18406 7245 12909 18649 5136 14710 24462 9136 13514 18527 12235 6728 14737 16947 15581 11025 12763 15410 16054 16445 19114 10187
20826 9787 12065 13554 18801 19486 12560 20123 13423 21869 10017 13277 18979 16453 13206 14109 16912 5550 16356 11301 11952 11745 12533 13878 14899 29110
19264 9218 19057 13679 12991 17382 14042 35651 11737 16769 1467 18253 22966 19181 16407 20890 17553 20444 17356 13127 11641 14256 14571 12665 10275 5866
17771 11739 12201 14166 20739 9346 16635 21778 14351 11232 3815 9988 20048 18915 16530 13979 18011 10093 12426 13896 18502 10609 16137 15237 12810 19505
17556 9297 8875 15681 14765 12708 22005 13622 4042 18945 7199 17731 21193 16697 12435 3368 18399 9518 24554 21276 5015 10831 11985 18367 7300 11902
14843 9177 8125 0 13925 1645 19012 32018 9018 23259 15619 21394 17800 17303 12153 10078 18835 7969 17247 17254 15032 15430 17575 13657 7929 11540
18209 14664 12458 14632 9399 5473 17456 23626 11939 9955 13509 12758 19409 20609 12162 22739 19873 12679 9594 12299 7571 18518 14983 18309 21549 14512
18809 5128 14093 19239 19750 8994 16037 12075 1029 14057 1731 20586 13243 20250 12175 15566 21089 15229 14649 6549 13501 16563 19051 18231 16513 15515
20996 11888 13558 20649 20535 16824 15650 17148 11739 11574 15722 29635 19943 9842 13195 17330 23320 10429 22866 9940 14694 17677 8971 13072 3417 12929
19555 11832 8877 16120 22243 21478 25533 13277 9658 17135 11175 18153 17589 12398 16387 3914 18451 12653 14872 4050 10777 12382 6363 17910 10791 20114
18587 14627 10445 17309 17068 20427 21116 30773 13129 11507 7399 9772 19255 23698 20591 5281 19822 13373 20670 10261 9549 12775 14615 12412 18594 16950
18733 8222 14428 22590 8193 25536 12617 21326 11576 10570 15044 15386 17826 20904 13186 18899 18348 13161 17884 11258 9155 16658 19054 11886 9878 15869
17925 8618 7993 8730 14682 11593 13565 10215 9035 17016 17054 14706 19182 19101 11871 17119 19150 18931 14466 24430 6128 13981 14567 11253 0 3318
21586 14666 16078 14882 15294 30568 20270 19258 15650 17829 6351 6928 18776 21414 13818 20236 23083 9443 11065 23103 7031 16514 13344 16825 12176 1721
21084 9051 12555 17277 10847 28378 25978 28240 10299 21037 21499 10530 22134 24152 14345 14237 21040 13029 7049 11541 6676 14947 8600 17355 9630 16649
14878 9568 12017 22271 11723 20313 18426 23410 10369 16191 7521 10013 20577 16164 20151 8679 17538 6315 13278 5364 16942 16479 17705 17437 6301 12692
18013 10317 19799 0 20921 12883 21227 9471 10082 7945 7854 17843 16832 18638 15174 11715 16817 15634 21174 15323 13139 10493 10873 13301 5187 22407
18748 11935 18849 18614 13974 6504 21154 8215 8078 2673 5943 12738 19721 22132 15289 8921 17213 17552 19991 13309 18608 8018 16839 20901 12117 13700
20425 15440 15100 27128 19808 9139 18137 24815 11725 16438 10883 9222 15303 14004 14972 2988 15658 18024 15467 15174 1518 11298 13367 15500 14374 16566
19884 11819 15236 8634 15470 14209 16936 25668 7211 18029 21095 11292 17598 18114 17135 11419 19938 7169 22779 14743 5679 11916 19021 9053 12406 13237
24300 12188 8553 6463 19308 24432 19181 21091 12687 9870 4930 8908 16725 21544 15887 13495 14683 18044 12091 11979 22582 13561 12755 15837 9842 12237
20774 9766 9048 15860 14493 12039 17971 14695 11764 22703 18820 21850 20824 23311 15325 23722 14730 11295 17861 18639 5961 14298 14511 26255 13093 1514
20304 9652 16280 24036 14130 0 16628 19026 11534 13484 15445 12185 17941 20808 8858 5983 15747 6503 25523 16409 0 15049 12428 12220 8760 8637
