365
39 85 28 6 80 46 67 54 90 23 38 42 93 9 16 56 18 2 21 68 95 0 65 28 29 45
1433 11748 21902 21041 11740 22363 12467 12757 11169 11507 22486 16299 12851 13664 26674 15728 15644 18908 20844 17922 22037 9627 7770 12770 8854 13658
15139 8450 22158 25419 21117 13802 8588 15709 9594 12397 6262 12352 15469 19399 16468 12518 11529 32564 19589 17657 21602 12399 18176 9432 19694 11626
9689 12507 16841 18833 15323 12456 17577 16000 12800 6404 21556 17591 13730 15599 15304 20488 11981 10715 15720 23299 20559 7929 8367 12659 11095 9956
0 3320 16196 20005 23681 19029 8998 21492 13845 13863 26683 13361 16583 13651 15543 18538 11269 23188 14697 15401 25354 16585 14105 8294 8391 10695
16502 17257 18149 22139 16200 13069 11005 12667 11374 9922 19909 15935 11167 18111 11169 17272 17217 210 11995 18037 19492 19271 3261 9963 21286 11117
10217 615 15431 13218 17078 16657 17967 12166 1229 10774 17774 16083 13905 13361 27096 13518 18115 8637 5060 18617 19237 6704 18256 10405 14677 16597
10166 9526 20799 18618 16404 16144 10272 24039 15980 11452 23355 11874 12061 14215 23544 13747 9607 17595 20705 17672 18187 12333 12018 6710 11977 6653
7579 23324 11849 18256 17162 21720 10368 23231 8279 10394 20012 10614 15129 11039 15165 14023 17014 6167 5992 17996 20204 24714 12143 7937 15951 9451
5435 5077 21209 20179 17515 9904 12092 21505 7804 7445 17457 17923 14487 17988 18385 13354 11632 14902 23896 15394 23132 7355 9207 9165 9299 11388
14401 11075 17068 17031 14016 12183 10403 15780 11090 14993 29229 16625 11052 15597 27963 14243 14259 24328 20051 15532 17093 12493 11885 10362 19178 9422
7482 7769 17689 12084 22916 20731 7085 24415 12969 6173 25889 17442 12524 14108 0 15458 13058 16712 23178 18649 13615 23116 8330 8581 14936 9966
21068 12189 18804 28691 10120 24682 9207 22281 13228 14590 22565 11101 18934 13179 21781 18050 17543 4678 10429 20068 15872 17815 6315 9612 17030 19656
16385 16808 13126 24307 18844 27960 8434 17736 12288 11986 21003 21247 13572 16320 20815 16889 8298 13221 23187 15512 19074 18082 18190 12593 16203 12795
19337 24257 22040 18584 19728 19079 5909 9488 10957 12035 22787 12714 14185 14058 20483 16277 10729 3967 6050 16680 20419 17169 10440 4769 11643 17005
3884 10656 24905 15689 19248 15408 14889 13924 13982 4869 20433 6827 14807 13949 17566 15645 13340 14372 6588 12637 23132 13665 7917 12352 19519 15201
18825 0 17969 29450 12258 16852 8358 16315 11619 12054 20981 6661 16470 13405 12463 11814 18007 21838 28558 16592 23540 20729 374 10801 18365 9507
18541 11289 24501 29409 18864 17874 13057 23349 10938 11413 23437 8528 17151 16798 23192 13426 8785 11153 13195 20817 19080 16478 15434 9763 8872 8712
18288 17810 15075 22456 17143 16449 7264 11740 6835 12521 6177 12334 15151 13645 21684 15785 9565 15158 17818 16946 20351 18185 9044 6651 15573 7512
17861 6084 17113 15246 30309 11778 7658 10534 7150 13480 15624 22495 14549 13983 11283 19902 9417 22458 15502 17570 23510 20019 0 5954 0 14779
2579 12861 19593 21299 11860 17075 11801 19857 8688 7906 20347 8989 11816 13889 17085 16162 10734 25606 16314 13119 21519 5377 9112 9382 10433 5230
4614 16404 19810 15866 20150 12481 12637 9926 8292 18955 17819 13472 15046 8100 4438 17327 22496 14056 14351 14385 22399 20105 5481 10460 7438 12955
21439 8457 15557 18245 7333 18751 4699 20988 6943 16807 21374 15662 12363 14267 22293 11658 19008 25353 20707 15254 20724 16298 17455 13159 15776 10363
3798 10655 17252 24297 9915 14729 8464 18677 5987 17856 25826 10147 10639 13528 7726 13936 18863 3798 3702 16527 29052 23863 19374 8664 19430 11944
8129 3848 19440 14215 19749 12551 10854 16683 12769 4403 23932 14190 14594 13195 9187 17260 9846 30455 15044 15258 17917 10717 7178 13269 12749 9969
18329 0 20052 17217 14893 25799 8285 9196 13421 20229 18000 13801 14437 12667 25212 16723 10823 24670 7310 17794 23263 23021 23676 11567 9899 14979
9730 17679 19342 21642 12074 12325 6660 19001 17788 8349 18556 9319 11076 19755 11182 17394 5392 19931 17389 18588 16200 26032 7389 6693 6509 16119
23232 2865 15448 29065 16253 15154 11587 17874 6939 1555 17891 9633 12722 15114 20064 17903 17835 25081 12668 17913 19355 11040 3158 12633 9125 13838
11692 9135 20106 18589 13699 15658 9812 21839 8424 11407 14658 9540 12618 11869 20193 20155 15547 3625 21697 18256 20599 18468 9646 11335 5521 11965
9661 6006 16377 19038 17637 0 9165 16143 1691 10129 12466 11771 18692 16929 15393 17475 11196 16713 8948 16885 23904 20573 1326 12090 10588 15965
2486 6541 17146 13131 18962 19719 8745 20317 17035 8125 20179 14478 12521 13854 22025 15346 17638 16958 10703 17267 21052 17214 15496 14982 13750 13543
13255 21436 16852 19532 18004 17299 11734 15264 9421 11603 21569 21581 14290 14175 11407 15365 12105 22079 12308 17971 22382 17730 14403 9074 10575 12870
13639 14234 19639 14922 12701 9876 10885 16438 9005 12824 15936 24213 15921 15263 13965 13653 13938 20652 897 18455 17881 14981 12888 12531 15278 11042
15632 18997 17184 20706 17971 19573 16459 17548 11556 11112 25533 13178 12306 17217 19688 12554 11578 7695 18908 18324 21111 12772 3190 10779 14679 11183
9168 15473 18036 20557 15860 18739 12372 12726 20191 7892 14276 7766 15131 16067 15020 19550 12813 13651 14269 20333 18851 11459 15514 12151 9345 11878
13392 6883 15858 20829 8213 15537 5639 18730 10994 10383 20250 8608 11586 14542 18992 17575 11084 14182 14074 15841 18719 12587 7659 8551 10644 8855
14883 19747 23067 18681 10763 14966 11196 17121 18638 24334 14445 0 14915 15997 12503 20071 4972 13572 18696 21183 21364 19489 10452 11956 12455 11379
18995 18156 13158 23577 15287 11794 6751 27793 9905 12956 24720 4091 12907 14316 673 17600 17177 13672 27984 18683 23777 18081 10675 14943 7758 13895
9696 4791 18170 26668 19097 13744 9103 20519 11501 9892 13111 16594 12345 18584 21268 14476 15397 11096 28330 14784 16207 10211 22029 12721 7197 10652
10600 18536 15338 11914 12723 21827 9252 21461 11002 14695 23027 13900 16570 15270 0 15623 10581 8367 31398 17005 23348 13132 10895 8959 6496 18270
7024 12582 21836 17778 22317 14780 12123 24524 11895 10415 22456 13462 15374 14819 3867 15637 18975 22346 12851 17660 20791 16841 12965 11645 18944 16250
19440 20708 22049 20305 8935 13174 12379 11059 11284 12704 28247 11259 17326 14775 24029 16911 10647 10713 8892 14565 16665 10937 6602 12104 15637 14810
12862 5724 21482 20412 5728 12030 9118 23273 12384 9345 21452 6066 16759 14752 21945 13065 14202 8137 22220 21034 23621 10943 8304 7008 11248 14282
19001 13978 20141 12351 16100 22297 12324 17792 10847 10157 19776 17490 11400 16381 21774 12870 5952 30412 9492 20330 22637 11195 14092 9458 5424 8676
13010 1449 22071 18750 26850 20404 10359 9134 10092 8406 14888 8987 16683 15004 8431 15106 3987 14548 12899 18784 18081 9392 9224 13510 11639 17169
4380 18987 16313 20749 13691 16602 10433 28916 12821 15932 26979 4147 14096 14632 7221 17911 232 29182 3873 23785 19975 14204 7826 10357 18973 13605
10941 13472 12326 22908 21167 23616 9947 16322 13137 12149 11388 7599 15874 15824 13225 15985 17645 17303 17387 16798 19218 15322 16763 10707 8293 12037
17924 21397 21212 30401 17912 10724 7656 17209 10988 13190 25155 11728 15044 11806 6508 13144 17799 11791 18539 17827 18561 11129 5333 7970 8515 11207
10959 15124 13449 6992 15968 12030 8984 12179 12829 11678 26739 9804 14092 15096 24262 17894 7237 11607 18711 18041 21073 18887 1272 9190 14267 18706
16344 0 12007 18230 24049 6498 13145 26218 12758 19322 21338 6355 13431 17888 20393 16906 10274 13052 15197 18266 20432 13317 11066 12819 10046 15606
11269 13010 18844 21411 16554 12803 12202 12255 6615 15218 16585 9035 11931 12832 21427 15120 10802 25014 21076 16824 17575 20660 8498 13753 5870 13646
16223 5713 21008 10221 12116 12323 6904 18893 10308 3795 17376 12184 14091 16926 18753 14610 17169 10411 16187 21346 22629 19524 11772 9745 17779 13900
20866 20502 19575 20075 14193 28791 7099 17619 15060 5214 28340 6429 12470 14716 11956 16509 11756 14819 12589 18053 19820 9361 8923 10785 10733 10189
18363 28596 12766 17565 12210 22170 11270 18475 15758 12032 16731 10401 14865 14418 24889 11777 15123 5973 19497 14284 20970 24290 7151 9759 10808 12648
7546 10740 17605 15443 20523 15645 13211 21637 7110 16421 18743 15785 14164 12625 1839 15025 6740 14481 17713 18582 19178 16457 18149 11138 10171 12507
12047 8017 17225 18412 8391 3283 12850 15615 11571 14715 19137 15488 17395 12687 14711 18051 13226 18453 17244 18114 17550 15093 12761 13245 17881 9532
19625 10954 22073 18264 11741 11562 12259 19973 9284 2859 24445 8263 16560 14790 23144 16381 12198 21980 19359 18387 16396 12324 11059 11586 17534 12732
7894 13598 21970 18327 17597 20483 12053 18708 11270 12389 19075 21400 14349 15806 12855 16955 23006 0 23644 18377 24195 14333 3734 11185 11049 12792
9920 6652 19887 26178 16880 15582 13884 19703 11495 9030 19110 7741 17292 18414 16044 17817 11004 19642 7679 17807 26039 15599 1049 12647 11496 10251
10504 12595 19451 25777 15708 16998 12920 23344 12864 11770 15048 9027 14252 17761 1056 14809 15768 21976 16206 13428 19421 20617 0 11987 12005 14049
17158 0 24207 24738 16138 11426 11101 14177 11941 12331 16585 6828 15239 20480 16924 19693 14458 7662 22624 18106 23880 12999 18394 9303 10171 13930
6232 9519 22128 14729 22923 20277 8633 20100 10022 6818 23425 12760 11154 17789 13916 14814 18299 22651 9054 13299 22462 12365 10752 10178 12761 7158
19052 0 17127 22410 19036 18331 8520 14156 14669 18360 14060 8771 15329 16235 5036 15288 13468 31404 12062 17371 21183 12869 8584 8090 7890 8099
12299 4927 12955 30351 16383 23277 5073 14451 15336 11955 22890 21945 14528 15365 12297 15049 14468 17593 12911 15001 23840 19454 9101 11538 8059 10133
11329 6805 18596 18293 22035 21915 10907 23823 12129 5236 21958 9946 14447 14039 12818 19684 2019 17966 16392 16569 20367 20751 9907 8952 13827 10638
13437 18283 19598 13687 17586 15783 5427 15454 6452 15682 9588 10413 15612 12312 13658 17067 15506 8677 11943 19183 18720 12049 9237 12288 15637 15337
7353 11995 22542 21758 13470 12897 12323 16223 12558 15079 20411 11104 16747 15852 11505 13956 20650 20666 8387 17354 21047 17958 0 9973 8232 10059
11201 21544 18026 15416 20027 8013 14201 18850 9664 13670 16534 12737 15200 17845 14113 16382 10188 15863 15026 17403 22764 10066 13291 11654 12875 15798
23361 24310 16161 18788 13852 7997 13017 16574 7071 11703 13884 7856 11301 14019 9989 15828 11156 14781 7866 18729 21206 14713 12771 9020 0 13136
20864 14504 18219 24136 21727 26838 12922 14503 12331 18334 7590 11359 13378 16817 3320 12138 18576 20951 12097 18994 23116 18333 22256 9093 10650 11542
9549 13118 16637 21008 11013 29088 11517 11680 12034 14626 16163 7432 10238 15090 15717 16214 11991 14690 14050 18621 16624 11925 8245 7388 9654 13193
10057 18762 18244 18595 21206 21792 13704 18014 12038 7889 24745 17536 14281 17665 17972 19812 13283 18688 10185 22230 18350 17387 12471 9996 19507 10531
23193 7203 23201 17758 20327 12373 13114 15501 11984 15402 20125 12841 13493 15298 18718 17488 6402 17620 12889 21955 20228 19693 23157 13677 21902 10097
11983 13397 21872 20974 21976 16610 13783 18574 9115 19364 13562 18456 14493 12135 24220 17605 13484 26528 10710 15809 22953 5854 11488 8825 16371 8824
16141 13490 18159 18064 18251 3815 16750 17091 13023 17699 18723 15975 11011 10469 8571 16863 10572 21764 14069 19878 17727 18568 9964 13681 6544 5988
15747 9888 19251 27982 22627 17675 10620 20669 9610 13901 20824 7881 16661 16920 10915 17397 13830 16702 18392 18661 20240 14989 13819 10483 5512 6507
10475 12237 15154 21433 28370 25164 7880 20728 8933 8743 13560 14361 12921 12676 8884 16583 11545 20252 18368 15711 22569 23305 14980 14385 9795 15154
20274 9645 16375 19585 19731 17072 15608 17460 13332 13660 18999 15074 14478 17273 16491 17967 10186 23064 4743 15021 19166 18239 15029 10689 16795 18515
17856 13204 19826 9885 12902 6828 9983 19480 8919 15702 19622 8868 16868 17386 9886 15870 9848 14763 7694 17297 16200 20115 3418 16706 6460 7644
16503 8485 18283 13478 20598 20413 10789 18024 10708 4103 19246 14669 10594 19052 12164 15837 15724 19353 14914 18421 21445 21795 18375 13002 19023 6883
11028 26779 15683 20443 12607 23812 10018 27847 15351 6460 19110 18476 13012 12011 16179 16568 9482 25569 17557 18770 17393 13346 19707 9383 10811 10918
15291 11708 22603 29838 14738 18850 11516 13361 12544 17430 22197 9063 14908 12763 28105 21571 14934 16852 13749 20560 16654 23094 9030 10819 7252 5759
14903 14309 17166 13696 13729 14860 11539 9398 11413 9008 6157 4847 18439 14650 7713 18169 13080 6487 23232 21753 18143 10315 18154 7412 15533 15732
12768 18951 14922 21437 18542 16159 10506 5214 7524 9786 20025 1668 13195 15658 17795 16504 8283 21484 28000 20127 18836 8040 21393 13847 14830 17550
17685 20134 17568 17715 16168 13923 7129 13484 9137 16974 24544 6459 15870 14710 16466 11976 11071 22054 10949 20698 18004 12494 23437 14490 14028 9382
15482 19207 16410 18482 16667 20360 8241 18684 14334 16803 21471 20945 16085 16346 22137 17587 15854 15528 17987 18434 21590 15950 20678 12467 12238 15314
28212 20128 19743 22439 14612 9999 12730 14945 15800 9237 13865 9294 13020 13943 12478 13712 13796 13043 14771 15591 22245 6408 9264 7774 15165 11765
0 14593 18182 19363 16722 14176 11052 27406 13692 16670 16107 10752 14273 13946 4233 16242 11418 15733 16551 13865 18666 13227 5800 10643 12999 8410
17764 18318 16195 24734 16008 20560 10831 22222 16100 15876 29367 4505 15508 14240 16004 17621 12372 9441 20416 19624 16042 16357 16646 8248 19039 15667
7918 13412 13783 22426 9748 24885 12914 14798 11241 17081 18007 16102 15156 16111 6279 16308 8065 19603 11222 15978 17223 14716 16739 9222 15118 15834
11332 14511 19649 19173 6549 3162 6118 11879 9813 14493 23368 10684 10094 17930 6631 19254 7776 15197 13453 16692 24880 13929 21970 13778 14407 9642
27168 7312 18965 25519 16637 16118 12369 19999 11222 7746 21535 14206 14107 16488 11490 14007 6072 18324 14021 20339 21964 7869 6926 12868 2193 7269
16325 19560 18648 22186 14803 0 7089 13714 10234 10491 19715 13281 12570 14784 16685 15499 19201 0 10809 22181 26112 10981 3901 9044 10488 11337
10788 3514 19794 8767 18306 18233 14741 17594 11455 4267 18095 10807 14929 11364 14052 18796 14771 20852 11667 17742 24763 12625 0 9414 13875 11737
18929 6682 25142 18928 14264 15326 11914 9050 14910 3564 26101 17049 12646 17510 13801 12043 16474 19047 19110 20405 21123 16656 4719 8876 6785 10655
15285 11251 21049 10002 12569 19264 4466 23981 12439 10511 17503 12997 13056 14024 17602 15258 13944 21858 20585 17983 18762 8674 16568 7699 9512 6500
5785 0 17335 29080 11846 21261 5882 10578 9509 4649 25763 5454 16957 14624 10555 14888 18575 0 18610 16338 20381 18763 5370 9633 6557 12884
9278 12248 12068 19326 13750 18042 5853 12055 4581 16555 13989 13468 12552 15883 14098 16470 8486 19277 9118 17555 17881 13521 25721 14073 15311 7009
17511 7423 17080 20345 14289 16383 10356 19632 8886 8573 16462 10786 15314 17894 7412 16974 21320 16306 11079 18591 15505 16805 19005 8859 5450 3701
5145 0 18581 13389 20388 19415 10982 13153 14092 10713 22243 10952 12475 13775 23148 16434 6416 20135 18050 17131 20268 14138 15423 8897 8776 13681
6524 11996 16654 23119 26872 17601 6569 14877 3158 14428 20597 17021 14727 12647 15455 17843 8076 965 19762 18337 22519 19361 21874 8503 8136 7614
6942 23554 22953 24177 14243 23110 10296 18077 11288 14459 16915 2350 13038 14369 8529 17418 14539 23180 8888 21195 20224 14577 15092 5282 4540 15318
3828 10477 17782 17482 6612 15144 8922 15085 6362 13522 25306 13084 16779 12994 21607 19132 8994 18069 2685 19989 16325 5849 39 7230 18289 16713
21428 6779 20513 19983 14838 16964 8574 20011 11552 11885 16626 8481 14781 11955 9233 15406 6980 10231 19147 20141 18038 16418 16467 7650 10048 23855
12234 26140 15587 15997 11363 23459 8406 20432 11694 15206 26639 3759 12265 18493 13643 19035 9218 18391 20244 17679 23032 16343 25885 6887 8163 11708
15685 6307 17353 18830 12320 26739 9886 15413 14812 0 21201 11343 15077 12180 14779 15054 14151 14875 31299 18990 24522 20443 24199 9801 10803 8852
7002 10490 18089 22455 11355 5502 10841 13284 12141 3829 21205 15675 19423 15509 24494 12983 14024 20789 29644 20372 23477 14252 17006 12905 17414 8832
12180 12776 19348 25409 25222 8447 6919 16931 3705 8590 18160 8159 16921 17943 4629 21313 15573 5272 6528 19496 19461 21973 15709 13047 9744 12398
13129 19012 14081 14704 9480 7990 13983 22909 14659 14280 18833 13729 12835 16480 4538 17810 7629 0 13319 19995 19962 14048 15123 8585 20309 14906
9807 13343 16582 16409 22771 9318 13577 22513 7572 16357 14134 6653 14032 15947 29902 12424 8697 24272 18950 18752 18504 15424 5490 8538 16575 12237
16839 24414 19219 13492 18176 11125 10083 21378 6702 5088 21853 9822 13074 18278 17297 15721 14137 4925 16789 20234 20037 16326 0 9937 16932 14558
17405 7672 17227 18192 14802 14086 5851 14438 9533 9767 16227 11812 13727 18646 10422 12038 14300 14214 6357 20672 22471 12448 6221 11109 7076 12024
20183 7881 19229 15828 22494 22680 10542 8106 10258 4952 17316 10899 17425 17955 0 14771 9482 0 14515 18984 18588 46 7642 11913 13474 14092
13268 16712 16508 29072 17625 12644 13409 13584 12137 17965 23174 1151 12502 18351 5027 16257 5920 14279 13568 14873 20099 22383 5790 10586 7511 16717
4472 10379 21963 17951 15928 24890 11548 15427 11518 16429 27489 13113 18847 17278 14214 14828 6699 15340 15625 18487 20420 21717 3996 9607 16740 6866
17537 13100 22728 21903 14206 17538 11609 13915 12377 11863 23932 12362 12978 19642 19427 18673 17974 16538 4710 17491 17756 15108 13346 15198 21761 8914
8253 17646 15727 6386 12994 27461 8238 16495 10632 13956 15898 14176 11807 13018 18944 15842 10489 33051 6103 18778 18059 15587 19196 14756 6853 8074
16960 16046 13956 18030 16662 10971 1066 10686 10616 8853 13086 14393 10763 16060 8302 13370 15686 13190 17494 18700 23198 7795 11987 7550 9238 12554
16673 17395 23181 22780 16785 14503 5999 22346 13476 10020 14268 3586 17694 11561 17660 17706 12157 10590 12717 17184 16328 15117 18900 11713 13220 14968
8275 12845 16540 15258 14395 4677 12840 24353 13188 14115 12015 7732 9601 19769 11464 19564 17678 12576 16145 18283 13192 14429 23954 13839 13697 14502
13761 13365 17900 26557 19698 17930 7653 4183 14852 16022 18245 11107 11879 14948 24007 16468 13022 6048 6295 20838 20365 20880 11319 9066 11227 13064
15841 15548 18811 33504 15553 14414 12851 28123 10526 11883 27727 12584 17290 10421 8811 19248 17350 9189 5812 15242 16573 8637 19352 10338 7886 9728
19310 14961 17884 14994 18291 26480 14526 13538 13063 13893 20399 12109 18553 18543 23990 17585 8259 5464 17085 24167 13990 8773 10851 11507 8887 12470
9022 4561 16885 21628 21336 12773 12496 7153 14899 16264 19200 15252 12012 14611 13828 17690 25718 32334 11544 15622 21696 23825 3899 8542 12442 15736
10130 18966 18468 23351 19946 10354 10752 16956 4803 12478 17619 13764 11618 16606 21729 18754 14454 23521 10975 16592 27278 22582 1427 11268 15528 8830
18963 11226 17363 25076 15807 9965 6291 16145 11592 8107 19539 18033 13316 18081 20463 13978 13757 22587 7526 22362 17043 15891 12212 11403 13614 8157
11477 20585 23183 22793 21487 12205 12987 12019 13168 9920 18498 18559 14688 15326 17330 15764 19003 21501 6708 19292 18992 23581 15165 13510 10393 15976
26543 16830 16164 18480 14267 17525 11513 11209 10449 9920 14286 16742 12312 9330 13206 19610 17090 12194 9105 17113 15085 14199 0 6839 12523 7411
24513 7223 15821 20849 15661 19738 11016 22313 10434 11870 22179 12476 12400 15607 5670 18644 20857 25150 7231 16773 21019 3447 11675 12636 9579 15042
11191 16046 16298 23519 20003 26930 12682 18081 8706 8024 7093 9952 15646 14348 15410 16667 14517 14888 19585 19328 19951 6997 3024 7863 11403 13472
7095 13830 14858 22560 21137 14485 11656 14024 9831 12111 29842 7387 10876 11377 9364 12491 9722 5110 24171 19311 22111 15186 2055 9927 6694 17641
12080 16948 14691 26776 27081 12360 7461 24914 11069 11411 19691 10012 15250 11971 16665 18081 13082 25185 13520 21146 22466 10045 4248 8799 17836 9310
16293 12454 20921 14160 13085 18019 8973 19583 12857 9068 17609 11397 15013 13329 20062 16896 17278 20428 8155 19766 16275 18553 8184 10025 13786 6714
21040 27950 21598 19467 18060 28874 9115 3746 6681 11427 18439 14534 18770 16495 28036 15989 14465 18638 12589 14385 22835 11763 22057 7089 12683 14239
12847 22302 16313 21381 16843 15236 10774 12466 7415 10967 11347 12717 17600 15939 9011 18969 18739 23772 12539 17337 15392 21018 20176 10332 11167 8159
19407 7333 16913 20438 17840 14946 12257 25374 13417 4721 16953 7963 14111 16215 5303 13692 7947 0 23521 16245 19491 17986 16905 10443 9274 8181
883 9375 21590 18736 14941 29208 5168 17936 12072 15182 6026 4306 15421 16506 0 21223 14861 12023 3205 19013 23852 16341 19850 6261 17074 9519
21530 17184 21483 21135 15953 16042 7188 19202 14132 6700 20781 16422 14773 15831 18292 18720 12824 28792 4650 17114 15460 9004 18220 15902 6648 8791
12982 21175 16528 16942 14538 12611 16000 17529 12638 9545 6840 18199 14991 12067 25546 21504 17812 15889 16794 17880 18017 5513 18649 10856 998 9865
10682 200 15225 14202 9711 22140 8705 15368 11482 16544 12747 14463 18453 14428 18615 15363 9132 14604 13716 17127 18518 22451 9875 13355 7132 10408
7522 10373 16880 25498 18240 15167 10589 13653 9516 4641 20510 11100 17824 13401 8324 14275 17684 17624 19146 22678 19324 12908 11391 8934 13610 11207
9114 12277 17010 12499 24643 7595 3275 11394 11528 10808 25461 18077 17984 14302 17650 15596 12530 8465 18174 20174 26689 17958 22309 9921 13224 18761
12094 11762 19467 27797 19109 22404 10295 20301 11726 6366 15043 2373 15778 13511 11023 20982 13144 11084 27538 14676 19163 7043 5530 11869 15179 14116
18605 21434 18216 19235 10551 19444 15760 16800 9464 7413 22586 16625 9437 13634 14492 15752 15590 9225 13859 18352 29059 4339 8092 3334 2028 14099
13914 14173 13569 14756 22354 1155 8862 14716 8812 16004 11965 12386 13559 14440 9584 18805 17836 28758 13619 16575 20147 12127 4260 12441 14082 19609
26205 5786 24521 17160 21432 26179 9010 15924 13098 5663 18291 13869 15680 17979 14610 14040 6737 10738 14572 14512 22216 15175 15648 7564 14679 10194
15504 0 18412 25288 13117 8216 8273 16487 17119 9322 9548 11011 17526 16213 7569 18136 9881 16294 6945 14628 22163 13698 19771 12696 14210 8623
20535 5616 15552 22568 12508 24152 8368 22981 10185 15812 18196 11269 12609 13995 8852 13482 13608 17959 12157 16820 21592 22422 9257 10175 2152 14489
15460 16375 23574 19130 14869 20953 9374 9065 13189 13374 18604 10123 13522 16118 19321 16450 10280 26156 7288 18137 21817 24890 11220 12545 14195 13655
9633 10382 18837 14734 17806 22078 13199 9649 6225 16920 15315 8464 14079 12265 4042 16643 18005 11031 11500 19593 24920 13819 11732 11999 14527 5983
0 21035 14626 14337 18497 26064 9248 19320 11758 6015 12931 15028 12019 15672 20918 17664 11148 9084 25053 17402 20073 10349 10061 12338 7060 15305
12713 11266 17693 21481 19696 21634 12556 27019 12577 13151 24309 17223 11875 12856 22893 17286 15152 14222 13106 18340 19856 14076 14238 10719 9406 14060
5493 10438 21098 26222 18283 24410 13291 23553 6870 12991 28632 9606 14620 17715 6069 15132 2145 35604 20749 13769 24962 14282 15872 11204 13123 9205
11084 25648 17722 30564 17449 20096 9802 25184 11013 15910 26493 9758 13701 16155 19036 16631 20885 14607 12632 14597 19900 19848 7269 8280 12906 8750
17774 15612 16093 21619 18149 22088 10899 17758 10306 18374 15379 6557 15868 14728 9859 18015 12692 8744 3499 16760 23689 18740 0 13137 10488 7111
23167 12113 15351 20411 19605 6358 12473 19525 16170 18418 20360 10503 15233 15291 19887 18979 15370 21808 16139 16649 19919 17328 17183 12854 10879 7937
10043 7890 17450 25919 21054 20446 10784 15223 12593 10757 16283 10397 13545 16463 14933 17578 9668 5808 12724 16144 25087 16043 7366 4387 17072 10893
27547 6435 15276 23861 19281 20680 8418 17550 12046 14752 15954 3233 11913 12500 29393 16539 19977 10402 15475 12120 17092 10995 17480 11691 11371 11766
16273 20457 19194 19708 17037 16408 17975 10541 6909 15378 12246 16713 10829 14066 18989 21252 14394 23550 12388 14047 18994 13248 15965 13129 11520 7712
17258 9135 16377 29007 16165 21443 8612 10096 13336 12400 18317 8062 14024 16313 24174 17798 16976 8206 17054 17948 19157 12104 13325 11737 18270 11679
12577 16088 17364 16050 17995 14851 8134 14508 11952 10870 22697 9828 12778 16980 15596 16977 18341 22662 19405 18776 21118 14836 13096 9413 8998 17336
20039 17602 17847 26884 15840 21411 5714 9183 16166 15405 14005 10895 15323 15796 6826 17379 20679 16468 18031 17867 21818 14873 11510 11822 6223 7195
19538 6181 20726 15894 13764 20738 12368 18030 10694 8138 16240 13254 12604 15011 13521 14441 11804 22017 16570 20297 17236 10609 21385 7809 9825 14664
10470 17669 18894 23993 17107 32200 15360 13834 7609 6481 17654 16288 15892 13904 20661 19746 12710 9204 11547 20391 19775 25112 10333 11642 11995 12464
17505 23599 23539 18081 13729 14995 10416 21211 13686 8990 25863 13585 13168 14141 15025 17399 8852 10561 19986 24476 23921 14933 4393 8573 15774 15872
14907 11935 16051 17322 7495 17910 11735 19350 9515 5373 21358 7019 16396 13917 9757 16404 6217 10609 14126 21487 19266 18953 12424 10784 2790 13933
13174 6080 17455 15866 19738 13677 10218 15861 12949 10081 24008 16839 17864 14701 14949 15983 11040 25083 10862 19195 18627 18912 13684 11299 12157 9243
0 20190 18368 20544 13473 24238 6868 17761 14068 12445 17969 20414 11868 12617 11802 18523 7245 31863 11743 21029 19209 15065 11207 8756 0 10269
10556 27937 16821 22596 19705 19008 10660 12013 9135 18503 14070 13774 17611 15824 26751 20190 12505 5638 10129 17575 20977 16367 3841 7317 4488 10447
22391 26723 17325 14091 9192 23899 12181 12505 9914 6433 10802 13924 14369 15789 15603 17083 18044 13223 10016 16626 20792 6676 12390 11957 14743 12907
21675 6814 18469 23228 16096 30440 10728 12387 11193 13577 20343 14600 10744 12302 0 17973 11307 5917 20362 18502 16762 17497 8368 9893 10494 15330
11746 11398 19003 25345 17795 17722 9742 15580 13850 11550 12405 18189 14279 13435 12445 16954 9114 21805 18176 19210 23809 14302 15595 9137 16641 10903
9678 11468 20827 18894 16477 16083 14414 6511 10357 13371 27387 10917 13486 16422 17985 15626 5889 15390 15763 16837 19815 8588 13563 13677 9751 16908
12799 9907 17126 21074 14196 23172 9209 10226 17444 10956 20003 2602 14628 16755 23718 22899 15573 22299 11640 19799 17605 18206 12669 7304 17020 6190
25169 17366 21142 19789 11853 19019 14566 14273 10841 9790 10933 12319 14441 16418 15612 15216 15589 22612 21369 14964 18235 18765 4281 6662 16844 12172
20559 9165 22272 19762 20625 21895 10081 15781 16161 10540 17361 21279 14632 15164 17034 17773 6770 17288 22877 20555 20634 8706 12734 9883 5917 10833
15626 7133 21730 23635 17233 12741 6174 6140 12499 14165 17691 18186 13154 15930 5630 15157 12807 22728 16775 20314 17811 11669 14138 9664 12833 17167
22928 20247 16366 21579 13726 14070 7873 14295 10580 18337 27039 15895 15645 17219 10485 20722 14007 13081 19929 14885 20090 19650 5024 8915 12339 12263
12195 21491 17206 23870 19784 26218 9398 34851 10812 15371 17395 2917 17282 14901 23882 14772 12151 10059 10795 12974 17576 23404 10647 11447 14859 6704
18052 15930 14009 25805 20378 7052 6033 14960 12255 7219 20256 17670 10532 13974 16763 18740 18276 11806 6788 17144 20207 6260 6519 11069 4112 14333
22261 20540 17047 21033 17731 23368 8565 9923 10578 5528 16561 9205 18915 14854 12659 17578 10081 6801 18538 21298 18862 2999 12695 10861 1667 9066
13344 11818 21176 23737 20845 24149 7791 13437 16404 16394 21846 11278 13786 16323 12278 18271 10997 35606 15801 17914 20644 10080 7887 8287 18824 6997
5291 7652 20878 7609 18114 22126 12944 8468 13061 13494 9152 6717 15652 17076 28546 14625 9124 20262 22774 16334 23966 17339 24135 8618 11654 5820
23474 20977 13285 17866 13456 16215 11225 18144 11504 9160 16259 14266 15646 15388 14599 18428 11307 26336 13302 19490 19152 7153 1730 12189 17587 8990
7480 12305 22081 25146 24728 10692 16202 18951 8563 15789 26370 17167 15481 14866 14830 17435 14247 12930 12336 18514 22111 15704 3913 13988 9611 13071
8284 6083 21399 12247 17150 14766 12018 8712 13000 5226 15442 18727 15302 14866 14644 19094 18163 17478 17313 19009 18495 19726 8646 14516 23413 9293
8960 1240 19400 22623 11433 11259 9685 6427 7840 14653 25732 12071 14464 12007 11578 17232 13740 7336 8386 15001 22087 13312 4125 14972 511 11368
6487 12851 18740 21748 13586 22232 7883 20051 11930 9389 24418 11991 13646 17402 18633 16369 22504 18177 6888 15768 22084 16740 7440 11831 12468 15077
12477 11999 16522 18014 17748 3956 13590 16726 11151 5219 17501 17596 13595 16837 18095 17436 14274 21816 15557 15006 14678 17329 20246 10108 17895 11851
17334 984 19852 15132 19511 26926 17459 16031 8746 11030 20212 10085 14139 12659 14778 17010 6506 15382 17089 18092 18021 18802 11193 12935 14919 10055
13097 18052 20553 21953 18022 8499 11601 17011 13439 6601 12273 13409 19686 12916 6696 16826 10409 2420 11087 17650 16938 25361 10726 13009 8684 12389
16055 20891 20594 17055 9060 27204 11575 12198 14101 3997 17230 18750 18433 15835 4212 19689 12402 23015 7783 20501 24668 16260 11946 9169 11972 14779
22029 7997 18083 11111 11653 10360 14402 9722 12036 19557 17966 7325 10170 14044 13558 14295 9894 13617 20347 13839 21573 9727 6754 12339 0 4433
14913 12132 20034 21613 18632 26455 17820 24025 14290 12774 22986 11380 16014 15016 16360 15025 7269 20722 18612 18898 17636 14871 5359 5588 13438 17210
20905 15155 19866 25076 14712 22581 11687 22924 10474 12749 9069 12747 12352 14892 21259 17727 11434 14082 10648 18084 22738 10641 17594 8205 666 8831
22064 10744 22818 15459 20276 15864 8686 14461 13142 9159 19970 9141 12324 13619 9147 17137 9165 20165 19444 14813 20409 10655 8208 11810 9321 6905
17286 19891 13442 21182 26175 18727 10054 17849 8622 9850 19576 9924 12508 13482 23851 15765 14191 22059 6734 24683 20250 16170 12777 12779 14336 9396
18923 7861 17964 21453 11536 15930 11251 10904 5618 14818 16901 15949 14263 10544 4122 12594 6634 17722 19731 19215 16816 6634 8860 12056 10414 10588
13994 5159 18122 20754 21032 11737 8013 14181 4623 17354 12826 8861 15106 15424 11218 14531 13799 541 1500 20674 22217 15884 515 8753 15499 13638
12787 13265 25537 23831 16764 19169 8773 14108 9662 8636 18427 9072 14653 17527 7682 17070 5776 19786 12184 17462 20863 17144 13754 12653 9214 19215
20503 15567 15153 19869 22599 7965 16121 15138 8050 15155 17812 4182 14469 15221 9666 14146 14368 14888 12674 21423 21907 13928 13242 13419 7091 12052
7576 12912 19390 13640 22398 24355 14749 16426 8640 12147 14283 9910 14487 14769 16732 13194 11570 12822 21438 19258 19068 13383 24727 11143 1701 10151
9857 18887 21320 18809 12881 16266 7706 15224 12816 8634 21124 13850 13221 16681 10949 16318 13406 25954 10677 17294 17332 23734 4732 11083 11183 10544
13074 15428 24626 18855 20721 7861 6076 19456 10082 14829 10698 18858 12302 15133 15273 13053 8811 16803 11850 18316 18677 13015 12150 8735 18017 7618
12491 12889 20748 15967 14687 13261 8286 8777 9927 16014 11978 3692 16967 12963 12603 17090 6898 30715 10903 16564 21913 20827 27532 8530 16752 8395
8509 21842 15803 27570 18512 13283 9924 16997 16175 6761 20530 10259 13200 14689 14529 17459 14281 26353 14466 19443 21086 15845 11242 8419 12211 10726
12352 15673 16292 14213 7726 27975 12206 17485 14398 13722 22146 11 15048 14424 30166 12800 15878 26460 13324 19944 15713 18193 14518 14904 5891 13014
16260 10293 19359 23933 13182 7906 4649 20499 13374 11005 15278 10506 12243 14303 12711 16921 20046 8754 22304 13541 16123 13987 13303 13304 12075 11823
27787 0 17092 15181 22411 9873 10771 11557 8175 10560 15596 9192 16540 16145 7991 13961 8060 24081 21217 19566 21527 13574 8235 11866 4968 11120
18279 13018 18780 19156 22282 12988 7530 11979 7609 5956 10707 13485 16815 15406 19061 20630 18231 11785 2455 20143 15716 13065 15289 11586 6265 8363
12596 7392 17468 21646 16850 15072 9237 12393 12497 8527 17225 5796 15044 16260 20187 14412 13740 13701 15540 15717 18760 11581 23403 6021 6452 10511
2021 16799 19207 20938 19580 21562 6803 13156 17528 11750 23045 9263 15658 15464 11673 14803 19396 21837 17002 14088 19365 7895 12843 12223 15964 7773
12761 10696 21345 27275 19724 18559 9258 25600 9878 16077 20512 7491 15364 13397 15485 16047 12922 13472 17212 16731 17138 9695 7021 10841 15902 16899
14084 20633 21175 16390 13411 19099 6557 14905 13380 12604 15168 12193 15721 12923 11212 12728 16872 19206 12731 16044 20719 27644 10510 15530 5481 11262
6049 14757 20481 18227 17473 19884 6197 18316 13214 10999 15497 13671 16988 15074 0 14434 8397 17344 14856 17072 19086 21600 14810 3195 6059 15305
11780 15102 16770 17004 20131 25658 10320 19508 8918 19818 19143 12702 16907 18247 15420 12934 8273 22509 17564 15923 21527 21603 12377 9547 19022 7198
10164 15389 23515 19007 15954 15983 9748 22224 7034 8300 15067 544 13179 13840 26090 16618 8746 8629 15156 14542 21276 24015 9087 8770 3770 11316
13944 14848 16828 19207 19796 9522 11520 14488 12362 11166 16575 9473 8566 14960 2147 17931 10084 27608 10159 16101 22591 13249 19265 10855 8241 16278
12903 16318 16253 19773 19608 11879 5979 13073 8849 15589 17882 7419 15160 15069 21736 12621 8141 29265 14934 16429 16598 22304 25396 13234 9785 10718
7762 15233 19120 22531 14555 16326 9618 17531 7680 14973 19810 5674 14453 16015 20181 17684 12147 20167 16709 14121 20979 14239 8745 12716 16440 15767
16203 17652 15253 20799 9117 16950 14861 15058 12007 13308 14572 10932 15558 12739 2273 18601 17060 14233 9197 17327 15894 7774 4994 10509 6457 11981
21217 21174 24231 26851 24304 17619 13078 20273 7853 14778 19069 8017 10715 16399 12038 17930 6345 8788 20812 20651 16299 14014 13026 8776 6596 11741
11004 23980 19251 19233 10335 16765 7520 11831 13397 10221 23994 6549 14336 14274 15281 16855 14961 16276 2640 13523 16062 7090 17599 13834 19816 15272
10024 16595 16858 17850 17440 16034 10611 18255 11929 10215 18546 11854 14043 18853 25715 15283 14495 13956 11941 17179 22235 14154 11496 6430 3732 7933
10701 8156 18833 24555 19967 20563 11094 5992 12399 14952 17448 2716 12757 12786 16392 17145 4696 16064 5642 22968 20428 14680 4360 10824 23394 18466
16048 7490 20523 34687 13558 12658 11407 13337 12541 16161 13669 16671 11795 13784 16525 15322 11992 0 21757 18084 25870 21180 9854 10213 8915 8079
9313 6653 22758 20624 17136 21348 11620 10382 13346 6050 21934 17603 12492 17414 14610 13339 20631 15777 23843 19792 17866 9422 3163 11785 12144 10320
4319 18925 20768 15040 18510 19867 8840 20532 11671 14061 20895 16735 11821 16306 10725 17901 13873 16963 24661 19935 15821 21285 22284 7902 16672 16910
15523 3047 18310 15028 18248 14394 9121 22289 11578 5163 22192 15119 16574 13452 11375 16324 16270 25147 12870 14110 22676 23116 13653 8324 9516 17069
6319 24238 20036 14509 11460 21705 2596 26069 15106 17379 23781 12284 14765 14590 7096 15878 9182 8837 15016 17156 21010 19117 6635 10676 20916 10564
9998 1852 17844 19843 7723 10428 7266 17636 14702 6484 11533 12679 15259 14138 21744 14751 16252 12237 9616 19071 17564 15660 11913 12292 16195 13682
22258 18248 18390 23225 19269 27854 17623 17627 10757 6504 20744 18739 16046 19485 14643 12581 13352 25275 19036 21369 15308 9871 10669 8673 14393 15496
16771 17509 14440 19653 17151 18981 12878 13170 13986 3431 18106 624 17603 17028 11282 14434 9184 27625 18711 19292 20018 16564 20587 12081 10428 11827
7293 24968 22500 16333 20860 17787 7220 18514 14040 6233 15161 7386 13639 14969 19738 20076 11174 9571 5175 18446 18918 16670 17644 10468 11027 14288
12712 15063 19491 20544 13406 8120 9552 13235 8292 7752 21509 22770 13238 16812 21506 17861 18367 10547 16424 19373 19806 16477 15035 11267 8123 16070
17731 19328 21242 18117 17800 17945 10780 10329 10767 13579 15689 10574 15906 16159 7778 17948 8814 7576 6956 16095 15845 10843 7385 10869 13770 14538
23440 2359 16988 20212 16111 15576 7826 18074 11426 6366 23836 18240 11099 17855 21311 17333 18736 17404 15569 17390 20355 27257 14264 15655 16909 14309
14017 5759 20563 25604 19624 21481 9753 14883 8016 7015 24877 14944 13335 15577 10398 14981 14401 6756 17402 11494 21666 22481 7345 9719 8439 10388
5978 8839 21587 20578 25076 25035 9380 17972 8824 14291 18467 11202 15187 15845 23872 19658 8132 16333 7005 20358 26316 9936 18799 13090 13221 12691
3494 21326 17574 19187 11978 12769 12390 16054 16103 20381 29277 1250 16194 17114 8394 13761 9987 6577 20557 17460 19040 18533 9298 8965 17426 14216
11025 4860 24330 26012 14491 11307 7165 24352 15925 5068 20353 6988 12578 14577 13876 17023 14297 14806 13309 17789 24267 8297 582 9617 11398 12505
9868 15224 21887 22366 18822 15130 1902 14289 11583 10913 23990 19541 12668 15034 27915 16933 17286 8181 21154 23073 22206 10238 17173 13131 11382 17616
21380 12732 15242 20914 18975 17523 12766 21813 12792 3979 29539 0 13590 14364 7724 14693 12823 23658 16943 16703 20025 14350 11350 13786 13529 8142
6901 11687 22586 22738 10903 4764 11116 17761 7043 8318 18959 14491 14572 16878 17857 16576 16392 5778 13125 12090 18533 16641 27311 12199 3485 19554
6262 6566 23852 28929 15913 10942 7300 9706 5800 13337 18129 8009 17746 15226 11621 17762 8701 19248 8782 16275 20197 10149 6237 9661 11219 12292
19694 10480 20501 18144 10898 24206 11039 20672 9212 10297 12219 6971 15239 13354 9950 17567 10948 0 22106 19616 19307 4733 4689 8788 13785 5323
3462 8330 17010 9374 18186 3639 13139 18376 11235 12367 19660 5879 16941 18128 12002 17556 18451 12976 15515 17080 20511 13307 14134 9041 13256 12817
12424 18278 16395 25363 23311 21493 18424 26717 13477 13483 15214 11389 14436 15189 16542 14965 9071 8204 2460 24220 20302 3268 12544 10094 15055 10303
12715 15339 12995 20486 18567 8692 12495 24311 9528 6790 19099 16401 16899 15025 12468 21420 12076 9391 25036 16089 19160 14072 14870 12204 6338 11924
6634 2491 17057 18605 14181 19431 9508 20428 8270 6326 20220 12900 11077 9962 17381 14262 19397 4373 8403 20156 17948 16438 6966 11852 10655 11015
14190 20529 17693 13088 20538 13432 12298 19457 10524 19260 23932 13182 17943 14803 991 15735 14000 25324 10410 23729 22247 24438 11403 11056 15340 14849
19008 10890 21523 10754 19330 31047 10537 13021 10377 9551 17040 14430 11593 15234 13947 19885 19286 3891 4573 19441 16997 14585 11732 12252 14542 16150
13088 698 13897 22446 8189 13491 9584 26737 7688 11574 17255 10578 11899 16557 12040 18605 16245 25701 16626 16050 21772 10642 7571 9183 14481 14979
9207 12613 23597 14133 20312 18291 8750 21627 7174 20061 20403 13782 17110 15682 10717 14152 5655 10370 11105 19063 22236 13532 19099 6456 10724 9389
15792 9219 20389 20551 14518 9116 9058 19200 10680 15692 25612 3478 16232 17542 6671 15769 9791 18082 9718 17245 22103 28300 14587 10425 1706 11759
14492 15886 22154 23734 23428 6357 8628 16640 17311 13378 25556 6649 12679 16367 17099 18013 3119 16386 0 19114 22258 7159 2404 14769 17532 12400
0 9272 21142 21228 19596 20790 10194 25826 12793 13968 20327 15070 17510 14441 0 18822 9541 20705 18853 18298 14372 15644 17159 8296 13182 14012
14571 21314 17552 15577 12360 10327 7465 22053 9416 16384 22572 9350 12162 16340 16113 14667 15313 16392 23881 18928 18603 7080 9530 13140 23405 10883
14280 7214 26210 18729 17983 20387 13088 12160 9588 11412 23455 13965 15835 14033 18848 16155 16352 30713 14813 17431 19935 9532 16458 11008 8888 12908
11089 8161 16145 21802 16987 13500 11247 24393 11274 9788 18339 14012 12599 13120 12163 19654 11382 14046 5430 17429 24130 16688 8649 13565 9308 13459
1497 8442 19789 18952 17983 22499 8537 21493 8748 801 14270 9366 14793 12309 12147 20791 9110 29750 16253 18190 27421 19002 17506 12365 10126 8900
5944 7224 13515 9731 14645 17840 14076 25786 9470 9331 21378 12041 12616 13939 18217 15103 3308 11249 1342 14198 23150 28510 10132 10455 10810 15398
2465 10849 16470 19430 18406 15963 15628 13530 6581 13780 16166 10861 13746 13037 14047 18197 9546 5214 7051 17863 24426 7799 5826 9562 14993 14053
8538 6343 21083 16455 10395 10471 14188 15960 13077 14496 18370 22644 14135 18190 16572 13033 2827 16689 17646 17759 14007 16029 9753 6437 10828 14347
24105 7665 18129 14930 16564 6044 12486 14643 13520 9468 16027 7337 18713 14827 11240 16203 11185 13318 6988 18284 14070 8499 11350 12631 8987 8256
3035 17707 18907 21784 22965 25213 7357 21494 16461 9106 20510 15347 13959 15050 13144 18283 1165 24665 4170 18116 18161 16280 16445 10944 6333 11144
20676 12868 19202 13684 14292 15479 12828 17443 11346 16922 13769 5692 14636 17827 15522 11208 8464 13337 6477 10893 19470 9153 2466 15405 8961 13374
8080 5266 19170 19611 18769 15656 9592 23246 10909 10094 26344 8539 11964 17187 11642 18702 14053 8572 25351 17951 20817 16409 16278 10348 14108 12031
17833 9427 23532 23640 9197 19580 5343 16753 17861 5266 10857 17102 15563 15476 11410 18172 14932 17748 28056 18325 19989 19953 16646 9315 11175 8937
18311 5185 17851 16098 15028 18185 13946 27759 5146 835 19242 8956 18128 17309 6464 16180 15542 1803 11599 19439 21291 17254 9602 11536 12490 10778
10939 9945 18347 29189 9513 20353 11636 13767 10698 15483 11930 11709 14466 14910 6040 16680 12789 24656 15307 16659 21960 17079 3607 13137 12372 13575
14780 13230 21302 22500 20840 25230 10735 29221 9834 2878 13602 15640 13866 12559 22949 14401 14301 19473 21851 19606 17510 11766 19333 9970 20980 15318
13563 11024 26685 13480 18110 11672 5390 16858 14508 7150 16738 13959 12332 11618 16441 17022 11036 6028 10654 17514 21972 13049 13205 6342 16139 15817
11411 21878 14198 21662 14618 27870 11393 8174 12732 10037 16860 12196 15992 15402 14737 14027 8138 23506 10769 19334 14192 14191 12906 11866 20028 20265
9132 7932 18419 14180 15581 23856 11443 17601 10198 18043 23387 9876 15884 14874 14846 13870 0 20563 9060 16802 22754 14493 20292 12108 14182 12458
14417 18350 20273 29559 23580 15367 9498 22904 10138 18576 22222 8623 18178 17464 18781 16202 17966 23938 6537 18878 22071 4862 14489 11528 6653 16030
7967 16519 17827 20490 14307 26703 10326 18134 12782 7840 23571 21376 17032 17397 15808 15112 8253 11278 10315 13504 17426 8699 23247 11843 16991 9757
8942 15214 15103 19560 29376 9270 7435 16100 10117 9086 17315 12666 14301 16375 17170 15606 11223 18412 9704 14867 11653 22910 20664 9974 14774 12027
17331 11702 19084 25554 13699 4326 4603 13495 11360 11541 22816 20366 15537 13602 17054 15011 9571 12901 5050 20745 16746 7513 12227 13811 11118 13836
10415 10197 16266 17166 17988 12195 12355 20925 10946 12435 16223 11581 16894 15997 19267 19639 13479 28647 18232 15683 22831 14497 4904 9799 12111 20923
20025 4534 15998 19033 18440 20340 15340 13314 10425 10178 20356 18075 13720 12424 10498 19682 10398 10147 14472 11383 14637 6751 5780 12060 3733 13165
14470 3687 14619 24452 13091 9382 11323 26704 10110 11970 19200 10939 12614 14511 7528 14930 20418 4949 14042 18534 19498 16842 10300 10620 6682 4894
16022 6740 17685 21016 22328 16052 11339 15498 5961 10411 16366 20644 17557 15268 13962 15674 14145 13557 17235 20199 19566 6602 8174 6228 22777 13335
10184 25370 20576 17769 15614 22392 7795 14992 5545 5096 23798 17453 16235 9671 30701 16225 15027 3960 18914 15113 16127 8429 17418 11227 4575 9355
0 15492 18094 28778 22595 17799 12748 9743 6300 8455 26364 17503 13121 11151 15509 14344 18694 9204 10220 16052 19516 8565 17804 3827 13997 13333
18212 19675 17351 17106 14552 18212 8718 8418 12569 5806 22724 9767 14259 13922 20817 10237 20608 15395 5278 15397 15430 21607 17604 11672 18538 11527
21305 10611 19153 15816 18002 19104 9472 19193 9783 15708 24875 3933 15169 12236 13053 16472 10934 12555 3315 20185 22236 25737 14894 12686 7916 14989
25435 17996 19623 16789 30675 13380 10931 20584 12947 14743 21867 11299 12699 16560 10559 15351 21577 21813 16124 18030 19888 13214 18999 8659 13496 12596
5037 14267 12276 17950 20508 22009 11926 8461 10614 15891 19601 17953 12865 15451 15159 17070 13692 16144 7834 19221 19130 7836 11406 10089 15324 14537
16850 16619 19099 20530 25874 13420 6099 20053 13320 13267 20018 10824 14562 19089 24168 16420 19258 6110 13760 17519 15922 10950 17125 5768 13509 12085
13929 8195 19802 22696 18055 22671 9067 16840 10864 8767 21185 4438 14810 15580 7734 17204 11008 12955 13430 19359 15034 16963 7814 7270 20689 15127
8374 15569 20079 17735 14804 17087 14448 22186 10249 12408 30827 0 10725 17718 21001 15126 14312 18796 7383 18838 20998 14494 11602 8202 20645 13800
8918 11421 16921 27215 22702 14698 14388 10465 14361 11993 28498 14449 15050 14893 19173 14240 11520 20849 18114 22609 22884 15589 8173 14008 5252 11604
18151 15248 21731 22288 15879 19306 10464 19437 9822 14936 17201 7731 16041 16964 19052 16064 11479 22949 10980 16717 21808 11757 12827 8315 17834 11527
16215 19068 11455 24670 20724 11957 10824 14087 11916 11374 18832 13704 17600 17399 18503 14789 12933 22429 31930 22262 25633 19270 3474 11149 17263 8660
6514 5228 22605 23882 15985 9208 7336 20004 11360 10010 13072 18641 13515 17634 26291 14595 15553 0 8588 19394 21158 19318 4723 7922 6234 9137
13778 10901 18513 15192 16205 14949 6221 20761 12988 15148 15425 0 12554 12155 14920 15176 17885 0 13599 17199 23773 18466 2535 8683 11578 12243
8577 6387 14250 23796 16898 0 9643 6563 11554 15729 23730 9940 17681 12351 16207 14397 8759 24274 29689 16464 22225 17270 11683 14752 6721 12958
7595 10945 17017 20018 23500 18558 11740 11156 17789 15415 15515 15133 13086 16883 22972 18754 16089 13816 17195 18666 22007 4780 15977 11243 5871 12236
10752 16712 14198 18665 16025 7615 10153 12594 12745 13012 14810 15882 14706 12720 12154 18430 14519 22307 15763 20974 16908 11548 6990 7147 14895 12658
13182 11147 18582 26375 8586 10263 8571 18386 15659 17925 24004 14113 14461 12173 7854 17315 14256 18841 16444 18620 24624 11091 11008 8835 7238 14175
7305 16600 11914 16528 16522 13212 15036 13381 11103 3023 18435 13577 18585 19060 22595 17680 6885 17880 22978 16288 18724 23713 843 7120 13214 11102
11958 8397 12789 17064 17443 13112 12207 22494 15579 16571 12779 9238 13080 17955 14659 15352 15844 21402 21897 19875 16328 14498 16185 11141 18986 5283
17865 13885 14543 18075 6487 25622 9437 18943 14563 12928 17577 25139 14426 15903 11193 15909 10069 28783 16793 19054 19711 16526 9014 11194 15844 15101
19838 11725 17625 17060 18198 12741 9984 5490 321 10842 23461 13098 12039 15658 9643 14933 11848 19939 27097 16905 20297 20326 3286 9998 13028 5356
18447 8610 13688 23656 14462 13037 7777 14157 6530 7917 18498 13720 14646 15522 5743 13375 14527 11444 18247 13536 19939 16204 7056 10141 8495 12098
13535 23535 24412 22659 20843 13104 10677 16537 8814 10901 26838 9215 17083 14236 7147 16148 17468 20804 10139 15655 24667 25194 18869 13780 12542 16542
11528 15384 20068 16431 21114 20047 13196 22382 16658 7228 13872 10151 19846 14058 2180 17709 19198 16441 19368 19689 15972 8707 11437 11044 13072 5419
17913 12536 18971 21257 20190 8259 13548 19454 6367 11710 26539 5451 15000 18889 1313 16756 9471 18120 15204 21839 11820 13547 14937 10430 23878 11445
5123 15545 18094 17252 19178 17344 13612 21670 14138 6631 11088 13411 14703 12776 10120 19034 7220 12273 11792 15057 22985 22948 16579 13365 17732 15585
18282 10794 20799 17952 17918 9960 11525 10439 9532 16171 27827 11509 14335 13152 13306 18285 15325 17682 16408 15928 20061 6236 6997 17763 4765 5275
20875 16776 16484 20698 18609 14764 9977 3463 10568 5674 19298 8258 19270 14769 10350 18676 8051 13835 16432 18584 14482 9184 22134 12896 20442 17959
18375 7760 22303 18870 18570 12900 8515 16516 12940 15216 9567 5086 16259 13119 19045 19612 11921 10084 13234 16566 19956 13408 9554 10667 15940 16926
3757 8394 15958 23326 18893 21765 10762 17555 10205 19586 23707 10682 11188 17616 18841 13286 15757 17528 14050 17721 17151 3796 17040 15752 10508 14827
9668 3716 15572 23521 18277 16667 9885 17056 10215 11608 20390 11175 10085 17822 35809 17267 15326 23985 20300 16897 17477 18781 29352 14998 11089 13394
4764 8638 11272 26258 16214 15029 12596 26688 8834 15298 20096 17067 17647 18196 5817 16003 17204 26487 29569 18175 22695 13106 16155 9304 11547 16900
18143 15481 20163 7749 6655 17569 8617 10168 15101 15501 13637 9630 11860 15488 21893 13181 5536 15554 26458 17027 17180 9451 7281 7462 7416 7715
19698 13903 22580 27249 16308 17248 8626 20617 16655 14218 18133 11625 15560 13356 18817 15824 12449 0 13367 14664 21027 17459 15532 10073 7799 7398
14862 19678 22369 21209 13520 6080 9574 8599 9241 16459 18875 14945 14198 15864 24617 15105 7488 20973 10884 20131 25973 20733 14019 12092 13369 16948
10673 8666 16670 19256 27362 23481 9923 33016 13162 14250 12303 6529 12898 16746 25738 14870 17174 22419 16618 17809 19451 14749 11852 10038 16939 7487
5524 9535 23900 21562 18109 26816 11312 16550 11633 12421 21217 18932 15183 14736 12865 15274 13835 22914 5936 16906 19362 12489 6663 11523 15209 14522
19069 20405 13920 19149 16838 21164 11006 20351 5248 15305 17844 15124 12648 14268 13745 20701 8355 20699 19031 20750 19707 2612 6273 7386 6014 9872
15850 9183 13859 20507 14795 14753 5653 12841 11111 19607 7613 11605 16786 14280 19236 16369 2049 21631 14111 21374 21949 11315 8682 10770 10057 12817
6202 8886 12104 22674 15768 12675 10321 13072 7094 14974 27844 11704 12417 15120 19782 15874 7492 8959 2707 19749 16962 16433 15555 8606 12634 12668
20837 22091 18958 19597 17901 6916 9741 8974 16741 9008 12054 11058 14877 16559 15423 17198 12595 19692 15424 17474 16211 17120 15723 11945 9849 12585
5015 17248 15516 23840 14345 21080 12077 16044 15092 7573 15502 6488 14161 13206 15549 12764 13326 27491 8105 15956 22279 9529 4690 12887 8853 12233
11126 0 13728 15166 20923 22802 12690 17577 11522 13654 13949 15780 14532 16264 7528 15156 18446 19510 14878 16536 17725 18213 13681 11545 6972 10597
12575 22698 19505 21233 21848 15039 12321 15583 7948 13433 23259 7393 12977 16013 3716 20170 2307 14211 30607 19994 17649 11045 19527 8444 11609 15695
5977 26697 17388 23856 11684 28084 15178 9870 14613 16062 20413 10440 14808 13859 5515 13333 16983 10354 17574 16718 17673 11834 2364 11343 7712 12308
17165 29936 21926 12638 17333 25108 7938 16070 16326 11365 20903 4648 15943 15280 26649 8308 11679 18635 21178 15546 17759 8898 15025 10492 20540 10137
20965 9828 23621 18115 19241 19678 4810 22751 10551 15593 22980 12501 15820 13134 14023 15620 14241 23201 8577 17856 20251 18746 16144 9359 11564 13639
14149 8251 21071 24455 14007 17198 9570 24052 9824 18674 13440 12485 14215 15186 15750 15363 11469 8243 23129 15514 17532 20313 3563 12786 8596 13561
13476 3935 16602 24848 7453 18769 11558 14548 12540 9785 17473 14158 13176 18380 21188 15739 9348 20469 6639 20744 14278 8468 12500 8657 10252 9210
18317 13673 14122 18784 17844 13953 19652 8258 11455 0 15042 6961 14163 15847 17152 14538 10565 26993 8484 17492 26054 13565 13885 11154 6805 16187
14508 1555 17744 17712 14040 12425 9317 16474 7597 17301 23077 7765 10737 14148 18588 15575 10733 15135 11814 18605 15884 11979 11190 10634 11480 13242
12063 15189 16447 10790 12435 19390 12308 7906 10474 12673 16495 5598 11573 12527 24412 18359 12598 69 12008 18956 21261 9062 16222 12750 11811 10557
10947 13803 19682 20926 15336 11145 10580 14392 13007 13873 18311 14543 15552 18029 4919 16266 12875 5370 13139 22314 16369 9114 19259 11843 9954 13088
27555 14395 15697 16590 12277 4524 12787 6985 17885 4156 15214 7092 14455 16460 9778 16310 11933 5559 14330 23598 17363 18125 20546 11124 12350 17004
9615 12742 17807 22104 25674 14900 8385 10602 10037 10983 22456 14440 14892 16579 20517 16068 13698 11172 16745 17981 25622 11619 11545 10542 14523 12051
9280 19356 22299 24484 22561 29633 18751 13154 14632 8282 23545 4555 14297 15064 23710 20714 12880 22405 12905 19729 16123 16137 0 12420 11298 19647
9005 4219 17527 15695 14084 21092 8040 14842 12832 1929 21364 17649 10126 17569 10745 16599 14143 14085 15811 19371 20356 19009 11881 6434 17781 10449
13989 12059 18992 18613 19745 23585 15152 22971 12643 8467 24161 5713 13356 15565 16290 18747 13633 33198 14526 16272 21507 8428 18351 9227 9299 12707
10030 17779 18478 12478 18798 13762 11232 20787 18000 12296 13749 16278 18046 13938 4764 19637 15854 33945 28006 17888 22154 22322 6478 9238 15544 9656
13314 16516 13903 18801 18410 17133 9199 21804 9522 16951 19307 7687 16250 16607 11845 10498 6030 11022 12529 19460 19919 23244 14672 12779 16498 13674
6012 2995 20138 17180 17780 20565 8733 21707 12368 8357 19652 11546 13282 21159 4314 16849 11266 8718 25235 17541 15151 13258 20689 8995 6758 9073
6598 21262 19723 19129 19393 18097 9224 26951 7197 11752 26777 1038 18309 16243 21028 15921 12558 12532 17716 18113 16437 19105 20083 10492 6036 12400
5385 20568 17396 26303 15186 19602 11480 11483 10626 12089 13298 14258 15968 15453 4841 14325 13614 5724 14912 18147 17898 15854 2917 11318 15368 11100
6740 15066 22338 19917 14421 19346 8966 7778 9144 12039 20480 13462 14509 16702 8297 16490 6507 12516 6229 17655 15139 16304 14711 12431 14544 12408
20631 21513 16724 24478 18668 29653 13175 16728 8511 13136 13420 11358 16852 17794 18657 16912 10704 20095 23340 15014 21602 11491 13813 11929 17225 10878
18899 4046 17400 19366 19384 16140 8891 14027 11843 0 15499 9601 15748 13756 20786 16606 14266 31682 19832 19089 21326 19684 22230 9716 6862 8106
5208 9650 16244 15398 23278 10641 11602 17087 8638 9671 17844 14531 12900 16476 12039 14818 15139 0 18863 19748 24637 18415 7094 12366 544 17134
10912 10998 17581 22352 14369 20903 11534 22005 9327 7776 14394 13402 16005 14869 7153 16793 13644 22576 13392 16966 18367 21623 10671 13043 9485 10362
16299 19056 17800 20584 12713 20627 12095 23678 14892 19745 13736 2564 15729 12843 17891 15930 17687 17259 8102 17137 17202 20272 10923 12308 9044 16018
15278 10230 17742 16383 18172 18588 13885 9793 15005 9998 19147 7148 17629 15554 7492 20903 8836 22128 23831 16585 21633 13925 6847 9719 7544 17109
10405 14675 13322 13699 15025 22319 10682 23695 10688 10661 17181 12249 11029 12629 17900 11478 14712 14834 17172 21382 20045 15170 14920 9145 20906 8303
6696 23668 18272 19426 18880 9818 5464 23986 12136 8722 33503 6209 14254 14409 793 18050 13100 20132 7189 22213 19892 8790 6574 11679 16391 11495
11222 2543 15280 26169 16474 18743 12495 24395 14238 14011 18579 14136 12073 15886 27836 15643 18725 4304 14602 16025 16063 18829 4311 8853 21464 11315
19275 10102 18071 23998 19128 13777 14766 15805 13608 12994 20923 6374 14715 17445 11144 14894 21589 25982 7736 20711 17961 14118 0 12214 13410 9854
15843 16695 12835 20846 16861 19241 15182 6169 8828 13091 25777 22934 15778 12485 8666 14443 18867 26683 11352 17085 20181 21954 16958 14074 7053 5367
13444 19669 22231 22589 19221 14679 13245 20903 11269 5046 17478 4744 12432 16754 10269 17019 10453 11212 11774 19728 21457 19145 9197 7191 7973 14424
14251 15700 19102 22168 14370 10278 10392 18800 10746 9929 21686 7110 15406 18627 16245 16412 14984 21881 22207 15374 18618 9905 21940 8617 12773 12111
0 16934 16780 21427 20895 13550 9521 14135 11705 19834 19331 13205 13165 15283 15487 12979 7118 14764 10157 16901 21789 17174 22258 6665 8866 13098
14043 11647 19595 25611 17133 21256 12713 15915 13515 9943 11369 9129 13427 10292 9668 21403 13798 4168 20625 18577 25707 16707 1030 9895 13171 12389
7076 13427 15466 32463 19809 11747 12704 13338 11962 10901 24522 5379 16206 14229 27052 13846 17018 10529 17185 16917 16777 11568 0 9281 13639 8941
11729 14117 13905 14891 24198 19097 9073 13735 10330 14801 23475 12626 12979 11332 18286 19141 12879 14168 24925 19101 14966 17798 6282 13794 12344 11857
3635 22153 15140 17339 15877 9036 7505 21579 13989 4422 24263 4934 14963 15382 8099 16989 11240 11774 14259 17718 20028 23702 22593 10610 8054 7886
