365
17 5 43 71 26 87 18 92 30 21 29 95 86 90 76 85 21 45 84 71 57 94 53 37 40 75
11865 15830 18365 13536 9091 11758 11407 4075 13892 27037 18634 2941 5892 10386 0 3624 15564 11331 19882 19209 9009 15881 11277 21996 19091 14118
14532 10390 20757 20870 14551 12591 8639 23317 17507 22996 19272 14666 13143 11248 9995 14445 15801 12678 15692 10874 20227 20994 12975 12481 18051 21489
11608 3199 24974 16761 11968 15832 13647 6887 16690 10289 16144 11047 16231 12592 16748 0 4739 3948 13080 14617 19769 13615 10303 16232 21388 23393
19947 13400 17677 12731 14538 7278 13261 0 11253 23456 21862 5406 9079 15233 16512 15824 11185 13729 17787 24998 18639 17564 11326 18577 17685 5371
10546 16873 18646 20866 13609 12287 14633 7383 15614 10826 17775 16196 15391 15357 10707 9251 14822 5229 14977 10092 2901 20614 13184 13146 20131 11037
12124 19114 14206 13641 14601 14046 10278 746 19419 6847 15782 7209 4936 26660 18229 23928 8901 4517 21183 1445 19683 18496 15944 14718 17390 7951
8696 16660 22662 10487 7504 10132 13342 11261 19213 32998 12838 16472 13387 10359 16907 15208 14203 13718 17551 15051 10317 27068 10195 12209 17112 11712
6180 25730 26699 17986 15231 13517 9983 16915 7055 31778 17926 0 11509 8455 20189 9718 19207 16761 17846 17155 27661 12915 14906 21551 22427 18125
18559 6153 14974 21002 16201 11146 10289 0 4366 20438 18196 19664 7084 20451 20448 10645 9019 7881 6697 14296 20834 20086 10188 16269 16639 3356
9579 1454 10709 15784 13692 15914 15392 205 16393 12746 17720 25218 16201 5690 6054 9841 11531 3776 23654 12499 13514 20756 10217 11365 18913 18447
18649 18219 14253 16330 11795 10116 10900 11577 13447 21882 18736 9740 9840 9678 8571 15302 15068 15557 19364 19106 20282 21852 9737 17322 20056 6312
19750 22969 14865 15449 17067 10244 10277 12434 13842 18463 19598 16484 17120 15996 7883 9244 14381 9131 23058 11997 10515 22258 8191 11696 22308 22902
9878 14586 24272 14147 11360 13032 12650 1544 17361 13986 17832 17113 18721 25553 4843 12465 12612 7019 14753 16598 20318 21764 9350 16652 22923 21121
4035 17541 19148 15994 17440 15579 10562 19244 6269 22595 21536 7584 7939 19103 10755 13704 12248 16521 17209 9605 9762 20149 9111 15987 23789 8888
10968 8750 17450 15264 14376 15285 16225 12853 10653 25918 19982 13705 4173 20358 20585 10894 9758 10878 16692 24053 21541 19606 10961 19561 21265 15838
13388 25172 15963 17427 13695 11031 12500 17178 6734 19105 20804 9638 3407 13622 9971 12770 8911 15011 19551 9289 19855 19706 10911 7840 20274 13069
15279 8970 17421 13240 13670 11821 12970 0 12002 15923 21111 12936 18596 8277 10245 5410 17305 7010 14448 11595 6912 15411 13540 17531 19918 12314
13324 8128 19419 19756 20369 12984 13074 30933 12251 26347 20531 18159 14429 17561 11928 21497 9598 12850 13781 13042 11225 15552 10131 14776 18866 510
11591 14669 25243 14229 11819 14814 13641 14107 12247 7631 18776 20631 9611 10079 10636 17575 14145 12904 15669 11550 15477 16859 13130 13675 15823 5219
7467 21221 25125 18556 20123 7886 16406 21450 7433 31679 17269 17307 9797 9837 19735 17849 16173 15851 7591 18585 7546 23508 8228 12423 19073 10529
12940 20235 20196 16718 15881 12226 12646 18002 21742 23578 19696 11517 18138 13447 9518 13167 16242 12672 17274 7752 813 17865 15749 17001 19158 12082
13221 21483 17191 17064 18586 13834 10740 933 11914 32539 17323 25569 12265 19223 19705 12700 12480 10654 17892 16942 8399 20356 12976 11248 17810 8287
6541 12663 23917 17090 11677 16805 14299 12017 10665 25946 19964 14574 12304 26524 6637 12449 14114 9162 22643 13820 14731 22777 9627 15806 20448 13706
8687 11950 17982 20519 15516 14002 13890 25036 20762 13013 18058 14406 12648 31098 10848 11343 8594 14883 21726 14696 22598 15452 12659 21576 16900 22371
0 14562 22136 18366 11221 11107 13992 9272 20529 22377 16054 13742 8573 13630 6854 0 8707 13124 17911 17300 19313 22516 11530 16005 20243 11286
14933 7495 17898 20132 18008 15307 7439 15963 16888 15461 16943 21704 6909 23577 18761 22271 13105 16992 20029 18232 11237 19745 12179 19974 16318 6890
6621 5023 20253 10737 12643 15502 9084 4995 11739 30972 18843 3998 17764 17662 0 9373 11859 6920 20963 17162 12024 18708 13864 15791 20989 14926
1181 21092 24797 20858 15005 9112 12135 0 7403 23068 19066 20314 17012 39714 17107 20395 12744 3490 13631 9279 20313 23405 14321 14588 19564 20248
11248 11059 16336 17986 15708 11337 15059 21396 9915 14463 16350 18080 14246 19285 0 19415 12987 5644 18621 15639 16188 21738 14628 16882 21165 2639
11534 6790 16691 16488 15597 12358 11420 26828 12598 15938 24969 14178 7421 6509 17728 27967 17695 9110 20408 3805 11238 17404 11274 14347 20838 19549
12901 8966 21055 13813 14425 10103 14171 8443 7777 24719 21317 15417 13407 10728 21072 19963 14693 14728 11717 8544 16469 22445 9779 12748 17442 10345
14061 12080 30272 15323 10014 13475 13374 13373 7733 33028 22162 14497 10887 12170 8218 4227 6914 6705 17051 10794 21370 19851 10760 17091 16985 0
13477 31386 23828 12408 11348 10104 9876 3423 3695 16251 16459 11820 9556 19641 11515 10805 11733 11351 14983 6337 6304 18376 11147 12751 15312 23949
4982 13397 20357 20595 19231 10304 9930 11071 15279 14426 17778 3410 13768 10401 9624 15946 14926 4214 17186 15587 2213 17975 17238 13827 17799 930
11731 7856 19920 13503 14648 8445 7892 18245 13470 16466 18751 18677 15330 17821 11314 22623 16128 4944 17358 17472 13995 20334 11733 17599 23821 3536
5097 9232 19418 20680 13483 9250 13594 16484 7945 26435 17175 18716 6129 18760 12441 7517 14703 11419 22670 17184 10655 17741 6169 18147 14174 13045
7413 13221 27548 12382 15136 9632 15437 11470 16050 19738 21194 8731 15647 28321 0 26816 12009 6722 16613 21424 10485 18102 14932 19114 19334 22610
11368 20735 20464 15527 16930 13010 12789 19795 14123 23289 17149 19120 8621 0 8493 3247 12225 5479 26490 5694 4797 17784 14215 16907 21958 8493
16142 8211 22787 22552 9779 12579 14115 26702 14196 17691 22289 9002 13948 15485 3569 12358 8029 13381 20832 22047 17588 17447 10046 18095 20617 16841
10682 11567 16010 24280 7194 12102 14281 8635 5116 3262 19908 20163 6631 17043 12994 9317 12011 6950 19008 17064 14987 26397 14421 13618 18991 6139
9144 6403 22835 14870 16723 10817 11008 27584 21942 34245 14344 10348 10939 24213 3323 19396 7195 12605 16110 8309 23393 14858 12373 16613 16640 14503
7550 12130 18769 19610 9179 12936 11756 11671 14375 17489 18130 9315 12551 6401 9866 9880 8762 12774 16373 17641 17802 16453 14455 15546 20752 1069
18975 7141 16461 11201 14644 7559 11060 2913 0 15762 17195 13049 10797 24536 6029 6391 8295 18539 22815 11643 16845 27238 14750 15427 13214 8299
14629 21800 21346 18852 10365 13826 14517 29204 7440 19347 17467 8581 12294 23680 14093 8721 10719 6013 24056 12444 844 16480 11643 13619 17044 21041
11478 7645 20905 22598 16728 10697 15449 5116 19156 23642 20021 21626 5867 16964 16991 13388 15913 9416 15941 19240 22205 20909 10206 9857 19903 7355
17554 26192 24718 16247 13627 12373 11213 16822 7209 21377 20992 16410 15467 22306 6870 12900 13772 8173 22030 8382 16460 15606 10573 17343 18039 18462
14972 9420 19395 12318 18357 12539 12602 11731 17546 13124 17036 13452 11679 15699 9859 5769 6840 16433 20575 20651 13978 13507 12278 11135 21636 16053
5949 7569 25392 19464 11676 10311 11456 11596 18232 26657 18563 8978 15070 10487 18803 15381 14516 14169 17824 16291 16808 17101 5697 15227 23043 26179
17709 6192 20311 19735 12861 15332 13378 223 12149 23316 19059 9452 10685 32179 9010 5135 17745 7304 19209 25796 25884 25207 6977 16764 15738 5775
9290 0 24543 17814 12302 11603 11469 0 21366 17167 16839 14208 8130 17616 11386 8524 17205 19199 24856 10136 11586 18194 8031 20110 20292 0
8415 23330 15874 15890 13105 14863 6797 5815 12587 13902 22795 9084 12284 20934 19659 9114 9265 11390 10071 26753 11635 14585 12963 17699 21958 14827
12865 8025 21922 15461 13889 12181 9307 15229 5960 10241 23089 15687 15324 10433 0 11179 13324 7612 12045 12703 18660 20798 11293 16637 18042 7921
9106 14227 19976 13072 20370 12017 15409 2565 5174 13076 19614 18119 11933 7794 10784 18046 13057 13569 20124 11528 8314 22758 12990 16258 15525 7513
18619 17458 23480 14279 13234 14061 9700 10679 8987 24197 16403 10102 9326 22594 2240 16498 11508 14101 14834 14757 7872 20694 9841 19134 19877 18040
13574 15070 28365 16806 12240 8696 11964 15490 18744 20778 18890 20259 18334 21267 7797 10228 9111 13611 16696 2776 17299 14431 13152 17511 21669 3844
18702 30142 17459 16603 9795 6359 9353 2617 16725 14749 19359 23366 4239 9736 11272 3866 10684 7545 18452 24681 16482 18983 12865 17043 19484 11345
14440 22511 24843 13410 9861 10647 12573 12078 6659 35453 18487 10698 5574 19167 11671 15989 10564 18780 14121 13663 0 20096 12868 15686 20085 17172
18228 12453 19896 10919 7500 16272 9499 13476 17706 6023 19261 8403 9077 18510 1331 17419 17363 21539 18533 20386 27634 26449 10778 17245 18543 10057
20012 11535 15545 16841 13067 13719 10274 4381 9532 11073 18256 3586 15454 15087 7925 15614 13887 2870 22115 9533 10594 21440 11091 14193 22164 21919
19688 14344 21260 17023 10638 9788 12191 0 18136 20719 17921 3568 6610 1776 13005 5522 12814 13370 14944 13831 5818 16856 14375 19222 18442 21290
11481 12786 21385 17239 19581 11257 10053 12644 22590 19035 17181 11700 5532 13313 3308 12129 13545 6302 18650 19853 6440 14056 12390 18025 21664 7570
13907 5879 26967 18673 15843 8683 16185 26859 23331 19591 17537 15680 6492 10973 17669 10895 17311 12784 13440 13392 11859 20831 7797 13640 19134 10073
21796 8964 20775 18774 23356 10068 14709 29498 7843 26148 14098 26143 13947 20948 17908 15390 11844 4283 19592 19824 15582 19010 13575 14924 15830 4359
18420 13022 20849 11457 14335 12134 12475 16085 8556 13647 19490 7482 10386 15360 5880 6460 18319 13996 15284 13727 3242 22178 19133 21709 18240 17501
14482 20820 18956 16415 17347 9391 16862 0 7504 17665 19623 15104 8601 26929 8733 5013 10215 12417 20788 9056 20249 16649 10953 17033 20008 24496
13322 22365 15993 21410 13409 7180 11075 11500 18229 16631 21360 9009 0 16819 2790 11952 12160 16600 14558 12667 10200 16411 14504 15902 22862 0
18498 9059 17736 14040 12505 11936 10613 6774 6933 5648 19621 31456 11943 15587 8749 18719 9878 14692 16028 10390 5899 16634 9735 17926 21497 11805
12550 13851 16329 14208 12474 14499 19680 15338 7658 6479 20075 13446 16394 21148 14458 8996 9341 5916 20194 10100 0 17413 14106 22015 15916 10166
14315 33529 12003 14923 13685 15401 12588 0 6874 20855 19692 15727 14923 12441 4999 18720 11565 7288 19567 12159 7060 22619 11479 18894 21020 15034
23486 9025 18964 23272 10955 10216 12987 29828 7072 22249 22226 1997 7732 18007 12267 15263 9438 5258 17709 17634 19255 25598 11494 12026 19923 603
4565 7773 14711 21519 15569 13329 12341 10775 10995 18695 17722 10330 11909 7127 0 19852 7139 4398 16552 18618 14554 15419 17865 18435 18898 8600
15041 0 20667 22825 10102 13125 14844 13400 12880 18328 15002 12298 13607 23205 11331 24375 10809 9975 21762 12729 22333 20147 7178 13123 16654 7064
14219 14953 14230 19584 18131 14129 11370 4714 15037 18849 19700 13670 13396 11902 8714 14517 9924 7337 14994 18763 10359 17251 14803 14980 20366 9392
15507 25946 19308 11494 15910 15438 12324 20834 12867 8365 16855 8652 17662 10837 12368 16515 14842 15103 14133 14569 15359 24888 9621 14114 15566 12111
7036 19716 25714 13195 8880 13966 10661 4149 16735 23972 16639 5724 15624 18220 0 4949 14490 14026 20153 12933 22007 22663 10160 18928 17280 12982
9067 4763 10255 15991 5037 13619 11764 4634 10771 25682 20999 10204 11570 22183 9578 9885 11243 9944 17109 14295 6255 24881 15997 12304 18266 7152
2999 17101 20520 17787 11827 9902 10611 21808 11338 18906 18777 19059 7005 21247 7740 5421 18436 2158 10102 10351 15331 18481 14423 16842 18631 16691
10562 9378 19748 11582 18006 9948 7055 7184 11619 17736 18027 7468 5519 6866 21085 20053 13466 9264 17091 23571 10511 24339 15073 13824 20017 6228
13613 10139 14462 17738 18653 5881 13939 19978 15005 17644 21977 11330 9950 30565 2500 10982 8889 8824 12373 9094 11891 13869 6435 18945 21952 8020
17764 11687 21332 12755 7704 13215 12992 11828 12327 27188 16381 8144 7679 15300 17572 14907 11188 9950 18541 12851 12731 23710 12931 17420 22572 8264
15487 18593 25982 11775 14000 9761 17779 3554 12544 24564 14411 15758 6545 15950 9276 22380 18574 7729 16281 4405 19728 19877 14610 12474 15506 2423
9996 13301 19230 21854 21304 12971 10518 5602 9751 7500 16715 20245 17603 13346 5833 6956 14495 8170 12128 18719 12407 15115 10089 16265 20683 8388
20433 18380 26082 16452 10621 12435 12792 14552 5464 16357 19237 8861 10912 7129 9813 341 15189 4191 19142 12508 6000 19341 8166 20192 15613 19511
17334 9245 25145 13336 5946 12735 10992 8176 10196 29890 17343 22262 12455 13560 586 10617 14710 19027 17662 11263 25406 11584 17150 16716 18453 12512
10889 8200 20137 18302 15703 10517 10324 14587 8425 23087 18835 6465 19075 21286 534 11390 18037 7736 23018 16922 16424 18933 15431 20223 20366 6955
6170 18113 18661 21863 10259 14222 8320 12014 26664 37552 17218 15428 16676 20351 12531 13999 15056 15336 17648 18174 13704 15778 14707 15559 18881 14553
11996 8466 14684 9755 19713 15707 11687 13059 12844 18306 24577 12802 5107 9381 2760 9251 9971 12015 21000 22137 10381 22305 9279 11957 18822 11117
14529 17183 16143 15392 5530 13457 10567 1815 8300 11035 18766 1232 15536 7129 23520 17748 17786 11772 20174 5190 13093 21491 12351 18729 18949 10458
21797 13705 14293 17485 13370 13508 13247 0 17522 17536 16343 16842 17649 22831 10827 12741 15829 7084 21348 20881 18655 12148 11065 19482 19647 24129
6345 14518 17183 18940 14495 9027 13984 16931 18724 10411 21367 6786 0 21602 15151 11226 17215 16905 10843 14760 21297 20959 10313 14252 20103 15942
13446 14275 13154 16829 16416 13094 9668 7438 8449 18121 21138 9748 11362 19223 14108 14894 16164 11771 15624 12277 12454 18078 9665 8645 17836 12143
14173 15037 22913 11254 15054 13038 9137 5455 10449 12704 17931 22714 8180 11383 21824 8044 10171 6984 18115 3351 12580 18166 12105 19962 19680 1648
2373 19026 14518 18979 8230 12486 12722 0 22430 23760 22246 9110 8041 17340 12940 15437 11686 11930 19998 7996 11768 21241 13346 10633 16305 19591
9986 22836 10588 9833 11934 15744 9043 15369 17773 15482 18355 16437 1329 3054 16634 14835 13705 4693 17721 6958 15755 19989 10986 16432 19914 16933
20522 1207 19968 19921 12936 14714 14658 17056 18013 18054 15332 13417 4304 14446 8613 17427 12392 13069 20995 16264 13433 17858 14001 13421 16700 13169
24280 13222 21808 12743 15204 12012 14060 0 10489 14452 21131 18649 12208 19130 5134 9715 15960 8990 18158 17381 7183 23702 18594 19875 17044 12799
11114 17750 20877 13431 15826 10194 10362 26978 2475 11850 18504 19566 5651 21090 16670 5657 7543 15519 15051 14528 12182 22780 9566 15905 18313 19649
7443 15383 14638 18872 20395 10479 11573 12187 20917 29757 20765 16725 13392 23359 17034 3552 21007 7108 21717 6359 20555 20822 11053 18794 16004 20930
13880 13911 19172 22526 23428 12014 13137 7036 12054 35870 20940 7743 14743 16861 17873 8384 7146 8662 15971 14808 17417 18453 16040 13675 24110 14147
14902 5081 21045 21562 16229 10774 10570 11802 3118 22588 19007 14571 12921 11580 370 15847 13944 15554 18459 19807 4962 24729 11709 15140 18451 26172
13379 4040 23174 18695 22988 14150 15374 11650 21053 23408 17376 14511 7761 6410 5714 16243 16396 7558 25212 14836 12233 26708 13374 16485 16273 15734
9991 17041 18143 17110 11328 13756 13843 19224 17710 4006 12368 18043 12506 8793 18221 1120 14884 9995 18575 13575 672 14502 11909 11122 20008 6847
8360 19726 19861 17940 8279 11441 9316 18891 12446 21169 17987 12741 10986 17296 3245 13581 16799 14924 21344 10584 6706 25624 8866 15362 17448 2179
8324 13310 19979 22304 13091 5792 14302 23121 12859 16879 16144 11911 7735 12237 8920 13 13037 8629 18877 20725 12510 23271 13950 12666 20018 11271
14444 0 19946 19162 11246 14002 10890 23832 14400 13053 16633 11570 23616 16251 15938 3989 11656 7481 16628 8606 10447 24083 13722 15561 16163 0
14067 12295 19808 13528 12970 10805 14918 0 3041 20675 22095 12373 15397 11182 0 12356 6077 13384 18442 15368 11041 17723 13299 12307 16487 9970
5506 22655 18170 13557 9728 11484 11689 9187 16628 13150 16166 21482 20222 10620 2191 21107 16355 8372 10926 10911 22367 15234 10946 16245 18498 14378
5288 11671 12676 14936 20886 10533 11315 9549 6664 18223 17965 15545 0 24285 0 4957 10020 13925 12005 21288 21459 23555 10745 14101 23614 18978
16585 7780 20469 21418 13361 7130 11382 14009 12426 17291 21086 10923 8560 15610 6971 4423 9646 10575 12522 14242 8314 15960 14081 16547 22417 8047
10457 10241 18920 21537 16152 14988 15283 7492 16046 27232 20031 13880 6029 13967 13310 9724 15271 10319 10473 4921 24283 20209 9918 14499 16902 17975
8490 16776 23133 17954 14958 11174 10424 13794 16941 35216 23020 11472 13335 19315 0 13217 12909 13298 21403 19568 8471 19730 16500 12902 19382 9039
12546 12561 20579 10612 12851 9772 11947 15807 11318 12289 20933 20907 6227 12159 6497 6599 11223 2649 13423 11617 15267 19389 11736 20296 23185 14263
18909 11685 21906 21046 11583 14131 14383 22209 12751 9696 19786 13874 19902 9339 16236 14070 14343 2663 16317 3285 4158 13419 8582 15995 18652 20293
8992 14919 23694 21569 9448 14803 14159 21955 17786 33593 20271 16428 11401 18079 17288 16789 13612 6417 15518 13314 8051 16111 12626 16741 23369 16303
19797 9220 17278 15497 13233 16307 6018 19915 21871 34727 17797 6580 17844 28494 7140 20687 12136 15217 18881 10704 17386 22072 13479 18922 15071 224
10967 7988 16014 21528 11250 14817 10507 19074 26901 24621 20879 15038 4328 0 10462 7101 9362 5751 15926 8166 21619 13350 13105 15319 21534 19748
12117 11494 27023 20034 15846 10115 13474 10905 10342 4788 16883 16387 10375 12863 12056 11674 9596 17584 18734 17394 20925 17979 9151 14827 21392 14977
13976 13367 26451 14346 17514 9513 11863 7099 12965 20875 19350 30558 13011 8674 75 16550 12036 11745 16674 4650 13257 21482 12508 14076 16497 17552
7239 10617 18596 11612 20666 15628 8885 10592 11983 20060 17913 14678 8537 17690 20939 7703 13771 2597 15415 15538 16157 12350 8877 13267 18578 5174
13544 14912 19748 18146 13755 12039 5769 15372 13686 7756 20080 8672 21068 0 2971 0 14389 5039 16269 10946 1562 17642 13898 19053 14899 5823
12368 5669 22205 19366 12059 13880 8481 703 13626 30605 21503 12920 10790 11461 6410 18649 12666 18372 17119 17180 6349 23201 11056 17864 16709 10179
9354 13869 13976 11816 15702 10321 7969 23458 15790 27860 19670 8007 12151 20247 7262 17784 15521 4753 22653 17349 18621 22082 13529 12773 15863 13063
13961 20201 22217 17108 15172 6639 9767 8227 10490 8942 15697 25634 10997 22910 13133 11850 16917 10113 17022 5997 17189 16418 7847 16618 19304 18001
0 15840 26373 13413 10322 10029 9782 11581 19931 24250 24349 22459 8040 26062 4262 14034 12947 14230 22061 10320 13360 21744 13911 16113 17062 6178
10321 8749 19228 10887 12628 13714 10125 15893 9990 34283 21140 13367 12809 15623 307 22935 15647 16810 14869 10319 2411 18853 13744 13019 21750 8765
8550 0 20138 16908 12466 9658 11644 7727 6274 27520 20811 13565 8085 29789 6089 3001 13030 4377 15399 25557 12914 17295 12615 17147 20395 13624
6591 0 22822 17811 26194 14439 8659 16603 14780 14417 23345 27282 10243 18859 14920 13691 12986 8225 22649 11704 6823 17132 7914 13752 19081 4073
7006 5275 17705 12190 14160 11261 11967 12836 5357 27954 17211 12882 4937 16579 12051 883 11437 9634 17979 20161 24830 12287 17820 11975 17891 7974
19028 21573 17448 18094 11681 11204 13498 2334 10624 24041 17504 19723 3240 24583 12023 14868 18551 7736 14394 9554 13420 23527 9653 12547 18396 17028
11133 4294 12533 16625 14776 9127 14356 12860 20605 10160 19378 14190 14293 6478 8521 16268 15512 13029 16678 16079 24117 20682 14515 14696 17952 12964
9932 10090 21556 20263 14232 14052 12119 28663 16307 27010 20162 20569 9278 31857 11138 20872 11627 10548 18257 12314 2825 14599 12168 18321 18159 10704
10939 1096 20668 17479 17855 10679 10606 11223 15226 18973 20356 16999 11945 20597 2955 8399 17288 14087 25603 7076 10969 18710 8969 17943 16342 10004
22360 12685 24291 22673 17012 8509 11529 2224 11657 21678 21713 12282 1276 24055 11414 16549 13706 18244 20355 7745 9936 18001 12754 17843 22359 14214
9652 20530 16662 12316 14054 9760 5355 0 10451 25764 21458 17753 7608 16169 6268 14209 19330 13800 17190 16401 15763 18634 15775 15032 20480 6228
13608 1893 14148 15954 16857 10666 9711 8782 10863 24809 20916 19441 13680 26660 7718 11277 13272 13260 23606 17466 19198 18663 8656 20120 19778 15222
10747 25199 28338 23389 18429 8316 9925 17062 17784 27744 18746 18255 10205 19807 11134 8952 13155 4852 19534 8659 18967 16097 9201 20670 20198 13977
19397 2374 19702 17042 12471 9544 14567 13604 13864 29162 17868 8241 15011 17992 1127 16239 15301 7740 16888 14423 19557 15347 16205 16825 18047 12026
20442 16370 17855 19517 16519 12694 6181 16999 7859 18469 17025 9754 13043 7925 14123 4548 9086 10730 13435 21196 11871 12896 11236 19528 16009 16563
23856 6693 18822 15832 17916 13803 16169 0 16858 17948 16363 14267 7585 20606 8434 16987 14451 9203 21643 18972 9946 16462 11463 20780 20872 9899
5995 6820 20804 21778 9124 11725 13119 10249 15172 13838 19466 13992 12818 2750 8128 19955 17160 4073 17487 15423 28117 17887 12139 16612 22048 18827
15836 14580 17563 10898 17332 9750 12783 8781 19324 4870 18949 14076 12874 13415 13446 21 11662 11150 12736 11343 19968 17699 10855 16819 16103 5282
4764 22576 16599 18724 18057 14485 13223 20539 14224 12719 19203 11899 15934 13839 18342 975 17316 14037 19767 24029 24563 18098 12575 17183 16426 3131
11360 8572 17541 21388 21031 14378 12761 13915 20001 28278 17317 17535 13477 17657 20915 8482 16328 13564 21030 11630 21276 16400 16040 15794 19012 20059
9932 6719 22041 22792 10635 15260 9346 11413 11591 5638 25518 15219 17317 12744 12929 6372 10387 5690 11030 19696 12848 10837 13382 17001 18196 9360
10705 12674 14167 27076 13992 11759 14810 16591 1590 11010 18148 24113 11862 18461 1203 14714 9167 14823 20612 16793 10624 22628 12816 18299 19620 1537
9038 19654 17724 15640 15436 11580 13416 21644 8464 19181 19329 7977 7672 10688 9265 12744 4653 11638 17260 16508 17585 18339 13797 15860 19623 8921
11558 14381 9771 18547 11024 11042 14636 18598 17125 9063 21435 7161 12461 27084 14193 13278 10089 16334 20291 7841 12591 12684 7138 14441 24513 26852
12195 17067 20089 11873 14665 11412 11069 9246 13463 13160 22107 16056 8633 19335 12076 17921 14878 13480 18286 12212 13153 14439 9813 16419 16380 15704
16030 18203 26440 15735 5388 13513 14167 12016 9854 22944 21665 22261 6527 5450 2419 6115 10254 8587 16883 13837 4076 20741 10778 15903 16786 18660
6214 10590 20721 12324 11533 13495 11270 23243 13061 41335 22952 20063 13626 14715 21247 3468 22961 8410 17288 20158 17610 13459 11412 17705 18429 7435
9453 25492 20345 11252 15853 15055 9535 0 21621 18881 19679 16150 10120 7494 15964 15600 11401 10319 22492 21648 9097 20456 11661 15955 19244 10422
19011 14524 20565 17265 14873 8049 13158 26806 8638 26112 16656 15016 11369 18566 8571 5571 19359 9575 17359 17658 13739 15883 13662 17963 20814 13495
17263 6379 20539 21928 16580 8683 15122 25613 1905 16488 23114 16307 11748 7282 26604 9882 16971 8927 17543 16089 26197 16988 7778 17724 19698 8386
21560 11209 20770 16574 18441 8644 10394 15164 19313 28937 17613 6445 12216 9199 8596 11197 12077 13098 15387 12113 11202 12976 10182 15156 15798 14391
13017 20375 30338 19677 16954 11445 6815 0 19051 21841 21538 3524 12901 31908 20962 11440 10229 10279 19347 12134 14149 18806 9571 17198 17339 16884
6089 8561 28152 23440 14150 8526 8955 20259 8808 20094 21381 15614 9822 12853 8446 15955 9836 12637 13088 9922 9160 18573 15323 15954 18304 1428
12292 2870 21415 22175 12648 12176 11638 2102 6884 26262 18629 10285 10974 16610 12485 6345 16207 10298 19899 6712 15596 13856 13751 22154 19651 5464
20386 17893 17360 13045 17977 11795 13489 12030 1080 39368 17401 10232 13092 4841 7312 20065 12636 12213 14899 9507 15920 19168 10922 14864 17746 9325
7348 11802 16373 17627 20732 10634 13362 27617 3859 22011 20203 18957 25183 6775 16827 16249 11000 3740 18304 10606 27045 15097 14062 20783 21077 14226
12967 6379 12077 16423 18555 8613 13765 5632 21550 23885 20593 10032 14312 15203 11977 9068 8988 9910 13761 21256 6172 13256 13843 13350 21880 3739
16397 2204 13956 14247 13111 12757 14390 5454 8470 17149 19470 19417 10750 19438 16886 9420 9982 9008 16398 5436 15652 18465 12274 19785 16202 19677
9566 24084 16950 16980 20544 11439 8052 16274 14139 29951 19953 20424 0 15018 15266 21069 17276 11917 17788 12439 6021 23676 13729 10336 15871 9213
10167 9644 18266 19816 13658 11568 12350 11066 3638 32337 13605 11937 11021 12283 10559 5801 14550 15123 11052 4072 16089 16287 11196 15374 19741 17298
19401 10545 17006 18542 10920 10118 8369 14470 15536 25146 16858 11734 7583 0 3473 16613 19065 12066 24750 16325 16262 20179 10762 16375 19579 8218
11558 17182 21158 14241 17499 12888 12589 19636 15897 25676 20821 14419 12903 16920 0 12599 13270 14700 12510 10923 14590 16427 9178 19098 23033 14380
10268 0 18670 23850 11158 14625 14118 15850 27371 20468 16322 17530 13839 18217 20017 23647 13456 7662 16649 23655 18135 24305 13077 18639 15549 8396
15601 12291 19085 20143 15708 11069 11849 1856 14517 15070 18106 8170 14083 5849 6397 0 9858 12721 16087 10760 8540 21585 10085 15321 21852 10936
9150 0 18158 13412 19147 11364 10809 13636 7158 18413 22389 13878 14239 33772 5795 25536 12111 4133 13573 11333 12639 22247 11902 12781 18143 12889
20113 2912 20766 18756 11269 9491 11783 12307 18967 18472 20368 12153 13202 8759 12155 10381 8509 9385 16807 5765 18278 20193 8791 19626 17363 10149
5633 1253 20280 19206 21891 12435 10315 3796 4448 14172 20962 17115 9732 11688 5130 12518 14923 14710 21994 20603 16696 15444 16618 19670 18074 13809
10537 15525 23768 16642 10774 16271 7860 7009 7318 25808 19699 3069 10681 23309 0 17390 9783 6649 16878 12446 9799 20136 10341 17147 18161 4141
17774 12674 23160 18870 11632 11680 10777 17730 11185 8998 19897 14252 14387 14055 27373 15969 10756 4537 16556 19907 15594 21766 13946 14648 17800 8481
7976 0 16693 13361 18112 15411 13733 3104 13035 24442 19782 16517 16299 13170 16113 6872 13270 6047 23763 21619 22877 22746 17137 17960 16740 0
15934 15989 11165 15621 13535 12745 13517 10214 18588 22895 16881 9132 19090 19986 16902 19284 17864 16837 13510 13252 19817 20017 12175 20695 19887 12047
19652 14434 14623 17508 16115 12134 12676 0 8410 25424 17931 5740 6966 10975 0 15677 9482 3812 16735 18054 19285 12842 13574 15505 15640 22164
9578 7528 15698 13933 17077 8176 8386 13320 19515 0 19235 7357 15690 19132 7726 14241 13233 11117 17615 20522 16883 19753 9823 18780 12469 11485
11897 12403 16271 18777 8842 6862 11319 19132 7296 3805 21249 15317 10876 22761 20569 10942 13901 5950 21064 5596 22434 20364 11907 17854 16558 4522
16411 17492 16185 14537 9843 13270 12973 8739 15222 24730 19060 15308 9791 18815 18066 14414 18417 3809 17867 12532 19003 15525 15092 14136 14465 10067
6323 10601 27269 20667 9096 13313 11862 928 6938 5113 19749 27132 14645 16079 20804 0 12943 11189 19948 4139 12269 24565 9657 20858 19637 4447
18155 12512 19812 14007 19324 10916 12283 9357 11796 27406 17723 7012 8692 26214 12071 5741 14814 10377 12340 12670 20870 13372 13597 15886 19169 20970
7398 15179 20064 15893 13313 5695 13801 7988 20466 18999 17432 22774 12313 19172 4671 14798 22053 8147 16255 12809 18286 20017 18204 10242 16142 6015
10728 25096 16688 17648 11052 11931 5200 601 11419 537 20513 9111 11204 27609 11561 9350 16436 13530 21273 24790 11341 19036 13515 20863 18578 10482
14824 22675 29615 15658 20955 12887 14354 4968 7854 10706 24069 12323 17725 16742 11847 15815 16411 6520 15754 16585 0 23572 5081 18631 15954 28771
13173 9406 19523 18659 7653 14541 15864 26755 15109 17618 19359 10959 15853 19714 10824 13279 12805 14469 18503 15817 6971 14529 12619 17394 17602 226
17235 13336 20000 16463 19411 13756 12378 9283 10734 19869 21518 13748 12480 17690 6462 18739 15167 8997 17959 12904 11562 23866 14311 8791 18337 3785
4681 25655 23735 15344 11275 14005 9308 28474 11085 14695 19858 10279 0 4391 10007 26090 12560 4709 18962 5556 25973 19413 14104 15299 16592 20935
16953 14740 24203 13664 17011 11989 10804 6653 21264 6683 17752 6564 16699 15896 11176 17196 6443 14137 16494 9414 12689 20889 12791 19627 15318 12870
21188 3870 16413 17306 19774 15284 9850 14213 11144 12153 12224 12322 9832 17203 9568 16736 8529 7339 17971 17731 16408 20906 16377 17590 17609 4234
16987 12857 14145 17024 9093 8919 10653 14266 8498 22350 19021 12207 6864 10376 29225 14599 14163 12546 15813 7635 17526 26278 17184 14877 21112 10327
20883 13881 18188 10874 14567 13430 16126 16746 14909 33967 17446 15407 12269 24741 12084 18477 11820 14904 19291 12795 13844 14492 14348 11989 17437 17014
13072 4610 28289 17778 10817 9010 10902 13798 8548 14843 17610 22124 14897 21941 27314 7818 12895 14560 19123 11313 13921 27332 12058 19035 17385 5641
12456 9676 18596 20550 12120 13766 13683 24478 13541 21983 20458 21924 9904 24667 5791 17691 11069 2895 15267 25086 19399 18704 8062 12111 21467 5986
21386 10149 19533 15883 14181 12308 16833 0 5423 15592 22350 12519 12386 25930 9983 18630 11495 8297 17089 15720 17603 21086 8615 16406 17719 10434
14402 8422 18742 18622 15328 13474 15318 10238 8952 12760 20758 14864 2497 5680 9827 10488 14837 11618 14448 15271 8534 21192 12164 17014 13950 9465
15726 15568 16829 17400 1259 14934 9260 9113 15507 24869 19157 16675 6324 20559 2966 26386 12387 11170 21445 15504 11723 21953 9041 17835 22144 23326
11868 1038 8678 13278 11160 5798 14412 11313 15065 13704 19119 29166 11064 6088 10175 14509 16258 6658 18515 13987 12319 13750 11201 17977 19362 13974
3761 8803 24835 15822 15714 14079 11853 11947 664 13007 15605 9443 11299 19475 28016 6441 17622 4462 15516 16680 18895 17318 9979 16281 20282 2465
17375 6729 21382 16351 17597 11690 9428 12483 19148 29984 20364 12601 14485 15842 16096 16774 8837 11201 13988 19184 17837 23579 11631 21724 18696 30236
13310 6585 18580 11307 18406 17481 7454 13924 15419 13212 19030 18618 11482 21915 14721 14734 7852 7959 16791 14442 23423 23267 11789 20057 15564 19397
10816 20330 22852 15118 14398 7827 11698 7435 15623 20309 25375 12019 8133 17376 27600 12758 9977 9293 22259 12558 22582 18951 10762 13188 20371 5492
22052 18395 14881 16230 7380 12824 11236 25405 0 26798 18388 17892 9038 8604 5883 8061 18328 6885 22334 15043 10853 22168 12483 17013 19275 12429
6732 16415 10206 15012 15715 11306 12709 14392 8869 7418 17282 8662 19052 12401 11316 6993 8596 5845 17764 23762 16283 18629 13542 9032 19419 11564
9855 7804 12255 18187 13409 12821 11364 9419 2083 14504 15933 15324 13802 24464 0 14712 13040 8425 17756 16483 11908 16761 9839 15416 14259 5542
16520 11650 15091 18256 10142 7043 12247 25142 5697 12662 23130 20553 20651 22738 10694 21884 10882 11857 19696 10193 12961 9936 11663 21929 16991 16973
11446 13781 20214 12344 16855 10010 7766 6046 11216 3042 18785 2654 5980 3794 25181 9370 4890 15236 19089 12493 11391 18352 13767 20302 15098 9422
15023 13291 21993 11137 12014 14127 13033 21733 10500 11300 18253 9455 13467 2788 9002 15979 14321 10348 20368 19036 20768 17891 9754 17228 18611 13740
14542 10400 22865 15347 16581 7489 10245 13312 22362 22759 19029 22342 3688 4051 0 9699 14053 7706 15600 15531 14500 16487 15489 18049 18392 1109
11815 17276 12104 18742 12815 10667 16554 19732 21417 12856 21863 10566 4895 22758 12306 15336 1990 14165 17616 13590 23262 14639 12194 15570 18739 7934
18394 21998 21485 14321 17622 15444 13768 21947 10165 17900 19518 13512 7806 21891 8291 6851 11252 11551 15153 17466 16495 15502 13825 17207 17397 53
7026 15150 16218 17328 14760 12601 9715 9770 17862 17562 18673 8643 14569 17556 3896 17110 22183 10528 17653 15443 12586 20688 13750 17857 19987 11283
20230 28783 15646 18271 14664 10450 5763 12414 10094 21563 17642 16729 8067 8322 12090 5916 15315 4695 16706 16034 14038 19406 14367 19006 16614 8420
13385 10909 21801 27747 16569 10195 9692 18536 8402 19634 19985 4834 14356 24082 16390 10995 16221 13833 16130 13323 10671 17309 12246 13355 18556 11780
8552 3394 23942 18275 8939 15064 13333 18142 6612 18800 20123 8515 10702 20256 16711 16445 15058 6914 22114 21519 11429 12215 10201 13277 22927 7614
2360 19009 23939 17580 8002 10799 7743 0 17251 21803 20122 18701 7610 31703 20930 14681 9127 8554 19788 17246 16383 11728 11350 20920 21412 9459
17822 21865 27328 14680 14284 14387 12842 23651 16105 27632 23447 18290 12948 27010 19587 11962 11247 11927 21539 20062 12265 23304 10743 16714 20364 14958
23248 16170 23067 19764 8418 13040 12334 17766 0 16039 18549 6509 5930 15955 14902 16193 8767 10173 17703 26239 11310 18531 15169 15970 22269 10361
6223 17329 22393 15786 10712 15764 9960 13998 16538 11682 19750 575 8142 20277 12041 17670 14219 8444 22064 9190 20224 24507 16323 16000 18477 6422
1430 15120 13289 15356 12168 10110 15484 10793 5357 20745 17071 14026 7854 13917 21200 11325 6893 11459 13636 12953 11645 11692 6540 15960 20490 11748
8557 21206 18331 20930 9943 16105 10854 7892 7425 10691 16904 15252 11071 23170 9491 13876 9286 12258 17463 13475 19048 20237 11651 14120 20494 7555
14072 13060 22472 12178 11213 12422 14150 15310 18388 23241 16909 14879 20840 11807 6267 21776 8905 5965 17659 16287 813 20442 8574 13130 21064 12201
9515 15911 18566 14858 13199 15900 13157 21584 0 21253 19745 17108 20313 17870 8981 7374 13764 17421 19968 9713 16142 23699 13307 21563 18799 11355
7945 9956 16794 13939 12569 11666 9825 6727 5208 42194 19705 15358 1766 18520 2936 2028 9295 9080 19048 18039 14161 16473 11075 21192 20968 11069
13970 14001 23295 18768 6635 10377 12039 7548 15565 25355 15647 11009 9705 11884 13698 18346 14202 294 10934 14413 5438 18732 13868 16054 19128 16314
13076 33029 16590 13747 15441 11907 11526 12305 26204 25760 20772 18908 9658 942 17015 3686 16627 6445 17715 18984 32114 24581 10184 16812 14856 14906
21192 23204 19555 14387 16858 10891 9075 10768 10006 35328 20208 14502 8113 19801 1112 15688 13235 16438 15172 16225 16756 20747 13787 17863 19042 24372
21021 16429 22311 14465 12285 11314 14528 17958 13697 19308 19682 18934 10560 4822 4528 1832 9472 3456 17357 13784 12166 16321 11748 20150 19322 11731
17771 17141 23253 10356 17306 16082 9672 10461 2927 24435 21591 12807 9579 3822 5003 5438 16669 9295 26066 18328 20084 18038 13131 18174 20573 7665
14565 20781 21709 15444 10356 11624 10948 4956 16045 16605 20534 19157 8106 2877 18233 5775 15436 8462 16021 11304 21404 19070 9023 18405 13098 10439
17584 5260 19823 14429 18172 15293 10257 3195 16105 17554 17208 7737 16391 19754 5071 14149 14458 11081 17566 29015 20101 18855 11123 16927 14982 19917
3612 15553 29848 16889 14073 8904 9128 7733 12401 25802 16753 17231 11688 24528 0 8153 17551 9463 17584 10162 14990 19293 9425 16656 22465 9697
19926 19097 20352 15209 13529 14550 8240 24891 14610 18835 20340 18154 10489 8857 21242 16457 10636 13441 11853 18746 27025 22644 10433 17475 16405 5327
12947 6637 22666 14839 4147 14840 12624 23798 13495 26985 16464 12789 6563 17759 0 8299 13641 9065 16233 4095 8983 17373 13667 15337 21926 1825
17633 23549 24734 21776 16906 12200 9054 8540 11554 17338 19317 18560 13025 9202 726 13216 9255 12358 14197 21725 13235 16839 12787 16943 19232 10577
14248 1415 24205 14495 13967 11415 9558 14602 12705 23218 17493 14825 17044 5857 15404 8793 19323 12207 13870 8125 13206 21946 5981 13512 22370 6199
14488 16400 24907 17261 16552 14076 13689 7214 2912 16005 23216 13344 5822 22456 3162 21439 16292 13164 16177 14200 0 22767 12405 15118 21207 8596
10455 12787 21935 12710 11937 14537 13145 19749 22480 21541 20212 15007 21034 21868 20157 1592 17275 15849 17932 11786 13950 23552 7979 19916 18908 11857
15095 10210 25778 17026 16020 10704 11799 20591 12961 25718 17316 20630 10883 6968 15460 1189 17809 19338 14847 3854 9243 16415 15350 13025 16751 9475
19347 7535 26427 16719 14275 15939 11008 3711 9006 22473 21181 8467 10381 23440 2888 6834 8176 0 10462 15216 22555 16587 12859 10441 18353 0
15954 15632 24576 7158 9616 17973 13437 19450 11706 25156 19611 18559 7268 30804 3979 8044 9527 9707 20218 9040 15352 18250 8632 15437 15414 17573
20930 1246 19855 21232 13187 11772 10297 10758 11109 33065 22080 21787 9978 13947 3061 8327 17510 7094 23727 13283 16708 20061 13003 13467 22598 18566
12200 23643 13333 22144 17978 12763 14704 11753 3063 13160 18454 2663 11466 23944 13884 9831 10825 14242 13681 8862 15759 13505 12184 19198 18485 11514
16661 21318 21699 19869 17059 12463 14749 17931 13621 16610 19739 13129 9872 13610 17491 10256 15070 6693 25020 6371 7879 20032 16119 15093 19780 26883
6063 0 15950 14876 12978 10388 14041 21609 15627 23244 21723 10698 12945 6862 17221 21250 13713 14887 19005 8084 12977 26259 10904 21097 16230 4877
17153 11784 16648 12336 13758 17389 10812 6639 13196 15872 21438 20344 16844 15448 9534 22875 11372 2212 16432 16230 11345 19406 11881 16029 21138 23143
13196 17992 18210 18269 11852 12106 6340 13210 25568 26228 23424 9375 12580 19517 27936 15769 11006 12246 17168 19246 19016 19078 14659 13665 21213 0
10038 16315 23072 17633 13204 12266 14620 15366 16309 6778 20739 17119 8996 16137 5889 18706 13048 5906 19836 15366 9830 17843 11276 16765 15249 5240
4809 13657 16499 12454 5959 12621 8308 18694 6283 22410 16759 20117 14780 11659 18603 17426 12685 17235 16370 20496 11137 12760 12653 14961 17356 7239
2460 14236 16641 26746 14809 8725 9620 3135 11966 18991 15326 8749 4921 16100 0 18386 13762 10865 17656 11054 11389 20460 8359 18626 17235 13553
4064 12957 21994 20582 12299 8414 14216 8485 8028 15176 21783 11138 9416 9876 9464 10343 7151 10067 13890 18610 15592 21916 14250 22061 23015 12785
11117 4657 21876 20090 6690 16167 14399 21268 15205 24977 24891 9032 20306 14500 14859 10454 11362 10086 15175 9248 10950 23300 9648 14934 18623 21561
10737 8094 16731 16352 14614 12018 10130 13802 21046 15027 20862 11106 2943 27484 8177 17433 12141 6195 18257 15910 15347 18038 15876 15496 16410 18046
15665 5033 24068 17600 6275 10905 8503 12547 5447 7715 25180 16211 4052 8695 0 18567 7705 9987 14361 6117 7810 19906 8034 17683 23033 3899
26542 0 14873 20583 15683 7801 11068 4700 22293 18489 15845 0 7061 18222 11663 14820 14559 7877 20116 14327 12444 19463 9828 17837 20774 4966
14456 6513 12622 18188 8804 8693 12881 11120 14947 25020 18269 499 13847 10481 15045 11121 17741 10028 10881 13844 7134 15230 13410 18134 19569 10994
10142 9287 23625 27240 8006 11888 15291 12024 21854 7395 18126 10773 15029 20964 2154 14933 12983 15091 13770 15333 13778 18406 14896 14991 19403 11138
1654 12700 17163 12506 9782 7521 10821 13009 7821 41113 18038 11354 6700 6616 11335 10518 6573 10379 9407 8177 0 14080 10671 21675 19934 807
12491 16424 17729 14547 15737 15253 13449 14596 11871 17549 20552 11884 4326 24119 11603 15905 10216 10605 11843 8650 31218 16140 11400 15909 18371 18351
10836 8094 18246 11738 15004 9132 10666 24983 4473 18539 16877 20653 10331 15310 9704 7821 11177 11120 11253 10046 13294 20826 11176 23484 24475 13090
19732 7262 27058 13074 18744 13799 17287 7689 19550 8360 18658 15009 7779 19024 19148 2571 10495 7037 14497 10300 10086 20241 10463 21127 19278 13615
5535 7133 22965 18579 10979 13215 9030 3486 12814 31786 16899 9151 21970 24622 17930 14154 11446 19420 15679 13060 11928 24840 12362 13589 20187 9170
20960 8610 15614 15838 16096 10658 13564 18124 2531 1756 18161 14515 23947 17250 7352 10130 14954 8597 18100 17819 18208 15317 13575 19502 20652 4986
17304 13938 17520 11363 15778 7894 8996 8897 22350 25220 23214 8508 17907 4295 17070 19999 9563 15845 23909 18069 16197 19544 14344 16493 19175 12023
5850 7322 22353 17121 14927 12859 5707 15441 14292 17723 16765 21823 12446 22635 19409 10892 13126 15008 14184 20862 13510 13427 13260 16384 19297 7442
19129 13879 21498 14785 11062 12618 12825 13647 9657 17670 18026 15689 1766 24464 27154 12819 14688 10719 15189 15233 7047 20397 15174 21602 18482 5187
15442 7977 11424 18607 4779 11750 12265 16671 23553 24115 21380 6496 12328 22616 6356 14509 11628 16903 24494 12209 15318 18014 16208 20343 14820 19007
4923 16065 13401 10678 20238 13085 11713 13501 2908 25885 18916 11100 11830 25124 19382 12064 8240 6952 17377 13889 7685 27064 15480 16374 14311 14166
10569 1732 25818 15901 13955 8513 15228 17699 11374 7352 20536 8277 8172 6651 5301 5483 14285 14288 15900 10198 16109 21032 14108 19687 17615 14079
19436 2719 17066 11888 18534 12829 9887 439 13340 28267 22289 4915 13968 12518 12887 6982 16261 10757 15410 18490 21150 17601 9768 18539 20069 7178
10564 8288 16854 15714 10408 8595 8696 20376 13279 16573 19250 13094 7601 23076 10432 10351 12485 9100 17860 10857 17767 23124 11047 15754 21660 13970
19146 18769 16690 13456 11170 7299 10060 13216 8896 15193 20187 10525 3511 15457 13226 22536 15821 17742 19579 8679 4987 16639 11983 18976 17231 6666
16174 18576 19318 13254 28561 10393 11990 27685 17655 18652 17152 11945 19780 25201 12955 12784 15187 8060 13032 22221 7079 11935 9491 17491 22124 5828
18274 21325 20435 18535 11280 14181 13405 14836 14150 9663 19740 15404 13795 11584 3933 15086 15305 11423 21778 13524 18272 22155 10130 20231 17523 16496
20764 16086 14768 18709 13035 9572 12333 36651 11611 14984 21028 16223 10578 23925 19229 10424 13836 2674 20471 3670 0 20258 11706 12915 19267 9456
13389 26761 14925 16948 8214 14101 11548 13529 10919 19549 19439 20111 16732 7473 0 1148 15761 9522 17521 12724 12823 17724 11194 16884 17248 12342
17034 15712 25957 24090 21052 7904 6274 20152 1914 30608 19624 8304 6581 11294 15021 6212 7904 11102 21079 22236 11583 14505 16931 17627 21448 12356
8375 2053 19571 20798 13960 8466 11536 0 9403 14272 19810 13508 10411 15126 21705 14998 5480 8716 16198 15650 10357 19013 11642 18932 19024 8364
20338 34749 16024 18825 15675 13037 11905 12071 16145 20961 21786 17758 13300 20239 13152 13731 8611 9540 12994 12842 2191 10436 13041 20744 19637 10608
11710 7636 13712 24006 11315 10823 12580 17834 8368 17965 22102 15825 10778 11066 1463 16287 21107 10339 17440 8110 20272 25144 16872 18179 17172 17003
5740 12461 17855 21885 17580 11960 14047 18752 12657 13835 18857 6576 6729 30783 14239 17397 17849 17294 18706 11941 5414 23794 11887 13528 20323 9279
14017 10228 18685 19312 12311 11603 10932 14042 16857 21368 18820 6469 7453 15645 11306 12779 11028 16069 14097 18633 19329 22109 13351 16383 17604 15627
11986 9826 21978 17343 18611 14864 13753 14470 16797 11365 18530 9276 12236 4286 11952 1737 12629 7443 22849 14221 1821 17305 14328 16374 17660 18139
5229 3387 16995 23590 25235 10947 10324 9893 14503 19430 19434 12416 11099 14426 12992 5386 13858 8624 14969 22680 16203 19968 9921 13006 15763 11500
16106 22219 24874 20094 12136 7212 10744 18495 16360 19242 23603 21733 18083 6116 5233 6610 7520 7636 10470 7138 18324 18707 9018 16176 20020 0
26502 19308 26120 15006 18007 11077 14857 12689 24813 24770 22730 16475 6342 24858 10101 15107 13145 12856 18658 13852 14014 18144 9259 16521 20641 3826
14021 13515 20782 15835 12762 12662 13950 16845 3839 0 22136 15342 12929 12449 9608 1650 17797 10360 17526 5114 11088 22633 12349 16314 17752 10010
0 175 16457 21150 14030 14304 12475 24563 8095 18262 22568 14428 14003 24171 11019 9820 6906 11435 15735 8873 9549 18511 13854 18563 18991 9151
12317 11864 15405 17272 6774 11029 14229 23017 2548 28378 18994 23559 16929 14096 15550 4104 14422 9821 17862 8241 16696 16175 9931 15778 20582 12844
23257 6379 19838 15006 11592 13781 13558 11980 19368 10226 13898 10869 19155 6837 14361 11360 13767 6490 19327 13478 19590 12020 11434 18764 20969 9370
4669 7024 19974 22021 19491 10235 10491 17384 21284 21551 19224 22353 12202 15483 9315 9466 9047 17145 12286 20080 25039 17545 6600 14885 17758 19980
13693 15523 8900 11039 14941 14357 10099 16271 15100 16253 19628 3737 13286 26123 10916 15991 8846 18955 18118 13077 13776 16376 12023 19881 16776 17803
20077 6579 19432 16463 17129 15777 11719 11735 16791 20410 22919 12038 5442 15199 18503 6968 21964 1047 12992 12282 14265 17410 14931 18748 22704 9807
18274 0 17196 21347 8153 11354 7858 25314 0 8230 20156 19951 4456 20833 965 22742 15344 14119 12883 22164 16377 15689 9542 16869 18516 246
18230 12459 22397 18153 14287 13453 13453 11024 8156 3000 20414 18276 7167 28532 0 12035 11469 16085 11495 19295 19063 15420 15162 16493 20656 18518
15452 4454 18244 20137 16136 11421 12563 5299 25142 12451 21416 14353 10245 25719 22112 9145 16521 7683 17422 18191 6176 19935 13210 18609 15216 8913
7132 5210 15280 14442 14774 17507 13661 12953 15874 4874 21864 6479 4861 13724 5562 8385 17907 12564 19749 17413 24771 21801 11423 16763 17426 0
14013 12429 17916 17239 16153 7916 9144 16983 7775 11774 21567 9328 9928 25853 9024 17506 14780 11830 21480 21482 23679 16642 8814 14479 17823 8304
2490 17744 17054 17488 19061 13612 14782 3213 8067 17814 20511 20823 12100 21863 10174 5951 17719 3624 18412 15970 14714 16519 17169 18310 17353 9806
11620 14468 16056 15146 11522 13513 11193 0 12896 9006 20478 12607 14892 28055 10295 2207 17063 9145 11091 21259 18167 18368 10750 12865 20669 17642
14755 17120 17798 14991 15008 9852 10685 24984 8981 22320 18198 7214 14556 7127 17375 15782 12939 8426 13790 15802 19274 23016 13468 12423 22483 1612
12477 14669 18716 18987 10240 13330 12638 14448 6635 30341 22094 24039 18817 14938 16146 17456 9528 1527 13379 11407 21270 18317 12606 15226 17641 10779
14814 17475 22616 21045 9949 13668 12610 7707 16841 23508 20301 10356 10271 11555 0 12510 16766 6914 21884 9210 14204 16068 14356 13947 20995 8477
10719 10894 23000 12917 7771 16228 6373 4959 13488 20141 18880 17399 17418 11822 24608 4074 5202 16378 19169 16109 6409 16443 10490 11486 23846 18338
15924 9014 15323 11118 8394 12393 11503 14406 6211 6779 21708 14825 7866 19600 12760 0 17889 6446 17845 16710 22340 20214 11963 13552 16573 14368
16912 9491 16686 16312 21192 14210 14201 19302 21364 12156 20867 13511 18906 13258 0 12817 13272 8858 11805 14507 8413 14551 16231 8301 20212 1649
11974 964 21170 19263 14364 12956 7422 23112 24017 12320 18781 13567 14097 23438 14170 12129 9990 17567 14766 20540 20440 17769 15097 21153 17682 21850
14177 5206 26127 17058 10394 12103 9817 0 14988 9811 21623 12248 19653 12853 19353 2599 15572 9163 13456 9977 19090 16579 12411 18930 17142 13490
16936 21498 14819 15214 9178 13657 10691 6627 17296 34203 23094 13246 17234 8497 20490 11655 11835 13671 16863 12997 13464 20830 9717 19068 14601 13213
11751 29520 10647 16134 18000 17628 8251 3499 32236 19229 15380 8751 11367 13395 7194 20090 12946 11495 19555 16021 12273 20925 8250 12128 17804 2468
21319 13888 16023 15714 11747 13754 10009 0 14805 5557 20625 10597 23857 0 12604 17880 16399 22752 18455 13965 17246 14794 16497 20123 16991 7913
13452 19325 24399 16140 15076 6282 8222 3513 13506 18202 17318 14367 17216 23277 10504 5980 9169 13837 19394 20006 0 21690 13205 12024 17527 11929
9923 4252 20965 9369 12173 15011 11337 2021 16781 24512 20858 19780 8882 20951 12573 7713 20738 4860 17314 158 0 24980 6827 16859 20529 24516
6337 15410 24032 17343 22975 14979 15869 10840 12267 29553 20300 14026 10217 24080 13089 16342 13743 12717 19870 7760 7673 17989 15615 15096 20970 17536
17124 6648 25558 15073 12314 12967 8647 19292 20547 20593 21539 10664 10936 30839 2112 3291 14875 13322 19119 11796 16608 15506 12443 16440 21381 14732
10276 5887 19102 17359 4138 12178 9367 13533 22854 13519 19448 21170 12071 10582 18095 17000 7135 15060 18154 12872 14662 12969 7148 14767 20244 10178
7021 18116 23801 14179 16896 10709 9832 21355 18381 32385 21395 13195 10013 10293 2706 19969 13033 9029 18499 9339 786 17734 7185 14090 18456 18362
8178 4172 16835 19068 11596 11593 12337 11896 6498 16945 17247 12655 5960 7681 14647 5902 11463 8468 18415 15689 12854 19418 12669 9887 20780 5773
9279 14184 19333 15896 14198 11808 13235 18000 10472 24083 23071 6387 20750 20640 15642 6702 11734 10028 15049 22596 12911 20523 10156 11934 21304 11350
20786 9150 20696 16816 5569 11035 7251 2348 14450 20353 19650 8180 16208 13973 5408 10390 11620 8565 23353 13162 14225 19257 19169 14182 18009 16077
14540 16584 24517 14846 17517 10133 7545 2068 12474 22640 21301 11048 15293 20027 6371 8007 15030 15164 25238 17777 0 19824 11690 18151 17750 18624
4883 13249 17055 12188 13842 19544 11924 1615 12169 20757 21384 11119 7620 13650 4906 19115 15024 1334 22229 16135 3143 22905 13183 21157 21863 5527
11175 18497 23121 20617 15335 10983 11597 26826 11264 17032 17887 14631 18024 17828 8116 12289 10685 6589 18718 7245 8251 18437 12927 13180 17743 3823
9011 12361 23189 15357 14390 10519 11759 7614 17702 11951 15974 18285 22832 25215 6373 15524 19969 14123 22882 17500 10693 17046 14906 14246 17143 7261
16280 16111 20798 13985 12620 9317 13813 14209 9177 14851 20881 12394 12378 15967 4790 13956 16391 8072 20271 12246 14660 17539 12434 19670 18871 6484
4309 25481 22793 19484 5318 8009 11297 17058 17325 23053 16767 10419 13370 1326 3190 5282 16530 6455 24511 19549 2826 25141 15899 14732 19149 15222
12245 23036 18829 15734 12682 11584 11725 16936 13060 9463 22030 15917 7888 22594 16242 6264 17723 9996 15983 11695 8987 8610 8061 19026 18353 11101
17826 0 25637 12898 9755 9394 10262 728 0 33922 16825 17179 17200 14414 8307 4103 15290 13902 18664 12042 413 15073 8806 11396 20180 8042
12147 6461 21153 11449 11206 11950 8549 12313 17427 20809 16858 8087 11102 27812 15688 9457 12175 9738 18350 15423 16150 20812 16863 21561 18297 12442
11637 8007 11172 14958 10898 12249 12104 16004 19100 21627 14987 15189 3665 27415 9450 14160 20738 8755 17669 8688 15909 21142 12984 20619 12763 6273
15131 18403 23675 15763 13457 11798 12101 20581 13437 23861 20327 9683 17145 18836 17416 9587 8056 7316 21922 20961 27142 14455 12539 17851 16896 10761
11949 4177 23903 16253 8192 12741 8417 10626 7240 19470 19296 22474 8138 33840 5534 19092 9290 8897 15264 12888 5956 16295 10301 15842 20258 18357
15842 6319 21637 21418 13827 12456 7513 2365 20033 8946 20387 15740 21227 14356 15026 15505 13250 0 20963 9019 14534 14740 10779 12187 23773 2521
6095 13123 18832 18979 14619 13600 7804 12600 9716 20500 14407 22135 4424 5235 4695 6526 10789 10287 19147 24578 14963 26524 13283 14932 16607 17933
11881 8180 15573 22044 10157 17204 7343 13727 14665 3172 17790 990 17939 16865 19454 6723 11055 15134 15371 15718 24180 24163 13579 17638 13693 9353
12502 19230 20324 14286 16967 10331 7603 21253 8519 14743 20309 23290 11381 10067 17105 7507 13393 9236 15905 19832 28555 17884 12944 17421 20874 13829
9075 4138 25213 19818 16432 10803 13438 14907 8802 25599 19637 20548 8309 11766 18007 4134 9877 12716 19735 11216 14962 23901 12739 14956 16394 8289
1408 9228 18938 20155 8940 13072 12356 8058 28389 7066 22131 20382 12807 21644 20596 10495 11068 13252 16285 1850 15850 25438 13199 17567 22011 3424
4144 8835 19734 22514 10048 18424 8947 30877 12727 25828 20541 15814 9927 14108 17466 8209 17812 12927 13674 12487 9637 12920 15248 16219 20892 13780
11471 8427 23615 15930 4126 10579 10924 25926 6966 32257 24542 10783 9774 8756 10175 11575 13133 10058 19410 17113 14682 22917 12140 17754 18683 20934
8307 8791 20793 18651 14034 13704 13833 15429 15987 19482 15342 17671 9742 8148 13616 20407 11774 15576 13831 0 18570 21498 14620 20675 23043 15135
16894 2628 21489 20032 13637 16504 13484 525 7304 7475 21060 19067 11241 21563 2675 0 13245 14319 20047 16003 19186 14226 14898 15797 18912 16758
9291 6974 17771 16875 24211 15064 10793 14040 15059 29542 20222 22690 13934 15257 28103 11916 14546 17413 21698 18596 18811 17143 13652 16611 20505 16766
25055 7163 21819 15016 12309 9677 10331 12435 2708 21894 21924 16957 11063 26756 10697 15996 17024 13472 14420 15293 5548 16814 7884 16871 18970 15628
12757 14283 25933 22121 14682 8451 11824 33517 13027 14336 21033 16586 10611 11087 7138 6482 12844 12156 24916 12996 7440 21255 14155 20396 16922 17770
12202 15000 20448 20323 9590 10890 12885 3720 24704 17237 20015 11799 10392 14930 31133 7877 15902 10230 16917 8977 12812 15261 10149 14965 18623 4195
21687 9010 18005 13768 20682 14234 14062 7969 10745 22562 20718 11706 13452 15156 8936 5840 16660 17737 24508 11939 17989 18995 14055 16165 19090 12428
17881 10685 22656 19359 10090 10337 16527 10210 11058 7074 21352 10650 16671 8545 13111 14726 12918 11176 23883 9734 10524 21567 16411 15280 22425 12651
6420 21006 23594 11904 9582 13410 7062 29377 3578 16280 21126 10487 13201 18304 8934 10302 16665 9603 15604 9905 13636 19663 11327 18250 15735 31168
20667 10328 21853 15744 20419 11200 12866 5225 5584 11830 20202 13421 18273 16193 10925 4176 13462 13563 15430 15075 3968 19328 13863 18882 16104 12059
11263 0 18819 18772 23755 16109 10101 13245 24913 19015 19177 9542 11033 20324 13293 3548 10896 7786 18600 10265 11753 21611 14778 19037 17109 13358
22076 18501 26531 21820 12083 13117 15724 1119 18695 5795 17535 3501 10797 20486 7258 7955 8896 4888 21190 23282 7082 24064 13204 16583 20890 10644
1392 20437 12030 17075 16805 11735 3954 5355 17736 31528 20311 12445 10341 20187 14454 6888 14538 8390 17072 13972 9205 18712 14257 14758 14415 19676
11013 17624 19696 23176 14621 11862 12507 14698 3778 9138 20431 12996 11717 976 8139 12060 16096 12756 15915 8363 7993 20710 13243 15488 19884 16883
13627 16030 20386 21706 6602 15639 9492 18432 20105 21938 14708 11766 13528 16717 10915 18360 9106 15207 16146 15033 28573 11545 16155 13325 23535 0
17069 28880 19814 19263 19940 13564 8648 25286 10879 18582 20002 8207 7586 20538 22593 3094 9857 6971 16930 11150 24043 20174 11798 22796 20200 22077
11379 14299 21742 20928 14400 9392 12102 15347 6945 19472 20602 17325 4895 22183 6710 3245 12030 5063 19507 8298 24447 19373 12866 15593 17887 0
11118 19679 22084 15073 10469 8455 12005 13155 26051 29494 18908 8250 10900 6516 13724 10615 10488 15286 14083 10393 14835 16460 10625 12489 19885 5168
8861 3167 21618 15783 16267 11816 12921 13960 15530 7028 22576 15052 11576 27278 4919 14367 11166 10329 14091 16128 16094 15798 9383 11833 17625 17146
12975 12660 25354 13647 8909 13230 11829 16759 5788 25178 21121 16698 9792 29860 17532 15028 11778 9226 15038 9471 21573 24823 12743 14968 18361 14191
12104 2783 28672 13510 13393 7506 11156 5134 11811 11039 21772 14362 1675 18129 2852 4036 16489 13429 17472 18095 6409 21294 14963 19178 20726 19995
2434 8593 18672 8867 16669 10919 12403 12357 16483 13185 19824 17340 12829 9614 3115 11462 12100 9843 16115 14709 17854 17740 13549 11496 20207 13776
13064 15493 20388 10344 15929 6244 9994 25759 9805 18006 20729 13249 11692 20384 10948 16345 11796 12304 18314 22219 7581 17662 9529 19315 18996 17110
5293 17595 12220 15293 8882 13657 14605 23439 17115 32855 20153 11422 12302 18489 11075 9663 14505 18726 22346 15857 5786 16714 13997 12170 20688 14416
8225 14960 14841 21569 16413 12334 7396 10892 3974 12234 22545 27441 14712 22807 20385 19234 14017 12082 16555 12242 15338 19136 10836 12444 18140 32786
8082 9912 19618 14879 15902 13493 15648 10381 10960 2426 15691 13502 7382 18023 21381 22903 18788 12265 16397 5722 17212 23026 9465 14582 20158 7052
13484 14043 19865 22119 14792 11867 8932 18503 7917 28846 15397 11104 0 9179 17350 27207 10671 14317 12346 21303 16345 20386 15515 18245 20983 4575
