365
27 6 98 20 51 19 67 91 67 47 19 71 70 97 20 79 63 75 85 31 47 8 93 13 92 26
31654 17840 9937 16282 24560 16695 4828 19501 16514 3264 20454 17284 11010 17091 11874 24278 11551 20278 16050 19624 19639 9453 18801 14971 5761 10235
27013 10670 3567 22011 24534 11467 14569 14228 20017 23628 14489 19731 0 14989 13756 6690 17603 20894 21607 10807 21158 10768 17260 17371 18258 25227
23083 24772 9491 17270 22080 13275 24132 16461 22634 23512 13632 17941 2318 17682 27452 14547 11737 10242 2557 15491 14547 4520 18583 20435 18144 20565
18703 9933 13463 22276 22397 11893 12732 14688 17509 19347 12100 17128 12023 12758 25952 22587 22195 15929 22275 11237 19982 5944 15374 16568 11287 20326
25183 13105 12678 20066 17366 15420 8303 21537 13653 20196 5418 13036 4407 23547 32009 14705 15570 4975 19215 19047 14613 10801 19521 26363 12747 18760
19706 20535 12210 9907 17485 16592 10572 13227 13184 20403 9362 20794 6760 16901 12757 24599 21548 23056 5418 16829 21277 12883 16963 23597 22085 29931
30024 14248 11872 20232 8445 6152 10367 22921 20116 13305 6673 18489 10326 18061 24330 18870 15607 6910 22015 18443 15251 11937 20789 16299 17562 11525
20516 12766 8626 15096 23291 11092 15088 13243 14732 4010 6722 16108 10039 9228 14056 16813 13227 13448 20545 13021 18869 10038 20947 29315 10838 15168
22484 14158 7428 15861 27227 6199 12143 17266 15693 14991 13086 13041 12464 4760 15449 20026 17211 2555 16791 20607 16978 11471 15846 19942 15835 21386
16949 21480 5708 20721 15186 9294 9908 7399 15101 1357 6451 17268 19514 22055 20389 10344 23939 8646 15286 14216 13041 6964 19956 13687 12144 18767
21105 17506 8378 12383 16177 7110 6010 10814 18105 6617 10782 15643 5557 11661 20165 13169 15377 0 23012 18864 14870 6063 19899 21174 11745 14418
24178 17997 10244 12449 11644 15296 14827 18878 14404 9677 13570 24077 3471 634 12878 8555 9569 13847 23050 11888 9923 10777 17292 18233 16191 21299
18967 25441 11982 23131 20172 6160 18510 12750 18443 6161 11456 18887 14363 17067 22981 29293 10783 21283 12011 22725 18779 7249 17034 8865 17200 20160
16490 13679 8627 21124 25159 11712 9932 2297 11535 10460 7619 16865 7419 9717 24867 18738 12403 11142 19320 9670 12667 11174 20482 18573 14505 22241
25912 15005 14258 17675 19344 12646 13448 15102 18155 10864 8696 15986 8332 18991 18376 15589 18496 12229 3620 9637 16258 0 14182 23861 17302 17603
16737 9518 9598 13809 17043 9800 7550 15783 18073 20050 19177 15522 4311 8197 15034 17684 14786 4606 16213 14593 20546 9269 20170 13432 14087 19294
12437 16175 9191 21844 12692 8229 11859 20923 16961 178 7725 19809 12003 12127 13724 15494 18593 13734 15165 9158 19545 6262 17518 20443 11071 17893
29599 8686 8316 20543 20908 12480 6265 6409 20013 8166 9941 21140 0 13954 17469 14962 11299 7729 16615 22669 14393 11765 19272 20666 15652 24618
13387 14247 9301 28073 8447 10524 12868 8080 16113 2479 14029 17302 6558 14315 25993 19090 20238 9403 21862 16372 17899 10659 18229 16185 18087 25735
19173 10440 15008 8882 22818 14750 13039 21517 17670 20070 11240 16359 12232 13572 30713 17540 12373 12352 10686 29701 11057 2645 17133 12532 13568 12498
23797 15996 14700 22449 10789 12863 5364 9051 16591 26071 19013 17651 21437 17727 6456 18847 15030 9981 11177 20836 8088 7411 19217 18963 12061 18730
16985 14836 12621 5978 11379 16021 10146 17453 20042 6749 16200 20038 18617 14856 18896 23072 14088 26206 23744 13807 16946 19723 18739 18677 18400 26062
19227 12453 8419 22412 22935 11423 13242 17120 15313 12476 18739 22651 8841 10463 23372 23212 16051 19753 5782 22845 10471 4229 19821 10510 15051 17286
6496 11853 10969 9624 22850 10632 8442 17601 14937 20259 25091 11355 10682 13031 7228 12909 17154 21369 13573 15068 17508 9824 19384 24704 17891 21241
15243 15612 12737 19864 8173 10525 16346 16075 20413 8552 13671 18341 7969 12309 25327 24389 13951 14085 17469 20348 15434 11047 16935 24106 22273 28949
14125 6698 5602 17985 10823 14337 11334 15172 13842 9208 11628 30107 14542 9882 24714 16137 10693 2636 24957 16858 20248 8512 22261 23264 17526 23608
18825 13907 11145 22281 12031 9944 21209 8947 18979 21674 14550 14246 5809 12959 29575 20172 20122 10815 11950 17991 9686 6853 21964 25770 15994 13234
22441 17365 11969 22600 10339 14847 12762 9444 18772 22210 18226 20067 10262 20520 21184 0 15260 14674 19114 18673 17695 21016 16807 4133 19749 8536
19197 11570 11085 19458 19550 5023 3577 18180 14715 1634 25468 22540 5405 5651 18253 18697 21356 9003 18603 16140 16824 7622 12184 11129 12552 21761
18927 19990 6820 21969 19129 7889 13780 15788 17834 19449 14617 18048 8995 11865 15752 12428 20012 4801 20050 10113 15593 9333 17137 13592 19106 22607
15733 10386 12516 25662 21636 9406 7914 20884 17012 4317 16583 19027 20224 14564 23313 13661 8256 15433 12256 15252 16372 10854 12215 13406 15352 18541
20198 16746 13914 24244 22661 16414 13121 20245 20290 13433 8739 19997 18202 7872 16106 18850 10708 14023 22085 22915 19535 5412 20580 16192 16731 17296
20277 24603 10747 17537 16234 9734 10247 16858 17279 8715 20863 21465 18391 11072 20843 19656 10027 4935 11315 10978 14119 9893 19874 19352 22775 18156
19490 7835 9897 14210 22009 15542 9199 7291 17715 24080 6855 11418 14224 15624 21599 14272 11285 11676 9753 14522 11607 7979 16444 10983 17493 16969
21206 11474 11798 12441 12926 11816 12883 20397 16785 19879 19461 16977 10242 21264 25306 19376 13738 9760 16704 12756 14976 16420 20379 8682 20244 21482
7844 16890 7739 18832 8346 12015 13044 20128 21047 4094 23300 18469 10978 15955 18119 30614 12807 8622 8808 12512 21199 9943 17390 2876 20790 17145
28154 12839 7507 25122 21914 14444 9201 20257 18496 14379 25028 15461 20628 13606 20321 17979 15817 10932 10709 15753 15295 10390 12229 11240 22716 15393
16222 24711 10202 20418 7582 7269 13243 18892 14015 6872 21435 18742 5798 16679 29189 18146 10370 11734 14185 12928 16857 12873 14687 16358 21146 13720
23157 6697 12842 25596 11301 8207 7423 17219 14536 74 13147 19872 2800 17036 11632 16534 14762 10693 13160 9723 14706 10068 20186 23823 13548 18528
9297 14187 10839 15934 11204 10821 23102 18446 17574 15139 12653 18302 2877 9874 16496 565 17926 8961 17779 21229 21856 4788 17391 16523 17130 16770
18643 11600 12331 13888 9966 17351 8587 18579 15810 5886 22425 25028 8288 9436 9587 22000 7860 13117 14960 18204 8639 4832 23050 13031 14270 27655
12655 17598 11872 20751 10709 18844 14605 9781 17812 3884 2293 19322 17094 11206 14334 15064 10635 17362 10424 19468 17727 10513 13899 11702 14601 30514
17246 14989 3223 10116 32259 10530 12774 11414 14217 18913 16909 14311 14782 12606 12374 21485 17620 9661 16684 13478 19120 4831 17839 20966 13592 11868
17854 17734 10906 15440 20080 15464 10299 15432 11661 19261 11438 17597 11937 24503 22454 20642 13905 14903 11016 20805 16342 12302 17172 22038 21906 20571
24234 15333 8390 16969 16488 12746 11943 23065 15741 7034 6783 21449 12987 5166 15434 29754 10731 11198 25427 15117 15288 11264 19480 21773 10203 7519
16002 15232 11907 21638 9941 14363 11802 25293 16972 11634 8180 18134 10215 10162 14941 9682 13560 730 14421 8332 22811 3619 17021 29065 16055 19051
24008 11718 8416 14004 16932 8122 7027 14206 16145 7069 20067 12918 19244 14064 25348 20596 8869 5841 23953 9822 19068 10066 17355 4705 13049 20072
25499 15032 12023 15366 19050 10176 12415 15403 14952 16144 30101 28143 6872 8208 17718 21296 14904 14814 11685 20355 18403 8344 21991 0 20979 18319
960 17884 14107 22437 21586 11075 14039 24690 12965 15292 9116 18544 11123 16912 15656 18465 23015 15245 19223 23056 14197 9201 18402 7668 13566 14595
10294 8064 12141 14845 16732 9082 10037 20308 18689 1541 7351 22271 6520 11273 23458 18764 11093 8505 16179 18513 15772 18818 18721 28899 8595 18160
12612 20677 10443 22626 308 20350 7162 13721 15810 4458 24337 19748 14887 14292 14982 7583 20514 9740 16731 20540 11457 5912 20186 12363 15356 19032
7712 18284 6364 13534 5710 12549 6287 24073 18991 21995 17121 16763 14851 7956 23850 13976 9967 7822 6988 22310 14811 10764 19138 31402 8676 15408
20569 15316 11693 16201 16238 10142 13085 16389 22155 17902 16478 20230 3301 14445 13733 21195 16246 264 16487 18990 24810 10817 14903 28596 10842 20461
9644 10502 9946 15922 15157 15949 14425 3149 17477 17611 15542 19586 20178 12172 18064 25909 15633 7529 14573 16170 13347 11225 16929 8382 16588 15738
12559 10348 10329 14899 13746 11377 7707 18465 18819 11325 20437 16908 4976 11525 26959 26231 7526 6468 16849 21690 5638 5239 16195 25898 13745 15763
25514 9559 10612 21511 23311 9130 16043 15554 17301 16476 12855 19638 13979 10580 13247 19176 19400 23489 6638 17056 15049 9706 17675 18019 20163 30697
19879 7665 6235 19679 17668 11634 6023 11000 14620 18121 17265 24058 8506 21290 19531 14892 13792 13678 16755 17011 19342 2080 18089 21497 15842 22149
14513 12761 8202 16916 15347 14105 15694 11964 20067 0 18538 18936 11312 6905 26785 20072 19794 10751 7470 17207 12333 8177 17934 10918 8479 19670
20982 5003 5685 14968 15435 10548 21701 7631 14537 17604 2229 20190 1299 9961 18369 15733 16938 16716 17545 22196 20086 4344 19084 12271 5573 28126
20936 16483 8860 18870 8631 9279 2989 14746 15281 25990 17332 21011 22151 7569 12360 10777 14345 10277 8153 11143 11992 11491 20437 7374 23165 13351
24609 16198 9942 25769 15095 10953 7240 15310 18525 17756 2669 18559 25879 14610 11717 17972 15212 954 9159 15530 9839 13536 20062 23264 20297 22432
13157 14985 16412 15655 25428 7183 11642 9804 15711 25059 9326 13847 18883 9848 23176 18683 12049 19801 10554 16268 25745 7019 22731 21545 17647 19095
19201 17530 14860 23794 18306 9976 341 6880 18706 11960 20080 18216 19195 16746 12702 13142 20237 2904 19411 15307 16943 9852 21389 9971 15174 24886
17594 18395 8783 17823 11053 12345 10621 23545 15640 6535 7633 21297 8643 7657 10335 2231 11719 5277 7649 13140 12364 6771 22444 18147 19578 13494
11354 10059 11609 26745 21684 10623 12740 23904 16432 25850 10342 10721 12854 11580 19458 20994 8340 13644 16670 13880 13165 9027 16306 15534 17839 26256
25740 14707 7756 20403 11246 12354 5505 19262 13092 14403 22938 16253 15702 3066 10458 15770 14523 10201 7476 15765 26696 12434 20793 11278 13419 12867
26469 20049 14817 20418 16936 15129 10061 20766 14883 14074 17641 20896 8878 12349 6511 16015 21040 6797 9006 19423 17247 12276 15951 0 17985 22736
22147 10348 10336 12117 9703 11681 8149 7971 18067 16314 21674 24561 16544 9221 11205 8682 15545 13527 8278 18573 17295 14780 23995 21195 19959 19011
29476 11832 10636 22771 15134 14980 5637 15038 16592 13817 31569 17782 19792 11110 13861 17751 16239 5100 4683 10568 23277 6859 13455 6890 16373 27955
23849 6390 8767 17679 8999 18458 15750 21854 18263 20304 16997 17874 13576 13880 19459 14197 14724 10448 18300 15683 24976 7738 18757 13182 18365 26040
18151 15328 5369 12027 20636 16005 18009 18515 16369 7404 5912 14104 18562 9722 16068 18836 19429 23902 15064 18596 11751 8082 16103 34449 13812 17771
11927 10431 9566 15772 24760 12340 8299 22313 11372 21174 22029 20793 10757 19277 18709 16535 23803 4466 7699 23960 23791 12063 20138 16418 6526 23449
25333 13285 14444 12841 12466 11521 6412 18254 15085 14396 11537 22729 16143 17775 26346 28651 18745 15378 7141 11756 16366 1359 14290 19380 19053 19189
23298 13573 12683 20872 23711 9965 10836 17937 15625 13414 14420 19751 12871 11093 17237 19625 11649 18759 21896 17050 17132 12797 17607 10611 15534 9308
32349 11975 10991 2991 30469 20136 11881 12624 17727 14669 25903 15209 12121 5154 21182 21237 10492 13678 13345 18013 16058 3714 18678 20933 11368 17873
19921 11431 10031 16997 24332 9447 11299 15840 17431 15525 19544 21626 3431 12266 20570 25712 13020 10722 18411 13133 15947 13002 15769 11620 12464 10290
3813 24397 15834 16892 14190 9388 10310 16498 7689 17792 15078 15233 8904 9260 4956 14501 21370 15398 16921 17971 15715 5049 17090 18062 15135 21873
10130 12920 9855 15833 7079 4799 10695 17352 13526 10828 20994 16672 15340 2186 8758 20520 17882 9876 12774 20703 14870 10333 14413 14924 17200 8596
15568 18973 14085 19404 13036 12743 14038 21154 21413 19493 11909 26365 16656 16251 14869 20142 11668 15176 14609 18903 19003 14768 14119 21458 10502 6323
20343 16930 6889 19611 7983 9499 5895 19086 17655 19508 15126 15139 15126 11652 21157 17873 15319 8441 23377 12129 20945 14394 16504 14758 13346 27368
22746 9334 10933 18772 21251 9766 17486 12810 18376 8412 12984 20103 17322 7575 14343 12513 10940 0 8798 13177 13673 11585 16271 30379 19406 18464
21257 16473 8629 22085 18601 12243 9792 21404 17270 14725 12674 20107 24440 14971 25509 15404 21625 17279 12807 17461 14480 1844 19651 20659 11054 22761
26192 10092 4876 11555 20649 8059 21170 16800 20027 9213 19920 21837 22827 10622 22283 17289 14419 12846 12298 11657 19816 6982 16864 26279 17390 19746
23857 14328 7693 23085 5994 15772 16992 23263 14621 747 22201 21274 15425 18832 17923 6912 15515 15012 9487 15985 16503 10973 12126 13009 12039 14250
24659 13413 6916 17453 15004 14393 16816 16848 18228 17358 5395 14798 7623 12274 22137 13866 16706 11072 13117 14276 20190 6619 19361 2733 15034 15155
25749 15625 11881 14984 18248 11777 13941 10115 13638 19515 16599 20581 23285 16047 27913 12740 12747 14274 8484 12555 17885 4067 18889 14904 11929 21671
27529 13597 6780 25145 12347 10667 15790 18863 12097 3250 57 23308 13995 16291 22452 19106 10659 21889 16290 14510 10850 9877 16146 12883 10895 15672
12149 18094 18108 11977 16654 15248 9717 14408 17869 14056 14228 16184 10536 31125 25283 19281 24927 17703 14111 17742 20183 7780 14679 5117 16067 20337
18590 9673 5165 18441 15628 13440 11948 22730 14238 7040 14727 21537 23732 13915 7935 17848 18403 17284 9407 13722 13447 10328 20670 17562 15104 15927
23902 11648 11143 18314 20262 8946 12675 7905 16749 18329 13578 22263 11943 15358 11911 19779 9684 0 11380 20077 17213 11982 15953 24500 17266 21047
23894 8628 12056 17117 23303 17110 5921 22417 18461 16267 6211 19870 8540 12920 18293 9932 25484 14065 17351 14789 11169 7269 18264 21072 11104 20491
18936 19952 9517 12222 20096 10491 7265 17443 19466 2252 15658 17300 2277 9337 11041 12133 13606 15688 10055 17476 19003 4401 15629 16379 21186 20840
12898 12884 13798 9623 18174 8632 7697 21519 18746 16489 16434 11042 2338 17386 21636 13302 19235 8863 14121 11882 19294 496 21207 7658 11837 14495
23411 11211 11643 10493 9375 4039 14790 23251 18754 13629 17790 20646 15333 9075 438 23539 12484 16103 5503 24014 18430 7905 22306 10986 5831 18808
18777 13901 12802 22296 11227 14541 16477 7278 11300 8324 6480 11883 18386 13471 20083 16069 8292 22534 16831 14318 14709 11301 20101 15484 13360 15232
17738 11162 5218 10254 8221 5792 15177 23016 21598 14289 16540 17248 5938 12016 10204 14062 13477 17870 9801 19867 13975 14721 17336 15772 11274 21538
26616 7766 12481 25925 8748 9689 3643 13074 11834 1512 16996 25166 13804 11340 17514 19298 16640 17290 17915 20873 18255 14222 14906 10172 20381 17273
13795 11621 11996 13685 14651 13810 18472 7241 21931 16053 16750 21039 12826 9122 16596 14670 15508 15908 18038 13698 14284 305 20672 9572 13061 7824
16824 15319 13292 22672 7701 9881 5487 20894 17881 18703 11648 22658 18308 16433 20454 19475 17794 0 18639 18861 14084 12168 17712 11532 10480 6505
7301 17549 7798 23294 13591 9471 10485 15531 13637 32415 10292 24456 7328 12290 23584 17131 16563 0 26149 22046 17884 8454 19822 4416 15329 11284
15785 11858 9621 17284 16429 8435 9339 15063 18439 10534 5449 22284 19913 18714 17873 12172 15532 22224 12780 15472 11077 7326 12731 9485 15430 17072
14192 16967 11612 20189 8424 8479 11033 27581 14651 2448 5561 22493 0 2026 23252 15892 19846 10777 20348 13741 18802 11212 17542 5536 11116 23706
13166 14475 15809 18445 4881 14325 14877 17643 15324 35193 16761 16216 5373 11361 20779 26099 15553 0 16229 8637 14779 13255 20807 14626 6657 15550
19313 13505 13726 20380 11533 13164 9425 5585 14659 5378 19805 24872 2853 14917 16723 10477 10837 10106 16340 17483 22676 7144 18168 19521 18538 23592
20086 16473 8397 10644 28111 18484 12759 6407 15106 22405 24328 18700 15124 1459 7924 16164 14368 22367 14878 16200 22446 7317 17473 9701 13470 18305
16786 9500 10294 23034 22109 10085 8332 23155 17010 14824 11407 19880 7296 7728 20206 12429 17065 29005 16856 17901 14618 9810 16516 22345 18284 30071
16447 13190 12319 23348 16129 18862 10197 13184 12551 3949 16155 13780 5766 8702 13777 11884 16069 24671 9968 11831 16043 11935 17046 24087 20452 24245
7940 14934 8153 21731 20964 10014 8151 16268 17935 39685 7587 18054 9353 12943 19819 17428 9011 14322 12852 10061 22119 20440 19740 13225 11351 11207
25926 8639 11009 19802 8134 4544 13299 19700 14532 14230 26873 24549 11724 8538 22528 9876 15724 16535 2650 26259 14080 3650 22519 14048 12145 12583
17515 21503 6172 22110 5491 10129 12162 13501 16421 17986 18714 21255 0 25715 19879 21209 17933 22414 10321 12257 13286 17478 20675 12900 11210 29097
28489 15756 10571 22141 16168 16682 1986 13908 15206 16541 19774 20383 16257 14085 16240 18320 16713 17469 935 17675 22928 10706 20415 23677 16338 21106
17399 11178 9094 20158 19419 6968 11284 22343 17106 15989 15641 22360 556 12727 23391 10089 10505 14067 15613 19131 17842 2726 14157 21360 19063 21056
27232 14644 9416 31961 16932 9398 12194 16190 13549 15610 11614 19697 21464 17272 16516 6584 18118 17043 12706 13053 13866 3754 18917 15209 16561 35898
23056 5388 9152 14908 24045 10637 13698 7073 22746 5843 9121 14834 14242 9047 20202 20066 19189 6282 30320 6139 13026 4525 15873 11183 5736 17235
2320 16733 8424 13804 14453 7925 19451 17439 20573 21559 16210 18854 13831 16632 18084 9189 13912 8252 76 17623 21656 14336 19776 22961 14943 13163
19466 18305 11559 16250 18129 10703 16003 21988 19138 18814 16548 14255 16909 7531 16467 6397 12798 13224 18690 24682 12749 18141 14834 17471 14614 15491
11710 18444 11454 15786 12916 11400 12658 30280 16088 14117 17803 22946 12273 12919 27352 26595 11492 19487 17202 17425 22167 2670 18275 22203 19468 27945
13848 26806 5747 12319 17495 5847 16151 16685 17630 3835 22072 18834 5182 5921 15913 32908 13402 1911 15807 21890 18439 7650 18566 6322 18195 18923
22887 11007 9363 22678 14889 13527 16353 12872 14230 9641 13693 13218 8661 12632 20835 12252 16228 10683 23968 15677 25380 14813 19637 15745 11590 15030
20426 10471 6853 19230 10648 16773 5030 13618 20899 22751 16092 18291 9295 12526 21366 15167 18849 0 15323 13169 22444 12025 20984 24343 13892 22732
12333 7839 9080 15171 14539 6294 16656 9944 18508 19927 13328 25326 6261 11484 23038 15000 17874 0 5846 17955 16907 18399 17102 13941 14146 19710
11745 13218 12308 20290 16965 13657 13128 10155 17407 9973 15989 19776 9523 18682 8352 13139 17421 3862 7617 10233 15281 10951 19922 787 22014 21525
15539 13747 12852 18893 12766 9700 15738 11543 13303 15274 11263 14691 17484 17405 26356 25332 19897 0 14521 14216 15827 8312 22166 5353 18536 18727
22802 17717 7664 28336 22731 8976 4102 13024 16313 0 12133 22727 7619 8431 9491 22608 15144 6824 13915 15083 16032 9337 20440 26455 14415 30515
20508 21516 13135 21930 7783 9533 19304 15264 19698 5708 14789 20753 10739 8427 16435 21714 21479 6933 11551 25378 21150 13409 16839 8040 11648 21823
15943 11347 8786 10195 16900 9448 16081 16648 13826 12805 466 16354 12695 15034 17864 13904 22507 16240 14670 7638 13641 8258 15341 12211 21211 21602
11442 20829 6598 13588 21661 10401 5209 28345 12647 1292 19336 15596 0 1940 24540 19755 17009 10858 15400 12256 19911 12221 19838 18567 19578 20707
22928 17990 11006 21320 17968 11692 8328 14962 17394 5663 18064 18661 8936 21306 14531 12714 1017 10704 20798 15533 16261 10208 16106 19269 17504 23913
28274 8656 9315 23114 26740 8213 14983 8896 21883 14053 14391 22550 14723 20022 7258 6806 13979 6970 24833 14690 15731 7991 19452 16439 9038 30534
15706 18049 9667 16577 22298 10214 17620 5828 16636 19705 557 19315 5187 5357 22029 8567 8989 7379 12210 14707 13967 11758 15426 0 11034 18839
21329 12705 12643 27123 24075 14369 17657 19377 12202 24800 17176 17335 5176 13377 14493 11901 13596 12660 13648 16446 14137 15614 14744 12234 19246 21002
14108 14463 10308 19856 21341 13363 8818 19510 16008 0 17901 18310 9317 13596 20102 12062 16183 1323 19142 14984 24340 7192 17013 8035 18343 19413
23810 11364 10668 20503 15008 5737 14845 17862 16727 14232 8494 25008 12160 12103 27037 13145 6201 25354 17978 12661 24182 11392 15414 8392 14390 18818
11430 13445 7545 16040 23766 15862 0 11166 13051 5467 10245 22489 13828 9206 25261 5062 14259 27421 21453 13425 6506 7176 21483 19613 21251 25794
26351 13786 10823 14988 9171 8508 13237 26407 16882 13228 17203 16484 20254 24858 25280 20712 16429 560 16005 16712 14871 5214 22716 20775 15251 19180
27042 8767 10672 16871 15843 13614 13079 19833 16542 38977 13418 17389 13335 4023 13087 33859 17414 14113 11653 12657 16307 7533 16102 7715 17866 22181
14566 15956 7945 15896 9854 13992 9206 20284 10824 0 17680 28946 13457 4386 27703 24263 10123 4151 15303 14482 18031 8357 13286 13623 14699 11234
16632 14810 4279 11880 13124 15538 7874 15040 14996 3225 20496 17505 7108 7904 8267 14017 19121 11880 14780 15430 21992 3840 19057 3814 14912 9711
19144 14380 4158 14220 13312 12887 16889 0 17981 287 6788 23111 15366 10707 25943 22315 16455 10285 4167 16106 19375 8520 22088 17766 13118 20171
23690 12508 14086 16481 19677 8331 13976 8675 18622 6994 9604 21547 8959 15459 11452 7546 8304 8769 20513 19362 17337 9782 19699 12029 14104 18661
6040 13786 6756 10120 23161 9520 9689 13449 17352 12981 17344 24899 6685 14680 21173 30718 21445 12273 13041 18587 10977 13370 18442 16475 20192 8323
24429 27050 9705 10248 6889 11588 18123 2586 11602 9388 16643 21125 8703 22363 21118 13513 13805 17547 20995 14269 19211 15153 17183 13003 13073 14563
13235 21507 8708 15224 11854 8109 12692 18854 17278 31628 16592 16947 19827 15048 18529 13579 14768 15885 9271 22053 9797 16055 18774 12588 18011 15536
17478 18342 12702 24304 14449 4267 10240 28413 16370 14740 26111 19923 21252 10356 23692 6898 14414 6829 11321 12909 17599 15065 15222 7954 14707 17312
33069 9245 12084 19317 16357 13852 13602 16606 13871 16457 8608 20083 17441 2817 20690 19061 15040 7976 13613 16123 13670 12571 18155 30498 16184 15214
41046 19082 11560 28092 9521 9160 14513 8209 17311 23935 9528 17809 10569 18007 19109 18386 12320 7291 4589 9458 15812 11149 20115 25060 12350 21873
29801 14969 11143 19602 10294 8096 18453 14763 17866 18827 13115 15730 0 8603 18993 22177 21672 12430 23948 17822 20907 10595 20255 4625 21074 16910
18856 16717 9823 18384 6253 14886 7665 26903 15220 15453 6240 19811 8649 16826 19238 26683 7815 6593 29717 21972 7473 3303 17569 18430 13879 21643
17346 17838 11053 19880 8592 3996 5456 14995 19876 4938 14375 16080 16209 12362 26841 24477 16444 1077 20629 19033 15718 6270 15258 16520 8695 19008
7117 8542 6573 19651 19973 16876 8997 14590 14179 9107 16164 9509 6741 5326 15346 16451 13052 18149 5384 20091 19831 18033 19361 11672 15112 23327
34147 16082 8400 20798 15099 11215 15626 16311 12665 16873 11756 21034 20783 13321 32261 7691 16277 7978 8102 17965 9540 1081 13553 7796 17089 23308
17128 11559 14683 14735 28832 16711 5565 10588 20218 5255 2941 13264 6209 21625 20174 23321 14665 5555 7698 24027 13644 4534 18543 20060 9064 17847
16152 15177 6770 18077 13423 5625 6751 23724 15625 10996 7896 13576 6695 6205 28592 22392 11873 5703 14921 17177 15696 9975 20636 0 12887 13033
17512 11441 7475 10015 15654 16106 8793 14270 16487 19921 22805 18516 11079 11969 9125 23353 13276 15736 7772 14507 16926 10982 16128 5203 21435 8398
17601 17962 12322 11918 24603 13863 12452 12664 8061 11971 1580 22682 19427 8461 4638 7622 10163 2698 11768 13780 17729 4354 19951 15192 17439 17330
12949 12530 9315 19114 20669 7294 3557 19633 13334 18170 616 22241 8550 12159 6621 21439 11231 6298 4861 12902 22036 6587 16082 21110 17763 15736
21601 8243 6133 19960 17192 13468 4137 15125 19576 27160 18374 19019 3282 8950 19433 23882 13620 8352 16372 17814 24746 11919 18898 5373 10547 18760
21549 5585 9304 13578 16446 11801 7793 16455 16234 9224 15637 15142 22400 13050 20512 17771 15783 27354 14262 10855 15621 8278 12533 23199 12976 15909
25698 17535 10011 8642 10880 17719 8767 14689 16802 12103 7514 18865 18866 2996 14049 21081 17639 5385 20016 16794 8484 8122 16393 18591 13720 24398
14347 4972 10065 14333 15718 9986 8305 20838 16765 9432 3196 18801 17597 10901 16660 21801 21388 8440 10766 16429 23563 11759 15062 21472 18146 19310
16051 12495 10880 14991 20889 23189 13630 32289 13395 11506 17299 20574 17883 4144 17576 14201 22944 20472 17119 12370 17211 10638 23682 2115 15945 19161
27670 20529 12781 19585 14455 9899 16135 16419 15949 9423 10192 17899 14908 6311 14528 18619 13298 11802 22141 17491 24719 11936 19348 14161 17851 21548
16055 16262 8859 14621 15590 19017 13880 19026 19402 10496 22934 20356 14267 19054 11587 11450 12042 23988 6837 17431 12961 5709 20005 24990 9219 18872
17647 20619 12835 8561 19104 11658 4990 18507 13731 15519 25553 24856 2283 9800 19803 8902 14424 14663 8719 15830 6654 6926 19158 32066 14203 20382
16107 16915 11139 19607 25472 12081 10106 12680 18884 21488 16895 16284 10689 10047 15314 12599 14186 5572 10052 24796 14064 13324 19351 18065 15406 16815
26201 16602 11754 18692 19006 11002 17796 18657 17239 17543 9399 20664 9520 4469 24990 6538 15078 13972 13777 9196 18606 7742 17400 14471 8468 22723
16610 10269 12749 19349 16333 9319 8463 14945 15931 12810 14876 21207 6678 8035 19091 25079 17196 702 14360 16954 23723 8825 19197 16457 16399 15192
12953 9597 12366 16340 14480 13235 18388 10892 15903 14136 12425 19503 6330 20368 24590 21857 19141 21406 12607 17469 18169 12746 15582 28783 15599 27690
20792 14455 5503 18776 9831 7078 12329 18331 21064 6136 3676 21201 24916 6535 12884 27520 10713 1431 17558 19776 21397 12061 20011 16158 5141 17254
21035 17177 10855 13105 906 11384 15790 17581 15017 6658 10597 18336 15997 17841 14440 10218 24422 15306 12746 7750 23125 12849 19183 21344 14876 18863
20059 13784 7155 11146 16151 8258 13118 30640 11116 23569 15758 18985 4666 5254 16133 8293 12828 9779 8459 19817 25742 8902 19168 12637 12742 27264
17034 17568 9639 14257 27735 12331 10322 13953 16827 20524 10958 16542 23815 15403 14243 14191 17028 5243 9261 20604 13706 3450 16223 23069 14242 17055
16553 14222 9346 12470 18011 9339 8525 24042 14674 16478 21585 21868 3538 11205 10484 20564 16799 7996 19457 15399 24104 15231 14401 8395 14789 13736
15378 9679 6884 15393 18049 17158 13877 12511 19543 8108 14655 24581 10849 15120 23218 9456 20460 21352 19398 11212 12081 17143 12505 17233 15447 23349
19404 16329 10784 27940 16336 12559 19976 21088 14149 11604 9290 11486 6035 13102 2401 20436 18090 19556 15984 19307 11023 12359 19607 9604 13452 18630
21566 10082 10281 12391 20629 12382 12146 13476 17411 10385 5778 24326 23872 20098 15421 4143 16314 16146 22112 23395 14181 9593 18628 10946 14764 25781
24499 12590 11694 17345 18625 10007 14103 23704 21495 19119 20066 19745 2234 11382 27246 19017 13295 9309 16047 20139 32902 3268 21831 14538 14262 28957
18984 11945 9491 27512 23250 7802 0 3631 17596 9121 17179 19690 13640 6721 17108 5033 17005 13212 16226 12000 12965 10996 21265 24092 17949 12657
20752 7146 5863 23634 14433 14407 5825 12969 16704 29593 15394 12243 13256 13041 29314 0 15948 14890 19486 14883 18483 13873 21404 13624 14099 18908
22566 20838 12668 10161 22078 8964 14070 1101 19657 22800 19540 18991 19768 23711 14000 7759 21803 8629 9720 16472 14261 16658 20044 17042 11155 25131
25154 8523 10089 23166 17274 15880 9559 7830 19721 11484 13542 14683 8230 14383 13238 11174 15656 1488 26826 22584 13924 12769 14927 25319 8769 23808
17567 23628 9039 23357 9031 10906 6905 21917 17470 10516 23758 17476 13401 17822 23897 17226 17943 5948 7919 12307 15695 5062 18118 14721 8470 18075
26976 17138 9179 9278 11373 7692 11307 9719 16829 10258 9505 22496 3408 1522 9313 15059 12408 10336 15557 15600 19807 13634 14189 14560 20407 20142
21318 9257 12206 20455 15469 16528 19019 26518 15027 8486 0 20405 8844 19714 13105 23529 12626 5361 18565 16839 12779 5889 16993 8532 18492 12858
16798 7681 5745 19406 23367 12801 10173 16892 16815 22773 12403 20930 27141 13399 11779 18847 12697 19373 16234 16467 16385 11563 19525 17301 19615 29899
17051 12170 10930 22001 25689 14919 12202 22571 12302 18744 10801 14897 6842 16143 27195 4343 10248 6183 17161 13836 14328 10566 16305 24761 15474 15497
21267 16442 8726 16833 17173 8599 6380 13941 14854 10012 16322 17672 14948 8144 14993 8725 11483 19691 15866 21462 18319 20187 18941 21940 15933 24378
11487 20233 6173 26073 21946 11419 8484 27353 17091 29413 11748 19756 10292 18809 13364 19059 17741 0 22130 20125 18386 7145 15554 25683 10483 16548
22626 12126 9302 12209 18224 12363 13162 17095 21360 11462 15040 13823 8601 16679 19492 20844 15009 1496 16097 13593 13138 5727 17889 26401 18273 26422
13338 15581 8968 18076 19886 13644 13825 17097 18307 12802 11687 16344 10136 16212 22013 17201 16835 18682 10659 18162 12872 9900 19206 21827 19099 24217
6506 11426 11702 17577 26670 9290 12386 16459 15653 25747 15000 20714 4511 11197 31441 18657 12847 5813 21245 13082 15989 4917 19403 23508 16740 25848
24636 19417 5677 16989 15000 10869 10437 20413 17336 16613 12586 22429 11716 14719 22213 6566 19324 6763 12825 17723 13142 11699 17720 0 14879 15303
22916 17811 10328 6866 10925 6837 18553 16817 16954 542 16736 11980 23970 12428 24950 12913 17913 0 20474 17767 21977 10732 20967 6854 15632 17646
23640 13298 13821 20544 9845 10765 14825 20184 18657 21235 21258 17783 8268 14316 12765 14804 15001 1871 13873 16528 19258 8496 15740 13342 12822 18111
23107 18055 7512 12986 15221 12362 2106 19053 14613 13423 17056 19965 5086 18081 13219 22302 15219 11405 24853 14365 0 19453 16449 20149 13615 19150
17415 11533 11018 18711 8046 17077 14716 22207 19372 22683 2713 10904 18501 4906 12608 5426 12928 19890 5864 18734 16049 15222 17215 28028 19508 17426
18509 14787 6219 21005 17917 9320 16836 19852 20775 8322 8671 22555 18659 10533 20990 17639 12437 19267 15553 16904 17022 9795 22412 21855 17530 14683
22614 13198 9022 25700 20771 7560 7486 23803 16077 18268 12945 21061 18784 2796 11586 7106 9271 12124 6208 14220 23943 14226 15422 17919 13305 16095
30849 10912 10640 11317 16266 11656 16956 8245 23188 18618 18455 15901 3719 17033 7796 30141 18818 23055 11395 18443 12960 10275 17821 10338 16716 21795
14691 20136 12015 22836 19780 16964 4121 24738 15448 3656 11376 18976 14679 19816 19969 3540 13367 11343 15598 20880 10049 15774 18001 19272 16260 22325
28416 20047 7840 17658 21556 11405 11708 20601 16689 14874 12196 13712 13557 12697 24244 16951 15555 18412 14191 15128 11045 17801 19741 632 14173 24933
11272 17580 8568 25543 17845 7062 17064 19771 15527 9751 19044 20640 12867 12394 21767 15533 5925 19236 15297 7393 15308 2232 21348 10475 14437 14609
20210 7996 10165 20768 13099 14210 10810 22512 15455 15135 26195 19129 15271 7882 9463 6294 14060 13923 18278 8809 2763 7643 15405 3582 19447 14131
16407 9387 8985 15379 13837 9044 9500 14591 18721 12520 15863 19423 18265 12259 24406 15668 14800 19577 13728 13889 27772 11598 17255 931 14349 17264
22055 15704 11375 11503 12179 2135 6002 23020 20318 3742 10140 17659 15696 7030 17456 11677 16230 16854 16938 13026 14383 6737 17329 9016 16687 13207
9700 17080 11987 13415 9074 10220 14939 18630 14845 15961 15943 12964 9798 17980 26164 15268 20486 17643 18437 15496 10505 3973 19779 14285 24178 21300
18784 12043 5852 21470 17706 11471 12684 10831 15832 19083 1924 14521 2423 14957 18577 11727 16470 7020 16598 14026 18019 7807 18674 10815 11999 15143
21654 17732 11233 11012 13015 7450 6717 28921 14342 16068 11792 22169 16236 15669 23437 14295 17775 15665 13522 11676 13312 9504 20671 11042 18380 17934
10592 13153 11153 19519 6496 16043 18168 18354 16442 17002 4939 14342 10108 21314 19346 26829 13349 14951 8822 17068 15868 7155 22795 16235 18327 16703
35449 7231 9452 15636 16539 10484 13218 11493 20408 18891 15323 28355 0 9129 23196 24804 11428 4262 8297 16847 21511 12793 18143 21042 20599 13868
16577 14506 7297 17091 13712 15871 14830 11494 19841 37325 14063 14410 0 9306 22359 13226 21756 15614 0 14072 22231 6877 18693 14641 11129 11276
19972 22484 10913 13922 16052 9206 5403 14408 22398 7869 17117 19888 14452 12059 3053 7978 24645 8927 10948 15694 15001 6264 21427 17909 14278 21963
9337 9470 6675 22838 21322 7723 18646 29032 16968 19117 14321 21626 12853 4183 13823 30436 9710 16902 11943 18443 16918 6411 17076 597 15923 18785
13652 10713 10683 25115 22537 11505 14051 25026 16092 10076 13862 22677 17619 10821 19937 24396 12088 11968 22664 15854 23114 10564 18114 8168 15637 26071
17125 3119 12420 18259 14758 16387 16405 15222 22243 8251 10204 22312 848 10757 17847 8661 10477 13521 20085 14664 13216 13133 15525 20826 14528 18027
26192 15311 8258 19382 23087 19775 5341 17174 16744 0 31936 21505 12561 14290 24710 21396 18354 2573 12229 21456 15087 20236 14493 2647 19470 24877
21523 18614 9926 13626 14790 7417 8678 12847 14333 4196 10746 16501 6223 14571 16243 21830 12758 9466 20522 15294 27282 11458 15858 30431 16668 22137
24969 4704 13728 20737 22461 14963 13888 23516 20345 7499 16468 22227 16925 9810 1110 18884 20086 10743 10452 19314 12225 8590 21540 25475 13847 18142
16908 5335 14325 19616 11757 13372 7916 15455 21632 8396 17144 19338 13878 9026 16510 8863 13948 14995 15615 13087 23464 13589 16787 10202 15895 27703
23324 18295 7869 13810 11857 7699 16180 23417 22621 14018 6930 18483 14656 5760 12964 19509 15169 15758 4351 18226 31475 14040 15120 0 19779 17763
6231 12076 13797 15841 18238 5357 12214 11895 18732 20750 18149 20549 3931 16791 26586 12218 20626 20634 16853 17077 6290 13309 23743 26739 16972 21833
13667 12833 6820 11368 26287 12619 11328 19975 11097 13721 10163 26647 17304 11568 27181 16562 14700 24064 19471 13269 16138 4843 13068 5652 10518 18293
9172 14597 5346 22894 17684 15312 14285 21447 19333 22632 11787 9898 5082 18207 13086 21067 14781 16845 13922 18365 18919 16438 21621 19218 16333 18561
15041 10562 12250 15940 27809 10527 11424 17880 21504 18279 22894 24772 7220 7499 12091 8030 11528 1366 10410 18573 18736 10605 16570 3195 19588 30546
20775 12561 12598 22101 8919 13519 8080 21686 19906 15942 10276 13498 17677 22784 26078 14406 14676 15301 10603 14992 6714 7191 20283 10334 13838 14620
26418 7533 9501 16598 17596 12117 14808 26593 18454 16612 19073 20473 5854 18448 19189 8096 16143 0 13268 18196 17515 5973 16096 15470 14366 21460
30864 9078 7517 20900 18134 12141 9412 22085 18687 29526 22296 15010 7427 12848 19850 9691 11790 9738 17369 21966 16018 14174 21863 25588 14983 27080
24746 11347 11853 22812 20860 8015 10259 16250 18261 5855 10518 18039 10902 4394 17685 24385 5472 1502 25638 7964 17729 11045 18704 14169 14259 18827
17166 14728 8824 18118 11286 7533 6834 20171 11758 9171 11942 19695 13712 4624 14301 15567 10050 8936 3818 19306 19641 14115 16288 8805 11255 17559
11325 11951 9559 19437 11564 11137 10123 20785 17851 0 13072 21963 19579 14128 15900 17362 10511 18196 14618 15287 8087 20058 19080 16710 14011 24663
23544 17355 10595 15683 10709 14959 0 13807 17919 15372 8019 17420 11137 22677 29383 10937 14218 16771 25965 13718 16518 9467 14600 24574 13634 19693
17802 18419 14746 13263 10235 6997 16123 19051 16987 15367 18163 22581 27871 18358 8089 23732 20625 893 19368 30152 17292 14723 24668 14221 14120 21831
10113 17914 7164 11735 12745 10442 15692 8795 13322 15262 15169 17109 0 15494 16971 16105 16002 21932 8985 21958 13638 3168 15790 15014 15374 23692
27040 13681 9608 12679 17441 7166 8655 15586 17889 9847 28991 12092 12009 10294 16683 8361 25866 16390 16388 20143 13269 2782 15551 10871 13433 8952
21742 10398 8859 22093 10740 15787 10377 14661 20427 896 13656 22483 2360 21586 9213 27440 14678 10228 18224 17333 18312 7720 20178 10921 15237 19968
26504 16651 7335 16226 16886 13520 8121 8424 18873 23637 6481 20008 10757 13165 25366 19838 12717 21188 14714 17748 21544 6511 16873 19814 18606 5776
19885 11699 11966 19383 20080 15728 12110 14529 14709 8279 9370 15502 9714 19091 13256 23499 15615 23058 21116 20615 14551 11573 20349 14471 12367 22075
21771 13218 10042 19470 18895 12585 15038 25184 14516 10096 26484 22147 16826 10286 14476 24243 15686 13034 13670 19762 17855 13070 15997 22989 18980 29561
21128 12211 9631 6339 22821 17097 6913 25194 14763 3140 20141 13893 15631 4362 15017 28769 13482 0 17098 16018 21415 12602 14263 0 12600 18274
25161 10318 5520 15585 7682 12911 18317 23279 20583 2474 6661 21753 31353 17761 14889 13443 10181 5500 12851 20250 13335 15779 13936 24932 16188 26116
21614 16785 11328 20222 6095 9758 15405 28312 12873 8234 9310 15267 11760 19027 5587 21157 12689 10398 21065 13020 13864 7668 19395 25878 12532 23766
26647 10682 9199 20012 27257 9954 10994 13640 18731 537 15662 17212 20948 13730 8847 21648 18709 16372 11662 14095 24781 4678 14559 26029 15193 10246
21232 13565 6552 13045 24024 5761 0 21050 14270 26631 16287 18408 12101 8737 16592 16248 19264 8649 11311 7292 17307 12368 20014 17017 7729 22336
17662 21390 11267 17369 12437 1825 8168 6970 17411 10421 20800 20136 12359 9043 15170 14062 18817 14310 8268 14300 21727 7393 17005 8618 18461 17971
25828 17582 8306 11961 11712 10805 14349 12008 14857 18789 16019 13484 8396 15663 20155 21564 8235 3505 20929 16408 22748 9642 12796 16867 16440 26433
16005 11549 8605 20211 16435 14239 22033 21821 14414 6469 21976 16001 20754 22953 16199 12293 12570 19549 9250 20140 22600 10936 15004 13388 10691 11835
18665 2830 9903 16099 21559 9448 9961 15616 16244 7685 18889 17566 11377 16868 34048 14958 15266 18190 22739 14503 15608 16850 17940 6496 15230 24193
29010 20842 10275 8022 12665 14775 24207 11569 17119 5846 10923 22641 16393 6141 19094 36238 17271 24101 17335 20283 15150 9502 17155 10192 22397 18016
18507 12555 10533 24284 17318 10251 5116 16452 15180 14567 16392 17381 6798 9899 11902 15173 15729 12469 7291 8802 8804 9675 20919 9762 21347 14155
12352 7538 8502 19088 19440 11115 3628 11875 16432 11380 9594 18933 23314 17259 23697 11601 17306 0 11660 20497 23107 15710 14175 10198 16549 8806
15886 13111 13711 16798 14500 3697 8898 15088 18062 399 12299 17082 16670 2003 23477 16708 16136 26923 12774 9318 13565 10551 14320 2075 10565 18313
22636 11356 12887 18324 11184 9692 12374 12573 19878 11430 13818 14359 13126 16640 12603 10265 15265 21920 8882 9475 18961 10564 20554 26170 19809 26067
22717 9696 8228 17487 13645 11580 14470 8076 18834 19457 6966 16674 14562 17874 13854 12856 19878 17530 15256 26640 19644 18267 20999 1744 13565 18003
14470 19700 10569 16383 10020 10844 17072 14241 18491 3293 19077 13560 16028 11820 22331 11767 13663 7204 8545 25447 17972 9980 17859 28735 14886 25186
14154 13860 4050 17513 10799 14885 21148 18533 14339 11287 12828 21434 9303 12816 13461 12358 15671 12496 16518 15508 20298 8655 18838 19988 23743 19703
19570 15174 9672 17447 9884 12302 16492 24114 18343 27513 31844 18030 5976 17937 20543 12509 16791 9559 15861 18686 15510 8670 15836 25641 17939 13743
22060 17307 8132 9046 19461 13031 11650 16739 18367 6830 4439 19839 9326 5002 19493 16257 19910 13689 9948 22683 5032 17615 15296 11945 19957 17325
25398 12011 11467 18647 23842 9758 17769 8699 20808 14570 15061 22080 13724 13233 7281 14882 16110 1512 17594 20448 20013 6098 16688 9722 17388 22083
24948 13496 8626 17693 8874 11388 9680 20902 15936 12811 26753 20072 12151 14421 17613 22402 7418 10738 13713 19539 18497 10037 17654 18685 15806 20624
18721 11868 14082 16956 19196 13663 10238 8194 15407 23058 19685 22825 11760 15531 14123 5772 18217 8059 5467 18330 17041 9321 15350 18360 21047 12540
26497 14304 10288 11497 13964 11765 10913 23811 14923 5958 12416 18646 14373 12107 16615 18916 16885 9974 16085 17549 2178 6989 16426 27144 15814 17581
24040 16072 14969 22120 17842 15256 12265 18216 19882 6791 18426 18800 19312 15581 11219 13711 17486 19877 12031 17468 23980 16162 23167 27059 14020 15234
21077 11975 7877 24072 12747 6582 20787 15881 16685 13400 1486 14152 4344 10631 24705 19195 15156 7949 3415 14741 13442 11178 15463 19496 13873 17628
30298 16290 12411 12209 23083 6801 0 12819 14335 15181 26267 16733 8107 23821 18590 27326 23855 10210 10257 12849 16395 10634 19234 36457 17550 22676
5497 9979 15866 15837 17338 6807 6703 16600 18887 0 28904 12469 7390 14407 10874 12482 12066 18073 13249 10474 17125 8326 14609 0 7925 25014
17432 16610 10812 21610 24066 15956 7923 8899 15903 10150 16385 20574 4447 13651 25839 22597 12740 21718 19222 19167 14617 13628 18790 30727 18376 19492
17765 17888 11405 15681 10781 6422 9550 21250 16243 15325 26523 14786 15859 8887 20953 4601 18390 11489 10526 12497 14045 7151 17713 1695 14934 16975
22624 11580 8958 21829 13394 10421 11024 13141 15153 8750 11125 22604 12532 14049 16237 23341 17836 12157 19658 20870 18248 8430 25137 29699 16242 21178
12364 9209 13041 15172 5122 15658 20027 22674 13385 20473 24164 24322 13135 13055 17370 16921 15126 11585 10938 14475 11267 12898 17131 11077 16196 20132
18922 7829 7906 8978 15529 8230 8837 19798 20672 25008 14573 12644 7942 23276 12556 9822 15435 1567 9705 24030 7685 0 24211 27510 10173 18242
12260 15281 6944 17667 22168 11259 2931 14122 18584 12495 21329 18975 17976 19170 11321 18591 21192 17115 12744 15610 17547 7590 11778 2275 14244 16358
7982 9837 12115 7801 20572 13763 6925 8867 12365 24140 18961 19045 8260 16768 9508 17679 12530 14235 15993 21880 16529 15057 20898 19118 10037 14747
19056 9858 9047 14845 11711 13010 9320 19008 10819 21185 13949 18536 16480 16861 19268 7001 6321 11953 10579 18969 16960 17198 18662 8367 22798 19951
22698 9641 7784 13305 14194 10845 23467 7012 21278 23240 18671 20885 10498 18719 7124 6530 18853 3065 20555 16801 19103 4937 17448 13502 18311 15550
14598 15475 11514 24377 19123 12246 9307 15077 12685 17318 18538 18412 10761 10125 22787 8488 12902 7647 10242 15266 11606 9821 18272 7520 19560 19033
19642 7674 8865 23667 12070 14848 11515 16489 18657 446 11816 19132 12720 13324 18451 15303 10304 770 10920 18655 20520 7833 18006 16850 16977 10595
19515 12911 8740 16817 6145 11521 10378 6833 13604 32223 10426 21665 11759 7996 9668 22691 23718 9785 22121 15670 17055 11653 17558 4581 17841 20521
12568 17146 7227 19481 27237 11511 11939 5990 18775 13937 18868 15012 15360 11514 20710 8510 18251 18907 8466 20175 24558 15175 21477 13846 26133 17339
19100 18687 6157 15756 12843 5235 13022 20897 16412 23333 15486 19399 6544 6485 11805 11209 15666 6187 3437 14007 15540 8860 18180 16468 14081 23921
8427 9860 13246 16658 9070 12361 6546 16862 15233 23159 15314 21376 0 9769 13143 25079 14368 14819 13680 15311 12983 5275 20055 40030 17480 19827
17028 16359 10596 14030 15973 8970 10713 13709 21583 17182 5827 20643 3291 13308 17546 29633 20642 14702 7281 16865 19150 13659 18506 8396 18059 15511
26317 11681 13640 19438 19087 11858 15544 18018 16678 18648 19850 12718 18888 14625 3057 19329 7831 0 13718 16870 22540 5451 18260 23559 15163 12897
28597 21122 10161 17069 4390 9982 6222 9056 18653 13932 4431 18293 16581 24571 20949 12978 17164 12320 10738 19035 13641 5086 17965 23720 17376 13748
17145 8561 10503 15781 4416 15940 8896 15067 16309 16979 23787 13013 7629 9277 15399 11338 20452 103 15974 14296 6455 5981 19593 24114 14075 16754
21764 7253 9388 20550 9630 8069 13236 15405 14730 11418 25931 20145 4610 9180 11980 21875 20819 19815 21267 19240 21265 5460 17755 8453 9214 10921
9663 21779 7468 17422 18053 14964 13141 11308 17383 18112 26599 24300 3980 20865 25816 16876 19789 7485 11489 18622 8642 8335 18325 17768 15801 15481
16160 12125 9405 14914 13008 14287 15991 15618 17743 24617 14823 12009 16796 7877 12216 21401 10800 12152 18138 16850 22456 5073 18423 4301 22426 25491
19129 17276 7215 17354 14732 9639 13391 12126 23604 13435 17780 17216 6089 11309 19587 28443 15751 16527 21955 13141 14163 9211 14861 14416 15376 14878
17518 13783 9941 20154 12897 16246 12256 10951 20413 15395 10778 21419 6295 13891 11898 18251 16552 10243 16313 20592 15895 12110 17998 6684 16419 17967
9473 15380 12813 22312 26089 7561 15003 4550 17382 10085 4919 16378 9990 19671 19002 23037 18825 0 7613 17006 11266 5074 21296 13339 9566 13830
16464 18347 5461 23593 8111 9102 3783 13212 20390 602 10159 19848 12619 5805 12004 14123 8014 7969 3418 17151 17949 12290 20584 7099 12585 17586
22622 17480 7917 23231 15138 14955 16078 17740 15026 14002 15953 21888 9051 14565 18451 12922 18913 11427 19204 12545 12878 0 17595 19812 15178 20003
10757 4703 12217 22178 19214 15850 9999 18132 14781 2797 14755 28406 20835 13263 24183 16892 17828 5354 17526 17992 9029 14290 19442 19996 19440 20664
18734 12978 6268 23316 25215 10826 18494 27973 14445 0 8347 14596 23267 6541 16637 9491 17642 6351 9783 18900 16518 11908 14852 19562 9376 17996
15096 16631 11144 17235 12412 8798 13612 10688 17828 23726 15168 28000 0 18023 21537 16181 24891 8336 4342 9211 19849 12430 15432 15532 8284 14437
8867 12474 11862 12489 15648 12771 8149 16893 13624 25267 18791 18955 15467 14261 19084 21397 15855 9581 13420 21461 25707 11590 19107 26471 4802 12468
12942 861 8446 21823 8379 13424 14139 15677 21456 16757 27307 20189 5380 9297 18414 23587 15381 10461 9475 9305 12844 10468 21422 10755 12593 15807
21378 6707 12995 20897 15841 10822 7262 18820 15125 19770 16018 22379 4826 12296 20437 13030 15301 12878 16138 13787 17857 10916 18078 3622 12541 17875
20461 11848 12653 19467 19306 4768 7581 18953 15396 14818 13934 22188 14299 13659 18722 29916 15031 16590 9516 16365 19227 9770 13985 25194 14829 20086
12659 16553 10888 15506 16269 11870 16512 20988 16770 15836 14638 18696 20373 19866 8435 22336 7963 21389 5116 12142 14079 17318 20585 19073 5155 21786
17677 13291 8833 13212 17832 9531 14108 10745 16373 24473 13214 22020 8637 845 7829 17450 17246 10238 8679 13861 24936 11849 22429 20945 12723 26371
10084 15539 12110 17661 11252 13664 13927 11116 15024 9738 6927 20064 10587 16750 24298 23427 16251 8095 16358 18407 19427 10753 16437 21606 10661 18890
4222 9111 8139 17081 16097 3696 9839 18312 11773 22243 17575 20590 15399 14885 8662 3246 15414 15801 19294 20836 16759 13752 16363 6588 21447 23103
23599 12664 7887 20482 12573 9215 15078 11991 21625 20356 19414 21240 19726 13286 7126 9950 19222 12282 12659 14090 19753 10551 17231 27325 19981 29666
5954 17089 10823 15397 7417 14076 14710 11415 18045 7543 25917 20128 17786 16041 23310 23941 16736 14475 12314 16698 16888 4447 16855 7588 12672 15234
11172 11741 7592 13598 5742 15904 9871 20595 19435 16774 23940 23432 28253 7951 20996 31362 9500 5464 10850 15130 13593 12049 18597 12334 18533 22377
20352 12093 9475 20327 15931 14962 10155 20363 15684 5169 19395 23223 15522 7106 9712 18152 16021 12300 14591 12048 17123 7084 19050 20952 15946 17113
13316 21425 9865 13050 14783 16952 14661 10668 17312 30472 22402 16636 12257 10518 17830 11272 16233 24470 6378 22509 14366 11747 20527 17589 14994 18043
11472 12888 8773 23918 24777 17135 12082 7557 20575 18077 19161 13749 10256 14300 23776 5778 17020 5496 16098 13614 23252 12944 17912 15296 9431 17950
18949 18171 12362 16573 8944 9815 10068 9005 15327 14349 6058 21093 12022 11838 17139 14440 9786 8831 15187 17063 14558 7464 17923 15666 9878 17668
29393 12154 6630 26639 11159 6809 14828 18998 18179 22152 6206 16613 12987 16953 18168 14378 18516 11524 13196 17607 14200 8967 21158 9524 13153 11413
12012 11117 9518 12324 15724 16717 8285 12292 15103 31682 11674 20943 7595 14017 16973 18908 27198 16977 10728 15851 25980 9614 18817 13855 7975 20636
26503 15050 10146 23729 13353 9360 15311 22263 12704 31456 25238 22583 3835 17435 19326 14737 19385 16360 18097 12689 8375 5997 19503 24368 12688 23532
10134 10681 11010 15325 22734 14414 16995 20630 14303 7425 13676 21694 21482 27039 16288 25370 16965 1006 15325 20347 21757 8014 19248 4320 19636 18321
25148 11339 11579 19557 16290 10097 13338 21439 21575 15638 6727 21502 16947 13634 14469 28567 13664 21265 10341 16533 7815 15111 19810 10431 11151 18208
31904 19591 8198 12941 23908 10610 14632 19634 17469 11594 14240 25870 12978 9872 7162 18200 15921 17333 19075 14733 17372 5072 19539 6450 14863 24816
23081 13977 10083 20530 28114 9081 8689 16038 14153 21286 11763 15530 17902 6119 12435 25493 15372 6945 8629 18181 19438 11104 16660 13559 13134 23236
26542 14486 13007 18297 23256 12311 6335 12017 17961 18728 14877 12402 5102 7736 11708 28626 11552 10631 26061 17219 23308 12624 14576 0 9721 16218
11563 11063 10351 21203 9333 10928 13033 22760 11848 17103 8494 19303 11690 11935 22309 14017 18640 6625 1728 18196 29750 10472 20046 13759 11908 11896
23556 5035 8851 18652 19408 6169 8889 21276 14815 21866 0 21594 17551 9174 13340 28706 14611 8052 19470 10313 14363 10837 17502 12429 23151 20863
19740 19370 11375 21052 11844 6675 13187 14899 15100 17131 15768 21761 14964 9495 17256 8760 13163 22216 15084 18349 13687 3327 15023 10204 10211 27726
18307 10462 12111 20923 18548 12840 20358 6431 19024 8066 32 20977 26251 15865 14716 19652 15146 2464 12493 19551 22343 19506 15828 14042 13943 10636
24518 14186 10117 18135 11027 13503 17430 17966 17304 11909 12849 18810 24641 2695 26947 26743 12290 23796 4881 15072 10780 11253 14658 17485 24831 24356
13038 14148 8224 11795 6414 6856 10801 15610 16939 17163 6170 20200 13360 11273 16543 22678 12940 10135 11734 24724 18947 11982 18720 11728 12438 13213
18324 13521 11056 24031 21502 5127 7279 13326 18974 15170 6425 16364 18980 20478 18914 8003 13991 10349 15631 16491 14622 15678 17358 32493 10059 30102
22146 14995 9533 17410 16957 7008 5410 25137 18045 10967 12671 13820 16430 10462 24776 5156 15215 16287 22417 13326 19067 4174 15032 10231 23587 11729
22131 8419 6829 21033 13602 11385 19029 13046 18045 16351 16673 19833 15719 11382 22465 14548 9647 0 18764 14673 8756 16805 17082 26091 9857 14708
31706 11752 10505 19338 12194 11842 4727 22059 19031 25039 2072 21038 8563 16678 15399 20961 11679 15208 16131 16324 10691 8402 14132 10689 15490 21095
15906 18595 8010 26385 22587 10226 15734 19653 15270 24843 13109 20097 10930 17924 12296 12978 14523 15724 15440 13317 23908 8623 18172 12097 13561 11939
14871 23870 7242 19671 18411 9093 11378 14499 19727 6835 901 14741 8458 13607 20768 20694 20757 0 17547 10659 24769 11139 20463 12565 15473 24552
5977 15041 9938 20881 17163 15989 9502 16830 16175 24768 19283 18479 8768 10967 22810 7009 13729 1578 10245 13845 12667 7957 16830 19186 16553 27002
18771 13128 9612 15045 17798 12406 11500 24822 12936 11916 20340 19659 7776 8793 21689 15719 18280 6779 17308 18115 14129 8084 15919 10367 20681 18332
20547 8565 8604 18502 18959 9717 16849 12337 14398 8298 12180 21189 13061 8115 23410 20716 14697 16102 14893 10830 19517 11223 21773 22421 21002 11597
29172 13294 8565 20965 16478 9310 9442 6584 13164 17736 20971 18221 3143 160 22274 17377 13514 10793 17864 20673 5949 16749 19043 3428 10630 24999
8817 19128 6914 16480 26865 9996 13099 12659 18821 6337 18490 12850 14381 12565 20216 20462 13859 15969 14540 13624 10495 11950 19146 20634 13225 17419
17074 17620 9146 5417 7358 11224 0 25378 11581 25105 10879 21724 9627 21711 25536 6222 12469 5247 21334 15276 9690 13537 14334 28558 16343 21922
7098 14087 10841 10881 18215 10331 6720 14854 18112 18801 6727 16371 18775 16876 16469 18584 10515 3619 8237 13802 20566 7377 18948 10983 14740 16109
19590 16159 10693 13501 16048 7458 14711 21273 15332 20422 15601 15464 11483 14088 22399 22828 15931 15511 24074 17398 24546 8508 21049 20628 17157 6822
18162 15343 10786 17053 14811 14234 16682 6989 15714 19680 5772 17498 14223 9561 17749 11515 9952 1580 12054 20656 22317 17247 15506 17653 16644 23867
14011 12666 9985 18877 13193 10954 11643 13755 14356 9937 11903 19430 10856 12199 20702 12750 21523 15647 2529 8147 14955 10219 20674 17998 20648 25147
16067 8579 8303 7597 18973 10476 9909 14471 17221 29034 14571 14977 10968 12613 10959 9450 13645 5720 6036 23145 9184 5121 16758 22640 8508 25159
9257 9204 12410 9886 12575 20600 4879 15213 19676 19326 24257 24418 18421 9871 13254 19898 22315 6810 12798 16281 21123 8445 16811 14107 16349 19351
17574 23020 11457 15790 10200 8189 3793 19191 16261 22065 0 20944 19248 13391 18648 18901 23356 0 10855 13485 15586 6446 17090 7240 7357 25914
15902 18307 7217 23073 15010 10038 17027 23323 15873 20860 19043 16594 17351 9302 21312 5376 15824 8310 15253 21149 19818 10673 19829 8860 11182 22921
19682 12881 11451 18103 12006 16981 10756 13746 17231 4697 15756 20492 12816 15770 9028 7176 4956 17388 12137 20135 26481 14817 15940 11610 22190 16084
22382 10438 9625 14020 18870 12977 8361 12248 15715 5612 17557 20315 13651 10067 17315 19129 13596 6014 13961 21248 17005 13505 16080 0 17761 7542
15174 15228 10453 23598 6907 13285 6301 2128 15930 8261 13299 25618 10700 682 22833 18611 5064 2457 10484 17639 14571 4609 22129 2894 21087 16781
13090 13753 8567 21245 18279 10052 12800 32915 17537 26745 20206 23064 12947 20158 22018 13957 24541 3911 14214 15745 16615 18467 17255 13173 14191 9518
17561 13160 9892 23793 18016 6554 12693 12390 12296 17266 12831 16145 17051 19157 32018 10235 16190 16373 11380 13911 18991 10446 17840 19923 15393 13331
26596 17863 7285 16334 24949 10979 14485 10568 13022 22445 20414 25723 16919 13843 12090 5572 15143 19858 8980 13183 11860 10058 18814 25005 9178 8203
25882 9334 9340 20670 23384 8911 4489 11532 16526 8026 9428 17594 10019 31507 10400 6873 16018 15311 14508 23743 16648 4373 16767 19334 9148 24110
23122 19144 14646 21913 14205 8912 15212 14751 16810 14946 9887 19698 18076 9434 16098 18194 14631 9394 16720 15212 12781 12592 17573 18678 12424 19991
22324 9225 11892 16621 17208 12646 5419 15428 10680 10218 14909 19148 8100 19704 22312 10557 14463 1847 23211 14405 11718 11559 21840 24126 17508 29042
20583 8972 12747 21745 13596 9216 4952 22570 19637 6985 29643 22921 2650 21814 11821 4012 11504 4561 3778 17556 20062 10666 17120 15825 11186 20113
25239 10870 8392 14611 14776 10640 8107 18377 17199 17954 21533 13363 25867 13687 23710 17540 19258 5332 14214 11024 23157 12021 19353 14370 13913 24596
26607 10634 9910 10721 7906 8260 7790 23044 17227 22219 25296 17906 14144 20888 7115 14635 14652 4580 24699 12770 26755 11643 19673 14831 17645 19617
7830 12544 7406 17454 9083 6724 19231 20174 16725 5512 7565 19794 21334 11313 28012 13174 11332 21053 22798 15677 15725 13055 19033 12048 11992 19680
18818 7027 12428 10189 17951 14500 10485 4517 15831 26931 3451 18580 13725 7382 23341 15111 19214 11008 10985 16396 26675 15203 15731 25951 10709 24963
21414 12792 12094 13146 6014 10567 11368 21362 13121 9051 17514 22787 14249 11957 22724 10134 19110 12512 15320 22431 14660 9076 14139 7745 15656 18499
5958 19993 8605 9587 19254 15741 11436 15445 14626 14907 11416 18427 24361 4731 18622 23068 23140 8653 4602 15191 23800 12450 20512 12810 18206 21773
17976 20669 9853 14884 22452 14299 3311 13645 14901 2582 9744 19654 18131 14420 15422 13138 14960 0 15246 16996 22145 4311 19685 14405 14946 11292
17860 5019 15340 7319 13023 6025 18765 18569 15021 7510 19939 17963 3484 14530 29655 14588 14857 20230 8950 14798 18857 9056 19303 13442 13861 16118
19656 3062 9242 11216 20330 8975 12437 15144 17814 10872 18054 19330 10522 13693 12643 13228 12114 4029 2791 11783 13312 8503 22848 14287 11575 16873
24990 12151 13353 17490 15467 10553 4952 22611 14894 13972 18848 20228 15467 10154 14265 19625 18337 11559 13615 11345 17885 11511 17760 16763 19600 12120
7537 10388 5333 14197 17568 6930 6255 6912 18623 11750 4502 24557 5492 13022 27506 16143 12241 11625 20202 10329 14976 9890 17281 17904 13085 23386
