365
2 13 95 44 45 78 47 34 90 88 1 93 75 2 22 35 18 81 91 78 85 26 26 94 82 37
12506 5207 18486 20666 16794 12191 25871 15952 19047 17000 19281 17223 20447 22703 18351 12618 27374 15442 15360 25626 20494 7561 9112 14996 12638 8733
17762 6314 12120 15086 6362 13845 20982 18501 24073 6738 17500 22134 11862 16450 7227 5694 16180 16109 14383 4429 10996 13893 8187 10285 20147 23292
13492 10512 6993 18626 12936 21254 20143 14116 14867 2320 7122 20889 12204 14788 2834 14160 14929 2324 16986 21465 27745 18127 11626 17016 17279 15235
13553 25599 5238 31191 13229 16787 15801 23894 16647 11800 27139 21485 2015 17862 1148 13386 10321 13045 14570 11994 12949 9845 12510 9533 8417 13183
16649 6690 6672 25054 13660 12871 17051 18462 19773 13242 14724 23481 6739 18400 5789 9008 20845 10976 5304 4172 20149 13811 14878 15636 10859 10277
12233 2540 13102 23041 8405 22817 16858 18770 14773 5781 15330 21372 10713 13562 12382 14413 15948 10995 21068 15364 22753 15173 11402 10600 9253 10352
18348 22193 8283 16600 7547 20380 18297 25923 20688 4298 30463 29511 16000 22175 9499 9111 27482 14524 9796 0 11945 12569 14588 23825 16782 12829
24014 17488 6733 19063 8477 16241 17126 26796 19661 17763 14280 28287 12828 20080 12147 11180 17502 10689 13344 0 19305 0 11488 24256 12729 16626
15806 8313 8501 24702 10345 10526 13417 17198 29299 2437 24949 17168 5989 21774 7891 15254 18228 20423 11841 18527 14099 14036 18311 12655 18473 5932
19968 17155 14469 15458 10511 16711 20635 14344 17220 8910 29447 11454 10824 19391 1643 13623 17482 5478 7481 18194 21787 13588 17330 13738 15916 19092
18939 24827 18974 21741 8889 18683 16459 18956 21388 20447 28753 18997 10878 22701 17689 17156 18149 5867 17772 11287 24260 21909 14484 14629 20822 19842
23083 11212 9481 24129 14530 17427 22341 19799 17489 5948 16589 16628 4078 15935 9860 12322 19866 6710 16452 13784 15598 13267 9431 19065 29401 16635
16098 15678 2600 17036 15123 15778 17153 17987 23197 11617 14172 10072 20989 17927 16396 9890 20123 14234 16375 17827 18247 15432 18482 26531 3810 9998
28329 21661 13788 28710 8766 11689 21629 21550 25296 9942 8339 18872 6981 17934 5129 15034 24692 14301 17693 24719 17886 25361 13917 13637 5468 9109
17398 21614 19459 19019 16986 17916 7043 18774 18085 14078 25644 17315 9765 16562 4767 11027 19462 12909 18876 12357 23946 19877 18278 10528 14493 19614
10084 16557 15327 28187 12750 19051 13719 15468 24749 15692 10060 18546 7095 17293 8408 11531 13838 12508 22801 6456 15131 2442 13971 25123 13277 19512
17746 16218 11162 21673 19528 31044 18502 13164 18995 9429 16180 32245 5743 20869 4317 10337 17991 11974 19205 11898 22675 19897 17782 17970 9612 13587
22571 2240 14296 27308 0 18413 15674 17947 21600 10270 15427 13934 13803 19870 9331 10889 14139 5635 13432 18004 26432 14366 13836 21778 48 10621
12235 10959 11215 17467 14574 22621 20635 24571 20392 11509 14184 18547 12236 19957 14103 15451 13081 9368 15255 7911 14982 7669 13928 15780 8776 18700
15265 18667 14898 17885 9103 19951 16761 18155 22860 9937 17693 22626 11747 19721 14326 11314 21308 9571 10367 24593 15365 13514 7864 5926 12038 19646
13416 25261 13613 17826 7970 24610 23111 18810 18352 10382 14428 10835 16337 16379 8775 11529 18864 11657 14837 13579 21405 20661 19199 17593 12907 12689
25627 15299 7121 15853 10942 19147 26279 15952 24261 5148 5796 6686 8260 13726 20269 6398 18346 15457 19216 13016 23910 27451 13106 18046 3549 12085
14907 6356 15422 14046 5801 29629 19645 20007 21278 7635 26226 18108 9703 15045 8840 13472 19413 14301 18422 8299 20690 12742 18528 9806 17694 14578
13027 13582 13195 25702 14401 16034 17606 15933 16699 13732 15695 19856 14324 20024 15032 11148 16249 10238 14788 12347 18353 28405 7330 19295 12792 8280
11327 11616 18730 24114 13913 15566 17141 20198 22113 14109 25494 19181 15111 21982 2663 12541 19185 9238 22911 6272 22996 6963 12991 17856 5624 10017
14840 6015 11195 17028 0 18822 15023 24336 18203 12784 13744 18526 11428 17763 4007 9278 15494 16572 15412 10962 17772 18002 16760 19134 17206 1784
21302 17563 15149 23034 12933 19249 22548 21966 20628 9103 23100 19484 14597 18028 8550 13169 20123 16832 26161 9868 14925 23088 11507 12271 13927 15868
15900 14258 15111 15909 0 24849 16468 21887 20788 0 21871 12679 7098 17950 9814 10912 19535 7675 11809 7325 23965 17316 15145 19996 18029 31135
33523 30759 13960 16487 15568 23174 17745 21917 18332 11356 18465 10914 3717 19666 12134 8541 20051 6084 20257 12612 10611 23175 13978 20955 12155 6605
20011 8251 10955 21719 9616 22981 21232 24792 21745 5385 22644 28092 10776 17180 12412 7575 25348 8263 21948 16651 15035 15002 10432 14909 6899 2541
18426 11529 11322 15194 4049 20593 14407 12413 21181 6973 23923 20793 13178 17420 17040 9753 24333 14818 13226 17645 22346 13561 12791 16956 10632 7864
6088 13959 10333 16674 8637 24695 16318 21674 25521 1507 20655 13926 7127 15806 12227 8142 23330 20837 12398 7386 22134 7198 13562 12818 699 21981
13736 12658 6132 19193 16223 22076 19957 28084 16515 9984 10658 22047 10193 18418 7415 3691 23624 274 16211 17640 22974 14364 12508 14963 16482 8876
12837 1962 15644 16295 20465 22617 16719 18554 23012 4555 28788 11997 9479 20191 15745 18534 14239 13548 15129 3178 19999 16452 9190 20523 19934 23514
19127 3665 14860 22207 6614 21084 18804 13852 17052 20149 20217 22912 13468 16538 8095 11670 17780 12685 8682 7476 17982 21975 18392 19776 13461 6578
25149 14301 15128 16814 11813 15755 17473 21969 21489 8195 15375 26311 9596 16424 23948 12249 25477 9647 20949 8263 22946 13430 12086 7356 10333 8422
9977 8537 13027 12227 3319 27695 19872 16045 20782 18912 16779 14434 9308 19922 9397 13173 19113 7135 7257 11387 28110 5283 15388 22057 0 7498
14611 6863 19922 19766 8527 14340 17091 13456 16162 12050 15396 12435 6849 18306 4447 10215 15444 15918 15666 1681 12132 13720 16964 25668 2036 25241
20662 17446 7883 16396 0 16296 21266 24361 24632 11117 16482 23269 7010 17824 15864 8524 16929 14605 10741 3766 24503 10634 12377 27928 13402 6837
17575 21784 8323 17825 4390 17634 22084 22627 20014 11488 36492 18485 11208 19017 9576 12937 20022 2736 13824 6039 22464 11568 13730 18144 6844 13971
24059 12126 10989 20760 12946 19034 10508 15541 13765 8017 25142 20883 10903 13368 17586 12392 22636 2944 18879 13905 18046 10913 7888 22616 18181 8960
17562 29200 14467 16944 11277 14387 25279 22609 24808 4362 16683 6101 14211 18175 8332 12294 14285 19781 21752 11851 14846 15204 11904 24333 0 12766
18501 10391 11386 16416 1879 22701 15886 18906 19937 6222 22054 20105 11570 20107 0 10221 15892 6562 13825 22261 16139 7491 8108 14691 13963 12181
6043 26887 14991 10853 6136 20395 22051 21905 21352 13090 15101 29809 11465 22255 9248 3109 14263 0 14449 306 18072 15291 12464 17541 15983 682
24284 18689 15177 14868 14319 8919 14526 21246 24081 7747 18002 17130 10924 18752 0 9958 20025 13179 22137 11748 21393 12534 10913 24022 23010 17939
3951 0 15811 20491 12698 16388 14760 27713 20277 1995 19365 23655 7573 21782 24067 9972 18959 7898 26604 7132 24967 29000 12381 8761 9803 21953
9911 3350 8963 19288 22171 19936 18102 15003 21761 17498 22128 19909 15146 20750 13688 8211 22720 14620 6786 13984 18761 8697 5923 13056 16894 8579
18154 5441 3599 12717 15666 22554 17443 21040 21495 7145 13619 10984 13286 25166 12329 13668 21359 5361 21225 7070 17114 20957 11350 15917 8202 23334
13873 30849 9100 17672 8084 16031 14455 23833 13904 1139 17841 23563 7851 15229 14059 10591 26629 10854 17338 5295 20442 7598 14008 19144 21558 15014
12753 23677 9540 15196 11668 13836 17479 23433 25464 0 27751 23700 1898 20212 9182 13190 23706 12023 13703 11116 11272 14037 14078 24258 5474 9757
19073 10508 17132 12893 7892 18794 20731 25741 21402 7262 19768 20675 10186 17854 22746 9325 17314 9064 18244 23650 15655 18110 9874 11910 11762 22119
18061 23903 18577 14874 7853 20987 20234 19561 17740 9132 12747 21907 11801 20733 6760 12053 18911 11515 20984 25186 13632 11350 14630 25128 11299 14276
26880 18905 12691 22555 12766 19239 18552 13105 24385 11228 6979 21607 17435 20378 0 13255 13381 17838 19553 18024 19497 18186 18519 12901 9451 19024
21580 1015 3666 16323 5999 18276 16193 13294 23618 3298 13990 21399 10989 22269 19354 9110 14860 7384 17591 22788 18732 1993 11724 10789 5835 21541
21106 13778 17507 18872 5088 14214 14964 15470 26239 1722 5477 16393 15025 19876 5568 12902 20079 4940 22093 13187 11413 16460 7279 28154 1669 14588
16648 25009 14200 19452 15316 25454 17312 14988 17038 4943 22596 19972 14316 15100 22842 16888 17481 12111 12282 3124 20104 11445 18668 19614 8706 14998
27766 23707 8537 27592 879 19395 22753 24077 13800 9160 6920 16729 13708 17257 11836 8362 21117 7172 15215 203 21643 24054 10000 22464 22939 10506
16739 13446 17713 30178 6120 17980 17277 21426 17567 1272 6149 15425 7512 18726 12355 8468 16410 11248 13764 12091 23834 11014 11587 18777 0 11969
21741 10853 14563 15347 16503 12491 13687 12822 21273 11388 14381 21546 9974 22239 14036 13024 27747 13088 17522 19009 27349 28567 17553 14260 1638 33873
22735 22376 14305 26594 10956 16087 11723 20410 19870 15101 32799 18018 14150 21179 6161 7176 21616 16290 15759 12496 26868 14338 13946 16308 10239 12574
13761 7766 18250 13957 8931 13357 14986 18461 21798 16225 8456 9187 10316 21659 19163 12134 20747 11809 8637 14132 24211 2191 6896 20703 6299 11546
14722 8083 16102 20732 5558 12383 23951 11271 20671 9121 20173 19093 8684 19800 6479 11755 18984 17606 9912 18757 13820 10840 18761 16213 0 15811
8870 11655 7729 20029 0 13157 17869 17121 24156 961 18123 25809 9400 21308 7934 11398 20079 14262 19024 0 25743 21606 14882 23792 24927 12890
19003 11380 8033 26851 16277 17748 17857 16030 23440 19606 10276 14120 19385 22037 16574 11148 17389 13854 18968 16740 16573 5640 15842 20859 12232 4300
12911 13918 7192 14805 12841 21902 27845 31582 19182 10268 12305 22449 6579 15045 7754 11997 11479 7001 20448 9870 19049 15303 10008 18960 8651 18206
27061 20070 19671 21856 5591 23595 19103 13680 19671 8014 10983 27286 7845 19840 14565 11898 16724 22636 15628 3167 20258 6901 15145 14805 16128 16725
20067 18462 10902 15235 17537 15660 15652 16986 17012 5876 22100 29728 14084 21386 7807 13136 17884 9352 13431 12274 20254 10538 15875 19229 0 15443
24209 23684 0 12665 0 23996 20627 23155 22399 15840 4551 4352 12842 19547 2739 15554 21562 10757 23727 17580 22038 8988 12161 21822 15681 17988
4601 16822 10005 15475 8372 17640 17168 17324 19335 15928 16032 17838 8850 18899 9084 13626 19359 10742 10849 23880 18410 555 11937 11390 20249 20531
19125 21385 9228 17438 10643 20360 14338 25330 17992 5793 17077 14332 13319 17097 6879 10421 16700 9438 27181 5804 17296 15886 8915 26728 13994 5728
27397 16426 5088 27857 14537 19700 20735 20517 25331 12308 17437 15783 12718 17016 15899 10949 16956 14956 16256 0 18669 15486 16017 15262 8880 8718
16001 10957 11494 22267 9189 21523 18366 17439 19440 12779 12037 20543 10447 17886 9035 13205 19983 882 14412 7373 17295 8480 11901 19348 1624 13775
11932 22575 17572 30369 10727 14933 21088 18051 20535 8790 30914 20846 13340 14002 9761 14759 13805 11985 22699 1131 22333 19495 7841 23937 4486 12443
21401 19624 14012 24236 8899 21870 15487 20577 21009 6746 16016 16707 5947 15042 14766 12014 25140 9374 20392 6254 26552 14359 12895 15465 20865 6955
30546 9937 12210 24849 10239 22417 18141 18403 25460 13441 15475 12851 6370 16257 24987 8701 20922 14117 18001 12496 24451 21684 18955 11072 3374 18957
14955 8130 2052 29005 10507 18060 17215 20494 17750 13394 21996 14959 4591 17308 20850 9303 21244 18997 13470 10220 26775 14918 15982 16675 24320 9664
10075 19415 9828 15299 0 17115 14263 19369 21907 8756 32391 24829 11518 19098 9569 17346 15101 17461 7849 15345 19714 0 11971 13364 10241 15659
12126 23759 10278 19292 14253 9881 21120 14353 23283 6978 10588 14583 7396 19112 16796 11417 15097 10897 19939 5292 18662 9542 12158 18075 10388 15142
13889 9487 5255 21539 3422 15021 17162 20723 20680 10019 15689 15600 13836 20466 7630 7161 24493 3764 29834 10040 13633 12324 13805 22005 16210 23629
18489 8679 13310 18440 5546 24408 11911 17146 22849 0 27270 18956 13597 16694 20925 16165 15112 17820 24750 0 20648 13339 13802 16705 26124 9766
12476 14353 16919 33209 911 17355 14145 22213 18011 9135 10094 20643 15275 16243 10646 8187 12867 15496 18306 21701 23336 10404 6876 13045 0 11056
18769 18091 11494 27189 12112 25159 12565 24395 17290 5838 20621 18936 14288 22424 12963 8676 19109 6144 22511 22634 22029 18778 16700 13409 0 16613
17963 3488 12494 17896 6166 17080 13421 21404 21915 16258 5862 17957 7543 17687 17805 13826 16716 1374 28072 12767 17911 29595 11285 17513 16547 14808
13348 10027 15299 24484 6265 18726 13918 19863 26100 9652 11934 25185 3844 17604 5917 13941 15272 0 14162 11586 20831 6920 20683 22594 6438 8382
17130 16080 18246 17833 22340 21908 15625 8359 18335 12811 10972 14347 15692 18843 9654 7993 21173 16287 16995 4859 24542 11939 19910 21704 5816 7301
20803 17625 14105 11605 13989 19123 23234 24517 20026 11385 28442 11075 11151 19899 2835 9490 18743 0 21509 17512 21865 9590 13119 16751 13088 20735
17137 11253 18011 19458 1898 21248 19429 17321 22334 14546 11475 19521 14409 19526 19899 4867 16928 12273 10892 7622 16630 10213 13386 17078 9347 11825
13546 14291 20924 17118 2339 25551 18956 22459 19903 1306 19701 10831 14756 21421 20157 12931 21727 19529 15411 6084 12876 19507 16222 14544 8083 11893
5779 9040 17326 14016 1791 9610 15270 22255 18636 14381 6394 20675 18909 21180 3070 6449 14186 4069 17691 7326 17627 18714 9860 23370 11537 14368
6689 20611 16131 9986 3871 17225 18978 20608 17759 8400 21884 17187 13611 20486 9175 16631 27413 7380 13987 5304 18083 18811 11686 30268 27822 8648
26786 18569 7389 24016 11127 25181 10502 18646 21447 15576 26236 4946 8452 18012 17308 9992 13938 10246 20358 31891 20811 31501 15159 20692 3427 18160
16420 14982 21246 19751 11791 12897 22762 10303 18177 2446 23546 28230 8863 17521 9926 14382 18430 10257 11855 19551 24798 18070 10982 14405 5595 16341
16125 8291 8692 17263 0 11329 12634 14751 20550 834 20820 23838 12817 16995 21172 8016 16853 15129 13630 18613 30167 17457 14887 14362 10393 11838
5471 10703 14216 11950 18034 11486 22837 20022 20983 13895 28939 24086 10718 18477 3942 14557 17354 6097 16514 15357 23627 36245 13449 18463 0 21878
19123 11561 18666 15483 13401 17014 12190 18210 19303 13393 25140 10186 5739 14323 8876 9709 15883 12947 20207 4572 14478 8855 11998 15637 15719 7073
22171 12845 10078 23120 10472 23343 13346 14449 21012 0 19468 23483 12526 17465 16283 10247 19134 14616 11080 24326 25998 11923 17127 22070 10949 21079
25466 386 12740 29072 8288 16533 16927 16315 19818 24144 20728 9629 6160 21499 2428 12201 11948 11275 16916 15649 18304 21864 9817 20543 4490 14885
1223 16168 14086 21264 3672 15638 12633 24768 16343 9263 10755 25319 9538 17110 14337 13005 17129 10397 17371 14606 20669 6658 14619 16859 12740 15006
15376 28458 14933 14787 1829 23507 15986 21328 20480 6223 14530 15779 11663 20352 7407 11384 23259 7201 16585 11055 27464 17910 13201 14041 1934 19850
26320 19196 687 21393 8313 17656 9291 20537 26211 9108 21705 13174 9137 18597 8382 13362 9976 9571 10610 5629 19576 24160 16369 20612 24367 11660
13619 17187 7731 30587 9372 18046 14334 21413 20404 25637 11037 23400 8766 19788 9692 12309 14051 2159 16394 15506 15306 11266 10359 25863 17586 4572
23874 18215 11231 13917 11916 22985 16753 23611 17497 3836 19352 17760 8084 18747 13582 10868 17449 10715 16379 21211 23776 24879 13740 13590 9935 8308
15066 25436 17419 15649 6266 18881 10994 11896 19546 17897 20066 20670 12806 19226 0 13613 16360 670 8800 17279 20905 6346 18472 21699 12353 18186
23800 18646 9728 18613 5624 19312 10455 17366 25487 15804 9310 18175 11392 13595 15131 13606 18544 15669 21784 10588 23543 14304 11358 13586 15002 14246
2028 11405 17514 13040 20662 20813 15265 16819 23898 14807 14943 22778 12229 19825 13360 10463 19256 13968 11426 9780 22774 20424 20727 11501 13418 18735
11136 17861 13667 23869 12542 11530 20732 20167 21425 16792 7684 5387 7672 19973 12104 6840 19848 13877 14917 14474 17017 5676 8959 16906 20102 11102
18066 20546 18464 22264 13831 22038 19862 18182 19042 9329 6653 20507 8628 18291 16837 10505 14671 4342 26649 4440 19054 26881 11029 16002 5744 13282
21647 19325 16237 16598 10951 18167 20069 13694 24508 4280 22811 22661 16356 21358 4467 11932 16899 6835 10191 6762 17427 17316 11556 20011 20827 16509
18672 22824 10236 26789 7553 12886 16474 19030 15598 9259 13702 27820 2923 23784 3491 13806 14880 11687 18071 8910 15927 12898 11913 14273 9459 5456
8346 18548 14933 19193 2966 19123 16837 20722 18150 16377 18552 10801 10285 21079 0 6583 13382 15968 12827 20363 18629 26107 16658 18857 22797 10146
13265 8078 14692 29304 9960 16951 18137 13702 20845 4622 21156 12779 11512 15201 23366 14697 12569 12979 22726 5853 22635 19452 10706 21883 18817 9392
21276 21518 1614 19743 2549 16710 14228 14379 20490 12620 8710 19127 1440 17293 0 6405 19192 15643 22242 19862 14499 5687 6911 17837 17610 19177
11309 17632 15448 21551 7522 19000 12610 24866 17731 12182 10387 13622 7845 23520 2783 12770 21856 14880 17459 17194 13080 21151 18637 25176 3130 11289
6099 25077 14253 14317 16420 15478 17895 28169 13412 7270 20059 22486 9802 18000 10523 11662 24002 7670 13551 5406 22413 11417 15519 21214 16755 12708
10463 22277 10215 30208 14738 21489 16717 20813 19395 7734 11252 20541 10666 18054 7710 12174 20567 20100 10095 12573 13748 22828 12742 17492 8146 13163
9070 14148 7246 16160 7394 21406 15078 12996 16424 11998 18871 27585 9656 13377 15906 10190 22430 15156 20380 10239 21417 2761 15309 26403 1363 21101
7187 0 9414 18719 8636 19978 11096 20691 14219 15857 25503 19701 4163 17545 4380 12455 17189 17859 17235 6349 20275 19065 14802 20690 0 13892
14380 6350 1875 15690 6947 23730 21717 15302 17166 3355 14604 21533 13765 19225 14841 10274 19352 10785 17050 16857 15433 14314 11169 13994 25980 18275
18629 17728 2993 17751 17559 17910 20094 33733 15330 10546 9604 26036 8635 16542 10573 11803 21689 11411 24159 10205 18000 8688 13661 12166 20596 21269
16651 6116 9145 19909 12088 23170 16026 27295 15780 9028 23366 10708 19603 20951 11789 13868 14302 8538 14985 12960 27626 23716 12262 26404 26009 11088
11039 18769 0 24969 18285 18127 17323 23496 22393 9246 15528 22989 17471 20725 18661 12865 16806 2958 17500 7413 13892 17925 14802 19492 17168 28756
16720 27659 13802 12742 3523 23016 18563 16556 18837 13538 16773 23778 7869 19674 18381 13711 21364 8485 18047 11138 9005 14491 14060 23222 9397 13146
20139 3827 7365 8813 5896 21804 15783 20475 14098 5004 25570 10020 10364 21165 10526 10272 15861 13827 18068 17755 17265 4616 12285 19104 22608 14490
9445 16542 11462 23419 12168 11017 14130 21851 17125 0 7419 23745 10769 18897 16001 16586 23932 0 24151 0 24857 12738 9537 13576 13335 12685
7818 13093 3184 19808 8469 21445 12092 15798 17147 11246 16712 18478 2544 18891 3750 7293 15924 1634 15562 16839 18425 10130 8475 15691 11163 4119
20228 23427 13016 19329 12895 20549 14940 24024 13549 15316 24784 15690 9264 18976 16425 11078 25040 15495 16630 11030 17852 12901 12184 22723 1183 13693
20710 5998 15669 33867 4523 13764 24508 17956 22424 23350 10552 7437 10360 19212 12044 8905 18340 6505 10715 8601 20831 10049 20810 21727 22533 16947
7294 18407 7951 17037 6714 18586 19537 17373 21177 10154 26217 27472 4897 16775 12046 12993 20284 16758 18940 7003 13584 21159 14623 13819 16868 18151
26248 21470 14070 17741 12362 14617 21254 19363 21824 11992 12167 16439 9192 19720 17441 10590 29056 11630 15827 6464 27873 14548 9545 19321 23967 13767
27772 8483 15800 17260 11857 11829 15049 22672 19072 7277 16265 23166 8762 17537 10399 8301 16668 14232 17245 9621 20646 17557 21724 21311 12973 2587
22411 9688 16800 20180 11249 25399 13321 14534 24775 6267 20543 16916 11628 20087 19724 11269 22246 15847 15380 9170 9136 18843 10185 13520 8017 15512
14375 7526 20680 18933 1567 22735 12405 28334 21998 15678 17752 19696 10699 17485 11314 6295 19236 1083 17303 10153 17583 5930 15345 15719 5091 9646
5961 11237 6200 11732 2038 16274 19396 16732 21411 6178 15498 24143 10351 21034 4157 16699 24743 7493 6704 9240 20235 7405 17726 23812 23414 10630
7226 14542 8475 21253 9421 16380 22901 16819 20631 11622 23688 26410 5568 16368 9757 15083 12282 4094 18347 26434 25732 5742 10767 20020 15374 9007
27575 24068 3388 13668 7064 9790 19487 19658 24122 13210 8416 18746 15253 18500 17591 10739 20377 16431 18705 10317 21404 21692 14471 17255 16983 13620
30123 9459 1339 8800 16381 11686 8788 17575 15910 6191 20841 19341 2219 19167 10570 7604 22433 12308 14144 13438 23678 5612 15408 13290 13572 16409
16150 7438 8378 10633 14867 16160 16965 19213 15072 9952 16648 8186 12451 18647 8330 11277 17185 9795 15457 11838 15740 31107 13013 18488 3606 15734
21076 21028 7554 11274 2835 22453 15168 15010 19449 12889 23492 17760 8242 17441 11527 15459 16142 5315 16946 13979 12185 24512 11751 14250 19831 11849
17531 20510 16852 18081 1537 9101 19472 24379 19821 6498 14708 12926 10436 21019 14582 10025 17037 19183 14330 16113 16881 8782 14020 16347 22265 24270
16338 16852 17052 13771 10713 22910 19807 16814 22957 7888 20949 20411 11664 20792 9408 8624 18123 9409 14393 4586 22000 12481 12526 15136 12169 18246
11915 3995 16277 8358 5611 22271 10893 10472 15088 7351 16585 20394 6762 18306 15142 11270 20097 7147 16767 7027 17933 21184 7792 20050 6725 7849
13835 12728 13844 19654 7142 18125 17305 15307 18463 21635 3635 22455 9317 21572 7849 9137 24867 15432 17146 20834 26379 18167 10232 16723 10629 20501
30134 22210 10511 25051 8770 22400 17481 20134 22003 9472 12285 19543 9624 13031 13999 10902 19712 7044 20597 11892 18341 10190 15966 16427 14939 27202
10393 371 11833 15527 20892 16605 20533 22111 22650 2198 9217 27544 15947 13181 7153 10318 27694 0 23365 13792 14541 9811 4584 22483 1487 13901
19478 26608 9202 19020 17891 17784 14307 16728 21888 16277 19845 18354 10774 21865 7069 8707 14390 13882 21636 12580 24306 15859 21486 24000 5938 12763
19320 8196 14966 18966 12958 15461 16265 16999 22822 17592 16624 16032 11513 20455 22480 8836 21615 183 17290 0 18536 2961 11489 22615 5228 8992
20565 19789 11230 17939 12698 11128 16340 24758 21726 17242 17207 16124 9439 19690 6580 16743 19679 8961 15534 5383 15898 30790 14906 16941 15959 7428
13706 8387 16269 17800 20338 22695 23802 22597 19376 10966 28548 18836 11413 19202 5719 14364 16855 7554 22652 0 20324 9272 10736 18462 10867 0
14630 13460 14075 16029 10422 14809 17832 22325 16244 19997 20819 29419 8795 25686 28371 12068 22771 12156 13876 11319 13238 15276 15546 17271 0 13022
8434 14107 11894 26515 10628 23443 15143 17233 18262 8745 13672 25272 14118 19354 11535 13151 14579 16633 10768 11642 19525 30106 16032 20074 6865 20012
6207 6815 9768 20421 20278 25081 16424 13756 18453 0 27267 14594 11143 15274 19379 13703 23222 6438 18392 9149 15305 7096 10546 18892 14231 11415
16054 4627 16823 11297 9084 13570 16840 12671 21591 10748 16005 14723 9139 15539 9136 14140 17843 6138 22590 12178 19677 15396 15419 17599 8573 8757
23095 22682 14171 19459 11413 14650 11953 19454 21943 14701 12360 22644 14578 20885 14782 12725 16863 18720 11171 1285 16700 13549 10824 20347 9921 17148
19314 22982 9974 22572 0 18673 16195 14632 19012 11971 17806 18817 15348 15895 21019 10446 20749 8268 22759 9643 23301 14789 16581 22370 0 11670
26785 17756 7392 20097 11647 15640 17109 25445 19890 9090 8758 25802 7838 17598 18913 9045 14391 7298 19664 13709 16652 20276 16325 24383 12216 21393
8702 3866 12919 15641 13484 16395 18591 20766 23921 2780 18481 22858 13315 19100 13495 11521 22733 8170 10811 14173 21905 11352 18123 17207 6831 13241
26561 7597 14379 12683 11559 21966 12937 23518 18948 12326 24526 19830 5232 15556 6877 12432 19495 7174 18481 20676 21464 16257 9729 18080 1876 17109
15736 23639 10983 19695 7653 14245 25654 14383 13491 0 16089 16093 13662 21307 16762 10347 17682 12569 22798 5478 6279 10332 20684 19184 9561 10747
25773 16232 15050 16045 13658 18347 17586 15286 23299 11815 4350 26457 5877 18824 15740 10110 21133 11260 15893 19329 23422 3840 15324 21203 9637 21231
21387 20160 13012 17488 4423 10375 10252 21180 21499 3727 23327 18490 11343 25073 10154 11730 17909 9449 21450 19757 20608 13199 8201 18576 9372 0
21464 15780 6852 11092 7444 24891 13871 21404 20387 4279 13824 18874 12811 20714 3313 7226 13513 5301 13138 9257 25877 0 10519 16415 24033 17372
9844 15221 14572 21211 12367 20793 21939 22164 16350 18858 31834 15656 15385 22810 12403 8670 27128 17137 16182 18457 24168 12690 17889 25446 11872 10538
3091 13748 16308 15284 3075 19733 14355 20186 21164 2551 19539 8554 10641 16706 9818 10819 23316 9238 20430 20472 18338 5271 9219 14061 0 8415
13477 7872 8354 19986 7336 19908 12391 17663 24161 9108 12197 14375 13631 17681 16642 11135 19941 12833 17636 10283 17305 16542 15326 17902 409 7265
10384 17041 6646 9107 3989 21651 19404 18205 20810 14610 16660 19952 5843 24952 15612 13296 20542 14820 16615 0 16655 26613 11997 17227 0 0
16506 16700 6438 22272 16741 24913 20845 29842 22264 4915 0 20464 4893 17363 3579 11560 21109 16051 25483 23136 18374 6089 18277 18649 13494 20657
25947 18831 15604 17066 2236 20456 16191 21334 19619 5993 12666 12691 14112 23569 8063 11190 14252 6100 22161 12874 19523 18342 13964 11874 12859 7704
20870 16815 13701 9634 9328 21472 23656 26979 23386 5345 20568 18749 7119 18575 704 9951 16060 12430 15981 16593 14555 23085 17355 13087 7081 7640
25830 15451 9456 23120 6251 23110 19871 15850 20986 18578 11178 20301 6046 18939 10794 8040 19918 11963 19756 0 17533 21731 14256 17756 7264 10133
8752 17054 9960 14949 9887 20104 23645 10626 22867 9079 14153 17170 1550 15609 8867 14192 13953 8040 14838 17659 21797 18874 11988 15800 12244 19879
19881 12889 12777 16484 8886 15610 14929 24195 16474 573 13527 15117 7561 19511 5913 9187 17439 5731 14278 13791 18771 15834 15420 23388 11158 17264
19313 12548 7349 18138 11716 15312 14541 12383 22035 11934 5699 18779 11774 22798 5815 9401 15815 18349 17452 12364 23588 8228 13376 18717 2778 18579
19643 8534 12672 16563 1429 16999 21135 20365 19945 3965 19781 25289 7563 14156 9565 15376 18604 9388 17663 5985 18204 15256 11073 23463 1292 17217
10641 20491 9175 31184 20818 18503 18832 17910 20946 6450 13657 15250 8553 16793 10336 9133 25133 8972 21694 15364 25607 358 13185 28878 16120 11160
16434 25999 7778 25735 10665 14192 18673 25407 23442 14148 19688 21939 9085 16387 10765 12720 19389 12139 12774 15761 21335 13918 6852 21169 7147 8416
24964 11866 8010 17251 15939 17544 17371 26125 21352 11194 12009 15857 10863 20227 1489 9353 15425 11608 21693 11704 19525 11746 13803 23170 22012 17483
14296 5222 17382 12899 20209 23618 15856 21834 16136 0 16185 17091 15492 17012 11823 10283 24931 9920 22664 15103 19326 38126 10123 21446 5314 0
16573 15511 15937 19422 2697 25766 14353 19678 17238 9793 7595 27945 11809 18718 11114 12582 14176 10529 21918 8450 17925 22828 15639 16385 6524 8956
12035 15719 3699 15648 11503 19348 20661 19754 21859 7792 20764 12858 13439 17579 16076 7117 19950 19595 10792 12238 17344 25455 9552 13367 882 7647
11319 431 15755 19740 20694 14740 19184 20736 20781 10543 13998 20626 14606 20323 13658 12881 18803 15605 17845 8644 16804 13883 12071 22241 0 5105
24736 19572 19477 10827 13972 8004 11722 26233 18184 3666 14466 21850 6202 18503 2176 9213 19641 10359 23564 11158 20434 11575 16810 23775 0 11123
17222 20918 3174 17952 9958 21134 15981 21015 16680 16523 12957 18932 12588 16879 3251 8405 18787 13380 20765 14352 22321 33867 17047 18189 15312 9621
12448 14969 13998 21015 15211 18238 17205 17517 15557 11422 26525 23291 13246 18617 21158 10874 19935 9984 28109 5824 18386 17417 14815 15513 20360 12523
20453 29594 4389 26187 3943 21611 16778 21376 18459 9235 19782 12006 8142 17006 1713 15397 19257 0 9289 11797 21302 32681 5501 19627 0 7902
28196 17528 8628 15852 13575 17288 14287 17629 21421 7001 2489 15908 2278 14644 3855 11655 17952 0 10445 15648 23418 6448 14142 17344 16513 16345
16007 15350 15514 24640 0 25730 19083 15129 18265 14620 22814 29115 2835 15536 4729 13613 18022 16592 10662 16330 11575 16190 11645 18215 19555 12718
4634 11970 12296 13885 7836 20132 6335 23223 21563 0 34130 11075 12294 19042 7414 12660 19073 3653 19040 397 23420 15073 19189 11289 15217 16728
26221 9219 14684 23593 11368 15624 19370 18780 23280 8950 24974 22129 7414 17811 15119 9175 22354 9155 18908 8784 13541 11031 14889 22155 6131 11939
19876 17575 5261 12890 16834 14818 13547 15696 15305 10131 14110 13978 11723 21381 19273 9715 17188 8684 11062 15288 23738 9591 12643 9770 17523 13093
14841 23776 4885 17802 19726 8105 15269 7111 23598 10414 12528 19042 7262 15520 19904 14328 22108 9088 21576 11388 23976 6250 14395 23931 21045 14229
13509 16710 14458 13522 10511 15071 20185 19134 21405 4016 14753 13081 17153 18786 11769 6708 16830 9903 9699 19434 22594 30681 14002 19048 14188 14086
29720 13570 15299 28675 15395 20903 9088 14858 18319 12354 11755 13372 7143 20551 13771 7190 16697 14072 10188 13920 15307 18266 11672 18369 11152 18504
7113 20846 10316 18025 15508 16126 18981 17256 21805 74 10262 15991 8190 19688 9835 10910 12159 14970 18131 4421 18462 14199 10343 20160 0 18642
4172 20806 13015 20524 11714 15263 19580 19538 21767 13966 15092 17012 14476 20741 11809 13087 21712 7448 19762 5329 21453 13367 7293 23894 18635 11536
13180 17903 10536 16075 15854 21811 18073 22399 17510 7718 19160 22863 8885 14359 16350 10292 16005 4706 15691 11653 28115 7340 19654 13895 8140 18811
12870 9677 12235 29333 25420 20413 14007 24176 13652 6608 27749 21860 9045 20883 7031 7911 23254 5902 12715 6219 22814 5968 10690 17687 4969 22798
21586 11429 16372 14359 7273 13160 18456 16520 20709 5228 8858 20157 16635 18500 0 11959 16040 11904 16311 1457 9979 19647 14388 17277 17910 22873
15201 20930 12835 22072 0 29139 13354 20309 22484 6789 6707 24457 13154 21499 15419 13896 19112 13537 30310 14676 19783 12892 14159 14260 0 9119
9303 17971 23342 18790 9462 29746 21069 26680 24645 14905 27086 15927 1564 17838 10752 3282 20102 15394 18571 10006 18112 9587 14694 24469 15767 13175
0 8348 11758 18222 6641 13135 12959 17117 23668 7277 6034 25783 7408 20186 5964 13444 22757 12911 21972 7775 22948 19384 15472 19803 6748 15187
25385 1042 20349 18200 18077 20747 19667 23708 15581 1394 9585 17272 7832 20207 8710 7446 27759 12735 11383 29783 16000 7911 15951 16694 0 20268
28065 14458 14629 14469 11402 23221 19599 20705 19793 20307 14161 13718 11702 21650 16429 12139 15330 20116 13966 11232 18524 14141 13803 13597 9530 28633
22181 21092 10929 29677 11077 17475 23164 12881 18229 20290 25908 29825 8211 17317 20235 10506 19865 6537 14895 7698 23207 16843 12465 23285 1312 21571
30637 8477 10065 20156 11158 17437 12096 15076 22604 11008 20876 13135 11551 14003 13839 11775 23250 8179 20765 15312 22536 6400 10887 13487 12524 7501
4874 19866 20728 24977 2432 23219 17381 15294 20719 1232 13252 19239 6927 14289 8238 10129 16552 11580 24051 8809 15824 21007 17199 18197 15641 14463
30804 18322 1095 13175 13855 18225 14239 22438 19653 0 14071 16290 7295 17203 14787 13701 15808 5591 16667 9782 22518 9193 9008 13456 16861 11659
28311 5109 13333 23017 17094 25314 16542 15251 20091 16486 29946 24692 14613 18387 20180 12600 16600 12487 7020 15328 20090 12114 13204 22343 4069 7120
15022 6029 11632 16345 7885 14369 16128 20225 21265 6203 22735 25076 10112 18467 9333 13608 15881 22434 12409 16991 17900 6255 13612 8551 8721 11803
3215 10140 17950 26049 4805 26501 13445 15198 23607 883 28727 21852 15300 19691 7275 9210 16043 6083 19963 19223 21134 17861 15438 10525 3746 11307
19407 15535 4130 28899 13963 16877 17495 10519 20762 15152 20460 7741 9854 15003 6893 13464 19980 4322 17188 5889 19883 16132 17136 21465 10603 19870
11938 14946 11269 22632 17187 19206 16645 21776 23266 9274 24577 16302 10819 22446 18770 8071 21676 5679 15996 20522 23369 17754 8936 19144 16161 18405
26071 19891 13486 26010 6970 26674 14749 13875 18237 18373 18716 27958 13449 17415 15698 7885 20190 10570 13008 14815 15578 19367 22450 22464 22329 20860
15678 13344 11252 21190 9107 20952 21668 24283 16198 11934 19935 18329 8038 20950 10040 15337 18118 20084 9190 17707 14152 19791 17756 19345 17818 9010
13527 29098 10688 9511 4291 24165 10585 26852 22290 2777 8113 15252 8539 15690 21710 15202 20098 12567 6193 17027 17277 23023 14739 20896 9668 5318
22977 13389 16734 13604 16687 19169 15244 18537 17788 5882 7062 16465 20961 19208 10141 10963 18903 13600 20522 3062 25741 8719 15608 23619 15725 11301
28845 10220 13439 16505 5521 19845 14317 15568 21270 13332 16654 18253 12107 20922 12212 9075 26753 7363 13973 18451 21323 11928 17056 24276 9896 14379
15353 15591 7632 18451 16575 20417 12545 34629 20347 9120 17464 14808 7499 17807 12551 14744 22455 12584 28024 14058 17302 17219 8007 22311 8011 22004
35099 16520 13585 21514 8634 20556 15359 14631 16815 5261 28139 13501 4946 18990 18651 9520 15166 5948 15637 9530 10359 3330 11720 24575 11036 19485
22279 27708 22875 11162 12650 10407 15667 24625 18288 5411 20659 30527 10940 20004 9811 7180 15791 12556 15250 14406 23170 10723 16008 11488 13602 18502
32730 13471 13747 21917 6743 19922 16844 20424 22452 5131 19806 25525 13642 16039 3210 10207 13596 11984 18229 15047 22209 12756 18297 9495 14353 2986
7930 10803 13277 13041 15018 22088 13548 11576 18574 8165 19013 18322 10096 17667 9214 14486 13342 13025 16313 6904 20323 8247 10202 18094 9758 10425
8813 17620 18072 18749 8068 15477 16842 23667 21874 0 13160 17538 12206 18999 5420 12407 22608 7299 15804 14977 25925 14590 12304 18863 0 17591
20410 6993 3571 18172 20442 17627 15519 29918 20985 12218 21907 26530 10816 20387 1931 13693 17748 1706 5141 16538 18690 8147 14079 5629 0 12347
15434 13538 5789 19318 9511 19005 16386 12084 20426 11836 20575 21156 10172 19687 3615 11939 21495 8387 17152 5157 11784 9756 19442 20911 6338 14865
29089 19904 13932 20894 17629 26866 7578 21305 18707 6574 10202 11311 7916 14683 22579 12233 19245 4846 17938 4881 23421 17130 8260 15417 18952 8462
35769 14131 18382 14969 5014 21056 12626 28297 25105 4325 14268 18557 12666 18054 13821 9065 17354 5494 13957 17503 23402 11788 13170 11374 3141 9968
22618 19903 14213 18183 5519 19834 12174 21853 22707 5232 8421 23478 5704 22182 21265 11507 24323 8078 14415 19918 24927 12510 12648 19695 6051 20807
10101 12540 16826 26307 11030 24347 20597 20672 19597 1633 16560 16818 5846 18033 4623 4991 20763 8355 23654 12715 24320 12300 15623 18451 8534 18371
18620 8927 4499 19036 17968 19822 21368 16858 19300 8679 7702 31400 6376 18667 5740 9596 19605 19396 20452 15413 17245 8677 19852 16240 5042 18338
6967 17111 7760 21321 13601 22634 18411 31425 20905 1750 12993 27082 10271 20059 5533 10253 13790 13706 16309 4682 18722 16029 15094 10933 13247 14846
27029 13436 12660 19708 10301 17093 12682 20832 20305 4535 13803 25975 11024 17507 3390 14133 15341 13277 11599 21796 14952 17247 11863 11576 3101 17669
9678 13560 14554 20270 10247 16481 13132 19700 22720 5317 28707 28234 8538 19425 15450 10485 13248 9233 12044 6395 15996 6341 11935 14700 17683 17886
21452 18034 8310 17563 7953 10447 20702 24703 30255 13161 22953 26918 11460 19356 2492 13724 19988 7059 15159 12109 25232 9714 13409 16909 0 5889
9313 14625 7759 27442 17558 19511 21963 16360 19244 10884 13150 28298 12132 17230 8057 14276 15637 10466 15160 6159 23302 19779 16127 17652 20708 11022
24682 18878 20046 7103 3226 16867 14514 25475 17070 11392 35523 22940 14810 17660 7236 8355 14533 13633 24240 17253 17690 24037 7726 25835 0 6030
13510 11079 16036 16596 13101 12100 17808 22612 18091 11414 5275 15382 13663 18942 17191 7785 19485 4047 24168 2373 17279 16729 16615 12978 19912 15606
8879 12127 17852 20465 13073 16988 19962 13964 21538 19069 6187 20914 11762 15508 3454 11275 20530 13407 18030 10613 22209 28108 14819 19115 10362 13033
6965 21594 8295 14502 8714 16356 21594 14537 24303 12549 8657 14412 7641 17878 20546 8820 16411 10502 8584 15628 23928 25008 11778 17858 14366 10729
27140 6574 12477 5913 22019 23129 9884 14822 15039 24303 28018 13286 11413 18455 16996 11591 20965 14979 18702 9816 24505 17092 8819 23471 5047 9353
15831 17261 18489 20209 10152 19616 15392 20250 19948 450 32823 22628 7698 20072 8007 12061 16531 12718 27471 20576 22560 13174 12224 17802 39744 4878
1487 17253 9151 19599 16193 16233 19080 24704 17510 4202 5275 13783 13549 17994 8831 10587 18686 14431 16841 10889 22833 0 13189 20183 3810 14826
13546 12401 12969 10457 12429 22302 18597 11493 19738 14420 32506 23262 7775 22985 7528 15904 18696 6301 20264 11618 18520 33098 11230 18733 9329 8389
16723 19261 13140 22282 21990 17585 14565 26234 21815 14202 37494 16148 8430 20643 13051 11605 18129 16821 4501 15386 10924 8495 17609 17467 7314 6603
11305 9133 11622 18069 20896 17851 9825 9961 18353 3584 17322 15621 11125 15801 14218 9346 17612 9962 20009 9037 16033 19087 12241 16827 5683 13062
23242 11705 11091 26555 10309 13033 17637 27905 19944 21994 6465 15746 6376 18569 17859 10209 14524 18392 13321 0 15138 11394 11353 22551 20497 12840
3463 24663 15890 15411 8559 24069 20036 20226 16116 12653 17971 25947 11282 15591 6587 11999 13925 1047 15518 11183 16394 12668 11995 16121 24077 13978
19138 6495 16151 13968 13326 16744 20766 16324 26713 5417 6477 21429 16852 18471 16984 10381 10085 11056 16460 10250 11787 13809 13782 14477 10547 14438
17082 15260 13323 21652 18689 18133 11717 25098 22305 8595 26179 25840 12488 16234 16244 15442 19047 8753 25668 18576 21402 17199 10608 12098 6206 18948
15841 12249 10831 19977 9149 17494 14196 16665 19848 5003 13200 19370 5387 18198 19951 7765 16667 6927 20191 16080 15885 14891 12250 24874 15634 0
12387 12720 8235 25727 13917 9331 16769 19181 17156 17531 12156 12499 12397 18973 2434 7568 20282 17692 13938 16991 21890 28584 11089 25507 3669 15612
16468 3219 11722 22206 23424 18214 17487 21288 20345 13899 15440 17883 10963 22454 5019 7734 17305 13789 20417 12670 20517 12179 15107 24439 13236 14547
0 32853 11282 24539 10563 19606 17705 10995 12127 16025 11939 19690 14402 15914 17455 10285 17368 17690 23847 16312 21117 13692 10836 17717 16525 21063
15227 15190 6924 8738 14208 21793 21319 22401 22627 22721 14827 21013 12629 21203 23024 10924 17352 15552 16137 9158 18557 19433 6701 22455 7347 14688
23269 12676 10874 29231 4371 20853 17929 12984 20427 4214 21175 9581 9229 18624 0 15135 8760 6387 11422 3778 19413 5961 15191 20130 15027 9938
15261 1871 8858 34124 8200 25450 16516 23899 18605 3049 8805 7690 11866 18963 17018 5881 20514 11304 18753 18905 14299 25713 16843 1784 9360 12533
15595 20529 10481 18266 17424 17001 19612 14566 20328 10687 3970 27217 12606 15596 18827 11638 16580 17187 13040 1717 19768 10252 12456 22070 12973 10176
12373 15723 17926 16198 17990 19933 19163 17290 24155 8627 10436 26710 10604 18957 9759 10613 22493 19328 18305 10991 14164 10964 7198 26251 5437 12337
28248 0 17829 23735 0 23224 15295 28556 21629 24868 22040 15233 9017 19991 13696 9738 15829 8776 12168 8496 16752 25280 16593 22211 17236 16796
23960 6124 14121 28566 8125 13294 13333 20655 21191 10768 24275 16685 8045 19000 24661 11697 24196 15256 12433 7519 23744 20370 15127 9498 25391 12071
17299 18309 13307 18542 7143 17444 11813 23393 16207 8996 32786 20924 1582 20819 8766 9474 18516 8792 14381 15758 19001 9658 14710 17724 24598 5587
22275 4077 13460 19687 12717 20060 14356 22462 24597 3777 13912 21413 9916 20502 8296 13695 17605 4734 15450 12570 17665 31917 10756 17796 0 13332
18402 7700 12034 29644 9393 30397 15648 19110 14708 6412 17802 15988 10397 22732 8317 11723 17750 8066 23185 16503 10539 16629 9211 24152 27415 11054
20583 9534 11136 15750 11415 10976 16524 20365 18750 2960 11964 20947 13609 16985 23775 9474 22277 17869 16905 20863 19595 18821 17865 16462 14615 18313
18492 24377 19638 24437 14972 22336 22755 22707 18382 92 19170 22104 11054 14220 8935 9245 16242 955 18991 17658 23970 18253 10143 16558 0 12645
16878 18304 6222 13823 18408 24444 14253 16990 20603 6025 22353 21609 6504 20317 10880 11558 21352 12084 16232 13197 18083 331 18024 28606 19753 17148
18556 5216 12329 10761 6819 14822 11707 24905 21849 3304 24768 26763 8821 17618 3358 9865 18560 2062 21726 4189 22525 5960 15828 23041 0 23557
13844 26293 12991 16563 14674 20639 13926 21963 18521 10238 11873 23488 14744 14819 10282 8622 13840 18104 18916 0 19850 17159 16682 14002 12486 9851
19149 16040 9855 19460 8381 21657 14953 20027 20877 5832 12987 18696 11919 20987 16314 11089 18465 11517 12432 7088 15613 24961 15679 15006 22554 21775
12405 14120 9789 20473 11071 13582 18207 15717 18322 7883 17761 10915 14076 14547 19610 12223 25483 5248 16810 18834 15492 27663 9545 20771 13344 7708
17181 983 3952 23835 11586 26134 25573 22143 19486 3971 19255 13252 16183 13569 15155 14218 18942 18902 7264 23530 22830 10658 11538 23002 11958 16366
9066 12024 7358 14843 13010 11182 8929 22984 18771 14644 4911 25421 8676 19880 5888 14001 17004 18939 11500 18919 19971 9998 12204 14310 10678 16051
18888 14348 6852 24689 16430 15295 23365 16176 19450 18875 15037 17474 7178 15805 10175 8726 16006 3100 16869 18014 15660 0 17569 19499 1979 10511
18385 9327 7889 23362 7066 17762 18300 20595 14255 7513 23085 18612 9986 17263 2391 10872 13892 299 9398 7834 15627 9785 13991 19449 0 20138
23019 15792 16302 22731 7463 18517 16614 25415 15924 0 15295 26782 7227 17776 938 6681 14248 13121 18889 4324 25036 25405 13229 16971 3115 12303
13434 11063 16589 14382 4535 11512 11163 17821 22854 14091 13660 19785 16748 18314 20955 6267 17712 11612 12918 7376 27275 28802 8989 14597 2425 11560
16463 26801 12444 24353 10568 16688 15406 19139 20877 8407 16422 20364 12174 18840 11868 11997 10134 12092 6146 11877 18478 16227 14585 10983 18540 9683
18744 6859 14018 30386 8352 25414 12753 17379 23738 7289 16545 20097 11246 20561 3154 8941 23689 18474 15264 8182 22208 15987 17330 19717 13032 16232
6675 18093 16086 15899 19478 24773 15133 16042 24255 10071 19064 23776 5820 15018 5947 7767 17711 0 19876 11991 8858 23333 14836 21192 13499 9887
15655 5991 13539 25585 8338 20185 22233 23626 14502 16066 25896 12896 8258 17893 721 7265 16209 0 13699 6154 23286 8530 14777 18490 15035 15486
27524 16923 4941 19453 10998 24760 18742 18257 17639 23131 17667 19688 5846 18554 12528 11571 17190 13312 20540 13732 17994 9295 14063 12648 13246 8251
11217 22034 5941 18866 15652 17699 10382 20175 20419 15998 20988 24471 11972 20172 9738 17933 19913 0 18823 18686 19710 18341 14690 17324 10169 13582
16218 8785 16714 24114 4942 17732 22349 17891 16192 7377 8221 17656 13861 22950 7046 9779 12693 0 20581 6963 21656 17406 15793 21332 3849 9854
22778 15917 13589 29715 11270 25952 15014 14809 19424 13514 17244 21528 8048 19705 19397 12938 14989 11895 15019 9875 16647 2425 11161 19344 30041 14863
16314 25078 21202 22965 2348 22377 16229 25823 15016 3651 14945 22006 11447 17377 7903 11243 20620 20634 12195 12613 19595 16631 13135 18850 12686 15853
28744 14132 11560 24114 8526 21289 20082 18540 16940 303 13630 19455 9337 20004 18031 8436 22361 25487 16490 15364 15859 22620 12445 17428 17599 13719
26958 17135 9458 26113 11099 19365 8022 14388 19209 2916 9751 27993 7938 20374 7962 6168 14003 12703 11012 4178 27693 15901 15319 13226 10436 2082
20092 19121 5966 19860 8140 27083 15040 24050 23174 251 20612 36390 5332 21628 7730 9148 15521 11563 5468 5515 13586 9573 12434 18229 12578 8173
16002 22024 14120 20906 10375 21550 19717 18099 27054 20933 20117 21609 15219 15616 15895 13636 11610 8243 15554 4636 21038 16043 14201 19822 9754 14523
22631 0 16338 9133 3622 27034 16371 20946 21649 4447 4344 27866 4140 21057 20868 10677 9099 11960 17963 7085 20593 13634 13120 11017 15716 16187
18310 12609 7427 9854 6915 19929 18609 28941 18869 0 17002 25537 12611 13928 9270 11666 16743 17753 20404 17900 15201 17079 16039 27152 6636 11375
20825 19242 0 24671 13562 24392 16160 24373 22150 8629 25337 22198 14963 20648 11650 10021 18260 4061 8471 10171 27552 9956 11535 23679 10248 11104
20136 13389 10555 14296 3574 18215 21899 19379 18247 9948 9211 22771 9715 20605 18493 13384 22191 22593 28649 17196 21131 6491 15267 14310 72 10243
12744 8528 10817 19842 4663 14716 22968 17133 22457 6945 20452 26868 10306 17136 12137 9732 18672 11897 15916 0 26025 19518 13326 20465 15231 10657
16333 18206 14607 21752 7252 13172 16652 17824 25399 7100 21845 25711 8697 20151 17182 8534 21056 13432 10044 11383 27953 12428 19952 26968 7088 9510
15087 14434 6867 18948 15327 19762 19542 22238 17670 7564 23186 18492 15931 16889 941 8131 9147 6690 7024 13317 26160 9051 14056 17144 3736 18721
24555 13167 16214 19049 20525 28629 23033 23434 19070 13050 20202 18395 16497 18569 13851 14386 18772 11861 20791 15133 13457 8008 14246 12467 9640 5931
17735 9448 8649 8848 22854 9196 10892 20245 20431 12624 4059 28092 2281 21284 8913 15679 23155 10768 20931 5391 14234 15698 10797 24314 6393 1919
35185 5015 8644 22438 12136 24788 17436 17972 25096 0 26656 15805 11113 19061 11069 8831 14609 15203 15039 684 26746 20556 13871 14921 10700 15009
24421 25677 4434 21570 23524 14083 15247 22508 20989 923 6434 20910 10799 23901 16420 15580 19046 11830 34736 5096 12958 10385 16666 18777 17409 22624
15707 18249 17549 21804 4388 16980 11329 11274 13460 8484 13674 23949 13388 19627 15250 12092 25855 6779 15280 7045 20060 10964 16545 7560 0 18022
19181 20833 15082 18609 10370 19558 15866 28425 24078 2395 15569 14360 3157 18428 8265 11615 15775 12274 16718 17698 11173 1269 6813 20191 28430 9369
5776 668 14103 29210 6357 21737 21414 24956 21722 0 13060 20970 10063 16746 2327 16048 19607 15007 9745 19776 17017 1774 12480 20718 19100 13372
22050 18346 12652 32116 14073 11846 17690 14409 19604 4961 21285 24921 11024 17610 5405 5694 13477 10127 14608 16374 22162 13192 9355 16098 10717 12161
27600 13279 7550 28501 827 15994 21096 11856 21630 17401 12858 23363 14470 17021 20790 11019 19215 19759 23289 8898 22819 6816 9774 14298 19333 13192
13004 12175 9990 18080 5401 15392 19685 17578 16859 3702 10038 13952 9470 20498 18121 13919 19646 14008 27133 14934 18923 8636 9482 24206 3169 9056
14658 12814 15386 17127 5841 15070 12018 15444 19657 16469 16598 19189 9926 14285 0 12593 22385 9120 6045 11866 20005 4883 16688 13486 15052 5358
7565 13608 10106 24709 21132 23138 9597 21478 21879 4538 25113 20580 12758 18263 14907 16094 22614 17193 16174 11524 11319 11980 13261 24699 2460 15052
22948 13021 8009 20032 1893 14059 14181 16214 19315 16338 12157 23564 12724 15503 7127 7120 20651 7789 20000 4667 19513 8052 15529 23106 14451 17766
8335 7412 6063 28135 0 16845 19797 19935 21452 0 16480 23876 16179 20345 20930 12740 18584 9511 14128 15967 12649 18045 14286 14491 2358 10987
9233 10937 8711 17791 24877 18106 21749 13452 18395 5466 18683 19239 10472 17750 15300 10938 20492 14374 10221 1558 21182 13812 13457 19135 0 10862
24099 19538 21332 10461 16230 20370 22402 28467 20430 7722 17981 14037 3264 20975 9707 10960 19062 1090 30068 15578 19433 13407 13328 21960 5327 9485
19786 7265 8751 15214 7835 20959 13782 22394 17254 6213 19619 10886 10415 17990 7594 9391 16795 12910 14717 7973 24250 14912 12925 16537 0 13747
633 15360 15200 26037 8848 24458 25588 16131 24108 15362 11896 18986 7805 21338 12516 8671 19618 8788 21805 10703 22037 4249 13764 20187 0 23766
30874 18913 10894 18307 11740 14946 10667 30381 24236 5816 9563 19777 10633 14743 5748 12514 21081 0 23316 12898 24242 11290 16937 14171 12988 5681
15403 16932 7121 21976 16385 21128 20513 19423 14795 9132 9313 18770 11634 16255 10673 6002 12747 17018 16989 23663 12492 3321 18203 17068 1757 16866
10523 8549 13409 16033 4510 28520 18203 13243 21128 16252 38138 20130 11527 21260 18275 16354 18805 10051 17646 22216 22426 7539 13025 20258 4500 5289
4636 8581 13423 23719 12331 18137 12411 22534 19108 7839 21676 20983 11307 21752 0 10562 19028 9496 16980 11626 16912 14918 13071 18143 21197 4243
15597 7300 2713 25913 14540 21233 18926 22952 17104 7010 14838 23948 12258 23733 10171 10957 19345 16790 22345 13437 27990 10481 15769 24634 185 12260
21697 18323 4153 18719 7626 15062 15884 23114 17540 6709 10365 18117 5351 17986 9401 8501 11674 9601 18537 1686 18249 21947 6857 23724 12096 12184
20907 21424 14486 21667 0 12191 14816 17085 14837 1281 7851 18600 8232 16841 11573 14885 4266 12173 21808 16126 14766 19187 12039 16934 6942 8223
19352 9070 16119 20438 15796 16723 16697 22446 19639 9941 37636 17714 8946 19486 7243 4529 21857 23015 19699 1974 17125 14981 14530 19790 9027 17592
3467 16442 14209 29038 21504 22318 13028 26967 19477 13608 15459 16348 6842 17968 15808 8704 20975 10174 18618 2841 26199 11293 13978 19460 12473 13664
24160 14775 17024 20508 3883 29266 13310 11146 23513 4096 11870 16701 11980 20746 13296 9050 23630 10014 7621 15115 18604 13521 10798 17771 10474 12594
25519 12471 10947 20893 9110 24982 10992 18483 20642 0 2894 13836 9769 19692 10530 10388 20539 7326 20715 6745 23817 17418 14412 13164 22050 16807
5694 18869 12218 15941 7002 22968 19549 25491 15872 6494 16830 13110 17208 21026 9736 16815 17614 8407 17583 19539 17356 10622 13957 18630 14847 13902
6971 15283 13063 29464 9066 21150 17481 24101 16432 13827 11622 17271 13891 18361 3078 11492 22278 10493 22272 30041 15081 14839 12251 14371 6150 19001
13398 19316 10330 13832 14976 21857 20774 28848 21208 15449 28933 19558 3297 17641 8711 9975 19930 18520 19552 17515 15315 7266 19184 16827 16673 16372
12901 16186 1169 9458 5876 22651 16793 17171 24804 0 23333 25734 9799 18123 0 11055 19370 13199 20558 6175 17301 15358 11753 12732 5058 4333
15178 16857 15980 35505 10989 20791 21033 17154 20791 22692 6022 33384 12118 15706 11815 10227 25800 12676 19990 17219 24570 3170 12752 18991 19704 12234
13978 15254 12562 20039 8994 20134 18197 20883 23559 8348 6450 20369 11603 21310 5214 10034 22542 6837 17028 3934 10320 15877 12799 18229 11689 15141
20183 11832 11560 16141 7868 18521 17025 15003 23409 10481 12799 23543 4378 17601 8154 10817 11727 5497 25803 17013 22496 16511 14351 13646 7456 17717
14941 24263 7086 13307 11366 19580 21644 21569 23806 6147 20054 24398 14718 20645 8630 20673 17063 18782 12975 10731 22710 12010 13107 19625 5541 5877
18017 22924 9972 10663 3050 28935 12154 20224 24931 18893 29459 13779 17999 16932 10083 6975 12021 8647 18260 19387 19899 28938 10184 18570 8499 8664
19959 13963 14902 25699 328 20488 18702 14599 24000 7922 9205 23573 14010 16698 14244 9390 17805 11779 22506 616 19502 6131 17540 18543 0 9171
11923 7540 12465 23047 10245 19020 13225 21077 20258 10897 16887 21650 9854 20496 8808 7346 13185 16312 22051 17877 19681 11789 13238 17556 8724 4812
6641 0 9737 18455 9259 9226 20885 17890 19679 9154 12603 19832 18917 24815 2582 10590 13610 5767 21562 13028 21121 31073 14238 18894 7290 20225
15248 37 11441 20438 3997 17498 18679 21323 19005 16339 20799 20600 6578 18775 20097 12589 22352 7678 26319 13131 23565 15390 10589 13948 2122 13875
20573 13540 14081 20079 8764 16537 14036 22907 19709 0 17386 16893 929 19250 0 9356 25356 6977 15272 0 19278 21862 10142 20574 0 13416
24855 12627 1371 20254 28753 20294 22791 10648 15332 14579 21026 17690 14349 14767 12415 9979 25859 14914 16664 15641 23276 15116 17201 21164 35579 6217
17264 5457 16477 17548 8313 17341 10564 28365 14643 6097 16098 26351 9573 21035 4682 8604 14515 14563 23035 8747 18466 11406 9162 16846 22492 23500
16139 13833 13426 25347 16009 19171 14894 21848 18651 15633 8738 11553 8397 22863 7849 13331 15223 11921 19017 10135 15204 10317 12109 17070 0 16467
9859 21440 17231 25409 0 12878 15525 30442 23185 14865 16910 17005 10146 23306 14469 11932 19316 854 12584 7109 22210 11054 10518 12574 15874 19456
20455 0 23054 13068 7781 16943 17995 10811 17356 19237 13225 24058 8183 16307 10214 10590 16304 12855 21517 13790 18838 15930 12575 11688 12501 15213
8089 14545 23451 19210 11128 18542 13934 12239 24018 21917 23046 9555 13935 17920 15002 14111 9379 11817 25780 5358 17496 9450 10501 14951 7638 10543
12568 20418 10766 20988 8165 24516 16782 26376 19815 3879 10174 17754 8880 17988 13454 12293 10068 6480 26997 8082 25509 29195 18588 17850 10431 19377
22733 13783 17751 29894 2694 15597 16912 9910 24131 9040 8679 26071 5233 20779 13230 7890 12621 4409 17156 25208 17825 25770 15690 15912 6671 17802
22487 17240 12484 18795 4095 26124 21851 23815 21666 12157 6598 23020 7565 19955 6581 12089 16087 16971 12279 7149 21364 10214 11443 34325 0 2546
15760 15478 12551 16367 770 12575 18332 24166 21470 12778 17908 14119 9557 15279 12840 14092 24891 12418 12818 611 20870 18956 14944 20370 19550 6323
13245 1738 5970 21433 7666 20293 17923 28632 25982 10603 18590 26463 14109 18487 15889 10744 16263 5558 11328 8836 19965 17446 16321 11223 4331 12031
22271 12521 9478 15323 299 17802 20176 13999 20375 18098 18976 3686 13582 19445 16244 12350 18042 13752 17463 3768 24480 27076 10098 10576 5389 12478
16557 15440 18725 21889 1358 19408 15816 13394 24034 6781 9748 17237 12924 19261 534 14860 20023 10850 23546 4655 11590 6511 13596 17922 19572 15075
7760 21724 14661 27119 15278 18277 10585 13718 20448 16733 12073 14577 7394 12481 18819 12511 13162 9378 22173 0 24806 5624 15312 23149 19133 14505
14672 15817 12957 23359 22208 10308 20944 13804 22000 8291 13701 10260 10484 23417 9717 13188 19773 9892 14776 19293 15306 11566 9436 16779 10152 15297
17318 13149 22419 22357 14488 23721 14681 18481 22382 10439 24332 13603 16557 19741 13287 8157 16148 17420 10948 6988 14158 12888 13602 19706 13359 14703
14340 18609 15304 12596 0 16807 19894 20772 27580 13093 22148 20965 14140 16802 22950 12056 19478 14946 10220 7561 22364 15458 13450 13745 3203 10519
8805 6157 17619 31934 14005 23623 16615 23813 19964 4915 36460 18542 9569 20037 10406 15753 14773 12471 12411 7391 16823 18658 13759 16490 455 16005
20059 22313 8837 22104 14913 23406 10211 24423 13826 0 16036 19392 15888 20759 12585 9292 19340 12642 20526 11100 18909 17222 12423 20203 0 16538
13106 18874 16042 22838 3586 25130 16265 19453 18932 7760 15293 31905 12567 17290 14546 12134 18386 6519 21576 22960 18851 21120 10479 19081 0 15607
12986 12056 11968 22131 14809 24939 18504 17410 17340 6871 10005 20709 13886 19021 9849 7581 15077 457 16920 10281 21156 7366 11446 22596 10730 11075
12560 21982 13803 12996 20027 9366 12745 28269 23433 2634 14121 22186 13542 15008 9405 13495 32003 8299 13684 13171 18705 19472 16357 22366 11276 6628
21674 15919 16737 27038 11749 22403 10582 18061 23731 14196 20488 10593 10945 19211 8431 8338 20091 4264 11812 9221 17678 2459 13484 23843 18073 0
22718 8999 7860 23285 16995 23587 16525 18355 18436 18542 5616 20139 12832 19004 13807 13138 10637 13335 18869 6130 20631 20914 20902 15567 13194 8964
9643 16727 10856 11542 7761 27255 17479 27478 22186 13286 18383 24764 11584 9334 5744 12356 19239 12398 18141 4420 23757 18059 15024 24533 8839 18112
18684 21528 12575 24602 2366 16507 18216 16783 24939 10612 13951 14327 8427 19836 10229 8088 17012 12687 20055 17964 12818 15375 9495 19171 0 19543
19364 17785 12259 15762 11712 10514 17665 11189 17746 25539 20535 13096 6629 18050 19665 14148 18396 1343 13678 8103 14042 18538 10213 19373 0 16532
