365
10 4 35 7 22 89 55 70 62 18 44 44 13 9 30 71 73 26 96 18 96 12 49 88 41 3
20868 15414 20957 2291 23583 0 14589 13850 22096 16352 15438 12821 10289 16227 18198 14329 5350 17304 14770 3027 14233 8089 17501 24153 21287 4657
14379 15781 19991 3445 22716 13743 17692 6298 9597 12729 10276 18587 5669 20130 14560 5089 15443 16248 14912 25899 10112 18082 19850 16449 20307 9607
12287 12585 31110 17598 15003 9677 22501 17041 17182 14605 15470 14539 12932 22645 15982 18126 9322 19426 12938 12303 16603 15970 20384 12199 21341 22745
19792 13803 12836 12368 17209 25232 20351 10237 13699 10025 16760 18603 11175 12734 24137 17302 8745 16606 14089 8992 16430 22637 15631 26016 25286 11132
22493 10373 20012 15472 16491 14419 20115 23552 16589 15385 14355 17138 10600 15983 6520 12990 11219 17898 6211 3899 16359 33215 22743 3815 22584 14940
16024 15140 11448 9116 22597 9539 17613 21045 22386 7987 7019 4782 12958 10634 13471 16676 22527 18362 10363 17316 18868 14166 18806 18617 16067 1148
15602 17240 6598 10263 18073 14393 14583 15877 17848 18223 13787 8753 10731 5906 11449 17190 21350 18488 11279 14228 17671 19410 20427 494 22831 19047
21344 14564 31592 10320 26790 11967 21530 7842 12921 8935 13217 18714 8859 24210 11709 14625 0 17700 12606 6065 14001 25480 20017 27129 12659 14896
19861 21879 6232 7579 20658 24960 20490 11266 17071 9849 20492 16742 14324 27559 14935 0 17924 18453 14440 21797 17576 17162 14564 12271 10896 22173
13566 15966 36589 9573 12802 12043 22246 6998 18579 750 12827 17850 11975 11686 16108 17687 22127 18560 13450 19382 15696 10102 20006 20375 12149 15392
18228 10611 19820 9266 17696 10397 15816 4017 26582 22319 8233 0 3729 19101 22958 7277 15208 17592 7512 8128 15056 21382 19687 20962 24218 7287
19862 15712 20352 9606 18436 12898 14019 13220 14932 21012 15372 16258 11715 10616 12102 2488 14666 15418 9456 21343 13544 17100 15464 16413 17441 15439
19242 11439 23420 12039 21395 4172 14279 13462 10148 16389 4442 12433 10054 29967 5020 17129 2946 15449 12923 12340 18732 21093 19172 11733 19970 17805
25677 17622 16498 8769 19346 23700 13946 14008 15171 10344 9086 16227 10264 5993 21236 25652 17056 11717 11891 25167 19138 30257 14486 11478 15225 26830
20598 16114 19227 10619 22430 9272 18844 20993 23543 12672 12973 14672 10674 15327 19069 17500 15018 17405 7774 14844 13481 13019 20865 13406 17039 16564
30105 17685 28110 11764 18035 21475 18864 12373 10196 12695 13215 18714 11841 14960 22892 16998 12467 23801 11773 13836 14140 24850 19643 19939 21218 14831
12510 16153 20873 15983 19174 11583 17452 3020 13081 3366 19462 13300 14302 9679 20208 14913 10327 14527 12596 21332 14521 12975 18863 23124 13514 30564
19151 14933 24501 11667 20205 14662 15703 7971 11727 12418 13628 15930 16696 7454 11590 6711 17933 15774 11441 14809 19712 19613 20151 20711 19087 15348
23168 15460 20609 6468 17650 11403 16667 7908 20161 8695 10093 13096 14206 26751 11230 9690 23609 13259 10406 16141 11642 15910 18106 25474 20069 16229
25908 16177 13457 10945 21830 19506 17344 9653 10249 4722 7364 24072 8157 24900 12102 21635 21284 15833 10270 18579 18523 15909 16160 12222 20225 18633
21020 20324 39399 9455 20762 5947 16647 19109 14845 11154 15922 7584 14347 17471 21364 17793 3548 11155 14954 20049 18381 6297 14305 8265 20101 6349
25959 18350 30514 17148 18876 10667 17218 0 21517 16512 13647 20192 9872 15426 15578 30489 17929 14324 12262 22831 17934 19499 21233 19828 9799 13363
20934 15746 19373 15078 18978 9738 19221 17170 15840 3123 8158 22754 11049 25275 20446 15979 18583 15226 13020 13373 16756 15765 24437 12444 11559 24531
19751 24308 18363 6938 19455 18683 17923 17748 18648 23915 8692 6943 8607 15041 28551 8769 14033 18133 12365 8017 20565 18006 18714 15517 13783 16311
26080 6442 25173 7208 17738 15210 17146 4978 32653 11052 11871 7537 8204 22408 11682 20958 4297 16054 14142 14906 17895 27013 19383 15016 15749 16285
17925 19869 22504 12660 17884 5406 15560 7741 20142 20748 14674 12476 12721 19952 16873 0 29135 13577 11347 15381 13743 14763 16670 29129 22955 14328
19097 10379 21401 5911 19414 19794 16657 11215 23720 15064 12494 14212 11717 8922 8609 11898 4979 15162 14877 15167 14344 19176 20432 11775 13278 20554
14926 13098 26314 9594 20629 5206 14397 7629 20002 22714 12332 13220 14462 21768 10035 12097 19261 19795 12800 21907 18601 25708 21519 15145 15774 11127
19204 17026 7047 10398 16594 7425 17490 4446 23316 9070 9978 17763 14140 28642 10553 20350 13555 12173 11950 10572 14660 22824 18040 19692 18511 13641
21775 17436 23929 8377 14833 9877 18633 17696 23940 10494 6301 8911 12466 14419 22618 18848 4118 19914 11002 10593 20111 23448 19919 15922 11976 9751
20813 14377 11193 6640 16483 4926 12282 7392 10273 532 13689 23074 8109 17170 18011 10096 4556 13745 12114 9428 11317 22498 16694 14281 16314 18949
23028 14358 20856 7112 20915 5722 17273 22070 14911 5702 12089 16289 17133 24664 15543 6937 26360 14890 13614 15850 11306 7981 18329 9589 14783 19094
17644 11679 16832 15469 24554 14505 15305 25711 22695 24160 10078 18623 2505 24373 16178 5534 16070 18783 9512 12661 18057 14826 20624 24116 11963 16799
28264 15306 20581 12155 20054 20792 23154 12978 16778 12045 15640 16029 10214 9504 6366 10911 9975 13424 15716 18312 11987 23970 13891 15841 6417 9919
20270 15455 28165 10945 20909 8673 19988 4429 17883 4847 9773 11237 17110 20523 19602 18894 16402 19926 12359 9814 17759 14109 20817 17893 19069 19340
16500 14068 25172 10806 23354 22147 18420 14653 5444 19745 12466 13080 11011 16528 8506 16952 19361 14756 12206 16384 15521 17776 18943 5761 25374 18842
24376 11797 19158 15559 21449 18774 22852 11607 12024 21244 15210 17902 16708 7788 19178 11530 18160 18171 10975 12229 18003 11062 23125 16072 18315 12649
26277 16733 20960 14715 17812 123 17397 21523 22253 12953 19212 13253 13592 21773 14205 15915 4819 18267 15828 19239 15334 15762 18728 20997 21567 13817
13325 15497 14894 15549 20795 5130 16095 14792 14735 9124 12387 2971 10575 21239 14061 13788 16754 22486 17234 24205 14686 18148 19782 10898 11909 16645
27135 12090 17107 12678 18279 329 16628 13548 14246 604 11844 17068 9633 22493 24671 0 10133 17606 10241 18596 16003 23107 20523 12737 20248 9697
20087 15875 25908 13292 16777 10592 15523 3023 15080 16761 9285 19353 8277 22911 18537 17885 2469 16462 14044 7234 16634 20392 19931 27083 17707 18399
7268 15370 8870 13950 21640 16788 15457 14746 20103 9039 10281 8193 11295 19227 9943 14062 20756 17229 14963 9677 8642 18320 22553 4412 18329 17717
25392 16259 19965 2376 21725 14773 18438 21508 4120 5230 12363 15720 9701 20232 32760 6999 10455 17300 17151 16182 16287 24003 20141 13490 23044 15773
22639 17144 7194 12857 17937 13288 20758 16531 18519 14418 6963 15923 12983 22387 20234 5610 13669 12290 14292 2105 18245 20126 16930 11543 15864 12776
19954 19432 31166 10859 21081 0 20412 14404 25184 6994 15242 16455 13074 22857 27963 10427 13910 15197 14174 20225 16953 20061 16758 23420 17930 9487
9872 16448 14118 15462 20871 5767 19381 17376 8789 3313 18495 17682 16286 18209 18616 0 10436 16045 14607 18817 19760 23714 14215 17527 15489 20861
22808 12466 12467 9863 16853 2323 13639 5070 8748 13654 13846 11237 11355 25275 19231 0 12320 17295 14170 14742 16766 6545 25928 13616 16501 17784
13758 15534 26229 8878 23066 10088 18293 2376 20261 9641 9905 17183 14706 4583 24017 1221 14685 13804 13866 14872 20569 16623 15213 19420 18766 16097
12703 11474 37852 7445 19025 0 14316 18542 5187 8354 2443 10027 12309 10792 10097 1413 0 16795 15061 19267 14398 19232 21682 20827 8631 18352
18873 21423 10109 8398 17099 4944 18560 21797 6088 9023 9881 13613 7793 25098 19358 21842 0 15055 10701 18546 13960 17247 18806 14992 21585 23246
25167 14792 21704 14072 23529 10226 19144 14875 24886 14911 19361 14046 9664 0 27470 7059 20018 13358 15709 19758 20973 18328 19077 6858 14987 9342
11416 8698 19707 10652 16638 27400 15972 8001 9567 12035 15162 12712 13996 18450 16146 17913 23788 23359 16844 21018 14816 23307 12460 13153 15168 15877
15373 17771 11855 15136 21363 14142 16880 8917 20367 22526 14748 22717 20602 10222 10133 19369 13507 14321 8501 6499 19271 18512 19458 4451 11508 17545
10501 17218 28925 12768 21298 2578 14216 17581 5690 9083 17101 5239 15519 11046 15445 16268 18974 20360 14892 12707 18695 12111 17935 16144 25525 10897
19297 15933 27045 10670 20960 11795 20996 6338 0 11129 7684 9559 13646 25885 19090 6763 0 18741 12950 5972 10901 25975 20800 2346 23497 5517
15793 16124 8416 15943 18999 22130 18086 7522 16469 12779 14719 16407 11575 10471 8488 3367 10991 20155 12506 9241 15692 30460 19634 26010 15086 20300
17524 13603 18532 14959 21624 9625 14295 4823 17472 11317 10645 26309 13173 11698 9480 3086 15793 13241 11567 17363 15613 15892 16759 26051 12801 11976
19463 14781 21302 13374 18999 15216 18379 17404 18458 22693 17009 13092 9846 20271 27284 1885 17469 11640 14741 12433 15023 8011 17372 14860 20874 15978
22232 14549 17200 15856 21476 13354 15398 17660 23132 14177 9054 13077 11859 21686 4953 2710 23335 17293 16103 21391 11346 27959 12124 9017 21630 16639
18751 16030 13954 13143 19076 14813 15229 18309 12791 4407 14427 12472 10318 37115 15724 16002 918 16775 10442 9520 18552 15890 17735 16249 20436 19333
19555 13580 24569 5521 19370 20949 18604 8356 22933 12541 12104 29502 14968 23868 14761 15933 8971 13530 13212 13118 17590 27191 25096 17700 25499 11185
21706 28177 10710 11681 19978 7468 21110 11047 3078 6426 7369 17308 4816 11238 13572 10997 0 18723 11227 12949 15857 20066 17045 6086 13661 17448
15231 12433 18062 6804 16758 0 18555 10542 16086 10441 12799 25588 10237 22612 15901 17319 9782 15029 11665 11351 16297 20899 22546 28610 22455 3773
23669 16337 29423 8810 15088 10985 15864 10369 20699 17767 14663 10744 8416 22984 13095 9239 13690 14146 11843 20713 9998 18577 15732 10369 18627 18253
20695 18454 11893 8532 18233 19840 18414 19325 19588 9167 12451 21704 18029 16658 10580 9285 0 16730 14715 15317 16136 21117 15269 28888 11106 12790
16677 11847 24192 11254 19569 10389 21019 21506 19677 6234 11543 21198 15230 23629 37789 14540 1575 12220 9896 18224 18404 15204 16686 14685 17652 18164
16066 13672 29080 10411 20055 12611 18489 8728 30162 8038 15348 22949 18070 21547 11954 14356 19529 20990 12119 17494 18857 13232 17252 21744 13118 11827
21998 15091 16643 16606 19161 2405 12067 18128 11252 12081 12874 18642 13400 12931 6723 1232 24956 13325 15191 19868 18175 20633 18040 22980 11358 20840
24886 15242 19865 11347 19475 2095 16859 16726 18810 8970 6915 15373 11772 14515 22361 10825 17033 12676 13309 13373 18815 14559 14931 15989 18017 18788
27638 13099 28850 15040 19211 9709 18040 18630 15319 10990 7682 17009 12987 13830 17216 4893 13684 15230 11697 22284 16348 9182 15991 21828 24755 22510
21464 18816 37390 10356 24714 5583 12274 4763 30220 7660 12346 17192 9191 9963 16951 7025 18402 14613 13249 14831 14990 18015 23564 19633 9600 11774
20428 4165 31721 7750 16750 0 13956 12005 31301 13722 10722 6333 15715 17734 11417 9496 18906 11034 8759 520 17064 23319 16608 19892 6285 10463
22545 14338 5749 9972 20297 24595 15439 13252 18621 5609 11780 15774 10996 31429 13373 24161 5378 12522 6606 11889 13057 13863 24698 15170 21264 19807
16457 11919 26935 11661 22130 6201 22330 7763 13809 2538 14482 3706 10876 8833 14853 3751 10788 15150 8423 17755 8356 17058 15469 3416 17766 15906
26660 16610 19301 14625 18614 8520 15855 3547 21162 9931 18757 10122 7375 13501 13487 17314 11261 15248 14745 19840 17535 24084 16762 14799 20258 15971
15348 17866 21929 13378 22556 13490 16497 6889 16846 6308 7479 18706 12583 20004 8443 14925 21192 18188 12981 21168 16983 19351 13761 24533 13470 18392
12441 20192 8388 10849 21378 8660 15068 18670 27399 5649 13322 22067 12135 10591 21779 7409 17836 14892 11870 10367 17132 9612 13792 16725 16681 19140
26472 10484 14606 9761 22739 3854 17001 15564 17021 12000 6778 13916 15397 11272 16293 2638 15130 21398 18955 12553 20387 30222 22469 27637 25105 8484
17072 17037 24994 10900 21513 16599 17994 15477 13554 13263 14266 19739 9805 27400 27054 3358 0 15252 13707 19521 16255 11999 19568 21542 9559 16582
13288 18162 29526 8829 17261 9534 16987 13133 13195 16512 11707 25622 9032 17845 20539 9688 21968 23217 13684 14099 15833 14825 16081 10002 17550 14762
19392 9277 11653 11533 14099 14065 20142 9765 15171 23261 10514 17709 8646 7441 20122 11136 8781 20683 15189 3918 11896 11172 20715 12810 3702 22330
21162 18558 13512 1998 19312 10709 21770 15641 9115 11114 9605 19411 9800 25342 18701 17156 9162 13510 12938 15862 13849 22469 12537 16725 13920 12061
8474 16876 20902 14847 20715 2843 21543 17894 14478 8542 11496 24905 12216 17576 22817 8336 3521 17111 11412 5249 12688 18113 19522 16949 19494 9252
15044 17662 27820 11897 22734 10505 20949 13183 15853 14085 9833 24630 11909 18016 13677 6866 17746 19430 13693 22716 16170 14436 14767 28687 23591 22326
23554 17427 29221 13598 22865 22214 14013 14060 22506 11856 11078 17880 9542 26046 25927 17846 9012 15285 8077 10320 15023 18190 18004 7136 21233 20222
17185 13434 20826 8496 16640 26974 16018 9429 20696 11664 7430 11853 5581 29600 32384 17213 21922 17904 12704 9521 22893 22572 12674 8413 11611 12742
23874 17077 27056 10009 25078 13971 15731 21750 6474 14077 17464 12094 12461 17686 23874 5798 20596 15248 16902 12495 17359 19177 15813 11701 15287 27533
30416 17199 20955 8210 18374 20920 16284 15228 28772 10628 10726 19067 16851 33326 12191 14945 4622 17340 14849 19268 15931 22799 18468 16248 19006 15356
24434 19579 9767 11630 21079 18560 15841 9816 15479 18070 10166 3883 12289 29170 10905 29019 7960 17542 12539 15703 13162 8642 17586 21189 16805 24343
23607 19808 11265 13855 18952 28496 20488 15475 18305 10850 11376 19740 10409 24826 14447 10564 14216 14288 12293 5177 16953 22670 15573 25580 17888 11584
14191 10986 22929 9585 18454 8975 21147 11513 18665 9674 15747 20946 9197 13499 15903 11328 13279 16409 11101 12561 14214 23166 17688 12166 7612 17088
14668 14461 28960 11149 21003 12013 14555 8401 2598 10050 16685 7927 10616 18145 15760 8600 17949 10515 8472 19060 14773 13490 18607 13129 16007 23749
17619 16318 23178 10822 16071 15398 15858 12181 10241 17042 12721 13443 14728 18079 19295 22389 17741 15783 11728 18752 20419 31823 20136 15824 26220 5687
30107 16458 26614 13312 22271 6684 22249 19535 14645 3479 19346 10210 10343 13586 23974 13106 31055 13733 11942 7116 14173 15552 23724 14882 24243 23249
20108 12614 22432 8496 19116 25122 17007 10172 17879 8289 14523 14254 15533 0 14420 18762 11348 17235 13080 24381 13708 20386 21700 8855 8041 12860
22438 17093 16531 2668 18198 13268 16320 9207 33513 18648 19882 17506 12213 22689 13698 3922 13760 17016 9797 18099 12965 11543 15662 14672 16264 17593
15044 18857 20478 13863 19266 20020 18791 15622 30198 18711 15071 11570 15648 18088 25129 13234 16940 20426 13748 8970 18235 10066 21544 11956 16692 11976
19972 17735 30651 3426 20081 5493 19037 14182 5565 15333 14872 21577 9473 24214 16758 8065 7904 14242 15768 8319 13742 17516 18752 10391 8004 24638
21280 10989 25664 8248 22841 8728 18760 2460 16650 16522 15092 8916 10042 21656 17719 16983 19139 11297 10645 15244 18588 23367 21002 18820 10137 16173
17877 14780 25669 13770 19646 4572 15120 10673 28753 2236 17586 12596 13901 20650 28328 9723 25257 19556 9603 17048 13270 15463 17108 8452 13099 11341
22410 15333 21730 10531 17619 15157 14073 15924 18562 13123 19983 13899 14305 24906 18568 6589 8833 11189 18733 20388 14291 28945 13573 15993 12445 9042
9793 14742 29681 13754 23460 4575 20325 3243 20042 7011 10147 1866 10804 14412 31939 14744 9079 16719 12986 6686 14820 16482 18013 10299 28565 12824
16371 14326 17422 15809 20420 19418 19231 16753 21472 12153 16344 12662 15481 17021 16569 20726 17795 9592 14845 14262 18575 25279 24566 30253 16199 14779
20140 16391 28092 19960 25154 17362 20121 7934 20796 11986 15479 19447 14706 28272 12920 8160 11698 12216 9090 11010 20034 11582 20841 16336 14497 13326
15955 20562 12716 8010 23020 14756 15602 19126 23264 12568 13628 15338 7267 12034 16018 24106 9450 15427 9247 20029 18135 21735 18730 14902 15321 20791
16855 17564 16011 11536 21072 6106 12583 17602 6402 6708 9905 20761 15510 26228 19267 7627 0 17154 11063 15571 14773 23398 17798 14544 12257 15946
17395 22312 24800 5703 17007 12494 13675 6006 9578 10770 14747 10039 8373 24663 30313 16198 9714 22049 13180 10399 13636 20108 16797 12545 17740 14706
24590 13397 12633 11635 21101 0 20166 15057 13091 11706 15780 13700 10485 30423 20951 12379 30077 18948 11549 13685 10149 20058 16887 18877 18650 13997
14443 17652 32404 13594 18880 3280 17046 4739 8157 20272 14506 12779 15501 19987 23248 9005 17148 16163 9564 18266 13652 25510 13165 18532 20001 9442
20292 14199 21625 15900 23989 17591 16511 25089 14689 18959 13165 10559 10437 4231 17243 7065 11931 13572 13683 6730 19538 19672 17314 11228 15299 21421
14158 18751 9569 16192 21287 7186 20635 10045 20987 8026 11032 25031 7742 23804 19521 15857 0 16707 10150 10833 16107 17521 21194 14854 12712 23072
13838 15951 19432 12655 19239 9651 19809 14556 14632 5450 15818 18866 9488 11005 0 1761 7640 19007 11654 23059 14231 11470 18035 12441 7204 10236
24540 17786 20887 16155 22316 13132 18029 16733 27191 6835 7134 11579 16939 18760 27367 13486 18021 14867 11463 11299 13894 24278 26181 4761 18912 13266
17249 15928 19681 12686 19103 23269 15647 11543 15835 17796 9940 23788 13109 2647 22280 0 6917 16453 13570 9363 18103 8922 20290 11344 10594 16252
15144 19555 17900 14955 22843 22719 16771 5660 19911 5284 15631 13017 19687 23804 7652 10583 9787 16539 16515 20763 14225 20299 17988 16944 8763 14152
19875 20388 21480 15249 20961 13621 15890 1667 14572 16352 11758 14309 11487 25601 32620 18741 17921 17598 14480 6219 14612 25929 18764 20789 9840 21698
25798 19622 26588 6190 17685 13026 16321 9827 5089 8864 14624 11292 8822 22353 16119 17358 9708 15808 8935 6817 14485 25236 19786 21372 15966 18098
30846 12206 8926 9747 18184 15605 17055 10175 19239 13549 13305 11531 10488 4464 18536 10903 9279 15571 14376 872 11650 19048 10830 10711 14149 10891
22623 11735 20603 11596 18620 20034 13792 12759 12151 7253 6464 21811 11703 24475 24210 21603 20260 16318 12884 23558 13933 14018 19079 27300 19619 1532
18019 12938 11267 7361 19666 22714 17640 16982 20094 14323 19384 5768 14152 29626 20706 11738 21319 20057 16513 16273 17250 22259 17870 22558 17039 15895
14415 16330 18280 5263 18011 7636 17072 6452 1022 1784 17425 25412 14966 24422 18520 22063 13092 12285 14659 15786 14333 20438 19141 14458 15022 23365
23460 9781 29597 7892 17716 9015 18794 6759 14786 14182 15973 13128 14957 11719 10015 1502 14703 20150 11083 18533 10770 17287 21734 18949 17717 28442
14393 16177 4113 9063 16748 24226 18713 8514 11814 8629 6256 17989 9430 15669 18628 26365 3651 12346 18022 25103 11043 20209 14071 23071 14852 11621
2418 14743 13545 7283 24161 21640 15928 8728 14522 13936 8589 13972 15718 7330 29604 21830 27022 19652 13827 13816 10632 21962 19866 27258 18380 10152
15304 12268 31055 9297 19535 12917 19073 17211 25535 10016 17123 19833 14674 15734 20413 14538 19122 22291 9155 17450 17262 19938 21262 21487 16086 15671
27515 17131 22015 17018 19303 10594 18197 2697 20134 10480 11497 20417 3765 13817 17627 11441 16765 12327 13699 18407 16121 24854 21246 18128 11551 14541
24816 14369 19422 3060 19135 7586 15575 14874 1382 20451 16411 4388 11062 23662 19625 17284 4902 17097 16080 33930 12918 11477 16785 22378 13378 17291
21294 10458 28732 9680 18935 25749 20059 17988 17527 18164 11313 13839 15439 8453 12455 13849 1700 20077 15567 18263 22227 35695 16440 16904 10426 10173
19661 18606 20797 9729 20681 11744 18475 17178 19551 10550 10569 12306 9218 18135 9569 12408 20884 10205 13443 16380 13120 16018 13810 13380 22299 12286
16801 16533 20053 11775 23006 27619 11185 15284 6245 15231 13261 13647 11381 24128 0 17256 11803 18232 11763 5590 14141 21421 19087 20954 15711 24479
29457 22568 12821 8117 17686 11549 13042 9628 12786 11005 18494 12837 13010 14484 25004 12835 1858 15094 9175 11405 14592 15909 22934 4097 16283 17596
12281 20171 17720 9483 16696 34600 18593 19039 19471 15731 11399 21301 12537 22826 15236 19504 19243 17522 15207 10865 16083 25670 17083 12318 17751 20818
23976 16606 5270 10038 21168 7682 18878 2380 18232 14411 7856 13222 14750 12574 21109 13975 17129 16487 10096 12825 10214 17089 22620 9204 22737 15912
20720 14680 13530 13854 17750 8923 19144 9717 16108 18943 10873 13934 19358 1063 28421 3515 27342 15099 14908 17002 15292 30369 18923 15965 27580 15222
23090 17952 42220 5230 20425 25259 16630 13248 22903 5049 4662 9568 10768 16161 23226 19050 30276 6824 9794 14454 19066 22606 19200 29741 23304 12757
26419 10386 14251 12765 17050 15422 16196 15449 11057 9584 4304 3565 14928 23246 22819 8825 15389 18504 13743 14247 15607 17989 16024 21336 12223 14723
25434 13852 15589 14686 18915 4642 17078 9387 14053 11954 8890 20253 17753 20588 16757 13576 15011 10552 14292 8483 17466 24520 18466 29308 18341 18656
18387 13329 16177 10187 17869 12638 18871 0 0 8741 6598 13225 9887 27244 7059 4710 23911 21000 11843 22270 14911 7603 17604 15372 12339 14978
24693 6566 23287 16061 22025 19956 18424 14811 16045 16865 9849 13819 12156 23240 8501 14303 14800 16986 13347 13824 14415 23023 17053 10561 8294 11865
20961 13760 4291 12347 21151 0 9848 7031 12634 4485 9359 12626 12772 21852 26213 17558 16019 16817 13205 9309 14137 10899 14659 18170 21536 18263
22830 11525 18950 10616 19797 10671 15163 8518 4177 9115 18156 20302 9650 17636 8805 13724 10882 15761 11322 24407 17965 18545 15196 18759 16647 13000
25060 21085 19159 14732 21472 9026 14920 5184 12991 13066 18161 14343 12248 19487 17180 20730 2447 12529 13195 18141 17349 18663 20145 15482 24346 21529
21092 13912 22852 15323 18484 11631 16715 8788 20198 2419 13154 18349 13499 23024 14727 16369 20756 14983 14768 13463 16203 15382 16479 19759 16218 11947
17145 17781 20514 11362 16265 20038 22464 16450 23337 12152 12380 3287 6157 7097 22073 22099 19985 23233 9046 15246 19645 18877 19723 16757 36441 16914
15876 10437 13322 16217 18384 19697 17174 12428 15720 6849 15654 17509 14277 8855 5231 22410 18165 13448 11578 10101 20415 5569 14211 19977 17131 22960
11484 20330 4915 10323 20890 14444 17720 27127 12028 20807 19191 16299 8733 23962 14846 11452 0 17694 11396 6564 9697 20163 18076 17232 19665 9458
28005 15358 17808 10266 19390 1197 17079 9917 12476 20406 11151 22844 18608 18833 8285 12169 5861 16500 15522 20031 15913 24104 18864 13643 22751 10871
24348 22153 25146 15691 19288 14482 16549 7802 13610 14722 10184 22100 15677 7935 20419 19674 20223 15173 15112 18340 18950 18198 21345 23340 7069 17444
24977 8676 24335 16515 18221 22616 12557 15525 16110 20184 6487 14205 11223 21886 5693 18797 12588 13459 12151 10782 14198 7237 21618 5994 17835 14812
20753 8797 26593 5970 19636 0 13170 19003 15269 17377 18947 18840 8786 27483 27630 8625 3918 12065 16703 15042 16441 26439 19632 15701 15752 16385
22656 17618 20103 5803 14698 6151 21069 17242 12422 11255 14126 15435 15367 6257 19426 27223 26785 15062 11753 20303 18555 13678 15707 0 27599 19080
22289 14187 15105 16875 22126 12941 19615 10574 7269 22326 11869 19269 14054 18037 16045 17026 15462 19720 19502 8729 14370 20623 21399 12024 10160 25675
16962 20048 24006 8107 23262 19483 12747 18245 9707 7826 8198 11128 16289 17601 15461 19847 310 13221 12864 13997 18513 16301 18986 16781 18528 11654
24244 9631 31672 10884 18042 15409 21539 7860 17262 14236 10711 12511 9972 23703 12181 18590 13180 13009 10823 11412 16650 11429 24759 21071 19045 21627
18735 23640 22793 14888 18735 12162 18384 17448 15306 19404 8384 15582 10664 24618 8192 18880 4360 15714 17159 17708 15975 14783 18395 15579 14636 19159
21729 14416 17146 11141 22423 15030 17666 9264 15816 4924 11807 30793 9891 23094 21751 22885 28228 20900 12224 22866 13700 30994 17850 10267 16608 22471
9612 17728 13901 2977 14910 18882 16940 7022 14945 13680 14651 24493 14335 21113 10887 7690 14035 17573 12987 12988 15213 21068 24130 19831 21938 10495
18264 17261 15372 12385 20680 14084 21005 12308 21302 5508 11964 21557 8999 13697 25394 14705 11783 15424 10426 2027 15890 21045 21751 9357 15625 22050
21654 9397 30495 13032 16368 27605 24870 12508 15449 11087 15680 17626 10669 13079 14259 9324 12150 19305 11818 0 14823 13223 15575 16854 9128 19842
18254 18481 15093 13849 18670 10667 14429 12723 19746 11355 14992 13865 13098 25913 26024 2324 0 12891 16586 13480 16663 20033 19489 10398 11757 18177
16373 17318 29974 7759 21274 9856 17099 21146 15433 15342 19409 7061 13605 18873 24899 6909 13515 16484 15387 10202 15147 23019 18093 19758 17466 7843
12835 14499 7929 9167 17918 0 14344 12628 32387 11836 20885 10555 16342 32287 31381 0 20697 15354 13521 1307 17595 9005 21382 25936 21209 25710
20736 16822 21310 8370 18337 11610 18039 5518 15193 24282 12178 19773 12612 16384 7250 16143 11666 13145 14491 3188 14289 18846 15243 8657 16809 15863
18077 21542 12187 11696 21256 14344 12780 8624 26899 14808 16034 18012 13268 17119 19485 9833 37653 18840 12383 5445 14927 11432 25019 13476 12884 22049
22354 18037 23305 12391 17206 26561 12260 17087 9265 14447 6412 15519 13473 11752 18701 3308 11538 11585 8064 29508 14758 14170 22144 9508 26124 13593
18219 18222 23943 10923 21555 9236 11378 12307 24707 14614 16329 21372 11350 14838 31826 20353 9418 16583 10299 18953 16891 19021 18596 18904 16578 21040
23790 15520 7021 8613 20809 12269 17284 17319 16450 8922 8264 17609 13333 25508 6718 7618 18104 9065 11525 8543 19997 18052 17139 17935 16728 6342
23951 14525 34914 11439 19065 8534 16952 16789 14286 14939 13764 15843 6857 23385 20558 15463 18688 18135 11361 10225 18085 17430 13071 14326 22025 15503
16255 12151 14461 10428 25231 10299 18792 13865 18746 15215 11177 18954 10250 12483 23092 15156 12107 10750 13300 8086 19743 14097 16204 21760 15734 6625
20541 18637 29877 8554 18599 21615 13116 5295 19828 15444 15272 14070 11439 24776 16222 15380 22436 15611 13655 11217 13543 23551 17227 25812 12752 20384
13624 6799 8868 12840 17229 7380 20666 7470 10496 3069 13721 11604 11956 15250 20180 9072 4909 17583 10572 8816 15559 19332 14931 2929 19596 16541
15134 17105 29788 14875 17001 2033 16244 12756 18350 14698 16974 10512 14569 18483 12165 12958 14485 16740 12477 20130 15364 16086 21152 20620 14736 16010
22280 13060 17977 11076 23719 14580 18106 14974 3582 16975 15022 20219 13582 2839 13509 10730 13776 14919 15338 12293 16009 22893 18554 7778 16285 17699
28788 15950 10794 13527 18530 18779 14434 7600 10505 16613 10349 14590 10413 27047 17225 14771 12980 13395 22207 9947 16969 24721 20244 14005 20170 23114
24018 12089 25290 11907 21211 11645 19320 10840 24282 6181 12978 5361 12376 26844 12616 22874 7464 17717 13374 20754 12457 10834 18360 21895 19771 11529
29009 14432 11136 14250 26115 15909 16776 10496 6505 10287 15014 18196 9868 8957 18579 8244 7826 16338 11478 17420 13587 28801 20064 15738 2614 8981
15987 17039 3423 11978 21112 15283 13863 10293 15093 6926 16713 11978 11920 25856 18001 13103 8931 17467 14168 10202 18605 15092 14860 15973 23301 18343
22302 22446 8337 12434 14455 4593 16772 5809 27664 11356 12195 9487 8470 23110 15550 18339 12629 8007 12639 29453 15983 21770 20202 15482 11373 19065
26742 12780 35806 16270 23038 10310 14121 16121 21168 6128 11301 15283 10487 21243 6713 7810 0 14832 10746 24710 15813 10370 23146 14553 17696 9520
16534 15935 12651 19488 16659 10838 17646 345 14690 8052 17541 12378 14861 16618 13113 15853 2766 11144 9834 6229 16528 22003 17089 18429 19707 9163
25638 10938 31544 7111 11660 9117 16504 19089 18263 20161 3539 13783 12610 17469 23187 10919 676 13171 19145 21346 15915 0 13318 22517 24192 23018
19486 10939 18861 16972 16550 25159 13523 12680 25949 11752 17901 17402 14355 29434 19926 5395 3763 13385 10842 17898 14098 19854 21607 10851 4894 13621
18057 17423 12053 6787 19948 15299 19121 15726 8855 11785 11090 8899 15753 18320 20483 19913 20780 15545 9917 7374 17109 13405 17613 16615 13997 19832
29684 14512 5558 10765 22561 13677 14685 13549 11190 14565 17287 14318 11513 13282 8732 19957 19376 12304 14108 893 14754 23922 20168 18172 25406 12720
21771 19391 11087 11931 20578 22526 15037 8080 18917 9320 15891 14424 10090 20897 12923 17864 29766 19390 10922 15669 20517 27303 18604 28071 12135 20338
17261 11505 15629 11602 21964 16192 16366 6585 80 10651 18312 7620 22827 17665 16484 13237 15066 16482 9484 8599 9984 21151 19096 2639 10759 17786
12842 11832 6266 7902 22065 20502 18277 20338 20775 11231 15751 14880 15865 9208 24418 5336 12246 7787 11861 8618 19640 13766 19081 4008 22833 17853
20642 17704 26134 9517 20437 24662 15255 846 19696 4065 13339 8178 14501 25433 16508 17245 5044 17404 9514 7465 16664 31947 17690 12932 19277 11139
9204 12273 20534 7675 19620 7083 20167 19497 13874 13492 13760 6354 13470 2413 30728 14537 25048 16422 8891 4160 16431 19112 20341 12147 18089 6055
17040 14468 29509 9668 16900 11631 11554 6399 30916 15328 14729 11207 17623 12066 25649 10070 33208 17694 16238 10707 17592 22307 19573 19544 22536 19571
19487 14133 24847 12824 20128 14035 18082 16209 5657 20068 3217 4614 10559 28062 22216 5608 27370 14025 16353 8213 8119 21837 16282 13816 9641 16840
12237 17960 13766 8978 16793 11533 18802 16763 23109 11719 11752 10264 11504 22269 7857 24667 4548 16009 14830 12516 13018 34574 16573 13908 15917 12846
10013 11061 4724 8160 20020 2891 16346 7782 25359 6729 10203 22056 11985 28925 19669 13265 17449 17585 10934 26310 12053 23182 21256 11593 25717 12638
12990 20446 20608 12636 24432 4403 16141 10090 13974 7291 17036 11470 7475 7137 28379 9509 18573 23400 14791 30259 20951 15156 16803 16402 24301 11434
17034 16696 7235 10782 21279 9744 19975 6758 23713 10756 12227 18194 17801 13135 24737 14387 12743 15661 19770 19626 15909 11160 17657 26793 19399 6801
26639 20625 30905 7239 16112 16284 23131 304 10040 6958 14186 21540 14265 14562 3842 7108 21148 13960 13530 21862 16681 15492 16857 19803 12829 24001
23800 16011 19590 8262 24046 13031 14339 4702 19856 20553 12852 20050 5781 12364 4423 356 2661 13823 12678 18104 18199 17648 18638 11465 18090 16894
16161 13596 12751 10502 19498 16009 12604 13815 14713 16457 9899 14145 4608 21200 20873 9772 15790 18120 12481 16751 17106 18058 23234 15559 24073 17067
9989 12547 17095 14589 22536 1635 18503 19261 7448 11356 13648 19889 9454 20904 20033 19154 22900 15682 14577 17095 20221 15858 21484 14182 13061 32162
24988 12614 23083 11849 17826 20284 18307 15683 8783 9326 13899 5863 11544 30412 4690 8821 29021 10812 12201 14188 20130 11181 21422 19535 15041 22985
12159 10498 13154 8853 22978 18537 22691 9089 15609 21881 13170 17554 11331 16339 17646 16917 25824 18472 10195 4985 16237 31592 18585 5558 22654 14490
18906 13752 23111 16805 21098 10580 23081 2128 4038 9690 7800 9722 13703 348 23994 29349 28377 10770 14012 16036 19896 20307 21340 16926 14125 16397
16480 11285 18399 5978 20864 17152 21883 17755 23743 18679 11135 18030 12758 14508 10921 12080 13 9835 10001 25434 12892 18575 18724 7560 11771 16081
19733 9919 24687 10457 21875 13762 10793 10139 9412 0 13781 23128 17905 28849 13483 20789 10748 15745 18147 4216 20449 14905 16521 26428 15365 14067
8979 9384 24713 10191 16456 17615 18927 13723 11660 5799 11269 9340 11011 16253 10989 15225 11111 13165 11747 9675 11504 16091 17782 23843 19318 20518
18494 23125 36058 15994 20597 15919 23119 23208 19243 12500 12738 9352 13096 12866 21033 5392 7355 13252 16000 14104 18899 15682 23529 21215 11446 21659
15647 19799 22934 12187 23916 20346 13440 998 15854 6169 19038 11145 8905 21824 9528 12303 20282 16902 9254 18856 13175 14901 21163 13148 16084 15474
20139 8384 15495 10846 18618 9887 13331 7285 27657 16376 14753 17476 10858 21280 30068 12675 13890 12553 12533 27115 19848 25301 13054 19359 14133 21629
12520 18769 10332 10586 17066 10444 14332 15624 28683 21104 18617 14592 8690 28478 20224 18886 16445 22035 9190 18027 16347 14695 22659 20545 29021 16122
19636 11973 7390 12275 17865 13723 20856 14219 21074 15301 13533 14873 14324 24202 21397 9392 5953 12630 16737 9323 16709 16029 17496 19077 22867 7388
23606 9578 7835 2170 21269 20511 12799 13115 19050 8969 8869 22526 14896 24003 11271 19545 31520 19929 12989 11835 15940 21271 20298 19485 9998 19670
18309 13374 11569 14860 21586 21173 13964 9283 24249 2984 9732 6764 11225 27944 11393 19544 10801 17893 13572 15471 17159 21081 21336 12021 11061 18072
21857 16654 19759 13874 19397 19508 17986 18645 19693 13242 17357 6398 14195 26580 18338 16814 8981 15129 10437 23963 18629 3739 19536 20024 10922 22115
20202 15732 5904 7372 16568 7942 13724 6998 26127 18025 10420 18389 10775 15512 11197 10969 8085 13669 14170 18246 14379 18965 17455 16970 25064 17516
25513 17863 17633 13314 16560 3314 17742 14275 16122 8269 10658 2066 16238 27752 24362 21989 20050 20272 11729 23200 17656 20561 18202 7028 18508 10000
27300 10565 27222 10367 18865 16068 14145 5316 30020 9459 7242 3209 12581 18403 20271 9607 14890 8385 14841 12819 16323 17955 18930 18473 18267 14310
14153 17207 22663 10874 14373 9771 19613 8656 20791 15006 15251 10749 12804 3164 11671 22426 19789 13095 13497 10940 15512 21799 21671 14804 17526 17976
14649 13274 24242 11611 21407 3143 15659 18982 14683 17151 12299 15642 12328 11615 9365 24489 19514 16229 12353 2714 14411 23238 17916 11763 14518 27336
15240 14253 10677 14363 18400 12825 13399 9688 24027 12763 12055 15171 12079 18962 27086 18847 20053 12397 9963 9868 13723 18793 16599 24778 8800 9415
15939 18787 10562 12807 18755 14354 11859 2050 11750 21489 14194 13130 14000 6653 9507 5161 12801 16125 12136 13571 18522 18131 12991 15550 16724 22227
18087 16029 17703 17347 17393 19484 17592 0 26270 17824 14886 28102 10536 10302 22318 9431 21127 16460 13597 14002 17230 4460 18177 13976 8197 28692
15298 14548 28243 15149 21923 11811 25217 9433 17518 10266 18687 23215 13556 17912 6126 15270 1776 11599 12358 12040 19766 16117 18493 11089 26250 18330
15332 15268 24093 12179 18128 16963 18580 16046 21715 12852 12321 13808 17164 15856 12535 21644 11827 17677 18580 25347 17259 25512 14364 12935 12891 19127
29854 19415 19459 6075 16000 10659 16316 17401 15228 4631 14060 19235 18861 29258 15053 13445 10320 14907 13087 17899 16644 21753 17385 28582 12766 19854
22649 17751 26939 12850 21977 127 19349 7707 4879 18841 11383 9776 12201 17851 15373 16973 19208 17075 21507 23751 15280 13675 24941 24808 22783 580
13243 24012 29082 12413 24846 10388 15034 10960 16336 12721 11814 11227 12343 17013 17753 15638 26121 14435 10342 26386 13043 25557 20071 18911 22070 21768
15870 13271 21355 15332 20470 18017 18986 13903 18452 10828 14547 15540 13300 7205 17706 14313 17916 14772 11823 17910 19349 11743 25076 12971 20433 27361
21904 11977 32483 11322 19459 15767 19433 14717 18422 8358 10426 26743 12125 28786 19358 18692 8408 16675 7873 11521 17607 16312 19376 18238 14283 22770
21801 10123 12374 15626 20089 13631 13109 7325 13402 9858 13393 18736 8302 24772 17372 5912 13698 18514 17480 15804 19499 16852 21145 9696 11073 14637
13709 16905 16784 3952 15669 20962 16892 1264 36203 13357 10484 17442 15684 17165 25466 12473 15290 21924 12770 15114 11994 25604 18728 23869 16982 13091
13622 12627 23415 9847 18766 26971 21796 8681 18996 16243 15871 18360 17544 14458 17611 7053 18228 15877 12571 10469 18278 25839 19062 14952 21203 22288
17100 12269 22371 9094 21661 6368 13187 13655 25944 18504 10323 11225 13625 22849 1927 15750 9312 14712 13127 13632 16500 25980 21425 21040 17077 17090
12934 10142 11245 9348 17666 13651 14122 1227 14986 12993 12032 19566 16566 21961 33917 16672 4304 22847 15979 12349 17130 8989 23018 12844 5557 18894
22509 23849 11842 6902 20281 4977 15435 14057 10015 6370 14725 17525 16393 22855 15888 10110 20211 15390 11909 12598 14457 20211 17497 8282 17387 21441
22128 20876 9680 12235 23114 5515 18289 15243 18659 10666 6812 12765 18237 29088 29847 14306 16438 15118 13246 4073 14815 30080 25564 18642 21428 20164
18304 20972 9712 10101 15656 13605 23011 12722 23404 10479 5854 12586 9315 16507 17452 21603 8275 11616 15835 10809 17089 25588 13356 9777 19852 14031
21271 16652 22443 12525 25066 5173 13725 17910 24218 6348 18091 14165 13980 8439 19509 9537 14433 17488 8604 12732 15687 30056 15388 7888 7927 30080
27321 18470 27934 8368 21682 16614 18565 10179 13310 9743 8092 21396 9957 21443 20438 5815 14776 10147 18808 7958 16775 19722 23440 27386 17645 19951
21858 5853 18173 13049 27341 8799 12117 5248 564 8461 11909 20477 18158 19313 13819 12341 19159 15180 13641 13051 18750 29153 22997 18993 22563 7343
14713 17039 15826 11053 18892 5904 15919 6093 15455 12156 12165 5513 9664 16963 16705 0 11020 16814 13598 19074 15708 17189 17463 31112 18839 20824
17780 5554 26408 8564 23185 13703 14306 0 20593 18145 17419 4743 9809 24676 18558 11604 21020 16992 13349 19484 17520 15890 19456 15714 10024 9334
22481 15727 3623 12037 14444 10734 17922 11089 6747 18472 18369 13482 8164 28905 21195 13659 21754 15201 12573 15883 19788 22269 14908 8199 19828 16250
18978 20174 16740 6597 25056 15912 13735 11932 9294 12692 9376 18092 9490 9138 5769 12735 9009 19230 11740 19516 14333 20386 18987 19049 16685 26825
29468 16622 23926 11455 20051 19663 19244 4805 20384 13609 17512 9680 12654 9437 17299 18027 27679 12078 9578 17946 20299 15834 17273 15064 11591 19949
17894 15213 20125 13093 19061 6127 16352 3307 18170 15735 13200 17340 19054 30473 18965 12481 16275 12888 15312 5161 14976 23021 13345 14997 20832 17591
17117 18254 23176 15756 17744 12462 15589 17406 14229 10386 9682 5577 9600 4169 16770 11250 15615 18708 14282 11062 18910 15196 22460 15249 21987 24048
25278 14868 9121 11098 17725 25882 14457 12039 8278 16451 7177 8283 13788 13343 2079 11363 6882 12038 14543 18605 14733 16664 13257 22724 18028 7982
17027 15321 7424 15509 21220 13458 18806 21786 25092 10962 8376 18150 17427 29986 19269 22957 11633 16228 14800 17687 15448 27775 20725 7077 5696 25641
30917 19062 19861 15097 20356 26103 17828 16361 8572 7210 12892 10140 6045 11653 12323 16874 18492 16982 13718 13404 17043 16699 19894 26590 12854 13887
17952 17149 35170 8503 20941 1228 14279 12327 15937 14376 15022 15039 15642 21094 21436 6115 19962 8780 14218 6833 19422 8838 20575 16561 22730 19659
24908 17452 13369 8332 21417 16493 14089 8050 8799 6740 14463 8457 15663 25436 12370 20181 20376 16864 11016 17375 20177 24568 17179 14211 16271 13749
28090 18444 14051 7341 18493 19471 17649 4592 27753 7521 18513 576 12898 14707 7418 19586 5940 15136 15527 12113 15601 17884 21560 10889 19379 3493
20459 19947 14181 15120 23833 8686 19721 12424 17831 12018 8467 7195 12629 8747 21210 19614 13489 16498 11032 13472 19241 12823 13566 4116 8101 13789
22029 18560 20504 6175 19055 0 16566 11947 3239 17650 12315 7619 10966 14872 15430 7981 19205 16237 17182 11126 15609 12886 10694 12671 17100 16864
23612 15947 30748 6178 20054 8584 14491 1680 27260 7388 12268 18921 12103 25865 12427 23315 0 16522 13826 18092 13260 17008 17294 22541 13071 9838
13557 16248 19207 5644 19306 22379 15205 15059 15241 14546 16949 12003 11798 18407 18523 18203 10940 13865 16580 12651 17992 22977 14882 19713 12373 22839
19275 20016 24447 6834 18152 7170 14402 4425 22896 11572 13780 8129 13272 11581 17013 18727 2128 14846 14636 12554 13867 8964 20084 17874 10712 24759
20845 13274 21134 11210 19337 17322 13455 13623 11771 20706 10081 10988 7507 11338 12027 56 16405 17954 18345 16915 7724 23125 18200 18481 19905 15040
22507 14740 24183 9139 18765 23992 16193 10145 12597 9582 17272 15564 12400 31046 19528 13071 25525 16914 14224 15110 16196 27507 15572 14720 15712 10879
30802 8537 27360 6620 19507 11711 16907 5340 12982 20220 13118 10210 13681 25304 17447 11330 10660 12574 16735 17558 18510 22718 24231 10229 17207 15864
20185 20422 11149 13034 19265 13242 16270 15382 28082 17770 17367 8708 8005 6502 29133 8992 22620 17114 11852 15211 17497 11913 19639 21264 20190 10071
17552 9733 15426 4388 20443 12950 21921 10895 30398 11618 16567 15310 8517 17988 15373 8235 10277 13107 13265 13110 18153 12842 27349 18108 18181 25028
20000 16283 22221 12842 18401 19517 15686 16861 21992 16052 15958 15418 15179 14698 25631 4458 11480 20622 11234 17270 18108 22118 21505 21643 19398 16276
26196 9941 25035 6913 19212 20506 7748 11183 15311 12545 16368 15205 10619 6681 15534 14265 17332 11084 12747 16699 14881 22584 17176 20451 7920 19843
25744 20057 14415 14489 20576 2767 18064 18419 19812 6042 13544 3468 17289 17818 16112 9949 7857 16762 13432 8653 16756 28186 19164 13056 19070 15669
17380 23993 28471 12954 19297 0 12944 7544 8039 11007 15042 23052 17288 19115 26408 12041 17043 16761 14179 6349 18423 8293 21680 29718 20431 14656
30499 15378 8398 15380 23007 17532 17673 10429 16878 3506 13546 19627 8651 28877 27547 12815 25602 13217 12415 11923 19217 19175 19346 3713 22739 12596
13640 12509 35544 10569 25686 7301 20537 9391 20225 11411 6004 16476 15548 7574 15396 2014 11847 15488 15134 7804 17672 18019 23017 15208 12759 19204
22565 17389 19566 6850 21930 6539 15608 12291 14222 9148 9346 8462 9188 19973 20180 10381 6848 13887 19125 6013 13959 21046 22020 10034 29052 22670
23179 11301 12704 11496 21967 11940 12206 3213 14904 13945 11096 15699 7982 15592 22386 18388 30668 14620 16940 14085 12949 26690 18903 24609 11036 19033
17010 9122 24276 10274 20801 6142 18969 21009 31525 8860 15640 14049 14112 20242 9329 17214 23512 19632 13141 26346 16596 20930 18014 23349 18858 11354
28955 15115 31597 9139 21755 7163 19601 14881 15716 8722 13682 4090 11775 22445 26776 16629 15793 10680 12101 14909 17833 23933 16461 20414 18270 25208
18997 19666 35879 14734 20349 16503 18429 13327 23431 15190 14482 16253 13732 11920 18051 12099 26182 23978 9935 8461 17312 7366 18715 7667 15313 10394
17245 17608 15369 7619 15316 9252 13439 6430 13348 16579 17480 4699 13784 14396 19821 2688 22647 11727 15526 13696 8578 18171 22266 10126 10784 10952
23836 12911 15287 13559 17971 11688 20354 0 22676 9179 8334 5953 13493 25430 29524 10822 29939 18712 11341 10496 16013 12265 22598 26751 10935 23122
17642 17274 743 14513 18768 22105 19052 23082 22514 13094 14472 14109 11800 9080 19691 17930 6925 16771 15107 9378 15813 24748 13525 18749 16697 22609
23887 19521 30533 14145 19892 4811 18102 3109 18135 11923 12794 5188 17495 28311 13888 24512 12054 16983 16450 10287 16979 19403 20579 16077 12301 16018
17541 22976 20131 8644 18656 11856 14850 6652 22073 17813 17901 11509 13788 38055 16557 20648 15217 12165 14513 23458 16336 23808 19949 15218 24663 11705
22137 17170 6322 10676 16965 0 16750 21188 23474 18105 14504 5704 14142 33993 19996 11961 15727 15008 12448 11073 20400 22840 18904 16024 14195 17175
18436 18024 24694 11809 19283 14934 22008 2 17669 12268 13081 13321 14972 17155 10861 14150 25009 12252 12250 21211 16823 16313 14999 21172 25848 16018
17373 12008 18890 11524 21376 4429 14813 13188 15907 19341 18596 15797 9425 17468 11620 1725 17753 14489 11218 22945 20379 19415 19442 13103 14129 15379
23387 18220 17163 13809 21688 660 14544 15524 17231 16860 8879 10683 14811 15090 12540 25071 6482 14902 11950 14415 15040 26184 20134 17281 27520 20040
9853 17733 14256 8542 21121 0 17821 15368 15888 11924 15956 8834 13813 16889 27780 7081 14583 16589 11417 1744 17911 22089 20331 24043 15786 12612
18758 16604 18644 9965 20311 11633 19008 12381 9642 11596 13047 23267 18038 15764 29134 6749 10365 18914 10553 7832 15261 17956 15824 16189 16980 17275
25377 12256 35071 15177 17904 16856 16579 5090 6636 17878 11299 19030 14846 22853 19204 11362 3294 17237 11358 19232 11958 24195 23127 12832 13362 12168
19967 17182 7155 6233 21696 11431 18378 6908 25680 19256 7679 13936 9982 14257 8513 9081 18069 13771 10666 16030 10297 20740 17690 12492 14770 16727
17776 21084 23692 14610 19395 191 14052 14980 17280 14055 13695 14625 8005 19045 25226 17720 11533 10387 12446 15054 13273 18669 16825 17807 19796 14994
15877 20987 21256 10301 20629 12309 17390 13381 4462 10099 15580 25328 15143 27193 11770 12261 21097 20651 14409 6682 12808 6948 19299 14732 19946 14720
8683 16994 27222 12642 21081 15839 18570 13236 16152 8025 11905 16997 13620 19980 14281 19870 18653 16385 12618 15718 11807 20295 16289 21159 14118 11227
23608 18139 18271 15459 25263 16036 13698 11648 17414 15833 8180 14105 11453 8660 8491 22556 9122 22269 16453 10194 16929 22462 19004 9414 20034 13909
20643 14724 19374 12437 23149 2575 16037 13520 12290 13046 18063 14578 7961 18873 24389 0 19113 16138 14756 26612 18745 17180 14893 10998 23778 22802
28935 16404 19200 6391 15017 20899 24171 10590 21944 17601 10099 19713 10654 21947 14137 10971 25335 16442 15498 12739 14392 9400 15336 6106 21534 15492
10421 8254 9439 11819 22045 19905 15058 10568 24509 12185 15387 16003 6846 15701 16222 18674 20521 16543 12854 17074 12969 12154 19326 11020 9998 17778
19697 14543 19770 11051 16219 20538 15661 2158 7375 11279 12373 10050 11644 27786 14617 22214 9478 19406 6572 13999 18800 22644 17601 20118 16512 21497
14907 14214 12969 7760 17918 20295 17148 12662 16705 12880 13564 19026 12080 15482 22379 22620 15651 17636 12639 25580 13186 22460 18606 8756 19322 6101
21434 9275 16428 15163 17591 0 19526 8902 668 17061 13281 16616 12044 23973 18185 8958 25464 17632 15430 23634 19065 17877 16781 23113 36143 18755
16146 14752 30528 13773 23945 19611 21722 13735 12867 10486 14809 7297 8306 17924 18328 5007 17318 13351 13971 16365 11904 20875 15309 31985 20213 2286
17231 6860 29002 4983 19150 26145 19461 15397 11667 15898 15814 14119 9083 8423 22098 12638 5011 19815 10248 19192 19603 28358 20288 24630 21022 13925
14097 25341 11368 10998 23148 6683 17403 12152 30953 15438 18132 11699 11755 38205 23528 6128 14505 20660 12752 0 10872 23085 19120 12164 19347 6119
22505 13911 12339 12694 18819 16295 13463 12516 12376 12286 15993 9840 13367 9608 25246 10378 14249 15824 11940 12883 15440 18334 17640 20523 17157 14468
25950 17959 14146 10756 23463 29824 13030 13463 17675 13325 15833 7298 7508 20064 16126 9880 16418 12805 15897 12213 14258 16312 21357 15943 26127 8913
24706 18423 22282 9217 22078 17190 17447 21783 10690 12330 16934 15238 12133 27206 17975 13243 0 17627 13668 5350 20712 9786 15619 24337 11441 5734
16365 17599 20015 7165 18785 9594 16259 17089 19617 13429 19491 23779 16412 13326 13076 14400 13042 17272 15395 19027 12209 14032 17783 10819 15127 19057
10420 20770 0 14044 20971 10696 16771 11419 21103 13992 17034 19302 12227 6343 18881 14383 18315 14485 16048 11330 14268 19969 18122 8137 15440 20864
18919 15236 19126 2366 16564 15381 19280 10087 15585 19925 12769 15188 10758 20268 2757 7828 21763 15300 14823 13323 11663 17171 16339 9037 19786 16047
21115 13428 15369 11169 19065 12406 16901 301 4899 16956 18478 12075 13342 17277 13610 13322 15950 26304 13749 17423 17916 24355 19633 13633 11378 22049
22348 14614 23195 10231 20282 14747 16944 22535 21641 18910 8304 14758 8694 30129 8440 14634 19908 11858 16294 6924 15584 19532 14922 11384 15140 19052
22584 11505 20737 11243 17598 14733 18367 10948 8819 7584 12635 8771 13517 18747 20691 24045 21624 15002 13004 6454 10920 15574 18039 17749 17432 32293
16613 11778 14073 15324 20519 19910 20406 15945 15113 17327 11693 11456 15287 28692 14172 24051 31047 19294 10057 9048 14083 25623 24600 12530 18987 15215
18479 11458 20164 9284 22912 11893 15771 8096 8890 6929 17286 17154 13525 6890 29243 9619 11920 15457 10108 15390 18426 24334 21761 15844 17486 12908
13966 9470 18032 13025 19197 9473 19427 2000 28619 14565 7243 12260 13153 9230 27157 16484 20173 16120 11030 19660 12122 20073 20376 13711 17532 26076
22873 22417 29405 10196 17707 14037 14571 14052 24028 13051 14915 12240 14409 24953 23005 13671 19880 11228 13604 10050 12700 25897 15096 20898 14686 17855
21058 18469 12480 20910 16236 20582 17084 13742 16000 9051 8393 17813 6543 11703 10005 0 14059 7831 14255 14743 16718 22945 13478 15820 11760 10968
26931 15951 26077 9017 24258 6122 17377 19701 19936 10281 11034 12708 12929 23391 12109 3440 21644 17836 9960 16251 16420 20719 15422 4164 15835 13564
27347 19464 13045 14675 18772 4529 24960 10435 7976 20280 14784 14782 15295 17119 31700 6133 11525 20047 14172 28062 12132 14537 21189 20262 14626 14000
14532 11990 23309 13204 24956 20373 15505 11076 14625 16918 18420 14422 9444 16142 14872 14249 8360 18353 13207 11802 12733 19719 15295 3460 17961 14800
18732 13712 33662 11496 19917 16291 18702 8709 23904 12184 7747 13802 12799 20551 4377 28821 20910 16839 15391 14592 15231 6778 18510 11127 14303 18600
18313 17700 16542 6592 20686 24644 17181 7353 6858 18313 16470 24285 13822 7458 6723 10433 20243 16297 12753 14551 13081 14070 20371 13589 10734 12566
27578 10863 1005 10838 16542 4418 16695 3508 16287 22849 17880 6737 9647 26062 13836 9346 6215 14945 12469 12443 18901 23210 13415 0 11141 15071
15682 10426 14149 8519 16665 4661 21626 11916 17768 15711 13255 13983 19779 30501 29355 14588 30410 14616 15558 14923 16351 30602 20813 18990 19022 10621
27431 17965 18692 10992 19297 11723 15931 16125 4640 6393 17302 15351 12371 25954 13221 7330 10709 19670 8605 21135 16197 9389 17941 16648 21122 18324
20760 9375 23675 11803 14858 18766 22400 4591 3923 19388 8120 3768 12143 27030 6493 10216 17194 18404 17490 6214 15635 14068 19132 23370 15428 9759
17458 13638 19947 11022 19276 8317 17668 10852 8507 15401 13269 21372 10160 22326 5476 10237 9281 13235 11012 11561 17840 21521 21316 28668 12456 13453
9047 15063 5868 12947 22152 26896 21146 11972 13870 14999 9828 13849 16631 22578 26203 12649 2860 13511 8273 24865 17685 10263 20182 17901 15968 16214
16424 20023 9259 16086 21644 9562 21331 11757 14033 6775 13462 15632 13083 27951 11793 17639 12915 15669 9767 18594 16969 16634 24520 9351 11332 11586
20043 11589 26408 8691 22071 17633 17161 7040 12568 9902 7955 21052 15782 13510 11281 10016 9236 13861 17560 16053 20983 18088 12563 29345 24279 24729
22029 25012 17706 13951 19934 21887 18735 8742 7582 19857 11210 21081 15922 20789 3790 22133 8457 16079 15709 12887 16342 11133 20287 13844 12150 10944
17236 12550 23099 15028 21273 16032 18827 22205 3708 7160 17425 21792 16237 10172 16526 10497 6183 16876 12955 15834 20232 11528 15618 13716 22803 21759
29401 15200 11216 16976 16770 15809 11707 12210 13463 16490 17299 16880 15560 24250 22985 6680 16398 18573 11889 15313 17654 14013 23228 17526 10341 20721
19400 18473 25079 14751 21800 10788 11803 12141 10532 15025 18476 23351 20647 23849 20490 7610 9784 17177 14329 14621 16950 20777 16594 20274 23331 14796
19673 22728 18991 17985 16304 9954 16750 7885 6982 2502 14695 26686 13447 33859 19715 18658 14476 17007 10815 6251 16179 23646 22948 17937 25659 15699
20706 15018 30153 12452 21283 10630 18994 2105 16310 13393 10145 19002 12834 29562 37215 4591 11302 14699 12199 26833 19485 20149 20161 14717 14227 18937
13360 15506 23942 11418 19982 13158 20167 13801 16187 8621 8562 8959 9262 9962 14481 16739 18390 14891 10260 17735 14976 16940 16718 15349 18549 12212
28468 8645 14108 11461 19224 7284 17361 16424 21439 14978 15413 13817 8425 30140 704 16393 6627 16794 17023 27218 10930 13602 16074 12173 14665 20051
15746 20540 28926 11702 22325 15974 15962 8950 17544 4479 20406 13322 16814 14539 11698 9178 19174 16049 13917 23399 12717 10439 20997 7354 26530 24183
15226 15742 16892 10774 17510 6082 22549 26599 1968 6637 8575 13816 12862 26902 20867 12211 23498 16893 13305 23417 15752 22848 18302 20019 19968 21535
18715 14352 13305 12139 25997 6988 23732 24145 14193 19012 8901 17403 16773 18523 24996 9491 8599 10126 13765 23683 16955 16932 19204 22426 16131 25842
14381 12042 6519 12805 15895 22596 14925 1522 10814 8065 6562 14092 10972 29733 20786 18314 17187 15576 10031 11832 19806 13759 14974 16058 15013 26378
18476 14111 19781 5902 18033 21090 25636 20987 8400 14560 13418 18940 11499 14321 24864 0 15141 20263 7861 21434 14568 10656 19478 12317 19562 14839
21601 16565 23269 8068 25196 18620 17253 16867 7984 9847 15291 20044 14693 22608 25063 25339 2706 14410 16166 8562 17443 14409 23324 11948 12466 27196
18009 20905 24122 13125 19402 15776 15131 16924 11151 9470 21262 14927 13438 19726 15287 14111 13571 13882 17449 20696 14725 16601 16542 11440 18338 20206
12999 18005 13094 11429 17910 19120 17061 13412 10385 14833 13423 14527 20469 19478 21424 25888 7350 13809 11664 10387 8694 18258 15592 21977 22887 18411
17814 14440 17844 11504 19200 7315 19821 13800 19696 13949 9209 13954 15092 34108 28872 21003 15006 17302 15211 20731 15705 11922 16327 17811 9610 12814
22353 12252 12334 7861 21220 20192 16446 16132 25086 8212 14023 12898 10463 10146 18323 13190 20894 13717 13142 11645 14641 16183 16536 17893 18301 21443
20886 13740 11153 5606 20798 5065 14814 9289 9852 11609 6090 18302 10771 6202 21235 9896 10656 15629 12991 16864 13514 9221 18124 13671 17132 13512
18361 12080 18860 5615 21378 12545 20880 12435 20879 17179 9140 18015 10997 43984 16483 16061 16142 20296 12955 19711 9841 21716 21738 19262 10411 15950
17261 11539 27409 5855 20060 13559 19150 18054 14845 16885 18147 14931 14454 11638 8676 8518 7581 14470 10862 20267 16917 15392 20231 11350 9305 28207
19438 11800 18156 11520 22452 15679 19344 19063 0 4869 10253 15518 14239 27917 23032 13556 16157 12950 8547 4952 16446 19581 15830 16973 20239 10528
10654 17655 24405 11116 17901 15218 14734 23420 26957 15343 13204 17342 14056 15914 19136 0 12332 14086 16086 25311 18875 28727 21119 21292 21281 28660
19471 10188 21282 4013 21398 21673 16269 10803 19392 3396 7927 19653 10409 16626 3915 7296 15993 19938 12442 21625 12864 30249 19944 21470 24171 20098
29049 21158 11170 18380 20295 13465 22878 0 12539 16024 23544 27331 10046 19354 22772 23708 14216 12974 12438 23902 19597 21873 17721 29316 15847 3792
21610 16265 24121 7329 16654 14395 16007 1242 12569 15619 13842 18880 9615 11752 10156 4690 24676 16244 8264 7208 12955 25727 21321 10659 14575 18602
15401 9477 20666 9265 23735 16391 13336 3356 15757 8298 8935 12625 12533 4549 18729 8399 578 15420 14696 5153 17763 18076 18043 23811 20881 15205
23738 20483 21044 8160 20999 6584 15026 3852 9914 9120 20100 8176 11528 11260 18273 16671 17816 10548 15572 14843 11574 14569 23886 17574 11752 20227
16321 21749 17217 9213 20856 23339 19168 8489 14377 11723 20875 4904 15358 37769 2603 3818 6552 15786 10367 13148 14183 12947 18202 10411 19747 14094
11086 24201 21104 7631 20950 11596 17116 86 11587 15004 13421 15370 13052 25468 17925 11218 24111 10807 13536 16145 18862 18023 20149 13624 11600 9334
17554 22627 17841 8809 22974 16969 19585 12714 19827 12539 9120 19199 10098 6014 12648 13163 20443 21035 9786 29355 19700 16263 14529 14096 21079 14235
26013 13925 6980 12916 27743 14528 18202 10581 28874 11648 15327 16740 10877 21322 12875 22028 4525 15959 15095 7182 16884 8967 16524 18814 26970 16784
8649 16544 16359 8278 24677 10339 19605 18305 29644 13730 22162 19566 10680 19354 19254 15543 13978 12794 7955 10418 18284 27667 20333 15862 17793 15732
14540 10564 27111 18136 17561 0 19462 10376 22173 12415 16215 10591 11494 12925 20000 21237 6771 20425 10107 18614 17125 10916 18296 14176 15503 15015
11390 19897 15030 9504 18133 17764 21974 2903 12068 15281 5404 22018 11155 21338 15094 24552 13269 19611 10246 7526 17240 20801 17793 20096 6765 10358
25610 8385 19816 5962 21200 19963 11334 15761 23133 9221 20643 16138 5675 23831 26376 0 1412 14358 12002 13411 17726 19674 19508 14523 10887 17544
10908 13545 21437 10508 17539 13358 16041 8879 22679 7303 9452 23717 13729 28071 20759 24582 21129 15674 13971 20607 19569 12346 19014 19777 25004 21962
15417 20767 21505 17367 18199 6635 15725 8793 21072 8776 20841 12771 11593 15711 16322 17453 15468 18371 13631 11646 15156 21385 21888 11854 7260 11837
17241 19699 19767 6571 19213 24059 22535 6004 14152 12195 18417 9302 8689 17317 15548 7107 5454 22509 14117 21899 14955 20292 20264 12978 18141 11131
