365
7 61 87 49 62 36 49 34 78 85 16 39 65 5 20 25 84 60 43 79 68 57 13 32 33 21
20753 9151 33412 12564 0 8408 18095 16171 20514 17702 5972 15126 15846 8817 2104 11078 16509 16844 17361 29305 15821 18364 8448 18248 5847 8072
5342 21507 21126 14072 18484 15825 0 18537 10891 14394 9929 6771 17640 5652 135 20981 16305 22352 18836 15123 14489 17841 12952 13792 5950 1255
10854 19513 22521 13801 8077 11562 16737 20782 21740 20053 21077 7992 7614 3307 14856 22594 16664 22998 10747 15433 12409 15707 28394 16546 4459 13511
18634 17919 18954 15247 19286 13651 11727 20922 15085 16667 14230 14793 15912 13538 16167 13096 13361 24174 18048 13706 12283 19340 20501 24487 14302 16004
0 15816 8589 17539 8994 9393 10515 20526 22541 15080 14062 10067 20245 5529 25341 15956 21037 24043 17937 12420 12834 14163 4705 16468 7953 14800
17746 20199 11769 12334 11549 11857 10999 14963 18333 19496 19389 15627 13294 9698 7688 17692 16073 19900 19506 15757 13868 16570 16270 16931 13898 14621
17720 5124 17930 16252 20549 12750 9645 15003 23404 18336 6725 11849 16732 4938 19695 14025 29784 19847 10900 9129 17211 19484 22307 18707 8424 20349
19687 18681 19368 13042 15929 12056 0 20513 19066 22824 18710 10996 16416 7805 13419 13175 13397 19440 15999 15717 13795 16615 13561 14597 9106 11691
17940 17061 19560 15238 8201 9389 17844 21661 16038 15183 6951 13176 0 9900 4403 25660 13327 15457 18752 17515 16725 16890 15481 21065 13640 9971
15787 8876 26927 8123 13622 12770 0 17010 14771 14604 17880 10858 3425 7814 246 18488 22592 23775 18866 16836 10862 18440 17867 10752 11977 11723
6765 25533 24585 11772 8838 12651 14229 19104 23746 21888 15644 5193 5083 6450 4941 15806 19144 12736 24582 10305 14357 14059 9534 27858 2285 5764
1329 14910 17520 14767 6225 13051 11487 18694 20637 19188 18985 15052 20438 15072 4134 6067 17053 13339 18867 15640 13565 16956 24227 15243 9996 0
4224 18679 23181 12594 265 12082 5548 15676 20776 20350 0 13863 26913 14009 11025 29214 28630 11905 18324 20602 16777 15318 12725 25075 10605 19784
13312 18012 10656 14207 27364 13517 577 16448 24906 23087 22625 14559 6522 11802 4221 16753 30583 20235 12586 14243 14128 19823 19689 22677 13483 13994
8423 21831 19506 20830 21440 11352 130 14471 23428 18811 23484 13023 17498 4028 28015 8055 18388 11136 14254 12495 4761 15607 13075 12067 11751 7975
0 25469 14245 14099 10954 14812 20634 17202 15239 21219 11243 11738 18075 13172 1453 9484 13259 13759 21017 21583 16548 11959 20489 17388 16256 7062
9121 16926 19976 13446 5837 12513 17324 18226 23519 20711 20604 5899 12 8206 13087 11277 23663 24367 20891 18803 11701 18248 21176 19597 7802 19096
21820 11366 28227 9398 16195 12543 4296 20111 23950 25219 4838 10893 19849 9882 2828 13370 25684 22780 24021 16747 17351 18884 16647 15604 18520 7017
8851 14695 25987 14683 9839 14878 9886 16401 22767 18160 18134 10661 28742 5671 8527 16441 30441 12051 13569 16755 11584 18047 13608 14653 9825 6089
3396 10300 24198 12920 10409 16283 9606 20732 23761 20850 10188 11956 16203 14417 12478 8966 9818 15709 17651 13149 10066 16106 16658 19807 7697 10040
4091 19215 17778 9661 17927 10678 4752 17520 20026 18429 11382 6426 11743 7929 9404 15953 25648 14198 15603 17010 14614 15225 16324 17596 5581 11840
24665 17486 14019 10575 10170 13637 19454 17065 18136 24537 10087 7346 13115 7778 19186 14533 22818 27478 21605 9496 15676 14087 15200 8668 14763 14603
14395 20419 16548 4328 10751 9959 2229 19127 25438 20690 19728 11030 18170 8960 1082 17236 8756 22249 24240 20353 17490 17796 21893 25346 7058 14086
7628 9617 27847 9402 17255 13462 16698 17597 19656 17423 5880 5631 17368 3318 5160 13771 32779 22089 20585 9030 11613 23170 10740 19235 11672 10912
26035 22803 24181 13024 16432 11959 23012 17928 25935 24480 873 14900 17541 7818 4488 25809 32951 15489 10391 15074 16120 20650 6315 8329 12162 17228
10386 18051 24601 9792 10773 9822 18760 22287 18869 18834 15411 8376 21781 12612 9003 20382 26508 18939 18183 16400 6411 17338 22882 15348 11937 9965
5893 16945 18688 17856 10887 15283 19642 15874 26724 16408 18972 11140 16727 5966 13405 26927 26687 19539 19134 12600 11449 18136 10814 13368 16531 11528
14235 8376 39938 15905 23472 15371 14832 19767 17530 16566 20848 10668 17652 9432 9225 18152 19298 18603 18694 16676 13547 13335 23846 11685 6199 11963
5829 25511 18621 7968 23736 10760 14979 19447 19384 16495 15480 9490 14111 13474 25799 18218 16209 23851 20619 25367 14095 14692 20810 20187 6335 11986
13239 12952 14075 12450 3194 13057 815 19758 28999 20344 8963 10772 26073 13574 8122 18120 27130 18049 21267 14890 15124 18012 8263 16110 10288 11840
21199 13651 13031 10676 0 14261 23751 14763 10640 15597 21910 13632 17082 9234 5157 0 19726 26373 13929 18458 17295 17469 18272 15891 14609 21453
15289 15240 25383 16339 3830 15210 5933 20984 24120 23114 25332 13317 10640 9934 14617 17546 27991 21561 6966 12665 16312 17767 22651 21890 4108 10560
14317 16749 18346 9080 8139 14374 11402 16222 8370 16614 0 13645 9217 12893 16635 18157 12018 18303 17748 17598 16215 12762 7414 20974 7146 18134
0 14032 25826 5325 21544 11711 18787 17247 18219 16168 6041 14131 17517 5484 25739 8448 3493 10019 12470 14524 16195 14818 5389 18378 6656 5113
26449 4577 20371 15561 7148 13209 13649 21012 13417 20164 11487 17749 17984 4291 14130 19892 22088 24748 11756 17369 16515 14961 19176 11594 10733 8795
1636 17559 13974 15697 15640 12211 11842 19845 21475 17894 11059 9851 6261 10709 10025 10237 20607 15697 20982 9088 14420 14149 26578 25467 11917 17180
0 19847 33011 15640 7009 10781 27775 11886 19429 23121 33435 7253 12620 13592 13851 15088 23699 25651 14674 21970 16477 17117 12792 20006 15637 9160
5511 10560 27921 14358 21300 13713 3833 16594 16303 22760 15893 12579 7886 11358 4691 10697 10674 26056 18267 19769 13943 16112 20507 25210 12623 791
26804 17007 30239 9039 12774 12455 12096 15124 20229 22159 10938 11955 20242 10814 19443 18653 22712 14184 13010 13040 16678 18427 8027 24854 10070 5719
12716 23409 26873 1470 12434 12597 17174 20480 15968 23024 22206 13887 15514 10005 15648 16390 12601 8216 16861 8988 6410 12760 6318 19778 7084 12815
21979 10089 25093 12119 16571 12740 9966 21906 18687 16365 3587 16293 18057 6915 24992 10994 13484 22391 25777 11064 12052 16802 10859 5117 7732 13094
17115 14936 15010 19135 7332 17555 14361 21691 13075 16659 16066 10252 22729 11030 12234 24938 10849 13308 22173 12314 15906 19057 26563 11661 13697 3390
15241 13576 17293 7331 11725 14847 14672 16174 18002 17750 12037 13204 21086 8860 23644 12582 23563 15820 17076 12604 11999 16968 15629 21304 13480 11849
17198 13776 32558 3268 13921 12087 9579 18848 20680 20103 6478 14063 11275 12324 14690 9589 30363 17213 15140 18886 15450 19170 20657 16477 8730 15029
4167 21999 17857 14525 26542 13184 6522 21253 16826 20617 13561 9693 21412 14963 18615 15049 21238 20410 18709 16135 15735 17209 11886 21838 7720 29349
18577 12934 21375 0 8072 14085 3924 22142 17949 21649 19014 9265 14984 8518 3107 13060 14557 18376 13196 28357 12717 14105 22318 17362 7005 10993
16161 15432 21168 4495 10594 7248 11362 18992 15454 20229 18928 10361 11439 7801 24425 17465 24892 21937 15623 13330 10729 12969 20731 15145 15393 5657
2019 20897 8460 11780 19490 14982 29985 19695 28360 20604 21712 10605 2613 5473 18979 14705 18962 18848 17297 10566 6825 16527 16432 21424 22735 16311
8515 22413 25019 7174 6927 12266 10780 20416 21224 15880 14928 16892 9140 11867 16166 22406 15696 24353 12454 16275 15012 14875 24157 15531 9076 27710
7705 18816 18385 16922 15227 13780 6732 20400 13751 19388 9501 14463 10392 7316 12193 17219 8340 15565 10995 14121 13595 19676 14071 11166 6773 4801
5939 11708 22010 10833 11781 10348 10114 22376 18403 18512 22940 6282 18570 7820 726 20244 16327 15209 14427 12369 15478 17126 16120 15218 5825 21223
14019 13298 1538 12841 8475 16604 10645 18317 14569 18627 15567 12477 11979 9468 8753 21819 11553 32207 23797 21661 13084 18858 9891 16025 9221 4149
10370 10883 7373 9784 9826 17047 3762 16223 25261 15429 22311 10421 6739 7449 11315 22961 19708 26917 23759 14764 9703 13940 20548 18328 12636 12468
11402 15069 21661 14941 11118 13293 7057 17796 27129 20730 0 7783 7351 12268 13074 14346 11975 8092 21510 16625 16750 15326 6450 18824 10207 5877
0 13481 12564 18223 14788 16421 19039 14865 16172 17540 25327 6160 24077 8546 16894 15000 24507 19689 19956 12943 13821 12824 14623 12067 9427 3308
5533 20065 10187 20875 5731 12980 783 18322 17632 21147 19605 14383 19782 14218 31922 14481 21131 17510 7763 16253 13291 18628 20978 17190 9423 4883
158 17564 19732 15685 13189 12025 0 17960 27188 18450 8981 14902 18504 9099 15817 22440 19731 16709 4396 10920 12857 17725 22475 15346 11577 10780
12135 19038 22420 1601 2727 11414 21840 19615 13898 21330 16879 6928 22729 10525 14510 16293 22486 30519 16065 16729 13850 12046 14176 15338 3149 7685
3782 12867 8087 15228 0 14572 6612 21443 18192 21329 11460 8501 22947 10456 5629 18247 22995 18611 23733 22121 14571 14924 10280 18798 12021 19242
10564 21046 24075 18054 8625 12226 18522 18394 27932 22898 9462 8813 6341 6915 11019 22397 33158 20342 15566 21588 15020 20034 25286 6945 12912 19901
14885 14197 18595 15188 9216 14773 11328 22496 7506 13394 21948 7632 16304 10462 8941 24069 22626 17126 7952 17099 15622 18577 17046 20255 8423 21102
10328 11921 23059 19338 29101 14223 11926 18962 22369 20518 4983 14545 9102 11908 576 18771 11508 23025 17475 21444 12911 15307 25089 18118 10580 13113
10989 23452 1444 15407 12396 12827 138 15014 18575 18210 20878 9845 16150 20434 20186 16919 17566 21672 16787 20016 14316 15749 24092 16322 12038 7515
15592 25606 10519 21913 14949 14625 11866 20658 13321 21379 14661 9786 21092 12584 14459 15905 25511 23887 25784 24827 9949 18429 21948 20347 12252 14214
10921 29943 12092 3199 12760 12529 4127 23699 22399 18988 12187 16611 15604 12542 2326 12538 11956 27875 20790 17596 12947 15981 22739 9367 9384 26766
19294 14988 25075 13181 20608 10812 6599 20233 18188 23858 19946 13497 13171 9628 32071 9200 9437 15644 13785 11143 11953 17290 21190 20033 0 22653
20705 25725 19011 17473 14837 9330 13153 16134 24541 21648 15555 12248 24706 15289 16324 15389 12232 17632 14501 23448 9106 11658 20297 15600 11228 854
7088 10432 24720 6489 22936 17917 15438 20431 17726 21367 13500 11483 7123 8069 1407 12445 13633 11124 15403 16624 16010 16893 13435 21000 11129 22371
2283 19992 9926 7587 7569 13860 13880 20898 17906 19300 20392 12522 16763 7486 9896 28157 26243 21464 17859 16482 17231 18182 19362 9540 13000 0
6543 8432 32322 14779 6926 12524 5143 19865 19840 20020 33453 10066 11074 14787 12060 16433 11838 13615 26279 13871 18289 15081 12075 10012 11237 7921
5238 15594 21552 14087 19798 14877 20688 18503 15992 22106 23868 7899 14228 16205 10401 18387 10059 15165 16782 13269 15748 15063 15834 24167 14095 6272
5527 26494 13516 8229 12349 15944 8844 22114 15979 13275 0 7244 8932 24543 10906 16086 20134 19376 23058 16248 14630 19320 22233 13357 9910 9215
4740 18199 19675 6158 10418 15614 14173 14644 22740 19279 19232 6195 17177 2976 15887 22293 19676 12322 23152 12899 19222 15072 1897 21103 14548 13585
12477 20987 24668 9749 20707 10501 16685 19809 14759 16032 0 10870 8405 7491 17944 10203 8311 25984 3836 7574 9463 15599 9504 19881 9605 7089
283 15737 51065 10167 11620 13927 2311 16079 13529 20617 22647 15866 18004 6103 11321 18067 24099 16224 26327 14247 11309 17856 11723 25979 11050 15379
5271 8606 19198 11301 10221 18550 11651 18688 26075 18017 0 13628 18148 8412 10202 5014 20027 14409 20715 22478 10585 16869 14741 18643 12714 4102
15641 22025 17981 12351 15864 17693 14022 20024 18605 16379 14491 15010 19099 11073 20166 16045 24737 15505 14010 16927 15590 15626 18787 11722 19307 18036
8779 13857 23445 8778 22984 8394 20944 20232 18027 18541 13352 10845 7999 14422 16251 15998 18620 22605 25568 20303 14970 15070 20118 18387 10725 19537
0 8991 16381 7692 6946 14495 10880 18567 11504 16377 5551 12521 15425 8436 2559 18124 22974 21537 13768 21164 12387 16337 13943 24533 2423 13053
13161 25303 13686 16597 2490 16747 12652 18667 25338 17064 0 9917 13617 0 6986 20883 22823 24346 22751 15527 12687 21097 9526 21057 11397 6287
10834 12525 12734 9031 22614 14005 7926 18795 13984 16094 6644 5728 14656 12176 11975 16251 8661 26793 17403 15838 11747 19236 14731 10673 10657 5894
7168 10786 14904 14000 16202 15894 28241 14619 22819 21277 12514 5775 11198 19710 14335 8410 19135 10376 14072 13886 9277 15191 18638 5867 13975 14794
13046 17624 25461 13448 10331 8435 16074 15697 14940 17993 8975 6911 11623 13733 960 18009 14393 23553 21433 16670 12792 15901 5058 13033 3847 5742
7334 12035 28747 6874 23346 16621 0 16466 16151 19373 5391 15593 11721 8603 10916 18423 26460 15079 21757 23234 13026 19805 12765 21736 16442 18845
0 8194 9274 8571 5695 13569 2073 21679 20470 21527 17510 8911 4082 4385 23134 10157 3532 14001 15760 9303 9337 16443 25268 15547 5974 6546
12939 13191 21942 8767 10604 13175 9373 21874 15375 18952 3307 10716 13754 11045 23417 17218 16802 20854 16545 10626 8337 17714 19207 14920 12192 22553
16720 14559 9072 12587 20190 12422 10392 25424 23746 16216 17151 13014 19256 4671 27301 18361 17194 15875 23830 12171 13105 16680 19082 5256 11166 12842
6444 18201 27311 5845 10875 9021 17513 13511 17281 19446 0 5924 14076 10779 21246 14535 17260 26041 22000 12273 11199 15728 14740 8938 7872 16007
13629 13897 25842 9365 13138 11913 6168 14248 15536 18899 32125 9821 12984 7762 12930 16659 25724 17855 9658 23355 20573 20077 17923 27145 16172 5340
14458 28102 9064 5937 16511 17838 10962 13493 21038 17370 15677 6594 15590 10942 3027 11658 17920 23435 25466 18187 14550 20076 14602 17502 11249 24119
17845 21968 12205 18786 18648 14072 3396 21372 12791 16767 18379 10712 22905 5975 2399 10701 14950 21142 27354 9990 7523 17877 15524 32899 5197 13063
11359 24380 21378 15380 15193 11873 23550 14907 23851 21016 11704 6081 17861 11034 12689 25956 23550 24736 22300 8429 16117 15889 18241 20661 8762 15746
7088 8330 25280 18538 18049 18684 20763 15034 12917 12470 22320 13561 1662 5446 11761 14243 10617 29815 20996 17621 13654 14557 22637 22696 13698 4490
25395 26395 9691 9920 12340 16825 14549 20046 27637 17713 7707 9184 11510 9263 0 18732 25902 18225 10136 17982 12966 15175 9082 15741 18362 19472
3794 15541 25064 14143 8402 10606 17365 19318 13584 22177 4276 11149 12281 9812 14220 22792 19405 31212 17365 21944 9038 14275 18484 7113 17063 3756
8036 17569 15957 17171 13754 13238 18825 20089 20474 18004 4925 15983 7029 5052 4297 14645 18765 16666 11469 14576 13290 22457 10499 22424 11932 14860
3267 11202 25127 4977 4351 12370 7814 16015 18121 12593 19244 4171 26410 8304 13926 16498 18926 28093 22412 4770 15959 16263 11676 23552 10868 19080
1625 17301 21214 4750 6543 11948 1482 16738 19463 17011 8042 7987 5248 8987 16681 16143 17782 19373 12499 22064 9135 17545 14633 15590 7288 9048
19665 12239 14105 10493 11043 13622 1698 13815 21010 17898 9871 8555 0 4406 10590 24995 29181 26020 17429 19011 11233 19829 27792 28305 3275 3702
21508 17593 16212 11369 11490 15683 8940 19850 13399 21370 3332 10738 19281 13876 1657 12333 30138 21425 15376 12119 13245 20013 23466 22596 7285 21944
10099 12243 20828 9724 23387 8943 23013 17949 13670 21423 8774 13743 15077 3243 2288 20585 19339 20255 13311 18232 10370 17326 18231 12137 7214 2709
13654 23521 16759 13095 17234 13179 16222 19490 14892 21176 12959 9374 19973 8623 21565 14546 19744 17845 18996 13475 12967 16006 19699 26044 7288 23464
8560 13662 7155 10685 12784 12878 21028 23845 2898 22565 19478 12941 8812 8852 317 15278 19978 24369 19612 13664 12219 18866 8397 23205 8190 14453
11752 15274 21275 13734 12467 16097 17847 22425 18387 16733 9459 10201 12705 7957 9164 6768 17181 22979 14735 23322 12016 16397 26022 25416 9156 6083
16452 14243 13649 7633 15714 15976 12843 23894 8728 19391 3570 8383 20353 15540 15678 12175 28780 24535 10704 15389 12838 19139 26217 8676 17992 18849
7055 17490 6857 9793 14702 11742 5456 18848 22662 17081 23126 12437 14916 17214 23755 16879 20763 28140 16133 18728 9176 13078 21671 21094 9845 10721
15631 13903 22919 10530 13974 15707 4601 19534 21658 18059 8675 10583 15034 16354 4516 19896 6688 33516 8612 16808 16636 13038 18623 18234 16652 27750
23115 23489 22101 20081 17036 9883 11627 22202 18552 19105 21012 12341 29219 9194 14654 23833 14932 23821 22694 8894 16420 18740 19768 27401 9217 12654
7003 16991 17432 8743 16679 13349 21780 20355 22463 16670 0 10331 10947 17325 3864 1395 20116 13084 16922 18227 8543 16171 23419 19101 16201 19887
10521 8809 17836 14340 6588 13730 10686 21879 17977 21783 9017 11455 19006 12134 10817 14738 31213 27224 12895 21274 13462 13601 12567 20202 14759 4961
14910 17478 11908 13001 6408 12189 11908 14921 12108 24374 29340 8212 9898 10394 20518 12028 10563 12763 26278 11811 14179 14511 23401 16871 6723 14131
23069 19806 26864 9171 6199 11401 18137 18306 15245 24398 20871 10637 19581 16291 1706 18885 15240 19571 16122 14191 9995 13127 15753 20232 5550 15269
15104 10567 19215 15054 16016 12043 2499 24048 14880 19413 19181 7159 2893 11064 7608 26508 15558 18145 20235 21818 12458 14701 18561 27956 5554 4287
19786 15524 27747 15961 8439 15325 14755 20011 23095 15158 25705 11000 6140 7663 17799 21650 12345 25683 17007 26640 15090 20860 3404 27067 10944 3344
14486 10304 19925 9351 15786 14911 6762 18694 24102 18239 27081 9969 14364 9045 23247 10023 22739 25487 14429 20430 18528 19664 18214 15699 14006 13715
9024 12284 18167 5873 8848 18379 16994 16022 13888 20755 15729 5384 25296 9160 22210 4275 22898 16179 17694 12780 12264 19682 12754 17991 6738 9868
19506 10894 15973 5795 16697 14567 8529 16955 17538 18500 0 8325 26045 11081 11568 16697 25265 18881 14868 20896 12285 15142 13583 7908 10743 4954
5003 22297 17886 14672 15919 11131 18288 18353 17298 19225 11681 6207 13068 11710 14077 11290 13200 17987 21788 20108 13694 16901 15984 21219 9460 14111
21040 6308 8096 13228 7874 11450 17641 17166 21686 17056 5212 12163 16593 11752 6704 8985 16140 19962 18263 18603 14113 16920 23344 14183 11875 20464
0 20177 25895 6245 17733 15104 0 22392 13531 24006 13656 9805 15435 13017 14578 16669 25206 27660 16781 22440 13276 13660 25053 10718 12912 24356
10104 17529 22102 16891 19513 12288 451 23853 9349 18565 14696 13064 8744 15537 5623 17169 27609 24300 20292 17910 12643 18103 18702 18719 8228 8208
0 13206 10537 15006 11014 12304 12320 17735 18461 23300 26293 7744 17140 9299 25660 18593 28914 19609 20192 24466 12208 16044 9486 15650 11967 4793
6703 22835 23711 9051 11287 14183 26235 18274 12288 17357 20422 7207 16635 17797 20247 22723 21140 8407 19581 22523 12504 16700 13253 18291 11203 11370
10697 27313 18550 20059 19622 11457 5736 19718 22284 18147 12463 9859 7844 9334 14694 19438 20277 18337 18581 13846 12561 19394 5823 21515 4732 16226
19183 18106 19743 6756 4691 11434 7710 22433 10800 19431 3302 7887 24486 11527 11177 6274 15563 19179 28621 16521 13166 21361 18840 10191 5685 30954
29486 14358 9343 6559 10466 9504 14008 19274 16425 22290 7266 11627 5882 14363 5259 13931 14756 15134 32886 15727 15442 17881 20471 24143 1054 13468
12006 17808 19306 11720 11770 14910 0 20897 20475 18950 5802 9171 15165 17110 17067 19857 16312 29089 21519 12103 12069 14558 16268 20527 7445 11647
13321 18174 10644 13437 12073 13360 15133 23970 12937 18110 6644 10322 12007 6648 24710 18277 23364 22120 10827 19401 14688 17839 11163 31943 19987 3819
4082 20256 19771 7194 13816 11277 11614 16752 18358 14256 16306 8677 17727 12286 25319 22409 10368 8124 26134 20951 15672 17611 20595 12040 11942 15722
26211 19840 16008 6180 19345 11001 4241 14131 12019 20364 14547 9561 13239 4985 12299 19635 20950 19554 14215 25809 16739 16363 25613 22550 8361 7962
14151 10839 16046 9613 24886 11965 2255 16041 11464 16613 21397 13620 11534 11632 17543 18663 19072 17168 13435 21059 13756 18823 15650 27698 10191 11847
6962 15879 8128 9251 11175 14372 13706 19103 24143 22662 11167 7453 21794 9760 16360 646 7029 15405 23960 17899 15865 13985 13200 21195 14992 16841
9736 7918 33307 14096 12020 16817 15837 14486 11520 18957 9539 8931 15840 6983 11889 8661 20334 26151 22533 28588 14247 15195 22199 20093 16202 16926
7892 25574 20054 13248 13592 10176 7240 18189 18852 19843 13917 13434 8123 12053 9299 17418 20391 16057 17080 13173 12865 16096 15670 15102 5740 20440
8381 16092 26456 8564 15114 13606 14913 21766 21474 13139 16352 13936 15465 11501 15234 18630 33613 23003 20773 16404 16788 11734 18448 6953 8859 7425
7803 14458 8726 13006 19084 13290 18024 18154 19137 21517 0 8754 0 13004 13378 10158 15898 25236 24155 18868 8312 16743 15670 31427 12616 24606
10909 13981 20437 12647 17060 11375 9714 18604 18329 24259 6644 10982 11895 13764 15021 15140 14975 15138 27627 23029 17717 16901 18976 20557 6327 10340
16895 19960 20051 11280 12157 12645 8695 19181 15228 20820 15780 12136 24589 6810 20736 1256 15015 9325 25081 10722 10743 18800 15630 15237 15901 6378
0 6002 13796 9840 11415 14890 20782 16897 22535 24515 8994 11320 23092 9649 7534 19540 31734 9899 16561 12543 9966 14459 10069 17371 12444 17461
157 13383 11733 17234 19796 11937 9836 15361 22150 20644 9397 14855 12734 0 20479 10609 16836 12054 24336 18426 18741 13021 13186 11215 10480 10631
12721 11149 21450 11539 11165 13374 14135 18538 7936 20991 17888 11452 0 9752 2221 13358 25804 17776 18036 18531 15290 13005 18501 15112 17813 17528
15819 10918 16167 5543 19721 14546 13160 15029 15476 21590 13146 15504 20323 10946 19758 18474 24125 16033 14658 18739 11095 16155 12442 18481 13399 22049
17459 11202 19434 9897 14690 15750 18245 20069 13210 18485 20029 8315 19988 6832 7731 14473 15369 22925 25612 15057 17421 15262 4368 8822 15200 4584
3987 16011 11303 12232 16771 12765 12103 15546 20809 16791 17033 11916 17456 6773 6852 23556 21413 19904 24283 18596 11045 10535 23360 14205 13382 13883
23778 17207 33249 17514 12583 10511 13797 19192 21609 13860 18080 12209 10826 5690 19673 10880 13021 20223 15182 15476 8599 23328 30033 30811 3957 19212
12817 22662 20793 11846 15328 10555 0 16412 21096 18845 34171 7436 10069 10942 18567 7766 18374 22007 19776 13923 16261 20620 2390 16837 11673 8597
8936 18174 15852 15697 6823 13522 411 15724 19529 19802 5518 6605 8470 4849 23304 21764 18913 22591 24667 16903 11359 10404 15725 20687 7287 11042
6290 10461 16936 8367 13147 12725 13395 24046 19296 14826 4153 13237 20484 7801 11880 18283 20578 22194 23902 11313 10680 18027 19724 25346 10373 14962
5483 7928 20613 15401 9613 13759 3075 15573 20747 13783 10953 10378 15813 12472 14384 8161 19811 19391 14041 18856 11286 16202 14961 16571 10528 12213
9560 21833 21028 601 28711 14725 4969 18268 13435 21981 17282 7106 2937 14419 16981 15125 23225 17539 25762 23016 12776 13647 8171 17904 5139 30316
14178 12427 14778 14222 29892 12998 5045 20674 14643 16125 16111 9153 22323 10681 14235 11499 20455 12190 20825 10181 15072 15348 23188 1011 13552 5029
9666 15600 22182 7992 568 13443 23003 18515 22673 19433 20379 16483 7522 15186 15913 20852 22659 20633 14537 24461 13389 19541 14647 5805 13959 18150
11705 12954 14183 14983 12777 15347 19107 19406 23457 17480 18699 11670 17535 2165 17912 17091 13731 24316 22254 15394 15527 12176 10088 15667 9773 14373
4993 8305 2572 21888 10187 11534 12976 17113 22792 13777 14866 9688 16700 8602 3361 14850 19796 25146 20088 19657 14689 15711 13504 3736 7937 15228
12372 21377 15545 21008 10447 14788 13012 19020 14868 20161 4097 11966 22355 11574 12790 19081 17502 11034 21506 18269 8615 18275 12202 24095 6173 149
5924 11926 28593 9486 9197 14589 5170 19583 21021 18544 18826 13960 12826 2753 3143 8228 16913 7688 14348 15781 10364 19165 11738 15768 7398 12423
17091 7139 32625 21722 17505 11470 12554 19040 21341 19507 23199 13176 17434 3051 17467 15428 27188 23646 11666 17711 13561 19732 12491 7556 10020 23597
0 10652 19537 5726 12108 16319 11083 20313 24639 19859 2675 7110 22557 6908 11174 5676 23976 22416 20840 18105 15218 15478 27141 20374 15386 18052
22886 13615 24790 13114 8278 12589 14987 19183 17564 14688 28725 13379 12232 14595 3653 7291 25963 18619 21429 14501 17533 19568 9017 30064 10229 21372
11546 22769 21869 11332 13100 13199 2397 20665 13399 17646 17545 10055 14092 13650 15160 10020 18636 3724 22025 24805 15288 15750 17401 7714 6549 21286
10687 9937 26768 20353 12317 12361 9582 14884 14723 16695 24101 9600 17807 12378 16803 8696 18889 18397 13826 13437 12806 17201 14289 22399 10250 15602
16526 24606 14073 12367 17960 13760 9091 17996 24835 20151 14426 7300 18713 10948 9023 14150 29563 22846 5852 18483 15527 17639 20442 35010 8841 14672
24929 16749 15744 9923 13955 13150 15121 18691 23927 19112 25895 12249 5729 10074 28057 24508 20486 23876 22123 16479 14513 16441 14612 11424 10593 4606
8952 21250 0 14963 0 12317 16383 18297 18636 22986 20002 5712 11351 4643 14090 24846 23307 12716 11312 12231 14897 17617 18898 12204 15263 10340
1764 22829 12127 12114 14633 12946 5179 17352 20791 19045 6652 12075 13446 13382 17977 21445 20951 32037 21937 16273 7611 12826 16025 26284 10300 10844
13058 22032 23904 23150 17864 12933 21990 17732 14707 17529 18713 8422 20551 14074 13127 19186 24529 15965 18461 10751 12823 17740 12848 19087 7293 13880
12390 22936 20659 17295 21047 12114 10289 14712 14971 17157 5625 9457 11861 12373 13033 13989 26892 22583 19115 24708 7472 20039 9752 11633 14007 6862
21150 7250 14301 12605 12685 12682 12109 16074 14646 19079 14517 11866 21708 10764 6685 19089 23291 25156 16295 13464 14021 15599 13534 18482 13907 12099
0 12220 22553 7088 18869 12438 17710 20178 23699 18336 18459 9875 22844 4048 14164 23666 22599 14980 17242 17733 12994 19053 18597 8656 11029 8298
0 17277 19010 16616 15088 11232 13994 20989 16208 21648 11626 11411 10902 13566 21986 17369 19558 21552 16056 10917 22080 19728 13555 1766 10769 18575
24664 32176 23400 8970 17198 17179 7480 19409 22185 23595 13587 10470 3983 10179 7287 19225 27651 23557 17325 10152 12192 11708 21225 10797 11551 6438
15477 19128 17225 7152 10608 7739 15627 18614 15283 17389 15389 10529 707 7139 5247 9129 16654 14766 21485 16261 10899 22496 3906 10529 11074 13701
19269 10875 13140 14058 11536 13757 13822 13820 22088 21714 13139 11426 13605 7053 17330 12819 15727 13601 11454 19332 13635 15433 11891 17877 10497 17820
12210 16977 25764 20928 17879 15185 11867 18324 17090 16689 5922 15694 6963 9918 5925 13278 29049 22438 18685 11200 16936 16102 14320 20542 10297 19204
13995 18716 17976 18274 10121 16758 6122 19911 22187 17071 10608 4560 19077 6582 19439 23867 24066 22898 27505 14051 17192 16264 10158 18514 8471 6137
18210 8385 9276 20093 6887 9457 16498 19056 24420 16775 9927 11424 13225 12470 10683 11810 21149 19851 19437 21296 15236 15910 5121 23689 10685 8683
31829 22961 20228 18755 25272 9320 14051 20207 16271 19222 8103 13898 13618 7859 13327 18627 21481 19924 17044 17617 13560 18465 5468 14806 10052 15003
7053 8959 2883 2705 17753 9929 1248 22600 29235 20248 15152 5927 13353 9267 13755 16194 23241 14229 15921 17458 15750 18194 21943 19953 14370 4620
5564 7500 18986 10223 8832 12794 16655 20517 16809 17622 6348 10412 6954 11828 3056 17488 23979 20080 11182 15761 18105 22385 17794 8029 14338 16344
12539 21442 18541 2912 14990 11907 8885 24396 7893 14866 6325 8648 22111 15214 6603 14213 19565 17693 15713 14393 15402 18381 25733 18118 14924 16334
0 17680 25660 10818 15049 13582 17259 18691 14247 20695 18557 13646 7382 7244 22944 17740 15974 21372 19202 18816 16147 16728 17457 19574 17644 22339
11455 21533 13489 7577 8500 11796 7319 15761 16979 14337 0 9084 15457 9630 10112 15712 22193 13211 14459 9952 12023 16266 9815 12246 9791 23452
5055 6722 22444 9679 5504 12527 8723 12044 21220 18667 18337 10261 17084 10012 15193 11240 25288 16657 18280 13562 16154 19174 6175 14140 13181 11542
14888 21113 17782 10947 4018 13873 21625 19987 16438 17132 21427 9730 27855 6751 24844 17954 20006 28581 17085 16718 9687 15748 16068 21435 9721 14747
21250 17753 21114 22612 6805 15118 13337 22266 18398 21842 17682 9721 13042 10532 23473 8006 21192 33330 17708 16956 11323 14255 19225 16301 10351 4137
10801 13248 0 15989 16410 11303 16612 19943 18917 13165 26811 6021 20920 10410 7672 12849 22756 16375 19776 17686 14269 17181 11188 22001 14118 5576
15351 19052 18015 17006 11713 12349 2936 22493 22329 17745 17865 12712 14294 8098 20086 23114 18230 21555 21200 19856 16945 14392 13327 23544 12295 10929
0 21131 23634 12618 7840 11544 14083 15055 20124 13244 11373 12063 6966 2284 9357 9453 23071 30244 15229 19140 15506 18286 8196 25438 11220 5640
12956 20413 23525 10652 12248 11753 9270 15796 16487 16043 28807 12705 15088 6740 8592 18573 26007 23114 12497 23676 12270 19067 8619 17297 14062 4173
21637 4309 12076 12493 20649 14248 15521 13770 14382 18380 14320 13033 13962 12025 1722 15195 30901 17630 37346 17065 17955 9954 11331 21975 10381 7019
20642 7634 18006 16327 9705 6413 17605 24625 24099 21362 5127 7672 13540 13607 17629 15482 17561 12354 27411 12254 18102 17562 8529 9323 9820 9248
15556 13900 26157 18791 3789 10181 12137 16855 14377 23578 12832 12042 13906 8179 3703 11673 21865 16025 14591 16512 11075 17611 11481 18360 13615 11358
11605 17538 9531 9321 23097 14995 19646 21003 22046 22047 4790 12143 15463 17188 10302 2096 18302 24499 25551 17739 11984 17501 12196 28728 14330 6790
7915 12414 30554 18775 9785 14206 4770 17367 8507 18984 13119 9151 14899 7116 7235 12231 11105 17921 20061 21072 12906 17487 12543 9595 13815 10843
23473 11743 25871 11407 11498 11266 24388 28219 20351 19623 25494 7185 10204 7030 7242 13942 25004 25672 21229 12399 16923 20216 4382 20623 5647 15368
11416 18034 21030 15485 19934 11328 6332 19195 12951 21359 0 11586 13007 7297 16951 27724 22358 22689 26159 19548 9530 19721 18968 18582 14659 7594
19878 21223 15400 10409 18421 18355 20751 22560 13948 22780 9994 7169 6810 4986 5392 0 17085 25861 17779 17135 14262 13145 15888 22577 14040 18774
0 25260 17192 11578 16427 10260 17444 14046 31003 18831 21489 7853 12916 10278 10461 24533 16110 20650 10440 15643 10788 22518 22544 9373 11213 762
0 7194 8915 7644 16976 10327 10218 16683 8930 18096 13879 7902 0 12815 9943 8049 32456 13907 17573 16500 15840 15887 24157 24136 6526 468
11881 23357 20455 26097 14490 12996 0 19246 21921 20397 19502 11702 13844 7636 15938 16872 0 25696 14256 13980 9911 19515 24094 18407 12078 16349
0 14345 25356 17949 11452 14104 14765 20069 18115 15440 11428 10176 17779 12932 17136 9844 28532 19023 12486 10635 12107 12282 15211 12722 13373 9573
13351 17123 12930 3786 11614 15844 26453 15238 11650 20527 15336 12239 11942 11262 4101 15682 11931 21043 20326 16280 10483 18615 22919 17737 3309 16777
10585 21525 27293 15890 23937 13481 18392 22319 17333 17618 22623 10216 14565 12588 13095 13578 30726 17349 22683 18277 11929 13872 22427 17844 13774 21881
23533 16967 15847 18087 8313 13109 9763 10292 24961 24390 9762 13653 21864 11984 13801 18877 19152 29584 15704 15677 12208 13388 17648 18549 12789 13036
0 12005 19475 1473 10762 9198 14958 19691 15586 19740 17876 10822 9248 7721 4805 23069 21134 16335 20447 11283 11303 20932 8143 13679 16228 17273
0 20972 15051 14385 12242 12111 12215 20888 17597 15463 9368 12204 19586 4338 11502 5703 8539 13686 5856 13280 17274 15582 19330 18913 17248 4630
0 13446 13506 16087 7204 8251 12284 17072 20822 13613 18137 8855 9011 6982 8318 19713 12303 23067 10122 18895 14687 14706 7391 16655 17957 19040
5666 12460 7816 11890 11233 8478 15630 25143 17624 18154 2056 9312 16556 19508 7369 12473 22051 26365 23083 12713 18291 19296 15477 17229 14559 5203
1759 15645 7703 16973 4029 16245 3743 23127 18571 17592 6567 11308 28413 5165 19272 19427 20397 21932 17210 20184 9306 17150 17778 23440 11651 11724
19277 22081 26022 11519 10916 13343 12268 19944 12480 17794 21724 12289 13613 9331 16821 13987 24107 21791 20119 16282 14793 20150 27554 20639 11739 13401
3780 25737 42557 9027 19000 12109 11791 19629 22401 19685 4301 14116 5253 4231 14827 15599 11643 18302 23201 13758 16284 15036 12802 5337 16850 6977
9881 11478 26196 12851 13520 14896 109 15414 18055 19018 21302 9624 18093 14994 8400 25958 13219 25642 21057 23473 12734 16453 14376 20618 6960 14757
13787 13710 29180 16139 17168 5382 14606 20052 22129 15182 0 11015 9794 3139 23412 12396 28773 23544 12804 24970 16502 17924 6020 22119 13349 10367
16472 15472 15125 6083 15716 14149 13373 17641 15228 15311 11198 11281 12097 14612 6905 16423 16431 24213 21424 11926 15065 19403 12564 29104 14138 28192
7018 16457 28087 18879 12215 13639 18573 15516 20819 21571 22690 13082 16348 14045 1832 6299 24225 30079 22921 21833 11605 13969 11817 27626 9641 14359
0 17844 20878 9681 17621 16102 11049 23585 24618 23781 14796 6292 19390 10169 9494 17640 14846 19675 22149 17952 14114 15376 12951 19794 12566 9543
22959 13257 20026 14797 7225 13732 17192 16646 13627 20196 14608 10163 21385 12705 8348 15033 24862 23549 13136 20772 10592 13426 17525 15390 14152 17655
7513 9923 11264 13400 19628 12868 17314 16073 17683 17070 18246 11315 15089 7073 3662 12324 4791 20313 18344 12422 13246 14773 13563 14971 1083 12209
15396 14875 13026 6966 15292 13368 31939 19485 14352 20850 12886 11693 14511 10658 10473 21939 26912 30379 24541 17293 14190 17324 11558 18373 9412 7657
15248 22189 15964 18291 12599 11599 30616 19979 18660 21528 1929 9666 17000 16598 19286 12674 25513 30121 21815 17284 18895 15848 16343 10353 7449 21076
13231 7972 18143 12734 15804 12590 10925 13662 20609 17852 14134 10001 8899 5039 16981 22527 18958 15289 10840 16247 12781 19412 9536 22218 14286 26104
9398 13251 26401 3534 19142 16400 13124 21827 19290 20772 0 5663 19656 3833 0 12700 14405 27827 10729 19387 17473 15946 9910 16776 15217 13605
11078 13502 15988 19122 19595 11284 14331 18438 22905 13767 16114 13550 6523 11505 7766 21887 10707 22684 27457 19608 9400 18245 14624 4283 3684 11533
13418 27587 25964 7766 24004 13061 24714 19186 20405 19829 11478 9934 7237 9960 19500 22665 22440 34451 23972 13620 12325 17821 11004 19675 10605 18430
4898 25924 13493 4904 9724 12223 7542 22309 18764 17796 5960 10161 16604 13188 17333 17441 19554 15165 13938 10610 13979 15702 7508 19765 10254 11720
14707 14217 11106 14671 28785 14425 5379 22015 14578 20960 10626 11510 13990 13237 10882 9308 18981 28667 6946 26977 16129 19204 15614 7776 15833 6945
20110 17882 13720 15409 16111 11277 17398 21444 19903 17451 9303 8075 19207 8344 17088 18017 30144 14507 30826 12396 14439 15533 22788 13842 9207 5023
904 17042 14847 16806 15841 13148 18300 18411 16911 22100 13239 8727 19791 11339 13887 11289 30372 26000 10285 9048 16386 17610 16892 15738 12417 17932
0 24558 36462 8257 14021 16934 8656 16193 7782 17331 19932 10579 17109 5945 12494 15515 17724 17121 15595 8268 17547 14181 11309 21011 15654 2218
5075 10195 22570 15006 15501 12289 6358 11887 13988 17521 21430 5461 7017 7801 4398 9010 20378 21857 20529 11896 14400 20191 7794 29722 4187 7746
10066 16302 15336 16153 14349 12477 10893 17265 19281 18168 6630 10847 9140 8070 0 14077 20512 30057 22196 25066 13720 20668 4135 15816 10436 23698
11399 15030 20658 16041 20069 10158 13597 17653 17065 16442 11877 8433 12582 5990 11842 23430 23847 33001 22032 17286 15840 22883 21713 17842 10921 19898
0 19202 32596 11793 19622 13362 1683 16697 19707 22997 4672 6944 18954 4715 19347 4602 19630 16368 26536 21736 14163 18031 8649 15520 6586 14407
4361 19876 12909 6452 11921 17890 3336 20972 26154 22349 23851 11726 6420 7328 16223 7241 21115 21357 17704 13405 14999 10370 18110 13349 6649 13230
5311 7994 17900 11975 19560 10396 19134 17434 27070 22028 12413 6323 14208 11169 6458 18833 12578 20534 20584 14629 13794 16571 3239 17915 12776 14712
0 6344 15151 9408 12550 13466 2961 15988 8743 19965 18704 6390 21290 11964 12557 710 9880 20816 20436 11366 12991 19703 15030 14973 11160 16356
12623 24074 29714 15845 14025 13219 16326 14080 13426 21998 12356 13106 8214 5742 6801 13816 3410 23576 11556 16694 14466 12694 13674 17505 6906 1147
14878 10630 17042 13463 10686 13628 3710 19402 12296 12434 3828 12249 9859 14800 7844 17545 8895 16594 18793 18506 15885 14174 11658 21686 2260 23244
10268 19223 20679 15753 10097 11475 12050 18143 15672 18919 17913 8921 12428 9615 11640 23436 11178 25692 25172 8824 16473 11986 15805 22025 14018 0
19092 15133 14758 14094 18433 14775 13643 20484 11834 23583 13507 9945 7151 4413 18082 10418 15692 9857 17092 17010 14315 17675 8939 24126 10941 14274
20852 16103 27280 5992 11443 13664 9176 20434 19618 19009 29818 8153 18617 9642 15211 11145 13113 20407 21672 15022 15606 12940 7714 15821 5286 16639
25188 7558 15273 3751 14067 12718 3149 16835 11700 17901 17651 13366 16651 0 11731 15476 19551 19643 16711 11747 12267 17535 21199 14802 5592 14807
15480 17027 20631 21294 19756 14514 7762 16342 26375 17071 5584 13313 11991 8869 5649 23576 1860 22270 19800 26679 13039 17299 20115 25751 17072 4694
3885 19361 17001 3370 9029 13664 14401 22318 22412 13604 14381 10612 15337 11606 10063 25331 23571 30023 16954 15838 13146 19997 17457 20147 9518 14443
19453 22435 18743 11276 7511 13432 15405 17813 25458 19585 12020 11250 22206 10879 19672 11570 24374 5700 18907 18346 14174 20156 24328 23769 12284 9139
11166 17646 17194 14112 9315 13246 3467 19199 19717 14226 1843 6393 9102 5883 25385 17344 18977 23037 19054 13087 16853 20055 3412 16933 8315 11206
8573 22388 18934 13736 9714 15561 1514 18787 14969 16827 13996 8915 15249 12781 14715 13660 36350 22939 18568 12403 8943 14438 22694 24321 3753 18967
390 18831 30679 15174 5692 17532 18010 18338 16938 20522 14919 12581 10041 7566 8840 14564 19968 12754 7831 24869 16084 18800 24081 15200 6066 18034
19107 9302 25443 9089 7324 14701 5940 21185 21196 16243 21248 9036 10533 11354 6277 14578 13106 24588 22005 17392 13763 10421 15016 26279 18049 12421
6841 0 23893 11607 5622 12253 14352 19603 27637 16820 11500 7858 13770 8552 11797 24971 23569 9091 25043 12993 12466 15685 24489 16665 12622 19455
4712 16115 8710 12821 13422 12937 2556 24607 23380 21889 5602 8885 16527 8583 21811 27035 19420 19134 13717 21996 11925 22774 1666 25793 5421 2849
21394 9310 36897 21649 17851 13176 8322 14463 15534 22997 24531 9006 22505 4251 8503 9698 10940 11971 19011 17147 14049 14519 16049 21235 7636 8920
4349 17329 27695 8701 13997 13845 0 17520 19046 18351 13180 8656 9895 10615 10462 10834 25542 21435 13700 15385 16245 20980 23012 17665 10564 7344
4101 12634 21620 10335 14495 12743 17402 20098 19086 15477 17561 11205 24441 13311 6380 11596 14132 13764 14129 17333 8646 15827 12724 17299 5326 2388
0 10861 17974 11944 11760 13518 5598 13365 22284 14955 17503 7523 10727 15871 17956 18208 15110 14552 15157 12606 14033 18833 26184 22407 15100 20340
3893 19275 23889 16950 22178 13880 8303 13190 15969 20485 21841 10448 13219 12121 9026 23853 13114 23657 13530 12260 14978 14024 19817 13192 14304 15722
10535 22802 25085 15291 9143 14114 17718 18102 17258 19744 20684 12909 15660 6414 15373 11776 30007 20251 11061 15548 16665 13763 24772 23887 12217 10111
24 13079 17244 21800 4839 11535 5331 21764 23684 17329 12907 11513 20309 19867 19965 16313 3620 30545 17651 20645 15679 20148 18585 15466 13435 8926
3618 8621 19170 5440 13504 11613 0 17570 23134 19387 7522 13594 4055 10921 9935 8268 12244 12647 18005 14480 12275 19611 25904 19197 15399 18165
1134 18398 21840 13155 5527 9307 8464 18023 25133 13791 22317 8094 21337 6196 21630 10418 27171 22560 20416 11289 12293 16312 25769 12808 6050 12206
17440 22660 25705 10280 6483 10834 4660 17545 21738 17933 19589 12427 20424 6466 768 15494 26870 18974 24849 22331 15117 14083 18449 20032 10101 19285
8814 13684 20626 19098 6987 14832 9794 22259 18001 21323 15288 8278 8736 17165 9046 18825 17285 12211 20596 13196 13599 11420 8129 17348 12870 24375
22813 20377 12162 10869 7340 16432 95 15511 19284 17000 5812 10066 14185 9294 24516 14808 16413 18535 15040 16033 11080 12523 178 17350 14174 2160
29130 13570 15690 11829 7338 11544 11942 16410 21056 21548 7417 6571 16643 13306 3910 14422 16018 20432 18740 24744 12215 11015 10221 7949 10845 18528
22888 7203 16953 3029 6664 13290 25933 27008 22088 18444 24024 7954 4746 19508 8903 21728 26530 27266 11782 16292 11757 23654 21004 18423 7119 10923
3454 12280 13098 9533 16790 15096 10334 18445 28082 24091 21025 9891 4079 17046 16167 10595 12731 16928 8523 19267 11976 19227 17979 21290 5161 12329
10146 20786 20790 7849 10165 15988 11802 13019 19695 15685 13315 13627 17964 12812 10133 11724 22016 19763 15012 12710 15914 14279 20817 13523 8103 10533
0 23861 24179 12919 11834 14179 19052 13702 15332 15984 1575 17867 12603 6689 12990 9763 33181 5905 24043 13052 12894 13400 10840 25561 2805 8979
635 14563 22930 4514 12063 11381 15405 21732 17987 24338 15528 5899 12050 17109 5440 19789 13874 18787 18485 10874 16306 18991 13826 16233 15250 23819
2999 19788 32449 15477 3787 16287 0 19246 13278 18854 22198 12594 15807 11094 18532 16666 20072 24184 21539 9621 17914 19317 21429 11223 9972 11595
21951 23824 14830 12062 24495 13678 6946 17985 20301 16843 16306 13421 19146 13852 11705 17652 21027 21357 18319 20260 9606 18837 9345 29144 11099 10418
14456 22057 23117 8668 12248 10438 8853 16158 23317 17168 20451 10037 17364 6067 4691 20469 22368 20548 13278 27211 14170 18663 16652 18250 11863 12078
9878 13105 18417 9879 21706 13932 9183 18387 21357 24349 26863 10702 22842 8917 10012 13651 12625 27310 13006 20289 12271 17917 12536 24176 16193 10152
6120 17060 18252 10389 16677 16784 13317 18820 29972 20430 15317 6177 14415 4165 16340 13310 17068 18098 24385 12864 17397 16854 11310 12674 10185 19439
14920 14065 20916 5648 23431 14152 15422 20730 19113 16616 6097 14729 16021 8882 8231 23829 14609 28099 19332 12156 19882 17618 12398 14831 13129 18524
17604 19876 25533 5190 17067 11744 12103 17048 13793 17034 22053 5949 16583 8580 18355 10064 27784 13626 21236 16878 14018 23766 7145 24999 11285 2939
1627 16211 22135 6667 7806 15502 19709 15172 21088 19585 18723 11743 22072 9405 15310 15120 20084 22990 22693 9668 13322 17315 3610 21547 12519 0
27228 27589 15875 14221 11556 13022 3332 19030 16521 16072 12365 12699 18375 9694 16441 17591 23601 21053 18174 16956 15842 13421 21210 21677 10249 16467
15853 12292 13440 12891 14702 11516 17762 19244 20286 15943 24147 2588 15603 6105 18871 8586 33299 25689 6289 16074 11690 12292 15819 25962 11058 16602
1871 18882 11974 13473 2219 14192 3441 15734 12671 21399 17447 10975 16430 11305 6694 18526 5473 20116 19191 19036 18109 12665 12944 17780 13998 18606
10814 13282 14736 7069 27812 14429 8419 17217 13935 19010 11017 14091 5313 13472 10824 21551 14652 33209 17659 20307 18653 16907 16023 14584 10718 4298
7282 19569 16801 11623 5297 9670 6619 17068 16314 20712 16225 11073 16414 10559 7000 22371 24173 35974 17726 18439 13435 16569 4664 13665 13486 12908
2013 18127 26743 18946 6165 11913 5705 20069 14508 15913 3371 5559 14996 6054 25004 20306 32423 23841 17400 15967 16818 21624 6124 13470 13662 6111
12869 16947 21297 10478 16432 12419 11620 16865 17683 19528 0 12652 18570 14823 8145 14733 30519 28972 18442 12854 10781 17040 8688 28429 9351 9693
15045 12213 25659 12095 16118 13745 10597 15328 16349 19100 12048 11020 10784 9635 14743 10930 13453 12781 20706 17089 15220 13160 11754 21090 12131 8822
6024 24887 18300 10347 10242 12923 8911 18527 11141 23126 6886 12330 23697 10843 1202 20912 14771 13030 9616 10900 11465 16739 13719 9492 6392 9077
23528 15794 5426 8000 18437 11967 18888 20884 29891 14474 9340 12695 20976 8886 14141 6811 31936 20594 34336 17495 17959 13912 18272 12559 11784 16744
8946 24116 7360 6553 21119 11966 11413 15770 19619 17761 11366 11595 18183 8554 13263 15139 21360 23490 17465 16180 12736 17649 20694 14647 16813 16660
35533 24692 11918 13225 15051 12895 11528 16070 18916 18011 12678 14583 5510 11152 6503 15358 19813 18888 22607 19793 15458 15498 5492 20128 12309 8257
16977 22535 28330 9108 17597 12400 14456 18928 18094 17683 13477 7723 17015 7266 8558 13913 14409 25247 12936 8699 9550 16937 13850 21170 10470 12921
8071 15658 18058 6324 15671 16195 5500 16917 21580 19286 20076 9352 16597 11757 11900 17188 11304 27697 19226 24546 14382 13898 10713 20906 4614 8949
7247 8183 11476 12731 7503 15553 8089 19816 16585 21265 14674 8007 22595 10245 12181 19415 22207 13072 17692 14056 14635 16858 19463 26390 9068 24978
7493 22887 25092 12278 4842 18561 3577 17396 15305 21466 22572 9454 15862 7935 15637 16305 23139 27891 20509 14047 18302 17975 4859 12977 12900 17395
14132 7484 41198 11824 15735 11527 11947 19616 21683 17147 10621 7638 19259 3465 4449 14343 23107 16495 16263 18939 8719 16836 8566 9584 10939 11907
11944 3290 26250 6185 19619 16368 15509 20940 19410 16912 21449 11375 5903 14248 19936 10095 19363 28777 14209 21266 13994 18309 16626 18428 18194 16162
18153 16316 24677 14910 13858 13402 16038 16323 20790 18570 14172 13263 10904 12853 7826 8300 15062 18450 9374 14742 14367 13514 17953 35901 10843 18696
13042 15467 28265 8623 12220 11094 11546 17470 13651 17536 9696 4239 14176 15771 23088 12677 32735 21164 15198 18773 14516 15442 15754 23519 4815 15615
4879 6835 20473 14216 13136 13036 7161 15097 16711 22715 7097 10451 25517 11909 0 17061 21529 25914 23135 18110 13482 17195 9390 11685 11625 12986
376 15870 11486 12986 6570 13080 10998 11592 22812 23369 9997 8545 11959 10359 11860 13574 22942 15383 9984 14737 16348 22883 18111 15771 2362 13051
13471 17820 25461 14260 8582 10160 14433 21746 14090 22499 23633 10886 14295 10873 14983 17546 19432 22703 16808 13510 12638 12267 27293 21995 4756 24927
0 19149 16155 7499 0 9925 7202 21330 18029 19164 15579 6093 22173 6173 13327 23484 20487 20077 17449 20148 15465 15152 5117 24659 13792 14911
12893 22024 12727 7714 14990 17879 500 21471 22443 18437 18049 10078 17665 7979 3887 16368 15986 30590 19038 26185 14980 13988 13936 23696 8826 4603
17555 2726 19861 13213 12150 15405 26554 17887 24260 18811 6316 7898 20832 9098 20157 12977 16319 16589 15439 16831 16974 18766 14089 21281 9993 6954
12741 8480 32460 18605 9291 11751 14334 18536 18903 18294 18806 8221 11608 4833 9715 14700 23868 23342 17749 17734 9043 15459 13511 13196 11961 2298
24660 16236 27732 12835 14846 11484 5714 22492 18284 19892 3940 5884 15001 5819 10329 13374 26635 20161 28388 17364 13407 18378 14372 13264 10870 9715
2317 18560 10143 12775 15285 9897 20993 21825 18913 21540 30232 9220 22255 8674 0 15653 20767 24725 21479 19183 11877 12407 8109 28607 7861 9771
18988 12647 13256 6354 7337 15260 316 16133 21369 18910 17337 13179 12476 17057 22211 6322 23722 25344 24613 18118 11395 17166 20562 19224 12404 6207
22852 14868 13309 7443 14735 16609 4513 16118 23101 19094 24062 7752 7425 18356 15505 12120 35081 27075 17624 24063 16014 17893 12498 30289 12004 20446
9277 5885 11139 18580 24941 13597 11761 18328 18491 15922 22790 9696 9134 4587 15601 14014 25756 24930 18465 19671 12678 19048 16959 13791 9441 20095
24368 18381 22383 15506 14940 11648 15846 20044 22102 18593 7184 11003 12894 4370 3301 7397 5486 18030 29214 26417 13298 17983 24486 14202 16602 13467
6955 19397 11555 6938 4391 12502 15291 18636 16427 22689 23036 10381 27300 17861 8976 11071 27723 15590 22647 16407 14861 21539 25610 21424 5598 18673
12922 19266 33306 14303 7684 10965 15037 24828 4750 22674 24503 9430 923 1795 18177 10552 24837 25477 12715 19823 12404 12671 26352 13316 11650 0
3760 12648 15357 12647 19700 14407 6438 20441 16566 23090 13262 6022 20996 6412 0 13580 21134 12035 17754 25398 13132 13609 14044 20302 9395 17802
13904 8500 20107 18085 5014 11426 6521 17680 15930 15542 18668 7936 15100 10525 12434 15778 21795 10388 17484 17952 10317 17700 11353 7602 14129 15666
9700 12802 16004 2765 12775 13175 19868 16142 18822 20932 11365 10570 18011 7146 5576 11779 15445 11562 10359 22038 10794 17416 13564 31171 13615 6127
13984 8210 15015 14594 12297 11265 5089 20218 13450 15287 12325 13642 13223 12538 7721 21955 21883 18964 14789 14602 13293 15461 10023 25925 11947 4755
4397 21349 9561 11539 14788 12505 11684 20026 13266 20316 0 10915 26076 10997 3449 17205 24392 19231 24071 19946 12249 16943 20690 17895 13134 12613
12995 21300 28930 18297 23663 13637 7992 20681 12644 24359 24587 11095 19526 14757 8033 5713 25266 13787 8281 16820 19749 19099 10487 16890 8376 5236
7020 12778 11591 1564 15412 12691 13764 17796 28384 16367 26288 7779 23320 14097 18802 3819 27136 28764 11828 15544 12658 16587 8138 33973 5343 15294
11119 21083 29334 6411 14017 7890 10601 15335 18149 20564 8034 10269 18442 14661 17818 13764 32070 15774 16598 25746 13887 18543 11830 29464 14712 7993
7619 17251 13364 16503 13338 14011 427 20876 12396 18336 12529 15969 17717 12417 25812 31273 21170 22634 22872 8980 12499 17957 22307 8682 19173 14074
9261 19181 20094 8320 11424 11727 27191 17921 25897 15456 22485 9464 15785 8008 0 11404 15070 23460 17247 20975 10086 14912 16334 11844 11270 21286
4251 18483 10222 11188 7489 12984 19048 21006 14945 17144 13577 12354 14059 13993 11152 14108 20633 26385 18425 16991 15791 15745 16188 11219 8387 18001
10486 22973 12154 10192 15655 12876 10053 12393 16100 16153 21156 4296 13439 7608 13507 23102 11272 12275 21158 19527 14628 15547 16496 25445 11552 11878
24005 19578 24638 10700 4570 17915 14086 21667 18704 19158 18511 10780 9450 18713 19233 19059 24779 27334 26111 21367 11778 13868 20030 13676 6143 11336
18529 21756 19480 11158 21381 13840 5515 15774 19625 17339 11087 14994 27566 1303 1471 13749 16689 21952 18069 20386 14198 21188 22308 14401 16740 15429
7461 16134 11447 8084 7225 13638 20344 17613 20299 13467 13598 6287 13019 9594 4345 18065 31915 9719 10902 18610 15748 18135 26439 18594 3648 11632
16082 10917 7387 18832 19561 8690 13433 18565 18342 16431 26900 10353 13273 9649 7105 16340 15053 16904 13461 14562 16169 11762 22762 15978 12028 14420
15410 17609 28602 6203 9605 17337 12281 16807 21579 17952 23985 11564 11642 14488 13528 12968 20500 25935 13469 26822 14523 16114 9854 13262 4869 13627
7041 25942 10260 15375 20374 13239 4155 17853 18100 22687 16363 10966 14523 13647 12527 14387 23866 26906 11782 20415 11959 18717 11297 16507 8302 16021
0 20457 17567 12608 5189 12112 15154 20128 25460 18368 12413 15021 17273 13833 3768 14552 17380 16995 18448 16678 14342 19329 21753 18743 6638 14231
0 16710 19308 17506 19220 13370 16599 18039 26700 23532 14108 13794 17955 9930 15213 7905 23144 20072 18431 21734 11951 14573 32798 11855 15579 8541
0 12481 8979 18431 21794 12973 19887 18787 22520 19386 17689 5587 11535 10717 19457 6448 19354 17838 23962 21615 17683 17408 5224 22821 4246 12721
3792 13401 17831 2136 21558 15554 9919 24528 17764 20961 26667 11729 9106 9453 8724 20814 15477 23374 18008 16314 16595 19414 9017 15871 7613 2061
18221 15402 23006 8957 4830 11804 10098 17499 18690 21105 3592 9090 19923 7803 18846 12601 8548 20143 22756 22424 10874 13493 17044 8576 10274 22204
7502 15912 25271 12306 10737 14095 7519 16254 5435 12623 4440 11380 9131 8840 9609 18364 19960 23279 12410 17210 13727 14185 6882 22875 16091 6441
23325 16560 12945 7669 16398 19614 7706 22070 19267 18983 25846 12184 11084 6574 9167 17212 14361 18621 17385 10851 18307 20209 25515 14586 14669 0
20212 10016 26830 7756 24051 14338 9404 21006 16259 21854 17492 7386 16954 11986 21068 16938 31057 17909 18362 12423 13686 16991 19898 8907 6617 11185
5000 13574 21329 6457 16188 11069 17548 18240 18675 24965 20630 15919 10652 9898 0 16030 21798 17970 22946 14552 12212 18879 21485 24704 14174 21274
0 13728 7353 9354 13407 12004 7190 15762 17416 22041 30554 11737 18359 10162 14869 23753 7683 10168 11393 24220 16101 19359 4153 14422 10742 20368
14675 24802 30856 8429 20476 10069 8819 19445 19149 14795 17712 13621 11661 13419 8759 27955 24685 26312 11438 8425 11659 18156 25442 27096 13904 7123
2719 811 12290 17054 14380 12379 5951 20829 17211 18469 25574 8800 17344 8452 4484 7532 29237 18685 18899 16676 12484 16373 19624 22064 15513 16479
1130 11454 34268 23330 6629 14063 11734 18056 20965 16326 13399 11048 12027 9837 0 15639 5505 29700 16900 13590 10123 16735 14332 19062 15246 15341
3503 15979 18766 10697 13112 9646 14367 21548 16009 15802 21557 13036 16728 14683 13378 15295 23999 28516 22879 25378 12167 16693 19422 15651 13007 3683
2234 13711 27307 9582 20418 15810 9725 17615 19334 16798 25663 10850 24571 10757 18734 5586 15514 21607 19884 21377 16535 19290 8152 13111 9724 13582
19176 29956 14010 8154 19796 10134 11071 19384 22064 21666 21614 16925 11816 6774 11069 15060 18363 17552 20265 11272 14287 15206 0 17569 8280 13573
26536 10126 15237 15413 15903 16874 3145 19090 19735 20361 22807 9818 16445 8760 16284 17935 23724 20745 19606 14904 14071 17728 16159 29426 10338 11279
0 16432 26237 5396 8797 14162 7715 19630 21763 15941 917 14613 12447 9853 4590 17901 3042 5920 15057 23945 10335 16734 19413 9365 7538 1016
2044 18234 12199 14238 18997 12141 15716 20248 14760 18198 11729 10342 22398 8561 10834 9586 23646 30579 20358 22929 17897 14762 24387 21083 14058 8397
7674 21257 8678 12517 13722 11982 6959 11225 16938 20475 27452 9870 15543 5454 5952 6763 11939 17659 23262 20394 16533 15615 20047 19063 7334 12530
0 11696 24261 15359 13143 16451 13606 17238 15306 17326 12481 9958 6443 8572 21720 10903 20260 16817 18207 15418 12024 20456 15903 18994 11297 3569
0 14706 15917 15755 3498 15450 17672 14491 20886 22588 4255 10362 17413 9041 18961 28346 33945 17275 20024 13468 7876 18972 22825 13556 18097 0
7062 21534 6860 13075 6703 11927 4325 24374 22591 17416 12492 12837 15268 10784 6692 11981 17505 20187 18088 22053 14261 12988 20502 7395 8022 14189
0 21878 16288 17561 19756 7653 17305 16763 27199 20781 16110 15089 10747 8372 21936 24186 29117 10064 17125 17836 10266 12791 21942 18207 17008 15532
5273 19728 21570 11844 9581 11364 6801 20751 17113 19463 0 7705 19889 7026 5138 9142 21697 9528 14314 8564 16412 21718 12992 20904 16135 15435
17892 15812 23937 16117 12128 11726 14877 18558 16623 18241 24444 1262 21435 8030 1408 9762 20896 17785 24183 18269 11189 12811 18554 8985 7225 6952
10358 14196 16675 16869 14791 12334 3131 22146 24095 13656 7800 13749 12890 6095 9898 17193 4841 21216 24006 16663 13540 15136 13805 16227 15931 18014
8984 14046 6598 13933 18892 13549 9861 21499 21559 17902 17459 9610 9154 14256 8459 14136 29047 24311 33463 18998 17607 13832 23638 9519 8070 16923
0 12653 23032 15734 12200 12785 10819 19139 12939 20641 18895 12226 17938 19431 13773 20290 11602 16729 15019 12080 14716 19606 15835 30379 11545 15830
7105 18803 18647 8208 7398 11895 15919 19984 11035 15902 17541 6639 14826 12747 14154 15587 14845 26061 23780 20178 11380 15041 13184 13594 3374 18858
11915 17876 15505 19279 11027 12927 12975 15271 24005 20018 8920 8795 15073 8152 8029 12415 24422 16893 25606 14317 16386 16628 18944 13885 11148 6085
5542 8765 21959 12214 2998 18537 14369 20546 20278 19108 18305 6996 1020 5195 3411 7406 18695 20494 24508 21814 14997 19522 15235 15163 6724 27638
12813 8095 18306 9359 9523 15624 8543 22389 27657 23116 27407 12607 17355 16870 9493 10443 18139 14509 18700 7059 16473 11678 11376 25283 10101 20834
0 19968 26434 11260 27887 11913 4363 17368 21632 21939 15240 9329 14056 6765 15537 14355 23457 16010 21657 11911 13835 19143 25099 21458 15279 13976
6335 11206 23769 12673 14280 14040 12308 21434 12288 20063 22536 14804 28231 12708 28499 10072 18225 29108 18925 21704 13417 20963 20187 16403 7092 3310
