365
38 40 68 53 76 45 45 75 75 31 42 95 11 76 59 36 45 42 3 22 38 9 98 15 10 61
17364 6720 12378 14253 18740 9878 19497 16488 12809 17813 3230 33075 9976 19893 14741 11405 12820 23054 21819 16615 18565 14464 18971 25823 14243 14029
15852 17337 15981 21219 9940 8075 18090 20769 8975 10442 12633 23678 10773 17799 14914 13948 11733 11326 16568 21337 17658 15035 9423 15478 10101 17649
20850 12077 16029 14744 9477 8134 16951 28907 11784 17819 27374 22820 14704 14462 12457 15711 0 6658 17783 17516 14324 12497 11561 18289 7929 14650
21354 13292 17340 14836 8596 15261 19096 11550 8655 12787 24264 7221 9923 22907 14729 16030 8224 460 14984 20411 6830 10050 16344 20248 24018 12138
15207 9754 18029 12012 15791 32702 21422 23057 14423 3100 17530 12352 11597 23023 13688 11286 17227 0 15668 17564 9186 16351 12862 12012 21200 13972
18886 14833 18897 12120 7608 15893 14724 20231 8397 7592 24362 20490 15673 19889 16115 11261 16274 14805 18198 15050 25381 13625 10655 18275 307 10353
22381 12992 18879 21523 9653 0 17833 8738 19646 4558 17485 18612 12527 14228 9742 10891 10266 19103 15961 15313 11207 9515 8908 15806 0 12038
16390 15852 17577 17446 10523 17239 16401 7968 13575 9315 34748 27091 13666 18821 16231 11325 7587 6942 20108 14653 13815 14969 20843 13159 8331 15951
17752 10355 16351 11680 18470 17236 20128 32750 14993 7844 11045 21145 11951 15542 15701 14508 25732 14077 13660 16173 8013 14175 19684 14423 18606 14321
10330 17193 14221 7089 12077 0 20037 14983 12931 11445 24563 20645 15197 19647 16233 16959 11879 9159 17618 16102 6942 15685 11220 5858 6556 14192
17252 17234 19120 12603 21664 2383 22861 29118 12171 12601 19900 15992 16181 19724 13079 13090 14486 20676 16514 14779 11282 8394 9970 7543 13558 13397
13602 13151 17309 3807 20493 19964 21387 24362 6783 11103 9173 21020 11331 21180 16286 12822 8658 13882 12287 15136 20307 11431 16391 20725 12316 20710
18061 17062 15567 8381 20804 20286 19098 15122 15798 20497 6160 21255 6291 16247 15601 12751 19164 16116 18171 12694 15607 12501 11236 15037 14637 16521
16898 22402 15761 19935 11704 11904 18838 20287 16786 13973 31679 12794 23726 14641 13694 13931 22194 15111 20566 17346 14995 11744 23696 7226 9000 16089
18115 11616 22834 13550 9673 4034 19322 17436 18171 6010 30989 13601 12967 12274 13113 15021 6251 16723 20329 20145 17923 13004 7492 17249 8616 11154
13919 13790 19182 18078 13919 9637 21249 14416 13820 11428 10072 19984 13110 21876 12664 14050 17666 0 17177 13481 10140 12177 13904 11954 8484 13072
16608 20423 14831 0 17432 19487 18866 11907 9603 4974 24584 20668 17695 18791 13919 13660 6868 12299 30749 17182 19089 18320 9473 15467 9033 10716
15655 16821 12810 14090 15146 11210 17676 26872 17177 9691 2976 8569 10320 19087 19863 9186 16177 18734 21005 19271 22653 7630 3352 11621 0 17905
17322 12497 15226 18245 11749 18458 17637 11038 21950 15862 24075 15186 15865 15945 13525 11754 7154 5769 22459 21418 20406 9832 10951 4530 10219 16283
15038 12939 16592 3079 7433 15140 16868 15755 27495 10570 22369 28444 6907 7688 13673 11799 2882 14120 10795 12554 20930 14700 6687 6990 0 15882
15430 17642 14540 15189 14445 10470 20286 14998 26800 5690 31179 14689 13233 23153 18307 15532 7700 10580 26101 17415 10358 15941 10897 17772 9671 8758
16230 17234 17228 12652 13729 12380 21990 22117 22679 19338 9018 14418 18043 16010 14490 13193 12810 26598 15351 15876 22219 15243 12371 12097 6531 8877
13063 13829 14925 25384 13884 19296 16407 22823 13570 12426 37621 11892 10002 20427 15210 11656 13657 8471 19231 17729 10701 14344 11136 14605 8002 16753
16514 17515 13400 11659 17584 23295 18514 15874 16437 5994 16720 18874 12488 21110 14232 13115 15223 12505 17672 17506 22002 11092 10905 12877 13606 12383
17052 12238 14069 8711 5753 16134 18675 17441 17557 12979 14793 13556 18547 15194 16737 13443 17525 10548 27624 21341 12166 11566 2533 13407 4483 19992
14779 17009 17464 21653 14682 22436 19548 19462 19335 45 17945 21851 9949 18379 14964 12787 24708 24125 14131 15265 19605 17444 21003 13755 0 10845
16061 11915 13580 23009 5308 20573 21270 32149 23298 18327 3751 17979 8870 17266 12858 12948 9832 11445 21256 22038 21004 15351 18087 18143 0 16291
20030 11776 15556 17674 22186 16554 17558 20011 17697 3842 15435 27803 22531 15884 13207 14846 9241 7814 16499 14173 6788 18696 24478 12869 27976 15573
21293 16176 15923 19829 11791 19674 13084 27540 18663 5926 20448 9154 2749 14112 14019 14214 7509 14867 21903 14892 15429 14154 13400 15852 19781 12667
17469 14322 14292 17351 7360 17036 18992 11007 20610 4497 228 15030 10125 17724 13057 13381 18090 4393 22783 18248 7823 17329 16267 10279 9045 17785
16314 13463 21594 23189 9307 16717 18089 6870 15935 7330 18184 19399 14034 21476 14357 14984 8473 27957 10234 14020 15257 15139 20612 23829 7477 20286
19391 16113 15868 8374 10917 18743 19691 12277 21454 16970 18077 12346 16023 19057 10839 13580 18630 13407 11507 17691 6681 13041 14270 8649 6486 11672
20397 17580 18255 10180 20523 20087 17864 12491 20084 11748 16638 21002 13353 17042 18510 13077 7954 13161 14188 18485 13776 10378 21985 13783 21556 16701
16826 13476 15454 14073 13375 12469 17891 36313 21995 4511 25403 15149 7443 11860 13391 12831 12986 9420 19640 15413 10220 14004 18891 14632 1506 17830
24414 19499 15501 16980 22738 24204 20100 14564 2672 17953 32344 18860 11400 21075 19435 17285 14019 21790 11298 17609 13665 16487 16916 17652 13623 13641
12570 15737 16474 11693 21072 26716 18934 21838 15093 14459 12939 11688 15675 15547 11008 14477 21173 4490 15289 15723 20405 16592 17372 3510 21150 13648
18653 13436 17866 13329 17366 10932 19257 15081 14913 13495 16487 15394 17370 22717 17726 9831 10260 6687 22096 16356 16148 17113 16266 21706 12525 11874
14225 17225 14835 15397 12918 10232 17077 22450 11352 15279 19045 26045 3814 16573 10140 15379 15151 10326 7087 20286 9274 16650 13125 12292 8898 20156
20251 18814 21264 16337 20138 20327 20083 34192 16039 12865 6899 24006 9298 15939 14281 12460 10108 13680 20103 17996 25213 14499 18916 10346 18990 12796
18563 20808 15016 22520 14715 12765 18135 18319 19518 10432 17667 19654 8223 20840 15172 6411 12370 7883 26976 17062 14922 12887 9086 11981 1668 13102
17172 11843 13646 15341 11094 16351 20624 14337 17733 8114 20707 18601 17683 19889 13111 17617 16113 17749 15381 14529 27615 11944 20019 6739 15222 16946
17601 6883 17286 20078 10889 7381 20827 17444 10062 9340 7564 13333 15150 17579 15671 9536 20336 23110 13305 17528 10009 13807 15620 11165 10513 19599
16563 19731 16123 10496 10009 0 19101 19036 21374 12527 21247 24149 15999 19107 15555 13114 15699 16812 14449 17392 17451 13585 19333 10187 7428 16855
21564 11296 19012 11120 10269 11617 16396 31782 15543 11807 28568 23852 7252 18849 16896 12094 14479 2903 15100 11243 20067 10192 29144 16128 17192 15470
16491 14121 14044 10271 7899 25096 20077 9007 16403 9852 20135 17270 17764 22184 16612 7925 9130 5278 14041 15884 13490 13106 11308 22232 9028 13311
21184 11748 16535 10912 12444 12302 22262 5568 28272 9907 20860 14868 12300 20403 18700 12376 11695 2474 18112 15400 15411 14240 28670 16836 11080 18820
19072 9180 12889 9003 6490 14634 19927 9355 28052 6519 7686 9570 24668 22483 16468 15479 11539 8650 17704 21091 0 15236 15114 18455 10025 13931
17953 19760 14532 13132 12281 6689 18598 24433 17375 8857 18690 28539 4571 24894 15857 12370 7492 13236 23996 17336 3686 14221 18449 6511 1798 9254
14372 15830 19466 18415 13816 18413 20236 22667 13795 9907 9643 9944 12434 13770 21077 15451 19373 11009 17383 20527 13147 14483 11993 8812 0 12137
21732 12407 11678 24642 9689 12198 16452 13721 16421 11508 22706 17854 15698 21708 15438 10710 19153 12762 19317 15860 15437 13253 14514 13542 17439 18641
15304 12528 20110 22804 9081 13339 20429 18777 21026 11308 20463 17122 15241 15935 13035 12980 5026 9790 18446 19804 20026 13699 28795 8994 21396 16576
14601 19420 17148 5972 12708 17740 19187 27325 1568 7107 15331 22692 14879 19509 12913 14341 18467 34720 11771 15754 4858 18125 27085 19893 19952 17078
16683 19012 12467 8865 8448 23418 22146 19987 22954 16237 15410 15041 16146 19629 9619 14659 13043 10397 7548 17382 19985 16800 13739 21477 0 13910
16959 20515 19000 8921 9335 13937 18604 19505 12476 9927 30809 21872 7366 13089 16120 12199 17234 16580 18437 13884 27382 12996 20508 14832 21063 17208
16148 15914 20084 4081 13830 11520 20193 19791 7381 10629 19935 22523 17866 25951 17972 10340 16434 20727 22741 22744 14746 15953 9895 18186 14623 19445
14772 15017 14332 5655 11268 18981 15824 20623 17785 12759 14379 11306 12422 15948 11818 14264 9108 21671 18262 18040 18917 15179 15108 6934 1102 8941
16184 12289 19354 17778 10783 13794 13926 26165 7766 12629 20831 18390 25 14119 18255 14635 12803 5284 18519 20112 12190 14621 16906 14684 7055 14877
18862 13596 19861 12534 12074 23444 18799 18318 12686 11635 34373 21906 14354 15065 17233 14976 14493 0 16912 15892 23947 12468 18586 25384 29141 13933
16909 12681 16725 6664 2236 25455 17754 12418 17155 2697 19179 21996 23241 15662 14019 10650 10487 16739 17844 17770 8637 13267 21642 21933 26155 14035
25360 16164 16019 9814 14044 11884 19343 27866 19149 18422 22954 13646 12396 20163 17852 15119 19152 1105 17738 16629 8186 14769 20192 8800 9278 12916
19614 13601 13623 9867 16542 38120 20483 0 23744 7054 23532 18636 1642 23093 15548 16498 9020 764 11291 16718 14770 14727 10764 12361 16931 15143
18613 16850 18721 14569 1832 8564 17435 13750 27951 13567 11500 12128 18972 16528 16479 12814 14793 23998 8735 18671 17448 14471 8142 19678 19809 11985
21940 7084 18287 13764 13601 19820 17762 29576 7849 3732 16728 21097 7680 17825 21616 11514 6331 15603 14227 15712 18015 17205 14800 16953 23010 15579
15109 11370 16543 19293 16085 18412 22005 17761 18863 13435 24442 16574 17238 17027 16852 13909 15784 23346 21288 19399 21091 12671 19888 24819 7354 16114
16167 12279 16224 8517 8001 11133 20021 18260 26569 11323 15693 13052 9722 13483 14876 15026 10814 0 29872 21339 21617 16674 11310 15921 16910 8939
14044 21209 18556 19307 16898 7022 19432 17554 14234 25494 12448 10248 7376 19704 16873 9273 22822 6467 21622 17275 17638 13459 9254 12793 12998 11958
15672 13011 16631 17779 7810 20415 20855 21533 15281 14320 13569 18286 9670 16303 13953 12496 11044 6269 16285 19248 1970 19118 16510 10906 8207 14899
16013 10510 23336 12850 11327 25590 19271 20064 11972 14794 21184 15297 12270 10666 14699 16879 20086 9330 9441 17851 22889 13441 19960 15246 17955 9916
18278 15726 15066 22503 5104 13782 19461 9499 14649 15553 19439 20344 11102 17165 13620 12947 20003 20038 14756 17060 7604 14444 3418 6239 7894 17238
9146 19354 18898 19664 11241 14987 15428 0 6654 8944 24085 18925 12047 19324 14021 13525 7402 8067 11980 18761 5501 11459 13436 11106 7812 15458
16589 9890 17916 14593 21554 19807 21929 22150 17190 11824 9030 25851 19494 18406 14149 13019 13846 6010 18843 16870 22341 12570 24664 11899 9615 16152
16710 8641 12034 17231 0 12183 14332 26766 16219 7247 25748 11808 12187 17490 16668 10608 8114 13209 19745 18862 8405 12049 9323 14796 24381 18316
17608 10281 13876 21748 11602 14947 17525 16913 16969 11187 24992 20140 17974 20374 14770 12220 7571 8389 22021 16465 5561 14032 18093 20287 14436 14128
16949 19629 17971 25903 14030 22153 20566 6197 5372 4006 19548 9249 23859 21050 17349 15585 23461 14374 18227 18684 19293 15132 17946 13520 0 13156
15163 19235 14197 18150 24251 3723 16570 17828 18283 10861 6582 20183 11372 11450 13187 13429 20848 12343 19007 21240 19052 12292 28174 19146 7652 17134
15969 7785 15489 15214 7301 20018 19221 7847 17255 4458 12137 27347 9261 22558 15915 15301 11839 12078 20988 18602 15189 10797 17774 16238 10691 12060
19385 22822 14670 10541 13435 3948 18378 24621 15656 15922 17154 19058 6592 16173 18502 15838 17667 0 28146 18511 15246 11048 9972 17346 0 15953
15582 17132 13373 28738 15978 15755 16014 12198 22700 11889 14649 20117 10072 16302 20387 13092 13603 10141 25883 15528 28307 15929 8139 12560 6630 16007
16556 16909 17677 21354 11515 13411 20697 4378 23611 10867 34087 24230 16068 14456 14306 11928 11251 1670 28792 18443 3272 8428 13370 13652 14491 13753
20977 15780 15435 22470 24070 23173 15766 7498 17428 10976 17511 17974 18008 21715 14888 15213 22659 24407 18239 17617 3705 11387 17730 22049 20214 18172
15833 15766 15504 10522 12242 7397 18917 14217 4459 14606 21029 18042 14471 20432 16613 12753 15297 2453 19897 19043 20463 10970 25755 15036 17308 10445
20819 16427 16818 22987 6958 6209 18029 1107 14218 13917 7349 10628 12554 21280 14605 16699 6830 10028 18987 18789 17458 12418 11022 13310 15457 14974
17410 16531 16773 12343 14954 5858 22361 17577 8414 8782 22124 24827 12754 16536 14667 15074 13714 0 26225 19977 13113 8951 11911 18161 5802 17287
21476 15272 19760 11309 11206 6766 16448 29325 10942 10247 16907 16831 5060 14147 19384 11595 13589 0 16869 18840 21037 12721 11423 22582 11653 18882
15187 21366 12412 13954 4022 18121 17375 11610 23073 9450 29533 20365 20576 16747 15356 12528 9947 13482 6433 14787 7857 15683 15687 8830 8512 16464
16332 24127 17382 19041 11567 18921 24011 22152 10360 15573 30480 24012 10168 16617 15870 8717 16895 10137 21997 18790 13381 14035 9123 16103 18478 18316
19635 15987 18340 13518 16572 14016 20362 13355 19724 12605 27290 17625 6774 16562 16541 17445 22382 25295 21658 17603 14078 11793 20834 27331 3195 17521
19105 12594 19010 9255 10380 11223 15916 18763 12109 22500 12373 22019 12630 23488 13097 9349 18668 8501 21180 20755 17361 15271 16882 19735 18993 14492
19523 13351 16770 5171 17461 31036 17182 24723 13498 16212 15661 25328 20149 22241 16440 13660 8960 19473 15729 17775 27023 16170 23623 17365 18087 14594
17976 13480 17575 16176 0 12736 18599 19455 27468 7365 29366 17711 22058 22477 19241 13058 8813 13891 15115 16407 6729 14819 22820 18969 20442 16904
16369 18879 15396 17190 7020 12698 18842 14109 21685 14152 14561 24964 5072 22476 14377 15798 13162 17163 17595 20435 18349 15307 4298 13066 12442 10178
12266 13466 16058 18225 11274 3473 17764 20486 26417 14232 15764 22336 12053 8689 14078 15040 10647 12490 21609 16643 13685 9112 13174 12894 19003 20973
17601 16559 10865 11488 11058 13388 18987 4719 14288 13771 15094 23284 17968 17949 17225 9014 14537 9655 20468 17155 16493 9547 19256 9201 14057 11438
10732 20584 15445 20311 6684 24064 19965 17984 12057 9434 26021 23989 14227 20955 16468 13606 3489 0 23053 16934 9223 17123 17162 18442 5297 16650
16867 19388 18890 14600 327 8456 15898 20410 16889 9893 24707 11745 20640 9853 14915 11610 12134 7713 18024 16013 15300 14483 18626 21211 7511 16767
19197 15211 12173 15454 30788 9360 22510 29413 16318 18978 8333 27417 11992 18677 18212 13272 18926 5120 13995 17693 16841 13559 30290 18258 10474 18112
16477 9943 11374 15584 22490 17093 19310 32459 14196 5549 14766 19915 13551 16761 17925 11544 15036 1850 18798 20034 15700 15043 20173 11329 4714 17060
19541 25092 16467 17262 20520 21602 20163 14613 7947 339 22984 16537 18486 19308 15720 15484 16343 15434 9372 16465 15973 13703 17185 26133 7887 14952
13524 17754 18810 7238 20508 18269 19326 21767 20458 7522 12825 7523 9869 22589 14083 13287 13418 27758 8066 22357 19510 15689 22727 25871 0 17539
14442 14511 18409 20622 23418 14005 21716 4285 6793 4408 23986 23851 13368 12360 13301 11983 6014 0 22817 12953 22349 13795 22727 7332 5811 14565
13166 14366 16385 23836 20683 12505 17467 30279 23157 5081 15464 23112 11407 14382 10379 14922 8150 24215 17785 15731 19076 17035 13252 19933 12404 11044
15419 20938 15065 14598 15477 11215 21837 17463 3712 9822 15752 22654 5605 14145 18392 12566 11595 12472 16219 14399 16189 13906 18265 16036 20210 13756
21321 11685 16983 17946 9814 96 19599 24873 13164 4487 6735 31667 15232 16805 20901 16724 12892 16531 14667 21413 13014 11233 3803 21731 0 19378
24358 12973 15844 13209 18904 3638 21502 15148 16432 13565 20263 18791 24518 18972 17006 13683 18183 8070 18372 23076 10937 15141 9113 15816 12269 12877
16580 14746 13616 7084 2714 17538 19717 27675 18213 14634 24461 23997 16221 16127 15803 11388 15716 8595 17513 18557 14888 14750 4775 11970 14165 15958
17878 17469 19405 19307 10709 5936 17071 18490 19780 13916 6050 17027 12029 15890 14365 13995 10461 19202 32242 20263 23854 15667 24698 16109 21429 16952
13865 11497 21143 14279 7766 19856 16659 22510 15647 5942 8224 11661 26990 21494 15043 15075 14784 10132 16918 14207 18980 12546 18218 21417 14159 12457
20158 9559 14093 14087 9961 21991 20204 25304 14465 17915 22458 20409 6712 17362 18891 16217 12364 24197 18619 20500 10464 17794 13329 2959 0 17143
20618 16726 15043 14104 12018 15292 19330 21407 13256 675 17342 11028 2609 17183 17015 13955 6877 15056 14315 15112 9395 15279 19411 12663 12104 17219
16093 11200 15946 29075 12856 16048 17093 20742 22794 9209 12626 14237 8884 12008 11787 15005 12951 13310 19115 14768 10662 11169 14429 27625 13476 13052
17834 12529 12621 11390 11563 17618 18513 9360 12966 3816 25744 15280 21212 10821 12757 8738 9038 21084 12554 16655 23986 12803 8123 21758 9098 17295
17805 15687 14616 13433 13784 8919 22951 4893 5494 11999 16612 19909 11658 15456 13966 13144 16349 1685 15589 16356 14795 16348 13093 6360 11393 17831
17541 13504 16290 16458 4349 8071 19101 4289 8970 18337 16591 23137 5295 20508 18110 14914 14307 8396 20614 21583 9781 17979 12802 10302 6697 12885
13600 13091 18202 11104 19326 16329 17381 22946 12906 10259 21239 12604 2565 20853 17406 12446 18814 17749 16419 14901 12431 15026 20360 12834 21182 11702
14599 18224 15453 11810 15531 19147 17675 21909 22982 18411 14051 20957 9138 14273 15385 15180 22673 3448 19381 19800 17678 16682 10512 13015 0 14530
19541 5207 14876 15847 12019 17329 19808 18173 17615 16905 24787 26236 16012 16943 18287 15992 3731 6145 21076 16481 18949 15267 14101 8509 8571 20273
16731 18432 16028 17246 8424 22483 18296 14748 20584 9544 5323 10401 17052 26513 15675 10496 18821 9235 20127 19492 8171 9119 13254 17981 18051 15447
17554 13023 12488 19653 7676 11691 22263 26067 5313 13645 22495 15437 11937 12801 14854 13725 15201 6766 23307 16815 14187 13716 7226 15371 25517 20039
15414 17010 16173 14402 7686 24253 18719 16757 1611 8242 23789 14985 17627 11824 15817 13140 17723 22593 20058 18849 19769 18013 7552 24543 10130 14840
17214 14870 16931 17218 7713 19406 20645 22643 13816 19482 21496 19055 22382 22754 15764 12026 281 6289 18765 12913 17539 12317 17330 20519 22877 17220
19816 14185 19488 17219 10258 14284 15487 14811 23379 17409 24782 17213 14215 13601 17812 14019 15493 13308 18053 17868 25978 15349 16562 14886 10210 15731
17394 18154 13398 6394 16357 22026 20408 17247 23692 13839 12653 26516 8317 16551 12580 17407 19225 0 15110 15195 14718 8877 25234 10942 15934 10132
15383 21735 15036 21131 0 11992 20201 14447 16872 8287 23250 16987 13940 18775 15485 12198 12599 13081 23895 15249 16376 11960 12277 19189 16603 17312
16795 11993 16084 11086 14322 22163 18629 9603 13014 16587 21499 12597 22482 11745 12711 11098 18405 3867 9263 18072 12663 14988 8960 16038 11322 14319
16416 17339 15969 13039 16520 12250 16807 8845 11064 7830 18369 25597 15073 20716 13686 10096 10507 10435 19830 17488 16797 13530 19901 19862 17887 17133
18759 11214 11217 18516 10685 14945 21476 13517 17407 11102 16799 17954 20220 20041 18334 12986 17245 8352 21330 13728 24008 12245 22502 17565 18431 16704
17252 22174 17513 10981 9131 11443 16329 3849 20695 6869 11769 30160 16416 20521 16818 10153 4318 0 20434 20685 20114 14862 16246 6826 1595 15947
14644 15143 12829 13509 16222 18108 22329 11048 7786 13090 23551 22522 11294 19150 10336 13373 9301 12268 20204 20054 2839 15931 2335 11820 8948 14245
13829 17199 15447 21192 9070 30802 18376 14569 13611 22178 13820 19356 15655 18268 16172 14910 6310 11412 20880 16662 13638 12908 8450 17962 17391 15152
11212 13881 14618 14166 11638 14594 15725 28603 13303 12232 19136 15406 5782 24368 20115 12506 11560 26491 31108 19160 19155 11121 7614 19896 9031 22904
16730 18948 21568 3342 21105 8775 20273 10717 13718 12225 28441 21232 17133 18037 15100 11206 4906 1759 25840 16475 20860 14446 12323 10778 6962 18307
20460 20957 13086 11230 7582 7486 19199 22130 27259 10223 26393 16272 13745 9894 19034 8830 22816 0 26002 14651 0 14734 14832 10885 2641 16025
19293 18939 15605 19061 14148 21495 17264 14312 18008 1379 31233 14740 6655 18556 18185 16948 10658 541 20310 17504 18055 12587 16233 16366 10919 13440
13957 22464 14961 6631 19107 21419 16959 27373 22047 13199 22556 15371 18306 18515 14159 12723 6292 13957 13287 18985 15277 12982 22832 15476 6997 12644
15298 14006 20429 11824 21772 16966 19037 17844 13285 7587 14351 25812 7574 19451 18188 9550 7929 18690 20286 18066 6093 13058 14917 71 7508 18126
16122 14393 12273 19338 13685 17716 17336 20923 23653 14838 7668 9210 10859 19961 12872 15165 24992 9613 18283 20765 6220 11250 20071 11348 6481 14433
12758 21392 14756 21850 7539 22458 19992 27448 15958 13988 11324 21113 17124 10856 18468 9006 4321 20128 16281 21511 7721 14505 24382 14782 7035 17780
16673 9381 15963 17480 16629 16918 19911 29454 15360 9189 17602 20767 21191 14368 18548 10038 14752 2237 14179 13793 13192 15082 15134 18819 10698 15953
15235 6820 18019 9786 17041 21161 17185 22148 8018 8667 24285 12852 6521 13587 13307 14413 10186 19874 20616 14465 12350 14532 14103 14373 0 8589
16286 23237 22277 20449 11770 23232 18885 31501 10108 8425 26895 22505 14224 14403 17093 14303 12224 23266 16267 14035 17137 16292 8934 23169 4775 18591
13447 14124 18376 14331 6865 9531 17495 27562 20940 9571 8763 26570 12434 12949 12933 13355 15745 27923 24493 15795 3566 10939 20144 15501 18484 20276
20027 16466 15881 5764 9000 10448 15065 21721 0 1944 11196 18024 17467 19296 14047 11839 7673 22296 8607 17566 22819 14540 16896 15099 14737 14081
14177 20564 14635 17193 15475 29202 18284 30578 19255 12833 11678 15520 23032 13345 13252 9086 22990 15224 16683 17387 16086 11096 15681 13559 16968 19681
20577 16493 15167 20620 6562 12996 16765 11428 18966 8176 11276 22830 14311 20376 15311 13805 16963 14144 10408 14661 8845 15149 12603 3137 3109 13759
18747 15597 17792 14512 11448 15155 20163 36542 21953 10923 29626 21738 14526 23192 18844 13303 10317 16967 13801 18798 21617 15451 17275 19964 22854 16139
15011 19801 17161 23269 11260 9652 17590 12856 21207 14580 12018 16886 13926 21754 11960 12864 16355 20512 17526 16020 26062 14892 12935 21630 13139 16334
15809 15924 17966 19224 19984 12768 17143 35334 24842 11938 20494 22326 18277 16635 14469 11961 7100 3198 14819 20142 14525 14660 11122 23272 2342 19980
16413 15579 14718 13700 19443 18033 16603 21898 3186 7482 18428 23732 12678 18513 15409 9278 2385 27308 13700 21323 5377 18289 22168 15540 4459 14983
17516 16167 14009 8132 21656 14487 17689 12280 11630 10839 14113 15260 9337 18853 14732 8456 13903 13390 14491 18263 3763 13617 11015 13344 8876 13719
17279 13601 13214 19480 20702 12515 14262 13752 7314 19660 13566 20749 20032 15460 18160 13352 6702 6478 23903 16037 13947 12703 7777 9738 18523 14360
16688 11722 18058 8783 239 14278 19040 30142 19472 15801 13426 20705 6317 17308 13682 13370 21837 10576 18683 16785 21346 8900 17278 21853 13350 13789
14159 19772 16789 22448 16240 11123 19218 22581 14774 8395 19379 20386 10086 16548 13853 10673 8439 10968 12385 12638 13064 17793 22308 19136 8746 15247
11939 14660 13013 8650 10259 8133 19116 23873 14195 7767 10305 16482 8238 16361 19252 11763 6620 11051 13842 18971 16268 17780 9603 12558 16763 9110
14378 12919 14737 18129 16507 14853 17652 19093 14509 13562 17611 20139 6037 18311 17714 15781 12836 10141 18459 18142 18199 14441 11287 18380 15674 11894
13575 14095 14408 8519 19461 12161 19059 25849 20579 960 19713 20607 17445 18177 18629 13523 9211 29228 16833 21093 14416 13431 19608 16537 7537 17838
14229 14275 15368 19226 20243 6579 19463 14018 21111 10694 15309 22230 14992 18588 11642 16849 27353 8624 28228 19914 19419 17969 18628 16494 0 14967
19505 10244 17770 13789 21519 17586 18139 10440 26122 4096 11420 17336 22479 14143 12640 15212 18008 12722 14279 13924 13926 10743 22803 15290 14979 14328
16360 20028 17300 21503 17319 22765 17440 32253 17864 12183 15091 3797 17617 19703 12204 11216 9997 11602 18331 17597 19201 14408 21298 22981 0 18661
22663 13769 15951 9718 26291 6560 12902 26049 14857 22371 12472 21641 18178 11935 15404 14299 20186 4488 22355 19857 18223 13269 9218 8753 9655 16086
15609 9102 14550 12438 2992 22159 15665 18030 21147 8766 23391 22271 18225 15275 11927 13255 17221 4117 16238 17941 15743 15698 23452 19143 2889 17706
15241 15546 16404 13045 22207 10293 18199 13653 18502 20469 32455 18208 18740 16751 15458 14610 16205 9444 21501 21508 24142 10641 17996 9260 2590 20051
19244 15347 9917 19327 7282 5120 18629 9095 19495 6018 22721 19119 7954 14126 14740 14006 14295 8256 15915 17241 15379 12718 14468 11042 17832 18092
15625 18972 16957 13630 16702 5841 22848 28766 19525 7400 7156 7144 3536 17917 16424 10256 17036 15635 14103 16287 21193 12527 22439 4122 22958 16865
15519 16441 14922 2085 20016 15286 13178 16984 20808 5784 16067 19845 12398 16644 12535 13193 15634 19373 19669 18094 21876 14506 12709 11978 0 19018
16305 13838 20008 10940 9407 22460 20935 5587 19326 11433 18988 20497 13416 15002 21672 12036 16759 6605 21799 16130 20951 13932 25175 18688 6050 17078
17764 16681 15841 17218 20284 22837 18988 18354 21639 19878 27645 22715 8951 14231 13085 14665 15155 5148 17440 16311 13434 16821 12242 16656 1109 11046
14731 20437 13671 6609 8347 31712 19790 25495 12405 16544 14797 17107 3426 13096 17264 15357 20953 12509 16228 16474 16957 12874 9274 22258 20042 17081
24634 17377 14343 5157 19604 16483 13900 25083 31106 22314 12045 16862 11746 12725 15551 11580 14471 10931 21259 16977 19346 16402 13510 24240 7720 12728
13548 13631 10096 15772 9152 18262 20940 12518 17492 12791 5506 22241 17603 19979 13508 13417 19019 225 18161 17456 3276 12247 15091 14682 14028 13873
18845 16480 14574 6714 12471 30657 21814 25565 16630 12025 26350 19568 11493 11325 15171 13649 14651 11357 22217 16012 18636 10323 10642 11094 5539 18481
18518 17370 14362 15685 23098 20310 22539 13228 10862 12191 24910 12862 18024 9144 18665 10171 5397 15276 16578 18665 9104 12825 16375 8534 11977 18730
17204 18257 15182 12559 11517 3554 19557 18367 20006 21074 7478 9950 15078 15207 13178 16683 26188 5574 17660 18026 20070 16865 17405 13943 12073 13430
19472 18047 10302 3786 15059 8528 12351 6594 14380 6970 26294 20617 7942 20592 15242 12119 14447 0 11107 16909 11408 15207 18647 10909 11476 15795
14550 12501 14022 18775 8324 19804 16450 15396 22415 11173 23051 29973 19147 13675 14670 13585 8268 34609 15907 15426 25282 15533 17079 25233 10157 18516
14685 13612 15451 19521 16871 18112 15153 17887 10784 12943 17895 20226 9257 15160 19440 13066 8671 20553 16854 18361 8843 14257 22599 16738 12727 13297
16329 21262 19296 10182 15698 24837 18370 12305 13771 8403 13186 11782 12982 22458 14562 13649 18164 6340 19526 22244 13110 10972 14284 18706 14399 14649
19708 12449 15031 17056 12159 20235 18652 21114 19446 5047 19707 23549 2057 18263 12430 12926 16026 0 15937 16447 20432 13887 12114 16819 17465 16436
16200 12861 12682 15611 20660 15914 16620 6216 24848 14685 15397 20663 17645 15872 15477 13869 3754 9909 14041 17218 6864 13907 13171 7049 25226 13182
15619 10782 19670 14692 13532 27517 22581 22782 20267 5678 10223 26250 23402 18178 12022 17058 16404 3601 20867 18002 19687 13694 19865 15773 10721 17404
20962 20455 19643 17680 10395 11833 20246 16605 25714 10812 15256 13825 20555 6795 13726 12956 18960 20874 13176 21701 25183 16710 20551 7608 17596 13766
16957 15208 16901 16353 12806 13700 18678 17964 25218 15580 16290 8009 14559 21171 16573 14869 20152 17361 27899 18713 14326 14966 18369 16545 22548 12825
21210 10607 18650 13746 8935 8139 16017 18573 18538 15316 35182 10344 17040 23660 15177 11818 12150 0 18985 16622 13606 16652 19977 9908 0 14425
14559 9795 19742 20955 14993 28041 23356 24391 14295 19301 18288 26506 22909 11589 16026 16352 5489 5240 19554 17382 22145 18680 3416 21164 15067 16063
22459 11659 13486 20207 12681 26254 18315 20683 13360 12579 22331 18963 14318 12835 16553 18509 15038 2850 8118 17737 27273 21383 3408 19881 7672 15032
16406 6844 15968 11671 15311 18328 17540 23176 11894 17709 476 9226 18877 22221 11525 11653 15475 13079 37394 20097 6515 14781 21544 19056 4334 16450
9437 13771 17016 18200 7547 17024 21941 16649 9104 4342 22989 15817 17665 14311 12773 12987 9690 2587 20919 17343 19484 17119 19359 21908 18656 14158
14404 13655 16674 13787 18883 17461 17947 15995 9546 7249 14827 22762 13680 19415 12288 14084 11196 17038 26450 17387 14791 6840 13662 20846 7157 8736
17413 13742 16031 6424 11322 23169 19963 19747 19146 11756 12429 16970 15337 14676 17456 17511 15261 19838 25222 13921 340 13329 13255 21231 2419 15435
14832 13604 18050 11880 5907 17762 18871 16198 29210 14809 29751 17444 11440 17254 10823 16512 13636 14932 18223 15574 20476 14149 14788 25136 17562 18021
19326 13826 13450 19467 12744 16606 17520 26408 19059 5804 19992 23495 10623 13621 15164 15294 8004 17339 21069 22390 2044 13725 14777 18983 26340 14230
9484 10381 15920 10861 16725 22744 19130 21638 8774 6183 12995 15933 6720 13841 12550 15716 12341 15495 6757 17310 14411 13446 6947 11320 2071 16721
16356 13357 11798 16691 12591 19851 17550 13963 17440 19352 13195 17863 15426 16114 17199 11813 16459 14214 14299 16585 16018 13611 7899 12279 30026 18591
15319 7262 14351 7872 9584 17853 17547 7880 16891 10536 22230 19938 13310 13778 15694 12952 13035 9607 29837 15143 22471 10407 15339 7413 11534 8887
12165 16871 18784 16573 8505 6383 20498 16679 9870 8750 15056 15499 11519 12209 15325 8398 16801 25421 15909 17081 10037 14921 11978 10297 7438 10756
17211 10867 12798 22969 13460 18953 20440 18234 30682 16071 25653 17214 13821 16423 13793 14332 10367 25565 10657 12457 16509 11751 20292 20040 5427 16182
18565 15249 16156 14959 17487 17602 21709 10588 13016 9287 21716 22196 13270 18763 16106 9463 8019 10633 15911 21410 9202 15808 22907 21403 6978 18084
16078 8110 18042 13976 14990 13062 14419 32803 26609 4081 9219 15618 19958 18882 16394 13661 2913 16194 13813 13705 15999 18646 14489 25621 11936 14510
13992 15025 17599 18992 10836 12405 18552 29008 24076 13440 25591 24693 14896 18759 13539 11156 15450 18858 23327 15951 18788 12351 8339 10569 15247 15622
14423 13883 15233 16922 7817 28557 19961 22519 10899 1205 22066 17961 17951 11117 17535 17071 0 14811 20520 14050 7153 14150 20809 12952 14752 19124
22357 13544 15415 3598 16485 23179 19300 26106 13191 18671 14451 20817 12971 12097 14133 12527 0 11519 18988 15897 13214 9856 15636 21584 11293 11227
18618 10563 16267 7801 14733 14791 22534 617 20766 8860 10076 17886 14446 14650 16730 10316 18659 12380 16750 17797 16480 13393 14267 0 2552 9090
14060 17933 17574 840 5007 8948 17445 27854 26243 16882 14232 12894 13189 12971 11867 14486 9723 0 14765 18804 19716 16317 12971 16878 6711 9300
11699 8883 14705 7607 12775 13021 17656 15528 31294 19446 19901 20446 11768 20070 14631 12420 6145 917 22797 16268 14806 16017 19296 10658 9971 11318
13883 16269 23086 10326 8229 18924 17481 8393 17629 15804 11913 18388 5635 16877 17023 12489 10097 17703 17064 18346 16024 13169 17517 9187 9981 19427
16021 20830 16839 9560 20202 17357 21849 15445 1548 9005 10938 16832 23587 16217 15837 13036 12783 3552 16810 18446 19052 14019 14700 18907 3368 17244
21043 16730 18982 15860 18488 20859 20137 15149 19092 4653 29029 31998 21826 25494 12489 13069 25193 22731 22713 17434 20810 13371 12841 13433 3591 12624
11207 18027 13318 25986 8472 18039 22594 24958 17081 9770 19981 19414 9988 20426 15283 13550 9563 17472 9441 17282 10475 12926 22740 11597 7930 17900
17752 13578 16334 21666 13566 3493 20998 28146 503 6087 5830 15674 6658 12141 13352 11501 11161 5021 17351 15509 17505 14130 18893 15487 11520 10207
13484 9232 16280 24002 6923 17969 19537 12579 18735 4047 15223 20056 26873 15981 17018 13741 6470 9940 9985 16562 8457 14300 8449 22623 21797 14828
16585 14534 18189 21725 12265 19725 21460 18753 22050 11855 22855 27150 16727 13126 14696 14069 15752 18974 10676 13559 11231 12691 21710 20648 24049 15807
20388 12901 14532 8187 19225 16006 18276 27358 16677 11315 25226 20218 11751 17614 13605 11165 15028 21479 25811 14097 8829 11529 18970 18699 19029 15237
14853 8694 14643 22716 10626 11060 19747 20970 34859 3880 16968 19746 9714 19623 17043 10743 16865 12860 19105 16967 16169 11712 24767 13837 14912 11404
20382 14571 11876 4021 7733 17158 20025 12093 1329 10274 16203 5072 14199 23030 8296 10850 8452 25508 14654 15444 27979 10044 11725 17239 7613 12700
20206 12351 14708 29707 22180 15299 18356 26200 15289 12089 22454 21630 5704 13896 13135 13039 10819 33438 26394 17957 8177 16986 18983 14627 10878 12878
15950 20115 14793 16160 17215 28604 16178 21145 16314 15180 22912 14784 19091 13431 18559 8491 8384 18989 16720 21110 17417 10098 7119 18040 8451 14809
18347 21991 12599 18017 15935 9117 21327 28261 7320 10488 17162 26148 16093 16532 9979 13357 14892 21997 18882 15696 2476 14207 14282 19903 21264 19426
20157 15552 13623 18629 11115 9369 17870 16877 12055 11765 29287 24611 16253 19113 18857 12020 14051 8906 17037 20375 19772 10355 12990 10711 22621 10627
15893 20026 18199 10682 9490 19347 16800 16777 21238 6457 17616 14860 5822 11691 13820 12652 15986 21814 25758 21771 13147 15111 10494 9622 5295 6874
23201 14921 14786 21200 19873 16530 23643 17285 17553 8021 27197 29607 9497 14389 13641 13360 16087 0 17901 23550 11051 12146 13983 22803 17389 16078
17250 13656 15090 19707 16646 24371 22090 16220 23642 11901 20035 20761 11105 17750 14394 12268 10823 13563 18866 19940 13517 16693 17645 19660 7493 20301
16451 15504 11329 19800 10406 29438 23236 13240 19510 9352 24364 20922 13187 18243 11851 14496 11304 3099 3690 18260 1842 14223 20710 8269 17560 10559
14661 11121 16687 16327 14737 7626 21211 8178 15018 10690 22915 15009 788 7769 14482 15623 21125 18559 17617 15641 12082 14261 18243 5197 5118 13673
19145 7352 15140 19867 14166 9634 20236 13720 21612 6405 24045 18292 25021 16581 12900 12977 17201 22575 22980 14623 14603 18260 13903 1254 5400 12669
19265 18334 15947 15521 17496 23460 13841 32930 17490 8759 17915 14226 16001 26811 12641 14090 31029 5779 15358 18096 11278 14882 26546 23365 5381 12137
16091 14005 14766 16139 7885 19179 21838 21647 22446 16410 19386 22845 9685 23163 18453 11865 17920 6424 17231 19400 21495 14765 15519 5212 9466 15935
22224 25041 16626 19687 17837 18050 20215 15228 10472 4517 17529 19671 11274 11469 12726 11752 17349 13004 8160 14514 18204 13405 13191 1534 17308 13797
16849 9691 12891 3605 20419 14739 20862 21320 21273 10805 30794 15242 13426 16183 18593 12363 8002 15313 16623 15748 20206 16760 15814 13204 17565 15251
14198 21016 15966 14792 13563 12456 20434 17785 24342 6743 25461 19888 17428 15853 14390 13228 13428 13684 24896 16920 27812 13186 24064 6281 13410 10764
14547 17086 11850 16688 8285 25472 19223 20062 20764 20108 13795 23601 1946 22666 12980 12755 7670 14548 13644 13118 3137 13932 5498 6449 5236 12914
21799 7137 15008 5729 15816 25141 15713 12903 4792 8574 24889 21950 16917 14442 13710 14106 16866 14775 17321 19262 22935 10468 16759 22988 6757 11359
17504 19752 19741 16698 11237 19568 16112 35805 13812 11731 17709 21436 19897 20247 13570 13616 12246 8059 23698 15135 22155 16035 14937 6747 22822 16401
13907 11582 17579 11014 3370 13403 14866 29361 28981 1930 23414 25525 8025 19967 12008 16131 21457 10968 25361 17438 20398 12492 19734 11567 13879 15617
17719 14941 14086 20806 4233 10532 19865 27021 11277 5250 22956 22068 15089 19967 13933 12844 17810 2070 9444 18228 24722 11439 14375 21789 24308 19288
20039 9740 15441 11195 12184 11967 18919 7608 25834 5578 18522 14302 15077 24579 16335 15771 8879 12597 19165 18267 13102 11205 21498 17084 9918 14490
18535 16503 13674 17002 21006 0 22339 7774 17494 3425 13794 21549 12483 20963 19056 12543 6543 11240 26942 15858 19159 15806 8891 13767 0 17023
17992 16278 16918 13720 16572 11626 19621 20165 10917 2324 11182 21875 21888 19772 15051 10910 6690 19670 20257 17634 15125 15018 15824 10249 16914 13528
17384 15602 15401 17310 12492 18686 20333 16859 6938 12947 18467 21925 11331 22154 16524 12718 17342 10352 32505 14038 18878 17005 17554 19971 12121 18203
14603 12458 14017 18012 9706 14677 17565 31206 9285 901 15374 23926 27773 15976 16135 14617 13626 24044 18547 20315 20610 18194 18456 1996 12851 14113
23333 22651 15693 18912 11238 21863 15837 29552 13685 14654 12198 24239 16047 20838 17252 13193 14085 0 11136 17673 24770 14743 16860 3775 4972 10044
18527 15280 13667 8865 1967 16608 15207 22172 13519 13326 34352 19038 19717 14860 17370 14220 15913 0 14458 20011 18647 14759 23215 12513 7616 15794
15737 11731 13469 16762 11572 16336 14892 12598 15336 16302 12565 23899 5022 17723 23627 10090 7339 19601 28168 15941 13748 18621 14409 19419 7603 14401
16156 10218 14595 11587 17427 14171 19264 9492 27821 4619 23288 18702 17543 16308 17576 14603 18442 9371 17003 17795 13117 13459 14213 16390 29342 13879
14460 16506 14422 4732 15897 4062 18043 27587 24769 14946 15994 28434 17092 18662 17698 15212 11070 20026 23334 18992 19990 15448 2943 18974 7483 12494
20248 19302 16391 10541 2227 15913 18834 21233 16247 10712 0 25175 15486 15401 17528 16202 11093 3463 12840 17255 20862 18711 15651 17078 15640 15871
13836 16908 13679 9229 16912 7916 16215 10384 3643 11394 22108 18484 10455 17260 17843 17392 12455 27561 23248 17706 13599 16837 8837 25029 10556 15135
17996 13706 15040 17619 12996 26028 21331 17878 18666 5438 18169 24489 9520 17137 14580 14593 12696 8687 15737 16947 10161 12231 14552 8110 11930 13023
15851 20893 13246 18885 24106 21260 21059 6824 26396 11007 13532 15087 15681 15140 12424 9488 24238 9132 14470 18276 12818 11515 12594 16102 14748 8584
16404 13351 18498 3454 11126 17488 19526 15840 25954 13070 28611 26372 6868 17352 18129 11579 12015 0 12431 14238 11742 14680 11316 16039 0 11748
18657 19353 21671 14992 21424 3726 20426 24261 14042 9620 20793 23025 16643 19126 16326 10969 3339 0 15515 17151 10830 11901 16320 13261 8824 14918
21244 13366 15965 19736 18868 15026 20510 20825 14376 7780 19618 12862 11111 16333 17670 11752 14715 8160 31095 16904 11671 12633 22804 10875 10397 17205
16444 13725 17841 12359 12269 9351 16121 16085 23704 13041 9828 13537 18580 16978 12799 12056 15642 9162 12688 15037 7181 15284 13178 13468 7537 16588
15983 14882 16169 14191 19292 0 15266 16381 19239 7719 29609 18074 13104 11616 12655 10766 10844 16328 20201 19286 17653 12824 13037 5268 13929 16846
22812 11303 13897 18229 9461 17322 20215 19643 19947 4476 20120 19585 22257 21118 20423 14716 11585 3048 20271 17415 10411 16939 21569 19710 21096 18274
21279 21766 14930 10552 22779 16428 20680 24184 22157 21571 22398 24904 17057 19592 17608 13324 10504 11568 19710 18517 18277 14335 8183 16437 10577 16555
19275 16401 16709 12536 14453 30634 22873 17231 21337 12881 16718 29531 16066 22572 16798 17398 11619 16480 11655 16832 17397 11855 6473 3338 20426 18062
19601 13168 16522 15402 12492 8774 16339 22852 19107 11828 27256 15909 16895 19038 16830 12354 12092 2256 24106 18419 132 13383 12050 12100 2077 19289
18085 9234 17305 16929 25940 13413 20622 21226 21202 11109 28997 10864 13647 15300 14379 16104 12051 11953 25243 12178 16924 13757 15602 15032 15275 15809
16918 12537 17003 12697 12335 5822 20746 11643 14440 5351 10040 24441 16971 18438 14604 11953 12782 3052 22390 16618 14970 13920 15355 12666 1874 13344
17289 16767 14860 16302 10023 19785 16897 12391 14375 7792 12899 19230 5690 12802 16209 17704 0 6111 14528 15436 6808 14416 13581 15373 8751 17569
19252 14622 16801 14047 3118 9463 19440 24248 4302 6830 10271 24354 14902 10727 15235 14078 11622 18244 23752 15530 10684 14922 20892 17977 10848 15049
16313 7935 11936 2119 13886 10713 19633 19306 18194 11297 0 17005 447 18059 13306 14410 14128 7676 14230 18484 15876 13919 22810 19679 11395 16673
13462 12073 14673 14376 4658 19096 20093 13577 12746 13267 22948 16497 4952 16006 18774 10403 6552 15497 17033 18575 8094 14262 20639 11482 3950 10038
15425 18499 15965 13023 8118 15348 16863 21421 28787 14173 9055 13728 20029 20256 14667 12754 21248 24034 16299 18172 28366 17572 13715 15278 7524 12683
16517 15358 18318 12182 7558 3444 14018 14320 8595 11479 17482 23027 16733 16209 16788 15390 15838 0 19090 14944 14113 14666 0 23152 5464 20919
14545 21336 15816 19877 11126 8222 17012 18477 22021 9599 18194 20104 19274 19740 16944 10335 1188 17167 20639 16821 21169 12333 20775 23286 19776 12987
18499 16857 16693 18802 23240 7809 19425 7321 19401 9858 26555 17930 10457 19983 17604 16015 12452 2742 17927 20064 13798 12799 12072 8270 14775 17277
19149 15049 19421 18543 9650 15341 20290 21084 23953 7499 20527 23623 7371 21491 18451 12475 13228 5186 6663 18333 25771 11956 7920 5466 15075 13304
16039 16062 17160 6481 20192 23361 23181 29839 26161 6356 13547 20761 15360 9522 19969 12496 15780 22128 27458 16008 10074 10460 18588 9630 19415 16416
16039 11553 15472 18419 15198 5281 17304 32350 8403 13333 18523 15957 26862 13695 17651 9315 15891 3524 18837 18651 20161 15403 21520 10611 8316 14388
17532 10377 13612 22376 23315 19889 16212 15209 20872 14648 10202 14834 16273 15611 14581 15232 19898 10473 13805 18432 16267 13135 4032 24082 11694 14367
17588 11845 17792 17812 17038 13375 21533 20611 20165 2316 12390 9833 20437 13073 12159 15495 11354 13734 27581 16625 14516 5860 9326 9768 16711 18728
18476 18119 15414 12245 11408 9829 18533 24782 20401 11932 21430 17639 11797 14371 13143 15189 12712 0 19355 18287 1963 8627 18634 12853 4660 20732
18840 12260 15407 19387 10124 16806 22570 8344 22139 5127 14609 18653 20806 15422 12642 14212 14459 8244 26691 15288 19315 15461 15822 7000 9310 16436
17732 20907 16539 17125 12848 24723 18830 31606 17379 15143 27541 13300 18153 16615 16092 11635 12186 12309 11435 17148 16228 14082 9898 10786 2599 13382
18036 19608 14648 14249 11991 1371 18749 14943 9735 7238 13497 11097 7318 12867 20388 14214 645 17773 18628 15739 5842 12539 23238 12028 12265 13178
20163 16018 19619 13899 12801 12317 14662 22963 14158 10244 27541 20330 20184 15566 15572 14224 19603 1425 20370 17622 15562 12106 16561 12755 15519 14511
20411 12672 14274 14512 8010 21544 22240 16562 19585 19930 6525 17015 12862 18637 18120 14714 4868 6179 20059 17620 13362 10150 9949 16672 29235 12921
21056 17873 17195 12477 9073 19208 17433 18995 10298 15783 19362 27880 11403 20697 17118 14137 20827 4493 16436 14176 11629 11630 19590 19754 4504 16631
20496 10686 19408 23052 10881 14795 17126 14244 18989 6356 17532 14089 14675 16206 18149 13272 15340 13222 20065 17012 11670 12299 28623 18346 21243 13919
15172 13770 15913 8851 18561 18760 21422 15682 25635 14232 13304 21710 6696 15686 17888 11387 18615 9694 12337 21043 20592 10386 13088 12988 11875 16437
16858 11923 20119 22059 18050 10070 22368 20477 17391 8109 14501 24867 9154 19897 17203 10962 14667 19849 24407 17752 20459 13160 6842 16942 10731 15347
16836 11749 18183 23600 13311 18835 16764 10777 17026 15408 23673 17751 18825 19148 16858 12836 13528 14387 24410 15572 13389 13223 15651 14664 5802 11769
19501 15043 15773 13153 9497 24474 18033 11062 17733 10152 10082 24664 9919 22375 15042 17969 8675 706 23547 19995 23019 16601 13454 18943 2626 18373
18610 15499 19963 17853 16916 11882 20497 14494 11934 12829 26140 22475 14899 24186 14885 14312 18387 13176 28671 13403 17637 14778 7586 12357 5012 17757
18342 14003 17802 6813 19959 21281 20527 17698 19098 11115 20193 17776 19678 22631 10810 13525 15583 10241 24889 17696 14315 12846 3185 12294 0 14105
22177 20708 17041 16858 10534 18027 23889 26363 29667 15793 11910 20979 5668 16394 12032 17377 21382 13016 23652 16172 9154 17395 30240 17411 9731 12312
18831 12200 11633 8974 11439 18721 17846 28298 6657 11663 29519 23314 11486 18450 19226 16366 8366 24809 13622 18559 21775 16081 11511 22495 9262 12004
23358 11109 19031 15991 18506 15152 16669 20040 20144 11861 6446 12179 19395 20704 13404 15011 11023 3266 22656 16306 21680 15221 12987 14220 11354 12475
16837 8617 15539 7716 9435 24773 19946 23845 19983 16878 18311 14304 12855 20161 15615 12833 11467 9415 9923 15178 16666 11649 15912 11349 5370 16445
18138 14567 12402 10053 8246 613 19571 5644 13205 4449 40104 15899 14037 13728 13698 12346 13613 7743 20926 16202 10666 9781 11822 1092 21823 15971
14584 12536 12728 16376 6571 9920 15743 12940 8340 9399 17265 31663 12662 17134 11872 13217 13052 34274 23068 20215 12403 9655 15601 13781 11644 16031
18400 18469 17243 17293 8495 26330 20645 8783 24680 17380 21951 20283 9987 18715 17318 12820 6395 19174 15692 19614 20633 12635 17273 13555 0 15766
16412 19422 10916 12153 11556 22675 18754 17351 6787 9331 14535 10078 16086 15544 18451 16245 11009 0 31741 19658 18819 9498 21261 15598 2770 13716
15995 14298 15897 10869 19631 19766 18395 18622 6669 14214 14340 16351 17515 16058 14709 11552 16048 31839 13578 14396 25033 12692 23768 15949 15456 14659
19093 16509 17961 5917 16654 25505 20535 22109 23450 5838 13255 21348 23318 9575 7160 13493 18551 6698 10336 14451 11342 15848 24567 5379 17280 15194
18126 8391 14401 9059 15594 23344 18188 16847 15296 11428 14051 17457 18917 19972 15348 14848 9829 4592 15728 16633 17417 13412 22523 22273 13078 11805
19728 17200 16699 17782 21313 12397 19642 18917 20981 8058 9172 27357 12816 17734 12434 11551 9645 3750 31223 17964 19450 10280 17634 14228 17932 14274
14124 16052 20891 26231 7882 22753 20511 36908 18906 4658 16334 26114 16714 18157 12222 10152 8244 15684 20663 20835 10732 15425 23237 14149 19785 15397
19791 10967 13330 11042 11812 17273 17467 11635 6534 7103 28249 21710 8203 19265 13379 10819 13246 19260 19039 17248 8227 13780 14030 23337 12425 13909
20566 8961 17405 17550 8837 13711 18563 8563 32332 24278 25831 16864 10848 23388 15942 14227 23298 0 16914 21354 23256 15230 19203 18038 12962 21135
14474 14408 15684 12457 14500 11486 21941 21394 8483 16069 17737 11401 10780 14043 15633 11305 12305 4526 8272 17026 17379 15955 27176 21748 13865 13965
15790 14328 15031 14054 25554 7159 16824 15982 13473 11760 19970 17466 17686 14494 14191 9945 4773 8536 23747 17574 17468 15276 9456 21095 0 13476
14111 14087 19103 16210 11088 4877 15145 9277 0 8679 23577 20500 4125 17831 12272 13029 11706 13716 16766 14177 10305 11595 17565 16663 17187 15996
14384 16714 20180 10759 11467 16949 15734 14578 15883 7841 24125 5576 8116 14802 19316 12204 10743 27070 18169 14186 16842 15183 10104 20290 0 12253
23135 19825 12340 11501 9022 15190 13618 355 0 0 22126 16040 2388 19017 14729 10463 14937 14854 27870 20802 14587 11062 22601 10240 178 12547
15237 13967 18321 12347 22265 22939 18856 29094 15484 4098 26870 28216 10715 18913 14222 12836 20234 8245 23549 15157 7475 10557 8219 13529 1513 8156
16970 16054 15973 16920 8745 21809 14339 9109 14526 1576 20992 15008 16027 11713 18389 10712 7967 7171 19185 16617 16818 14173 11100 19243 14853 13148
13302 15351 16666 17662 8873 12275 17740 22277 11240 7348 10101 22602 24627 13469 14103 11975 10431 0 17590 17325 13527 13099 9100 17927 9410 14351
14262 11094 19310 15286 3554 22325 18594 28155 21581 7425 15636 17111 12617 15744 16705 12898 9530 3251 13899 15425 16152 17445 15529 6156 29346 11617
13034 6782 17232 11747 6407 10020 18901 23766 11980 14713 13115 13079 15685 22354 14907 14456 12691 10191 22132 19873 15007 15596 18059 9586 9519 12420
18376 10813 13985 8037 13151 14164 22236 31412 9253 13058 23257 22601 15174 23282 14148 9524 16630 14338 21359 23302 19718 14536 15503 19452 4336 14858
14230 15423 10805 8675 17348 21488 22352 29234 28234 2800 5869 21434 13533 21827 15055 13307 9156 7585 18821 17976 15073 14167 17377 14633 10376 14440
21452 17766 12829 14120 15607 16670 16482 16596 19951 11147 20414 9814 11323 8944 15638 10996 11425 15603 20585 18545 19864 14145 13158 17936 13824 13389
22875 15751 13958 19199 14841 19310 20663 17457 8692 6285 24281 27348 5111 20609 18537 12008 8337 17719 16476 16877 13863 12881 23938 13656 19183 15073
22317 14065 19248 12126 9126 14026 23444 3003 10689 16806 25631 26402 15864 17969 15701 17455 16416 16300 21890 23609 10439 9964 16217 14577 19999 16185
16943 16173 16282 11271 13440 6407 20119 12274 15387 11501 21453 20578 9685 13311 18235 15302 13908 14180 23029 20741 24602 16961 7957 18410 15338 18664
20872 16224 17179 15776 4684 4349 17880 15441 7566 12857 18629 21024 13000 11981 16102 9075 21735 19566 12821 17529 6650 11326 15873 7355 6192 14974
13182 13022 16232 19372 21210 2730 17338 11639 15543 16789 20959 15817 29033 18165 17436 18195 7616 26795 16413 12711 14207 16476 18616 13413 6445 17598
15916 17422 17553 15480 19463 24272 18492 12573 23576 9196 21343 19441 18471 17241 16715 14091 9766 14577 18364 14760 18977 16271 19546 9977 13590 16438
15987 23347 13854 16425 17741 2994 17906 20660 13652 17542 13073 25496 15133 12570 13474 9661 9576 17608 8333 16778 13346 16096 15640 21536 2302 15092
14350 14700 16920 7555 22021 15015 18813 9828 20319 8237 20702 21621 18801 22486 13225 14900 11146 6605 13081 16610 9601 13689 21798 22420 13114 14965
17110 16259 17130 14670 14944 27923 19698 25244 19395 9581 22864 23215 17736 12232 14459 10882 15476 12906 18586 21137 19908 13392 10102 11499 14389 15501
21189 13527 18658 20215 12429 16442 18597 23979 25176 7513 15029 23527 14943 19966 15750 12486 12828 15467 21279 17096 23421 15847 10630 20261 24964 12689
17676 18976 16056 13816 5645 23045 21230 22678 7655 14138 3008 15578 21448 15837 15099 15341 8460 20748 8866 16853 12453 14923 12104 11270 0 14363
17319 21348 17420 27637 8991 15989 19121 24727 26170 12949 7189 22275 13848 19616 12263 9237 6554 21015 18467 14157 15103 18626 14728 13440 19116 15628
20942 23738 17467 18967 10021 15869 20002 23965 10730 17334 10351 20838 18494 16644 16946 15120 26934 16158 14692 19696 26761 17747 10744 18721 14300 15843
15487 19540 15397 13872 13080 29471 19246 17779 4668 7269 10041 12780 12964 15083 12299 14795 20113 20756 12758 17577 20337 15448 16717 11440 6179 15305
21897 15331 15810 15435 12376 3556 16040 14961 23582 8942 7912 21232 16301 15483 16720 14783 14473 9184 23771 13345 9209 12813 16293 17170 16640 15797
15796 16057 16675 18936 12129 7784 18987 12650 26593 19295 12200 14958 17860 13826 13749 13550 23773 1621 9306 16335 1649 12218 12401 19499 4415 14741
16996 18374 17368 34545 16021 12069 18345 21158 15287 12259 16652 24183 23051 12937 14843 15587 9891 17987 15703 15331 16401 12968 10340 16214 9871 14929
14812 15921 17074 16560 11835 10510 18228 19142 15761 10183 21676 26346 10492 17957 8956 10989 17463 18462 18133 16821 4297 11487 14204 16027 0 13509
13794 13262 13811 10957 24420 11901 19834 23028 10870 7075 29565 13463 23084 10064 16398 11334 13044 13200 11108 13535 19678 13725 19136 18392 8589 13536
17452 20657 19089 12487 12035 4533 19250 18908 29078 10350 2279 20047 14382 24315 20251 14136 8876 10691 24002 20040 16191 11508 11325 20494 6072 11104
12776 19616 13720 10100 11894 11958 21411 14854 10533 1985 27724 21912 3966 23360 12810 16035 7147 7183 3413 19174 18552 15353 11248 17237 10511 14261
16287 17386 17771 11332 11142 9081 15095 18758 25895 15748 13542 23821 23413 9453 15546 15909 12272 3187 19895 16948 2214 9021 14958 19124 5638 14277
15026 19916 17878 11712 16852 17574 17887 20705 25154 15096 31867 17648 11860 15329 16524 15543 6359 14055 25697 12545 15941 15782 22978 16004 13932 12029
17455 9900 13416 5325 16957 6514 20329 12866 26604 4728 16632 24286 12973 18211 18832 12888 391 33512 18473 17725 14902 10672 18073 9937 6604 14368
17871 16153 12929 26690 12855 16454 17222 27934 25823 7647 22096 30236 10790 14518 14670 14854 11146 0 19046 18790 21525 13826 14221 10145 26724 13207
19428 20338 15386 19791 10986 21949 20772 24935 25847 6790 11563 21947 19411 13767 13205 13993 2679 24286 25112 14143 3176 14272 23722 19594 32462 9223
12682 17519 14622 19546 3001 11818 22033 23850 15652 5708 10677 24689 16398 17794 13473 14704 7133 21235 26519 16874 11154 13600 20993 19644 0 14275
12744 17663 14804 4078 13849 11446 19715 19237 14264 12501 10567 7756 15907 20613 16237 13864 12782 7507 16876 21484 17860 16438 14551 13842 13237 10331
17121 13879 12740 14409 17543 34225 21145 30118 10965 9279 10205 20730 11938 15385 11300 8118 9971 7796 26050 15085 12344 14266 14944 16245 15912 17177
14047 14439 17597 10882 18917 24116 18322 27286 23604 20760 18191 20636 18662 18357 13914 14479 10508 7909 25660 15730 6352 13034 14714 7496 13573 13425
17137 11293 14835 634 17295 14565 16246 31562 19023 9288 32866 21840 8714 17709 15893 11344 5407 10757 17323 19176 25223 17459 14427 26803 9131 13932
17722 12718 15431 22226 16525 25568 18461 10417 22607 14187 9077 14523 13116 15076 13343 13609 10456 6677 13118 16538 16216 14294 19046 20234 9546 18973
16604 13613 19459 20637 11838 12093 17999 22040 11448 11707 9358 24458 8361 17061 15593 13540 19119 19916 34352 20474 13825 11110 16595 1450 11490 15960
15857 20594 15000 23810 12560 26813 19262 25621 13745 494 25768 19675 19926 16097 17727 8724 19090 34156 20676 17752 20599 11479 21326 27346 20665 19409
15282 11518 17931 15248 18287 28622 17236 11235 22610 9617 17407 20303 8582 22382 13244 16674 14901 21468 13268 18900 21131 12442 19971 15507 2603 15945
16828 7996 14363 11812 16633 19953 18545 17606 7911 7703 25392 17853 13353 16135 16019 11552 16314 22140 6910 18415 16063 11644 26323 19559 21139 12608
16066 13840 16461 12104 5048 17228 18797 19805 24700 13600 27323 20745 5217 14842 15952 13263 12870 15965 18571 16653 15094 15796 15272 22976 21817 15386
19083 17164 20989 17924 10616 6945 19045 668 17166 2549 11788 23233 14316 11255 16694 14243 14856 19143 18069 18228 14595 13939 12972 19014 12586 17405
17239 18607 12635 27805 13517 7724 19790 17596 28601 10662 6040 18981 6624 15107 17735 15501 15185 8658 18132 19527 14473 12993 1765 6749 7797 17902
19654 7414 15326 8281 14249 22213 19297 9664 1758 9927 20810 27013 7955 18412 17169 14289 7995 5877 19087 18519 7222 13079 14593 22904 10633 14467
15976 22704 14977 15637 19452 26968 21678 17597 19436 7195 20433 29082 15793 14145 13462 12427 17655 22067 22395 19707 32563 19918 19472 18446 7142 18164
22975 12392 13941 23994 9623 21009 21439 33591 14178 6864 17994 31126 12156 15810 14594 11006 16997 18606 23976 16569 9973 12495 24211 6413 0 12552
17321 9371 15775 18039 12077 8142 22298 20625 19074 10632 15414 20022 18562 20050 17901 14190 9248 11784 17844 16993 2151 11554 16154 10132 9173 19769
12503 22857 12313 6929 19573 14794 16848 10676 21510 13021 18293 20447 10762 22949 14630 12211 20210 12621 31019 18070 15098 16052 10656 9104 20078 15551
17713 14701 14148 20102 6744 12260 19586 22201 23854 0 14246 17444 16190 14507 16233 13805 11022 14147 13268 18145 13290 13493 16621 20120 12454 12704
20509 11303 15498 21336 10338 16404 19552 12142 17802 3553 16158 12148 13644 12369 12733 11423 9090 15308 13173 20279 19886 17790 12536 14057 14902 12280
15281 18003 18836 15235 10481 18755 21378 13017 17130 7738 10007 23329 21560 12442 21184 12685 11150 971 16966 17850 10525 15699 21414 12058 17742 15525
17724 19239 14958 22200 7983 18868 16600 27069 14536 4619 21920 31270 17161 22846 15064 13188 15356 27405 17348 20071 20552 12096 16253 15115 8886 16002
23150 3769 15050 10643 25771 17447 18835 31812 10056 12701 20760 21937 8679 19487 19219 17422 9448 1504 16599 17318 20302 13089 14499 22527 15814 14773
17999 18855 15897 19145 9134 20830 19706 23267 14953 13240 10905 20698 16968 23706 17095 16014 16053 11994 15082 19160 8996 11285 17987 24736 11433 16240
19851 23266 17402 22775 14900 19759 20154 18442 20394 15534 10837 21906 15088 15844 11670 15846 12952 6763 23712 17939 10579 12724 16154 14424 13372 19209
14109 21846 16564 8556 3487 14269 16908 22769 15124 11448 22574 29237 13071 16149 13137 15197 13944 26891 12694 15738 6800 13518 16447 9461 0 10986
