365
6 74 90 6 79 2 61 87 77 17 46 61 24 21 95 87 46 26 78 6 19 96 72 11 41 60
18973 11462 12236 23559 9192 1607 14308 14614 14658 16982 12370 12866 7734 13490 25993 14293 14234 13568 20694 15193 13935 10662 14387 18921 9058 31845
16528 14287 0 10697 22440 5877 10826 16552 21208 19582 4273 16318 2483 15803 31367 12986 6966 13455 31463 17915 14015 4533 13213 19750 15475 12863
9304 14465 11420 20907 11372 20224 6907 11709 23468 18956 19351 13796 14836 11131 31755 17433 14058 8204 24091 16063 25454 12986 18585 16882 10435 14979
9199 14927 15934 21206 24009 7100 11286 12943 19790 13582 5941 13107 8729 16678 17966 15846 12889 8692 17847 17965 19217 10399 15475 26383 12120 15613
18274 9930 6647 13790 17957 17375 7859 15592 22270 14417 5179 15898 17392 17377 7709 12614 17807 12261 13817 16922 8649 9015 13303 16800 5871 14118
23770 1658 11645 22588 8672 3711 11909 15601 20734 14356 8286 17769 13704 15397 21118 11025 14697 11939 21537 19188 16504 14486 15862 25696 12049 20614
17445 14973 18374 8482 15800 15289 15967 14491 17623 15615 5163 12571 7102 9441 15211 10890 11222 9410 27836 17270 11199 6423 13194 14165 0 21536
16432 253 13715 14653 22297 25635 17315 16079 25991 17412 8975 13464 17044 18275 12890 12697 7402 6502 17824 19293 12217 12184 18040 11957 20183 17045
17907 14179 16789 17333 9081 10238 5642 9726 20668 18098 4541 10444 17016 12376 23556 14489 11145 10020 19521 19038 21618 10492 17873 13691 16508 15196
12409 22549 11250 15922 21010 5446 10821 21077 18758 17123 14968 12259 12251 12128 29639 10738 14833 12918 13345 18677 17459 14853 19045 20579 14866 10398
26067 7455 6072 13922 16147 8344 14006 18994 16078 12097 10449 12574 22662 9272 15684 13620 15648 9759 16738 11395 31406 16081 16871 19277 8977 12437
25369 5586 12407 21035 15715 13584 9359 15483 20653 18327 1524 15383 8842 7559 21534 15216 14251 2901 27719 14971 8592 12625 16183 7460 1734 25750
14538 13930 18071 13373 12745 10615 8211 17222 18207 19750 20097 14321 13729 19401 24635 10351 19549 19753 14304 21014 18231 9636 17596 18591 12372 7821
23709 7706 18485 20700 12837 30013 10064 8286 19794 18394 5834 13392 12373 10925 16914 15457 18468 10655 29035 19010 19925 5699 14517 8420 13055 19036
17502 21464 13446 13176 11078 10771 8750 15739 17325 13659 9609 10543 11713 4982 15220 16198 14965 11020 25781 18644 19527 17818 19735 14027 7900 8252
24048 19037 12067 21970 20863 12766 18217 4961 21168 22090 6448 13446 2271 1387 16786 9982 14227 17447 8714 17433 21555 14341 18679 12964 10924 14578
16971 8768 13039 17514 16279 12961 17052 6408 19211 15070 5798 11971 1579 8971 18571 13988 7053 8091 22493 22038 17444 12447 16495 11978 17584 17538
14704 7981 20512 27688 4269 13682 19191 13703 19666 15421 16131 14364 22264 4418 22984 13447 10450 14256 26352 20705 13693 3354 16280 18409 16768 11365
16094 14710 2182 17727 9870 21834 6701 3654 17743 13966 7569 12604 10050 2511 12043 10518 16999 13217 7843 17430 15148 13431 16578 12942 21927 10060
21163 4715 19426 17139 19343 22522 17203 23486 18184 17525 8130 14172 26242 0 15162 10524 3031 14185 15594 15775 18824 17431 17824 16860 4611 20590
13307 8807 11131 19498 13242 4834 5732 10618 22098 8351 11017 15370 16438 8785 15987 10945 11255 9147 24768 13186 20253 13694 18535 18214 10201 7636
25463 18815 25060 25570 12833 24866 6960 10431 16138 17203 15060 12769 12112 26535 18560 16680 7834 13233 1040 14931 19331 9349 19742 13950 9391 23029
8402 8065 23904 8169 9941 20246 5949 5323 15251 22169 17581 13144 23990 14896 10689 16026 16815 11992 13693 20577 16418 8021 12693 17309 13741 10836
34891 11376 12976 20808 10976 11996 4500 6236 17906 16042 8299 14983 9824 9239 15913 14648 23617 11285 16123 24070 14564 6511 13329 3478 15430 19533
28778 17482 1903 19700 17171 16785 16620 17593 20241 13824 4194 13661 11698 27605 8866 13730 8910 18252 10263 17325 17775 12472 20429 16033 12311 13657
21175 12882 28487 33743 6750 8011 9545 12016 24442 17192 13742 14750 14929 3455 18359 12353 12819 15473 20890 21687 10921 15713 15946 11494 17902 22076
18370 9450 19542 15151 16382 11585 10749 6039 22711 21091 11679 14708 11460 19948 11892 10910 21402 13208 18394 15900 19285 2788 17065 20564 1468 26835
23845 7033 21088 29075 17974 28923 8511 10715 24542 18181 8450 11777 13568 15341 21656 10966 26181 15760 32987 15101 13175 13855 11298 8348 9159 7948
24162 333 15399 8928 14339 7990 9826 15039 18563 18074 7180 15762 5069 9638 22234 14316 6121 9269 9884 18459 14355 5239 9027 16799 9092 18495
13571 24741 12970 19679 14847 9252 15917 21745 15521 18862 382 13373 19182 6096 26807 14245 13495 15860 15567 18645 17911 4178 19650 11471 16651 19723
22621 0 11716 18623 24731 20210 16038 16379 19560 13845 2457 11170 19694 20331 15736 11536 4644 4505 11297 17288 11359 13178 18630 5977 11772 18448
22950 19971 23985 12073 15559 16728 20518 6801 20427 19075 4241 17406 5763 27935 12469 14644 7795 10910 21709 16901 16175 14760 14695 11405 17145 17199
17294 9010 8568 17706 18938 13892 9577 5050 18911 17142 11568 16071 6370 19691 12393 13789 22468 16562 10386 15035 20598 15899 15991 7521 0 10520
19452 0 8237 13122 17426 19051 7611 19529 23283 15961 12655 14062 11070 11644 30304 13455 11764 19630 17476 16644 34251 13116 12307 13572 3698 10452
17231 18707 14240 11733 20653 11943 11747 14884 17211 11921 8745 11147 18622 19933 8803 11717 6089 13554 20274 15007 6955 12360 15772 6688 4517 6460
4876 12257 14788 18671 20645 12471 7912 13442 18104 20366 10827 14985 12993 11533 17415 16248 16599 13560 10360 22419 12801 17053 14228 22074 17651 15523
20911 2050 11765 13002 22747 14425 19307 13616 21330 13366 7680 12614 10874 9867 1666 18473 14031 14680 15260 16573 13968 19718 17500 16204 7824 13578
16382 3429 9511 25377 9581 23228 13460 15228 16791 15574 12959 13540 22593 13142 19147 12244 11882 19453 31188 17368 21298 17822 9854 11317 17633 20430
23452 10278 12862 18101 14532 5302 12989 9944 18593 18793 14266 12175 9783 14983 13897 11828 10851 14274 24818 21115 14899 16531 20471 13969 4718 14748
13495 0 21853 20662 16732 13792 17850 3718 16624 10459 2920 16930 13486 15466 13243 17079 10012 8023 23408 20874 23463 18607 15432 15706 14725 21086
21018 658 9080 16624 13854 8162 5212 9768 20196 14443 10392 12801 8855 10993 33416 17697 19845 15607 35229 18976 18354 17748 16837 11860 13913 26317
18619 0 21554 21867 18701 27940 10567 16822 21555 17846 17165 17825 22072 11175 29926 12775 19748 17122 18002 24055 10036 19436 13367 14844 25476 25563
24630 7692 19791 20108 19856 4821 12382 22118 18528 13089 16457 16797 19260 25488 12516 12409 9975 12795 21151 17419 21563 8988 15179 19894 20153 16510
12840 0 9903 18876 17671 20049 7791 19587 18582 19206 7391 12173 8334 16309 13840 12330 16059 9520 21988 14462 20644 13559 14751 12987 10016 15163
14284 0 11468 19653 12598 19866 13378 19336 22844 13568 14506 13512 28942 6467 22287 13701 21215 15393 18624 18673 11955 7409 19408 15813 0 16487
28020 15326 21406 17098 19904 16195 7820 16923 20208 17441 11888 13980 0 2952 10361 15597 10568 7913 21099 19791 17875 16753 19062 17588 20117 24571
31306 15232 9991 21384 14673 13397 17742 13639 17367 16628 7275 16182 11011 11816 31104 11868 7563 8826 22047 19459 19932 10894 10302 22610 16703 30527
28301 9964 15423 14517 20575 27690 12262 19514 23994 14858 8399 13994 17179 9531 1609 14839 15410 15103 19251 16631 11807 5302 12598 12166 10678 20897
11320 13781 15521 17646 16487 21245 18959 9895 17882 19111 12748 11345 3559 4624 21102 11363 23381 12139 17541 16836 18261 10546 16660 11170 14831 22517
15201 4353 26087 20629 15098 23010 13881 12508 23732 19654 11255 12478 25222 16575 12144 14113 7833 13140 14519 19420 25358 6227 17264 28817 12521 21977
18049 0 14680 17576 21310 14255 11869 23396 21211 9763 8059 15208 18628 10942 20782 16337 17892 16841 15665 11554 15451 18902 16211 18177 13906 18005
14944 9194 18960 12822 8269 9610 5987 21489 17246 17684 7196 16095 15922 14234 25700 16089 34036 13037 19123 14713 7686 12753 18573 21023 13975 22833
22262 12464 15101 13482 12032 15254 8899 13832 22224 18356 12630 16522 13597 15639 23280 14682 6804 12414 12918 24619 15913 6605 11228 15038 11479 20501
18238 12535 11290 15892 14062 6859 19184 19431 16746 16818 9401 13027 16441 5618 29740 10823 21863 23034 8253 17190 26299 9699 19709 27291 11453 22671
28942 0 12399 10934 8427 9957 17572 8641 17280 17231 5271 14631 10113 24687 15610 15654 13886 14414 22112 17946 19772 11556 16533 28243 7958 11661
25207 22802 14469 18795 6458 12259 15286 19791 20241 9482 13123 16207 14101 14123 19733 11949 9503 10330 27302 21274 19881 13581 16907 11338 3708 9568
18583 25096 17209 10239 24943 10607 13571 5947 21402 21200 14900 12137 14193 6898 19252 11143 8208 9999 8937 15848 13279 11421 22284 16486 9975 11620
28059 13538 18042 12160 5913 17007 8675 7506 22021 19702 6893 18785 13774 11961 16433 16025 16646 7317 27930 20765 17961 20343 12737 16787 8837 16569
21627 15216 3676 12516 15000 8281 9764 16780 22245 19438 13043 14547 3336 27604 12680 13701 1719 8038 8385 16119 8295 17025 13356 13376 10303 11722
21235 16903 15146 9316 15757 20550 16117 11681 16786 20425 10306 12877 23739 14582 18473 14654 16981 11981 17293 15623 20777 16949 19186 20837 11425 16668
6507 3353 22109 16617 16511 6257 16175 9496 18657 14808 9658 13538 7030 9539 35862 12239 10394 7944 21951 15656 14724 17459 17840 22409 13385 18696
25897 24469 7917 11311 19926 18839 6484 14276 21255 19591 10080 12965 16052 6624 20732 13839 11800 15280 37998 15834 19014 8872 12130 7829 8917 16723
11437 4974 14801 20846 7245 10861 1341 15057 20394 15293 12225 9714 25580 17521 17377 8747 10398 6628 24568 16851 15112 8764 22828 21196 8610 7306
28209 10608 14512 9446 14928 26098 12567 6153 22147 15185 15444 14308 15129 14090 26960 14145 13544 4661 24849 19063 17167 9785 15117 21799 2133 13407
18760 1731 5900 12214 15899 11127 18634 8450 14745 17704 10248 14846 5511 16797 15518 12635 10731 15220 12888 17483 14104 12842 15815 19443 11336 19706
17817 3170 16703 18042 11611 10458 8862 15454 18568 18791 18462 10471 13857 12118 21529 14666 11420 6641 5834 18215 17255 8026 12950 19471 11224 10221
16478 13855 20716 17018 25679 14105 18720 11915 23495 20763 13897 14089 12569 18631 19406 11609 15942 15863 17367 22086 23025 17323 19165 10966 6711 8765
14710 937 17382 17412 15007 15700 14178 17369 21575 15083 17178 14221 11916 22730 20032 18110 27504 15616 13654 20224 15955 10051 13600 9492 16748 19423
24988 7914 19170 23522 16914 6507 5188 8156 18359 17794 18649 15936 22439 13753 12513 11847 12669 10824 25394 20216 11687 7749 20881 18973 2686 17112
8162 4007 15151 14570 22995 0 16684 15360 16592 13850 9412 13121 3712 2153 17413 10512 14777 7126 18307 20274 10534 8922 13404 20732 11304 24438
20451 2570 7403 14698 19026 13527 15410 12478 22451 18376 16364 12172 10373 8125 23400 13085 30404 8221 17876 21708 14797 14385 14270 23935 14018 15873
19504 9972 4555 18387 25037 22833 14780 18625 15170 23637 9994 11537 20225 6008 21397 12783 19962 6917 15628 16018 4854 14900 13696 20824 11905 24295
23485 13487 28049 22147 18490 22762 13238 16796 20782 18841 13902 12890 2475 18690 16893 12841 0 8197 25291 18761 20690 5805 17503 25688 13952 15507
27600 6763 15205 24670 16007 5307 8748 15075 21980 19541 11740 17694 9187 13057 20971 19685 9540 16945 17054 20025 20779 18738 15449 22628 12153 15588
20650 0 12652 16556 9901 11513 1958 13031 19333 21823 10284 18792 17258 11503 26228 13514 13884 1705 8996 14227 10299 12134 15116 12733 7441 12554
24007 0 8802 15457 7784 18651 2499 9085 17631 14081 3064 13836 6650 12413 24482 15514 12944 9850 21911 20866 12716 7360 18713 20648 8475 13468
24589 14537 12219 19424 16919 6444 13031 6140 12789 15316 12323 15081 11487 9868 7128 14253 13452 8090 21948 16006 17857 18525 17074 13433 5896 22002
17063 25620 19298 6744 13155 20509 12403 11721 13498 14834 20204 11237 13327 15730 16534 9155 18316 7663 21133 19727 14345 5418 16851 0 12054 10261
13377 16223 11563 14516 14515 19988 20303 10161 18369 18493 11001 10699 9783 14841 24860 10296 11211 10746 22884 26959 25868 11544 21003 17714 13681 15594
13698 23341 13385 19238 27708 7755 17720 6672 20137 15938 15617 11442 4341 15635 22618 10779 11108 10081 14270 17042 25642 10129 17701 10483 7650 15839
26334 21857 14736 11049 13871 14368 13895 13804 23110 19481 11170 18196 18092 5816 14367 11648 15780 20783 22076 17496 19400 10449 16260 8169 8139 9778
27347 6013 11934 21663 12303 10332 6677 15390 17591 20618 16218 13581 10786 6087 22501 11854 11836 11928 26138 13078 21369 7516 15827 28852 15043 12844
22686 2867 15488 17590 15182 6121 7737 12567 24960 18507 0 14962 11002 11359 16821 15443 13461 9518 14951 19520 16863 12808 12558 4693 19803 14892
23252 16382 25736 21771 15661 9812 14527 21425 18288 17495 20776 16790 18426 0 10334 16336 5240 3900 14860 18641 17578 12059 17394 15773 6979 17778
20710 13073 19212 25992 14966 21744 10002 17464 17973 18164 6848 14085 17185 4787 25325 12775 13927 16419 9404 17062 17926 11299 16059 10939 2076 15259
23521 5694 9337 9236 11681 10278 16817 16531 22330 18903 17324 14822 16945 13019 22113 11304 20613 12997 25292 22634 22567 1621 23235 17400 13778 18058
13592 14012 5472 16648 11366 18510 4798 13369 21761 23846 16017 12451 4467 20816 9327 13132 9975 15188 23081 19416 22780 10104 11877 21319 14773 20070
22548 14349 24675 15945 12285 2519 21975 10923 17994 18401 17139 14799 16618 9577 29896 14901 15798 9808 19631 16750 11024 10275 15432 18253 6964 21656
22697 21814 13360 14735 12339 12586 11048 16743 19897 16925 12639 11989 13849 10511 17734 12796 7866 9310 18251 15204 24698 10030 20538 25210 12493 14643
28702 16063 26325 16461 17902 9871 12239 18720 19647 15499 15122 11512 7521 12666 30130 12528 22039 9833 29275 24183 25098 11742 16633 17969 11285 10451
17599 14953 5742 20949 16132 11516 9161 5608 19926 21605 14097 14896 11155 27404 35072 10097 14573 8022 11756 20184 21799 20747 16501 22814 16961 21964
21647 734 18147 17449 15723 12589 13004 7261 14533 17563 2787 18161 10418 10951 7210 14360 12043 10352 28690 16758 15622 10006 17835 27675 13426 16534
18457 10896 14404 18185 15344 11492 17205 10344 18464 14957 9876 13200 11732 18000 17771 11196 18003 13964 25713 16758 22849 10041 10831 13702 8704 20080
17352 14816 3771 21274 15462 15522 13341 18878 25036 13739 6105 9557 15259 17002 17022 13816 17172 7822 20236 16035 9413 5359 15691 18537 5407 12773
12501 18794 7625 14834 26729 10594 14981 17479 16343 12491 6474 11624 18736 10995 26693 15610 12178 20343 26622 14802 18836 12464 21079 18477 8902 23229
26179 19226 21390 17525 14342 16840 18875 5413 19117 11322 6597 12863 12460 11258 9114 16882 22369 19500 35601 13851 23413 12976 17717 10491 8760 20536
12059 2957 11030 18085 12123 9689 7707 8827 18608 14335 12843 12912 13817 17899 16234 7025 19530 10157 17614 15007 15283 3674 15994 25952 7449 6010
19075 16369 9015 18063 15248 7586 5381 2085 20043 17165 9078 11385 13673 23215 17550 14394 18711 8120 5249 15022 17276 11250 18018 16523 8799 18396
9435 27636 19606 9780 20517 9608 4707 16513 13098 22623 12078 14476 13013 2552 18464 12044 16302 15111 13907 19854 8908 12463 17805 9963 6988 15129
10422 7560 15596 16958 17166 12606 8289 11463 15005 11443 13944 15290 4436 18868 17 16568 4987 8416 16322 15327 23010 14124 16738 25932 6813 19341
19278 12197 16960 13743 20779 17130 20811 11317 17167 19450 11077 10155 18470 20016 20642 10644 16259 13756 13454 10019 22737 14549 14662 17706 6962 24712
22928 11584 11468 13172 21148 13532 20192 22532 20449 17637 11083 16039 17977 18261 18597 10351 16644 8642 8348 16316 24116 12524 20226 21473 10393 28001
21801 12812 15117 19106 13937 12347 17070 7427 15394 16151 5252 14796 11757 18381 27824 12665 17177 9796 11777 18850 12792 11399 9092 15051 14431 20637
15907 7474 8580 10041 19863 10498 5805 13386 24176 18008 10954 14076 17515 14923 19972 11798 20825 12044 23276 15246 10042 12271 18122 2174 13818 18609
19515 9688 16549 18675 13197 16750 9449 9350 15527 20026 10975 10272 5168 1813 23891 13021 14667 15506 20995 17372 12309 7717 13764 13684 9614 14603
20346 9002 14052 16706 18432 12540 7240 8867 20293 13004 7536 14162 572 21253 27843 12934 20779 14145 27158 17830 16812 14709 13967 17998 8283 4163
13813 9388 7698 26959 15899 1541 10435 11941 18757 18879 14249 10593 11306 17651 7744 17082 8325 7540 23352 17761 22332 9033 15445 14518 11388 18274
23978 4678 4216 10067 17698 12489 13113 9507 30654 10900 5975 15224 13048 13261 17670 11028 13617 11070 30452 16772 7577 6438 11875 11649 16698 16831
15030 11116 3575 14803 10867 4426 10938 10800 17214 17907 10711 13842 20995 15701 25607 11994 13479 11325 24001 18487 22831 12237 17369 9094 18029 23258
15199 7216 16982 10006 16512 0 7699 12369 19782 15550 12187 13225 15294 4087 14790 14557 18760 4114 23196 15704 10117 7367 19352 8856 4976 22045
26931 6160 23412 19808 17206 15777 10446 2805 20453 12136 20720 12602 8469 8882 28981 11995 11807 8314 28181 21025 10689 15451 10856 12907 12416 17828
20208 587 6658 11408 22240 25149 12372 11305 21476 13960 15605 10239 16855 3670 8604 15311 1619 8773 12782 19145 18758 9959 16124 20289 11323 1843
20831 12977 11118 5758 17788 15151 10352 12435 13867 9451 13710 14846 8721 21541 16621 13756 13309 15548 30137 18444 24682 9313 16574 22739 9325 21145
12316 1014 6533 16571 14763 26403 22962 16620 17379 15006 4737 16598 16594 17647 10606 12335 23153 5886 28476 17181 14793 4787 11981 9971 9718 8112
22097 22827 20897 25031 8826 0 3857 10608 16970 11174 18788 11209 15789 10019 10541 13797 22783 4920 23864 16807 23671 10809 13962 17454 9830 15029
24397 3028 2034 12906 13203 0 10827 14853 18636 19698 11850 12936 18207 8632 5338 12748 12343 13588 28462 16488 20071 9770 15706 24399 10706 13539
8174 12649 16274 15898 17364 16510 5179 8028 21306 19430 8770 9110 2301 13690 13827 15633 11979 14470 34042 16410 20434 11234 16212 21936 16099 15540
35284 23377 3035 12854 15010 3892 16900 10929 19065 15776 14523 15993 22281 22367 19586 16580 25546 15313 6501 17798 19277 11865 16312 18769 17364 11615
14005 26956 9284 9958 11971 17737 18052 10399 17247 14789 12050 13063 14134 17905 19552 14828 18578 10266 32696 17287 24686 9375 18529 24191 11825 16732
16987 17229 21315 18249 14415 10637 1666 11317 21440 18724 23303 11568 2978 15025 17078 12862 13356 12043 11662 11069 21072 7489 20610 15292 8228 10134
13265 5767 15561 16909 19791 21552 13319 13959 14705 14839 14603 11749 0 16813 34065 12097 2591 14461 37466 21243 13496 5657 16792 12915 14199 0
10087 10001 6790 23202 23541 14514 19736 5194 17344 15220 7405 12724 6469 10940 28171 19773 8620 17097 22184 17946 21374 14279 15652 32860 4787 17515
26645 13326 19685 16037 16447 4425 13965 15664 22487 17148 10339 12626 12405 11840 3393 15064 18220 8924 31917 17368 14804 6998 17466 18972 9622 14269
24806 5649 15293 8761 15788 19752 8175 14202 14653 16132 5356 13700 3326 25393 18119 15097 14840 5905 19515 22984 18390 7538 13306 12547 10537 12194
15741 4588 17115 8929 12842 12283 237 10028 19082 17498 8139 16378 11041 19398 10116 12464 23296 11286 13178 22655 13603 10808 18673 10605 10205 15540
22989 17111 23177 22038 21093 14567 1893 5312 19030 17629 13905 18373 20698 20895 24078 12976 16598 8072 25951 18332 15441 17833 17846 2344 8562 22354
16438 18939 16263 6327 11041 5491 7629 18900 19751 20455 2598 12521 4331 13340 17865 13320 20513 10315 13477 16541 12348 15367 18715 22984 11687 25024
22985 22131 8459 17813 4257 5686 8307 12668 17118 13431 15217 17603 18391 15974 8708 16836 7268 10634 3463 18173 16024 14599 16377 14211 192 12036
25433 9976 17452 15730 7310 0 9390 4982 16373 18962 13162 15336 23976 0 28433 12867 11479 12811 6498 19875 20474 17802 16488 25292 195 16233
18189 3811 21528 9044 15182 3510 9609 16626 17050 13574 14001 12509 8505 15645 25782 16926 26456 6322 40782 17042 15043 13673 16908 34395 12263 21664
17699 10382 30083 17672 12980 20946 17973 14760 14195 11103 9698 13758 11749 10325 18465 13547 13873 7064 21713 21721 8800 16762 15390 25522 19892 35585
22039 0 15955 13168 4786 19455 9258 12105 20931 18622 5732 9670 17942 34334 28267 12805 14618 15882 22246 17820 13540 20117 21834 14471 8552 13126
22417 8456 18242 18213 20522 10607 8223 12304 14667 17594 6906 12959 16327 28493 16770 9818 6024 15096 18338 11909 13528 22628 17980 9432 8063 7524
9507 1805 20237 16261 14911 35073 16372 13920 23393 15474 12026 15541 10540 18650 6952 12449 12407 7940 30116 19654 15745 9761 13231 16205 15089 16902
19794 16124 18214 18568 21453 4131 5847 13257 17096 16776 7261 15118 14730 3621 7528 9818 15217 10370 17325 18475 9610 20237 14673 23700 14763 10996
29566 4618 13784 9326 14914 6311 15135 23279 18676 12126 14399 14170 9644 14638 22636 15782 16693 12148 14425 20390 16993 8045 17068 5136 9899 23361
17938 5275 12576 22881 16692 10418 12348 18172 23506 15459 13142 10362 0 6323 17023 11584 19799 3130 21594 12995 10906 12722 17460 20667 7274 19698
20150 8750 25424 13023 13689 11300 6398 12390 22121 20259 5705 11985 18753 17323 16827 9917 11510 10012 19941 11943 14869 10431 15295 19989 9183 22546
28034 17254 13392 24534 10066 15995 18461 10290 17172 22818 4893 16210 9818 19015 10373 14917 28810 11472 9583 18723 15224 8044 15999 6179 8796 16365
17982 0 22363 3702 12985 9524 14272 13474 18410 16666 15487 16144 3215 2947 20754 15574 19979 12881 17938 19924 21618 10819 19006 0 8276 3833
38595 18396 26564 24156 19362 17466 13752 10529 14556 13989 13380 9407 23005 11254 7964 13962 9650 12971 25339 19743 13468 12035 17139 24261 11516 25957
25050 23312 12273 9792 15230 13465 12632 8193 15913 10620 13771 12398 8344 21934 5609 12905 10096 3786 30917 19088 16207 8087 15332 20785 10242 16705
16229 9952 9879 13549 14172 7194 13607 16254 16533 13946 10091 16783 20767 7169 25256 12451 16975 14594 23255 19611 27761 7621 15514 9212 4233 19536
15435 1261 17970 22154 15337 22808 8418 8778 17035 16509 15256 12396 6882 13081 20589 8549 18105 12410 13168 14914 19794 23889 12968 24552 10500 16703
10699 10163 15272 16529 11190 10035 26540 8215 21213 20102 15092 9030 19318 6362 16926 8209 15931 10423 13381 19988 25040 3172 16656 14293 5621 10423
12528 0 14716 28696 24733 5722 8757 5944 22650 21563 7236 14556 19881 19421 24622 14851 18927 8505 21832 15966 11496 10408 13453 37114 8960 7446
13988 27231 7245 15520 17374 17071 14715 13104 25917 8489 12991 16486 18566 14038 14730 12277 14249 7466 33672 20669 19752 12140 20305 20207 16679 22107
15394 13654 2341 8807 16285 8192 18333 8115 19394 16072 6568 14645 8054 20619 17993 12443 5219 13737 24800 17324 20741 10268 16407 34296 7616 12810
11206 8681 5628 17570 15342 17025 7266 14031 17181 7459 16146 16388 18905 3159 19877 11716 7508 10730 21299 16853 27411 15681 19023 16136 13038 28418
18783 1450 15971 18961 16797 21248 8951 6433 17230 13197 7789 9274 14784 9811 10416 10488 17775 11876 26380 21617 20950 16306 18224 11387 12592 14030
25148 17879 16204 19832 18302 21143 8719 18826 17810 15922 4330 8146 17276 17040 26270 12105 20015 13545 34146 19602 26796 5833 16774 15789 10651 20724
21093 5686 3683 19105 8236 22766 8542 15550 19279 16869 19569 12952 10352 15542 20159 15264 18214 14383 10642 20104 8659 17177 18461 19707 12637 13102
20521 13908 16270 12438 22034 4067 12993 10221 20379 13988 4793 12245 15301 14323 21668 11561 13911 9995 18496 19112 16093 7943 20061 11732 9535 27845
17489 28867 20636 13989 15675 0 10798 19792 17985 15547 10284 13588 19725 21519 29138 8138 18686 8476 21602 19685 22873 13826 16436 18887 13000 18552
34294 1987 19531 17100 28574 10828 13942 9188 23094 19153 12714 13192 3565 7807 13542 13293 17345 2565 10742 18785 15686 13066 12677 13450 12240 5594
11279 10467 17871 20776 18675 11802 11259 15720 22695 14231 22080 11016 14797 7131 10844 14837 14756 14384 26875 18601 18537 14947 16943 29385 7849 18764
13150 0 16346 14979 19158 6658 5572 9035 17664 16356 14068 10999 12488 8700 9746 11007 12566 19215 14861 18885 24695 17849 16493 19406 18188 19337
16262 29082 18058 15196 12013 11260 12297 15525 13973 15527 12191 10891 18591 9140 7122 15827 6532 13123 5665 20880 20749 12847 18103 26085 15518 14576
8788 11432 14746 7819 14578 14851 7075 11171 23526 13753 3784 13912 24539 7258 3026 12846 14963 8971 19468 18387 15855 11388 18270 11245 16283 16841
17401 16750 5675 26176 16507 28998 9068 16579 19657 22131 8554 14863 18449 8507 11271 17511 20260 19289 18516 18911 15120 11867 14377 20436 3495 6306
18866 5414 13523 23376 12834 19764 11361 16418 21336 11278 4537 18989 18704 20793 12002 13134 14816 14283 21546 17714 13192 14032 20124 14564 5344 17406
28272 5651 8628 13541 19542 20780 17447 12350 18716 17694 15849 12315 3494 28745 25789 12500 7651 7093 14313 11889 21649 11934 15540 19185 9859 23463
23866 7014 17651 21694 27445 18165 7562 20286 21553 18881 9583 14425 12587 18136 25190 13640 18705 7548 16463 18681 18122 7049 11147 17340 10445 15245
26625 7808 10068 9488 15353 14402 11143 15183 20263 9767 10895 15262 19237 19369 12334 14100 10738 5286 31686 19372 17854 10550 11704 9002 13081 371
13057 3920 7614 16219 28706 19974 9583 22251 16595 18119 6797 13622 6542 20297 18743 14746 12018 17225 22671 18501 20238 17585 16763 17309 9856 14706
19572 14977 15296 22684 18670 3072 14793 26566 18841 14317 5577 17351 16734 16339 30094 13023 25663 14872 22553 21143 25075 15989 9254 12478 15790 11049
33186 5317 8844 16621 12343 16631 10131 8836 23448 18080 22239 14483 20137 2084 18323 11799 12543 9886 10281 17155 17503 15414 19664 2035 7829 20559
9945 4837 21947 14961 8335 11377 11976 12873 19074 14717 11558 14776 1888 18263 24244 12392 20924 4310 34350 15480 20031 10899 20015 22528 10315 24457
27368 7938 14252 25274 9211 18164 21605 11682 15472 20331 3651 12805 14478 6035 0 14605 8336 12764 20953 16211 21957 10101 16127 22163 7076 17753
17153 11452 9054 15920 9965 22074 8218 5514 19273 13111 14872 13889 18440 9018 16143 14181 13752 14568 18669 16661 11030 8980 16355 24976 7572 18388
23656 0 9931 27202 4735 9822 16065 19897 16978 15862 8849 10530 9336 6960 16473 10984 18606 6006 20609 21701 14198 15349 20218 7383 21088 22085
20268 4425 14006 12761 15760 15781 7322 14426 17693 19997 9931 17215 11909 10608 25836 10984 7780 11034 23280 19915 18360 18367 15915 3707 5337 18248
21961 14161 19065 13306 21985 9094 15958 10617 14281 14983 6609 13333 18939 22443 12025 12695 19796 6694 19902 19446 20782 14884 17863 16854 7476 21678
15651 14198 14203 22715 17567 9970 17722 16340 14994 19299 17799 9413 12810 13774 24094 7781 27619 7962 29528 22494 19965 5030 20616 5743 10062 2743
3770 4726 15359 21962 20905 10323 19774 7933 21154 19215 6860 12052 12682 8811 10750 10435 8961 4153 11935 22012 17111 8743 19862 15828 15151 17836
2800 22253 10853 18782 16296 15491 10960 11474 19214 15544 10052 18911 18330 22247 21895 12702 15672 17851 8780 19370 10551 344 13034 13760 11818 15650
28410 16666 21364 11845 20053 15464 11713 14299 19375 20400 13925 15271 7285 18233 25279 13608 12662 10283 22755 19833 21824 12297 15980 7453 4361 25781
22275 17649 15470 17860 18874 21491 8231 20498 11064 13577 18521 12855 24724 24919 15407 11424 16613 4744 19473 13572 21254 15235 16456 18196 19584 14447
12474 18609 18684 24531 12989 5231 18868 12904 19485 16781 18886 14415 14017 11950 10765 16395 16527 12084 24342 21951 22955 11073 16647 19381 24026 20395
30918 18377 19241 17133 14798 12170 19516 12345 20288 16241 17549 14161 6248 1821 19654 12417 13915 3340 9079 17638 11574 10331 14073 15541 11194 17273
12940 11705 3867 18729 22659 0 11074 1422 21165 17195 10269 8216 6199 26517 13014 12003 16198 10124 24231 23484 13470 11247 16076 25649 5324 18140
13956 0 14220 17321 9985 7770 11212 6005 21438 13405 13692 12926 0 25207 8061 15969 15864 16329 17214 21109 17804 8988 17455 23359 8154 21738
11091 19570 14851 24216 25414 13958 7857 14030 18204 21881 11215 11505 25549 17106 11315 12622 12091 8037 16853 21051 14350 11681 18117 27981 7411 17159
17423 5154 3570 4668 17170 4572 19176 13474 13657 11968 5923 12564 0 3494 25477 13870 25461 0 15586 20471 16463 11976 15916 18846 12924 19269
17932 17459 18867 21830 20509 6956 12386 12779 21694 14589 11637 14927 21324 0 19788 12096 19965 15149 10194 19177 24040 9540 14343 8171 12458 20825
21567 9481 8514 18117 19180 8601 9205 9131 24922 19327 9143 17325 17737 15226 10659 14883 18804 12350 23891 14974 22759 17514 12205 23548 14335 22757
16141 7133 6735 12240 7196 21699 9586 15045 20907 8848 19598 10150 12513 0 0 14888 0 6957 20027 21226 18352 19830 16065 15682 16253 20252
14028 22278 5814 20045 17753 20956 10010 14138 17068 15424 11839 16313 6884 12374 29156 13033 21620 12099 14292 22038 19972 52 12446 11408 5026 19679
18916 30269 17475 24088 22332 15085 15595 6648 18946 15811 9447 16818 8184 13981 12670 11141 12565 13275 12923 14002 17642 16310 19870 22645 13284 11920
40095 7409 16304 16876 18432 12499 8122 0 20677 22810 6774 13357 8438 9828 25539 11997 10388 6675 17271 13340 26809 10048 18549 21518 15361 17277
10507 0 7930 10109 30244 18389 6876 12400 21785 17143 15378 11406 12694 6568 9208 16200 8720 6480 24447 17863 27271 10407 15000 11283 22861 20811
24220 8150 17984 20958 17251 21134 15014 16822 21692 23470 12221 14745 5709 12274 20960 10602 11116 12696 30218 17134 17725 7576 18152 10916 15412 13965
16204 15233 11348 11703 7359 3842 10517 10183 21359 15830 12502 12506 31828 23421 12288 12118 26782 2256 16944 14834 10009 15017 17823 18650 2240 13259
21539 3480 19159 14427 13710 13395 0 9314 17633 16779 0 12021 9518 3346 16284 16695 14563 4763 21615 15845 17561 16841 14617 30269 23401 6287
19377 0 21758 17173 12612 19473 1966 15761 13699 12835 11084 13547 9600 10538 23133 13145 12810 14841 29869 20940 12912 10691 13997 8205 13594 13228
11632 2562 7954 25161 15210 11271 3927 7343 21644 15458 10843 13286 9381 1600 16467 14616 15341 10873 9299 18961 13551 8309 17346 22491 15253 17902
16878 8491 15661 14002 13210 21833 6319 22122 24433 18411 4660 14911 0 11322 12331 13098 12632 17134 18918 11781 17509 14670 14360 6657 6377 10596
15899 6713 19721 9525 9651 4006 13550 16527 17137 10818 14869 18040 12184 21655 14687 13847 16342 11174 19210 18053 18794 4026 15617 24445 20683 20975
19415 7426 9472 18864 13331 9736 19256 7229 21924 13848 17060 12858 15678 16976 14728 13211 11474 10863 11380 12226 15530 11371 14637 20359 9834 11621
16992 7508 12131 12554 17732 23559 11401 16050 20726 19673 12661 12022 18862 19262 9815 14401 6113 6814 19771 21942 17081 12676 15744 14477 9633 13742
24893 14103 1138 16077 15828 12164 15374 17064 18736 8622 6644 14977 20439 16889 17694 10289 15371 6460 18110 16996 9267 13901 15657 21156 13438 8308
13627 24342 17926 22356 21074 9075 12288 13232 17192 18314 8267 17799 6089 18137 18875 11284 16835 9838 24088 18663 18758 12993 15038 24268 20508 12928
17143 2625 12202 10064 13974 1790 16022 16606 20694 11242 7530 14162 3949 15933 19835 15310 15235 11949 25335 20115 18642 8169 16218 18175 0 24464
17260 8867 18441 3115 13217 520 11630 14346 16874 10218 11314 13491 22251 20423 19929 12063 18788 12080 13236 17338 13448 12521 14100 26923 2740 18692
27938 11457 19839 11577 15066 14188 27125 7729 20938 18685 7922 10626 12042 24310 22291 11613 10188 11958 26539 19602 11887 6870 13825 13755 17332 19388
9802 15805 18799 13842 19546 13951 14032 3669 19360 15346 11135 11305 11958 14496 18731 15289 17122 15024 14177 18718 19331 7924 19046 9159 7055 19770
0 18827 13546 20521 11442 0 16633 16005 18454 19441 16050 9620 7031 18997 0 14515 19090 8203 25044 20180 14551 12003 17118 15636 8999 24779
12858 11043 20609 26546 7152 7289 1325 8716 13566 22658 6816 16369 6334 17431 19168 14667 8834 6301 9561 15297 16730 10152 20849 24732 10879 14987
17724 14820 7123 22888 19289 0 0 12136 18201 16109 17445 13020 20436 9090 30788 15043 20244 17831 23019 15666 24778 16057 14922 33250 13113 16791
37561 5619 13658 18863 17216 16077 8297 16768 20409 17808 14796 14456 6460 4575 18597 14722 15156 10199 21187 18813 23811 11844 14478 14652 18647 20581
21479 15414 9532 22897 12136 20261 18952 14291 18358 17036 12285 18643 12660 11040 26710 10999 16601 15928 10471 20539 10362 11585 19190 6547 4684 0
11209 1529 19483 9654 15545 13071 17144 8645 16064 11807 8094 14763 21575 3159 29393 12024 15417 8921 29882 21730 23820 11033 16316 24611 15235 14808
10307 4076 14136 9424 11413 16197 10438 8475 18568 13615 4570 14259 17455 19064 17434 12647 17664 11114 29392 18075 8984 5791 20681 14240 13844 16066
18695 3954 17721 16621 21944 7760 2466 17209 19670 6553 14911 16589 23138 7878 26059 15804 17182 19087 31055 18439 21174 17398 20410 8628 10235 12288
13620 6071 18456 17307 13764 15300 12557 12979 17991 20834 8836 14792 8451 22345 16932 14870 22097 14276 30753 19082 19597 4386 15837 16142 12218 13936
16309 8668 13371 13728 7483 19130 10813 13278 17874 18539 6491 11702 16098 6323 19952 13145 13998 11815 0 18310 25299 7976 17626 18910 19915 10139
20775 1023 19710 9864 15361 15678 14329 27504 19897 18766 9782 11952 17745 17573 7363 13381 12546 16930 19493 21633 9847 8464 11227 20694 12056 12042
18447 14441 14717 17763 12636 18015 10511 13050 18030 16471 2909 15453 8623 12838 6126 15221 17871 9060 23490 15297 25130 8762 17266 11594 14682 22458
19977 14664 3230 15209 13972 19815 8325 15596 16294 17665 7945 14897 25828 10528 23718 13857 14139 8687 28207 18480 10864 13335 14495 10524 20628 13995
16962 9838 10430 21362 6415 22361 10073 11808 23386 18137 12163 15761 19586 16849 15143 14298 8901 10828 9241 20116 22703 12943 15954 22869 20619 12693
13875 2963 14142 12848 15953 20900 16939 15537 16778 13289 9096 16537 2639 10745 17129 11025 22476 16130 10102 18428 17493 10573 19896 21422 8915 3072
34017 22041 17610 8245 8954 931 22094 11183 17622 15877 15161 16833 12732 3290 23433 11682 17762 12115 14377 13073 15640 13375 15484 15847 2809 32828
21933 15044 18493 12877 15302 16823 7148 15033 19744 21948 14961 11001 11548 13761 11893 12566 17915 15765 28537 16009 20371 18777 14539 16144 12028 14500
5514 1258 20695 9887 22312 29665 7812 10048 22588 11732 6746 12287 8861 8360 20624 11031 18362 13851 28142 15378 15531 16738 15457 18529 21909 10702
21699 3626 21697 11819 18374 12451 0 12330 21411 15319 8830 12930 16653 13041 23151 15282 12211 13439 18356 20565 23009 14629 16966 10071 12510 16981
24944 17559 17652 12981 17727 10705 5814 9250 22355 18523 16504 16256 16148 6110 21349 9281 0 9482 11949 13593 12836 9897 15380 27896 6985 7665
14064 12513 23041 9847 8913 11626 13066 6345 14240 16537 3325 15528 7477 22428 22426 15017 17670 12855 33232 15091 12073 4111 15957 18691 10445 25091
24696 0 5656 21432 11273 26327 18853 13657 20407 15593 1474 16560 16094 20342 24194 12719 5568 15527 19813 11454 16409 13229 16394 7999 12260 23580
18669 10337 23522 12629 5817 10810 16784 16762 23145 17230 19805 15043 10718 17123 19853 14600 18760 8837 24767 12658 9184 10920 18118 18436 17458 12452
19512 0 8930 18963 7810 18587 11515 12883 19900 17478 11726 14904 10633 20388 16177 14590 14105 13644 7082 20421 11146 19437 18390 10031 8681 13412
18213 0 12251 20008 20461 16150 7503 14507 25052 16358 10619 14150 8948 28488 3474 15605 20441 9767 18203 15983 12565 3472 17697 19439 0 15536
16575 6247 13380 20498 12071 6407 17553 11194 17983 20666 16077 14035 15287 15262 13641 15115 11576 8956 22372 16527 15294 14632 16995 21859 4402 11487
29239 13449 18836 12470 22139 7815 8791 14642 15841 18944 7428 11966 4173 14179 10929 12953 17246 8079 19047 15514 21716 6456 16590 11603 3908 26489
22875 19821 16781 16608 16053 10767 15292 17933 13716 19457 9893 14146 9611 16820 13637 12327 11951 14024 28527 20462 17647 17169 15277 19079 19821 19210
10774 11177 19969 17920 10876 12735 16027 3659 20871 20728 20993 14969 12677 7871 21966 9128 12448 8591 14026 19090 15695 20453 16143 13777 7660 24360
16213 16129 17151 16889 19562 13385 5410 22208 17817 18236 19597 12730 7293 5327 9576 12118 17773 9704 13993 15273 21668 16276 16322 6114 7988 20183
20911 8325 16613 14937 12406 14516 18521 12148 14051 20878 8873 14297 5914 12387 23467 11793 12331 14776 34407 16541 17891 11509 20373 9721 12455 21270
28436 8390 33805 10602 21815 4475 9989 15147 19337 19259 26984 14786 161 13128 14864 10849 16647 9998 20983 19484 15303 9952 13141 18874 9021 15605
22450 15055 8280 15456 18651 10495 0 14528 18579 15892 1583 15090 10785 16920 19798 14318 18733 9217 19700 22487 9145 12389 21740 18405 4158 24382
11781 0 0 21526 16984 19248 8237 14131 20490 22994 9798 17569 9735 12708 27284 11875 16849 13206 27995 16234 15458 18600 16482 8801 6227 16483
4405 11807 5848 14519 17425 14029 12930 0 21513 13248 11525 18892 9100 9231 25615 14601 15312 15766 15640 18689 15582 16370 19743 27809 8640 17490
10833 20398 15683 17619 18125 30436 7360 16519 20525 22983 16564 14423 18116 2217 15258 17707 14225 16450 0 17941 7550 14002 17672 25773 10957 12498
24518 6196 11620 22367 15457 12217 14540 14509 17257 15877 8711 13564 13500 10969 26447 13309 22537 5061 26129 17743 11871 8356 18237 21959 9263 19368
17722 8682 14786 14153 19344 6176 10394 14564 17073 24713 8947 12328 9855 1530 10465 8674 17187 14075 5005 21295 14224 17572 14227 6557 21434 9564
21370 7494 15095 23476 6411 10592 18443 21181 15635 17520 0 14244 21684 11739 29521 11603 21042 12486 0 18588 20813 12965 14779 20216 17022 16923
13020 18617 11049 11469 6198 5098 15704 13219 17463 21935 10176 15772 23133 0 6260 15231 18899 11591 28754 23342 4683 9836 19657 12866 4254 6691
20248 2659 6915 18644 10887 30898 0 12643 19435 16511 20706 14536 16720 7636 14925 12556 13178 12021 32091 20608 18941 14719 14279 22190 12035 18102
24584 11905 7899 15947 17650 2944 16379 6536 19564 17338 14270 14724 19858 7064 24925 13205 17987 9734 6296 18567 14131 8149 18003 7508 10345 18556
23194 13177 0 25077 17083 5045 15566 19707 19186 15259 9350 13453 9929 5448 5943 13664 11008 14094 9432 16834 20039 4808 16304 12363 20962 24444
14022 8154 20566 15359 7423 15567 12656 12695 22826 22376 18734 14300 17761 9179 25800 13153 23195 10245 5713 17900 23144 7129 14179 32937 11010 13804
20956 14911 10885 23140 13555 15557 16504 7773 20224 16687 3768 11785 19868 10058 20051 16427 11020 20177 6540 18405 17294 10852 18291 18603 9811 12325
12766 0 14190 15952 18917 19796 16343 0 22295 18292 6519 10724 20513 8574 10890 12696 8607 20142 18549 17847 12044 14622 15314 25209 10797 17697
18011 12115 25819 14226 8065 0 8047 7593 21886 16476 2128 14539 3835 12396 24892 11901 20543 8989 4379 21659 25181 10206 15537 14166 11633 24952
25278 16062 12001 21421 19416 14280 10061 11688 18731 19902 10659 16777 11214 7280 15457 10746 23497 4615 17958 16950 18804 18736 14416 5599 9541 15325
21864 18611 11509 15169 11210 0 6370 8884 10511 11924 8800 12605 0 16875 29187 14436 14067 13970 19169 19593 17964 19903 13349 30239 14906 16032
13582 13913 19629 17417 13781 11002 13978 3884 15397 14800 11494 16799 12121 10041 9141 8934 21808 9970 20016 19102 20311 1069 18905 3348 3992 12752
8619 7031 18034 19775 10727 3958 20217 11545 18811 22495 13019 12622 3957 7691 8389 16003 13010 15944 25693 15100 12343 16445 16950 18241 10458 15581
21010 3154 4467 27028 21392 21585 9920 10817 19212 12653 11749 13061 14337 11042 27879 17831 15306 12005 23472 20285 14678 8944 17922 15207 10010 18291
17370 9998 1697 14239 20341 16980 5295 4653 25860 24124 14492 17023 10028 16607 30023 14774 9347 7421 7856 15879 22184 7786 20678 9214 18633 13207
17710 0 21092 8119 20427 21238 12391 4876 20019 16765 12871 15355 21599 6153 27291 13801 7440 8300 15632 21361 25963 18451 14020 17238 16661 19631
25383 110 7108 4500 18649 16400 12641 12762 18936 18568 11933 9931 24503 14940 22644 13934 16833 3803 28797 18423 16120 13066 18908 23000 19536 18055
19630 4134 15702 22487 18461 9475 5046 984 19382 11750 11798 17278 20895 10429 11903 17050 7604 9533 24302 17564 20098 11208 18234 11957 8892 11199
16273 15159 17641 6133 13969 0 6151 17272 20965 19772 8432 13788 23353 12551 28564 12903 1942 11350 15590 19407 16764 15089 19779 19011 6678 11538
36146 23529 26165 17694 12274 11256 3288 23021 15074 13511 4642 13955 15280 21048 25672 14966 17364 10796 6777 18483 14735 7706 15352 15278 1937 21978
12627 125 8504 15679 8368 24059 13232 6052 17217 16962 8898 14934 16032 11426 10883 16055 16663 9504 30234 15766 10955 5977 13773 13008 11751 12224
10444 3961 11247 12313 2917 8907 16422 14676 24611 23076 1916 9878 23538 25178 14081 11291 9854 11784 17194 18295 20309 9447 22622 13730 20860 31147
9640 16745 20788 15607 9859 7782 10878 13854 17921 15956 12231 14451 19624 23824 39324 11506 14056 7769 0 20288 14742 10097 19613 2564 9699 15646
10104 17734 4147 9579 272 20332 0 11412 17590 19026 9161 15977 9541 13681 3234 13218 15548 10820 21831 19701 9061 10962 20763 16045 1203 12685
20844 16052 19902 27310 21176 19184 15350 8330 13425 19195 15234 13649 10146 15056 10559 15840 25646 19180 13918 14405 10987 7696 13615 24535 0 13978
22826 9039 8448 18502 20100 13673 11957 9744 19117 19838 13548 15256 17600 13614 23803 12070 13514 9226 20848 16490 12621 10622 16194 0 5862 21259
26931 9545 7167 11692 14637 22202 8297 10299 17075 21158 9616 14718 7202 14167 18833 9422 16965 13281 32158 13097 13533 4878 16676 24870 13659 13812
18629 11117 19800 23370 12916 9689 5254 9348 23463 22716 12142 10219 14613 6169 17699 14447 11505 9954 8275 16304 17287 11619 20600 17468 12474 22251
22797 15144 2003 16524 13947 4765 16876 15782 20125 16783 10910 11893 1501 15078 21315 11461 5109 13848 28892 16585 6235 3708 14462 16387 16691 22980
31053 11060 4954 14299 13738 15921 10645 7852 16845 16624 16399 17530 11960 12485 32502 13235 14616 6856 28012 14936 13202 13258 14685 4397 0 4446
21643 9300 13821 6195 13624 12491 18711 1342 18614 15960 18042 10991 2462 15464 16562 15166 22814 6178 18774 20477 10760 13082 21963 26624 12376 18708
19163 8140 14707 10039 10738 6145 9650 19389 23635 14750 10175 19103 8402 17886 16493 16904 13434 11309 25656 18666 16890 9117 23597 19524 15006 15646
27668 6708 5783 18267 14892 8698 7658 12992 21124 12782 7186 14231 13661 20162 3879 16394 12175 16988 23069 22778 17057 9175 16304 29081 13244 22399
29314 8883 17380 19513 15876 16160 8232 18820 18775 12824 8737 10003 10625 14646 22245 12930 2850 15866 15204 19179 18213 12339 19207 13705 17519 11175
12104 6872 12043 13591 28855 23709 8458 15592 15566 12583 10093 12465 7282 20029 28721 13793 16062 16427 10457 20930 16620 11540 16174 26136 14742 17939
28204 28162 9324 25094 22859 8788 8811 13211 18739 13906 4433 13333 21716 0 17071 14324 15960 18299 25583 18796 14071 12663 16313 2823 12798 4480
31282 16307 17944 20434 15411 12124 13913 14933 21749 20656 0 15936 21216 9191 5998 15797 13783 10668 15455 16554 28960 13929 16785 24504 8610 20393
12939 21332 13857 21043 16613 12577 2350 19200 18057 21787 14805 10905 18682 16921 12081 13643 9248 13863 22210 13514 23891 14027 16535 12591 9486 19947
23351 9606 21377 22233 18107 18879 6168 11589 23260 23114 14369 11122 6917 5575 26637 10456 21795 9705 20413 19571 11982 10429 20002 23181 6496 14580
20217 23116 10983 13280 22662 14799 8912 9465 21782 11504 16284 12484 0 13183 26746 13678 12836 20317 19659 19163 29591 9655 14829 3136 3519 18259
18898 12446 1624 11261 20242 5818 6879 10201 20611 13683 382 14036 15918 18610 14429 14188 10725 13808 22235 19364 7146 9415 18102 5268 9074 19888
25951 35709 9052 7464 18257 18922 8292 15517 17618 20429 18401 9817 16230 7027 18759 11464 7344 17487 24384 13964 13317 17052 12798 8812 15773 27945
21643 6267 13340 17589 15248 24863 8040 14295 22992 13100 6970 14887 14418 22999 5630 14290 13004 9378 20071 19334 17069 5969 17583 15171 7951 14934
23980 8467 13730 21750 16515 3037 20722 13922 19643 15091 9489 16663 20245 11517 13449 17228 14887 11001 15306 15544 12279 10713 17972 11829 7928 15482
20453 5265 14741 15741 13842 25625 8753 13684 19654 19376 7859 12126 18678 19326 16268 13802 12217 8608 24643 20556 26724 11279 15090 28291 12901 14189
27419 7385 12275 19722 22053 11659 16617 16683 20952 18477 11421 11588 14749 23138 17929 16831 16183 2990 20412 23355 13691 19041 13707 13971 9093 9664
28743 844 20771 11788 19042 18618 7581 15047 20113 12918 12218 13956 10504 3340 18519 13174 10461 10136 25618 17557 20199 9203 16379 15409 3288 14034
20662 11611 22076 13025 17830 16638 8659 9382 17043 13443 12026 16272 0 13661 16932 13396 4214 12361 26294 13217 16734 15028 21852 19792 18429 7346
24316 9872 16054 15223 18956 5709 8513 8789 24985 17750 13768 16252 13792 2659 14327 12876 10206 9058 17813 18738 18692 18631 16127 16421 17467 29010
16133 12961 1217 14511 12638 18719 1238 14457 18255 16220 11157 12815 22264 4940 8708 11763 9915 9886 22283 14365 17593 12544 16386 16704 11137 25265
22447 12459 15575 20630 7179 8496 12998 12308 15470 18135 7517 12448 14909 29320 23882 18882 19635 5115 26949 16654 19352 3162 15255 15565 13108 9150
19151 10248 18862 15505 13397 9092 9363 14191 17220 14715 12568 19068 19601 4801 21669 9628 2372 7633 6131 17417 21155 16867 17480 22762 14044 7662
21934 15708 9504 16222 11717 15557 15632 22351 20151 13314 7680 17793 11872 15116 16775 16675 17761 8812 4989 17646 15439 7951 16753 6741 15184 27944
20906 15871 9680 22900 10759 16501 9193 13790 19749 18836 18109 13735 6383 15786 28970 14135 20903 9409 25889 21860 15408 19817 11634 348 13270 12091
28328 6655 15119 9846 7527 7818 9242 23039 19953 16814 11359 14572 11357 5361 4681 12646 13195 10308 24398 18790 16485 13228 18051 21197 10353 11373
22702 7100 12660 18509 20041 12870 15093 9826 17544 16508 11515 11505 22901 5267 3787 14140 16021 6951 20059 19594 18770 6111 10681 20123 4229 32985
28573 10881 20311 20161 23416 2645 6374 15841 20666 12837 1432 13296 17802 7154 21306 14107 21211 15350 21376 18522 22297 19151 11899 18533 17401 18823
30802 11678 17742 13077 16986 9566 9920 19474 20260 16990 14422 15673 0 11896 10204 12573 6854 10702 11392 24771 12060 15047 14285 12219 8135 19919
26424 6247 10306 14928 15771 3406 6976 13216 15588 11288 8119 14480 12345 5106 6894 14709 15882 11844 19653 16519 19388 11014 18059 18974 18273 10991
32989 15046 6843 8159 16981 1534 11134 15646 21643 10304 10226 20749 21676 11632 33762 13617 11752 11733 9289 15636 17186 12020 17285 11670 8178 16587
32426 8165 8819 21735 19712 12905 11675 14049 19306 24689 5527 16306 1636 13540 38593 7149 22167 8323 21472 20074 22459 11662 16321 5460 5106 14038
21895 15324 32434 22585 15955 10035 14806 5149 18312 14088 13596 14048 18139 16030 15923 15176 18881 13187 10938 14826 25587 12146 18878 29814 14662 9628
18901 12730 25892 20325 19073 9882 13912 13177 15528 15019 7411 16923 15866 14608 23209 14039 23853 6028 13820 21363 9335 9792 15043 17250 10232 14763
27825 13247 10962 10978 17146 18386 5285 12812 12426 15621 2148 12433 21490 113 13965 14865 13257 11969 9147 21006 11529 14720 14432 24070 12171 27164
14412 5792 11644 9720 26325 16686 12407 13316 17748 16451 6245 12986 16974 12100 13222 12864 21246 12894 15176 16180 12757 11671 21944 15030 5413 24872
21923 26817 16961 17503 22512 19629 14724 9224 19579 13530 13399 12791 12106 13202 11339 10889 20101 21148 6312 17751 13321 6826 18669 18612 18652 19490
14888 6373 8249 18288 13269 10261 18121 8178 23343 15608 18568 15942 18363 2271 16846 11932 13204 7081 12437 21467 21632 13709 16171 12772 13932 17464
17193 0 16424 18389 11032 18755 8789 18987 16717 17950 6717 14879 14661 17576 27107 17390 14917 10424 23693 19809 13687 9196 11620 15269 17195 21994
25318 0 8643 18413 25985 14899 12019 16336 29758 16317 15805 10584 1880 0 21704 11415 7098 6335 20636 17533 13725 11295 18020 11312 16237 18673
20263 1747 13794 15980 12829 19147 19376 16241 25489 16520 8207 14535 3847 13589 12540 15307 1180 17573 19811 9899 16774 9687 16482 25829 313 22230
25526 11137 10539 10743 14832 11892 10240 13475 21687 14304 15976 10673 17950 20375 19484 8965 17296 11068 25392 18934 14446 10148 17296 23855 17978 19041
15129 18305 25476 13983 22157 11562 5752 21670 20350 18688 20033 15178 0 5219 26764 12611 12444 6377 27359 18870 6097 6169 19779 11662 3153 13675
14624 7729 7014 17315 19892 20127 13239 13739 21546 14275 2893 14208 23681 19614 27375 16538 15885 15181 26128 18739 19736 13270 11957 15490 17449 18610
18058 6782 16716 15610 15747 13225 14154 10090 24104 12858 14637 12999 19483 5486 16167 14727 11803 7468 22009 15738 21509 12134 14839 11029 12553 18394
16671 21308 11434 14074 15299 2562 24066 7498 18703 22150 3253 15979 27231 16000 10387 13592 15758 17539 17213 18036 13702 13423 21993 15999 9131 22376
23790 27195 18219 24159 12127 8607 9717 8037 21978 25088 8587 13614 26932 21062 20332 13638 19349 15873 36506 17795 14673 10121 18999 14080 15062 10478
26068 14153 13924 21179 23888 15211 19995 17988 18262 15559 10602 14458 9278 12758 21373 12779 13327 12078 18114 15601 19319 11428 12163 7352 5333 14363
27448 4371 8667 25302 13289 27782 20987 11204 30290 19582 10673 13304 14536 10142 18751 16061 16452 11211 7345 16603 13843 5673 21697 25209 16255 16175
22940 3817 12577 23147 16871 14588 9214 17597 23874 21944 9810 12623 18520 17485 23484 14002 8725 15286 27407 20344 19880 9988 17571 16736 13890 13924
22431 4175 19587 16478 13600 6228 16586 14188 23520 14382 8247 12008 16700 20121 14335 16948 12688 17554 14336 14724 8842 17126 15023 18410 9610 12983
12142 15295 14935 16899 13352 6859 7766 13459 18702 23259 8434 12165 8603 16098 19185 10836 24118 13542 22126 16928 24250 12667 12863 31196 6963 9190
19365 10265 20624 9837 13199 9746 12157 16969 20434 15478 12521 12814 10886 17106 14712 13365 10433 11203 12552 21442 11039 15400 19386 15268 13301 17364
20762 6797 7452 10600 7784 10078 0 15085 15484 16580 1943 12307 6379 7155 17772 9184 4686 2431 13794 18335 14317 3441 15846 21044 12561 15196
19363 2248 11834 20461 21443 14459 0 18886 20440 19850 10183 11517 8596 16633 16715 13234 13189 11754 19968 18857 14345 7408 10758 19022 16950 14214
31895 0 13285 17805 25854 13056 14655 21714 18122 14653 17664 12078 10427 11105 12722 13981 15195 14344 18766 17506 21377 9813 14044 23433 9246 14114
23055 6491 14706 17705 20636 25443 8778 4543 22961 10154 5175 14370 14970 19694 25383 15914 11410 7681 6619 21230 22413 11647 19220 21530 10135 18572
24776 14587 15519 7693 17447 16859 14265 20429 16194 17560 12731 13474 0 14575 10604 12384 16605 8494 18601 18100 23268 17819 8919 18165 10435 12305
12459 15223 28785 10412 21289 12995 13152 10317 18522 13456 8927 16269 16654 14180 14151 14508 10601 22651 22358 20651 17575 16669 22279 16259 12268 12781
28656 14656 20814 22501 17554 14055 20463 12289 19122 14029 6694 10464 9842 17955 20526 12054 12237 5311 31487 20066 26342 19876 15009 23813 8630 21713
13372 18768 15287 12534 12472 12032 24773 8071 17369 14862 2881 11617 10203 12000 22787 12895 10933 12461 22008 16894 16069 9991 14325 19457 11584 23372
15942 6781 13047 21579 19158 17099 7501 12404 19270 13992 8618 14849 27006 6275 10751 10872 10852 11183 22111 16606 19117 10862 19577 12551 2614 14499
23782 13325 10616 11693 10305 7047 16493 11566 18364 23791 13170 9422 5092 16885 28354 16768 12134 16236 15690 20782 17627 12934 13272 27973 23809 24284
33848 9159 11563 19216 19278 20997 25557 7028 20983 16652 10422 17563 7319 16001 21460 13832 19030 16537 19962 17053 17312 14324 18157 17608 12239 8055
27897 0 19514 13100 13232 1622 19025 10662 20799 17058 20231 13357 18164 17860 9100 15615 1638 6092 16992 19963 19944 10294 10967 13343 14376 22698
23269 10648 15416 25762 3871 24680 9784 0 15510 10764 13508 14707 9045 4432 5138 11562 12129 1709 20206 24239 9913 6920 19679 21484 2848 14538
12541 0 19808 19331 18398 15807 4972 11594 9940 16520 7953 13240 9626 11573 6543 14313 16772 12854 18185 15580 14259 10972 14811 6693 15172 15651
28359 4941 18300 21758 19467 11943 13353 5349 19203 11752 20393 15177 13956 20364 9526 8622 15095 10144 27269 17276 14077 13514 14428 20652 6358 13762
19338 19743 20352 14747 8209 14028 16823 5972 21600 20377 11040 13495 14352 17354 26531 16561 16706 13597 25192 16802 16049 7042 17925 10622 4292 15982
34227 19083 21356 30873 13636 9065 12925 16118 19040 15335 14575 11710 17840 5592 23692 16004 14352 15329 13077 18636 18727 12629 13033 23064 6190 21975
23510 0 10554 13569 22067 15455 5578 15201 22396 15399 17363 14731 3947 7637 29932 8877 15508 16089 13098 21358 7994 10282 19415 14001 17722 22128
13540 11208 10788 10835 5861 18870 14144 17841 18126 14439 9466 14888 8990 0 21329 14987 9670 15709 0 21572 22776 17411 14391 18104 14196 17954
21667 9043 18465 19575 14331 22934 8749 2187 19515 18490 15568 14732 15299 9836 21238 14553 7110 17917 10732 19287 19080 10704 13624 18560 5569 16880
19827 16278 17994 26253 20571 17556 25218 6051 19880 15082 14575 12675 23469 12457 18607 13277 16793 14459 20123 18976 8126 11798 15560 11458 8875 25770
17797 18913 16706 14309 22428 18834 16861 24109 16773 8679 15556 14537 18624 12292 11689 15665 14109 11681 22571 16575 32224 8491 21219 19209 12751 11544
19067 7474 16060 20521 17896 19463 11836 18419 19489 14378 9620 14926 20018 24663 18071 9871 10154 10971 23787 22569 11176 5108 26164 21913 2303 13881
13376 16609 18859 15921 16081 14470 10182 20726 19647 16113 17072 13981 9092 0 15860 9586 11325 7878 31566 18272 15489 6525 10410 11894 8600 20279
22392 10610 8528 18166 20985 5572 15560 19463 20850 17554 4572 12385 21820 26699 21867 14159 12784 11474 2703 21247 13091 9222 18486 13641 16867 16187
23459 789 16081 19655 15876 18843 12908 21000 18199 16637 18684 14237 18920 24386 23030 14097 17147 14260 25667 14996 10325 16391 20496 16521 16443 10398
26520 3648 19291 8531 16403 2794 15678 15725 17614 18240 6536 12530 29115 12452 11592 11080 18876 11241 19237 18490 18352 13094 21568 24571 13396 13233
20894 11759 10861 10159 7025 11528 9445 9545 18850 15785 17388 11289 21464 14235 19573 11431 9817 11202 13377 17191 16865 6940 17908 17392 7529 13697
19362 15465 28293 12447 18633 0 3077 4648 17140 16118 5655 12103 21360 11492 34628 18347 8696 13777 21413 18362 10656 9726 20413 15839 20382 19012
17987 7467 12235 10946 8767 19896 12154 11319 22280 18599 10435 11504 1838 15266 16733 12914 21675 9367 17302 22582 17694 12212 22761 8368 12438 16031
29910 6398 14473 16690 9382 15026 18120 6621 16750 17849 15052 14987 21084 1292 22641 17210 24061 11465 12164 19906 8477 5952 14551 11368 4538 19590
28774 0 9037 19165 15293 16488 15542 13396 21163 14047 8247 17175 6538 9220 23753 15074 14925 11683 7769 15354 16415 6048 15572 22031 6360 8836
14165 12445 0 11606 17635 9233 11257 12281 17749 23895 13593 13683 17341 13448 21222 12050 9781 11043 20711 17633 22989 7518 10717 11075 10360 9175
14721 2025 23195 14031 18548 20802 5240 791 20911 8337 10296 13591 0 4700 8342 11204 13617 8877 21072 17583 15106 3787 18877 8361 4979 9071
22794 22957 10551 11639 19689 16032 14404 15278 21392 18575 3525 11392 14890 17385 19933 11398 8518 9149 26866 19135 21534 4393 17092 21003 13633 26846
21440 16180 9739 10578 17486 13245 8257 16395 17772 15966 12602 16204 16222 7217 7992 15163 19875 14321 14074 17713 20343 10668 11553 12617 8125 13971
27536 9882 12901 10385 11527 17713 5401 19865 17847 18991 10946 12171 20100 6862 14803 9207 5269 15829 23882 14857 10119 22913 13951 27671 11450 322
14952 7977 10959 16648 17057 6049 13800 9068 22452 10676 16515 9784 4382 16985 12449 12937 27296 6047 29069 19133 9774 18262 22560 8238 6163 16288
31148 8220 22926 25087 13794 12527 3279 21905 21544 14597 8530 12049 25166 9522 29769 15228 12564 16327 21616 18283 17572 10737 16173 16335 18113 19845
