365
26 29 47 55 9 19 80 45 39 96 28 6 55 87 47 13 35 4 30 59 40 89 5 99 17 40
24635 19627 22702 18777 16159 14764 12196 2289 18604 15271 10665 18344 5591 28108 1761 13097 8874 8744 7930 13926 16483 12086 12103 11035 19194 24810
9987 11346 20300 20488 25442 12537 18453 10356 12422 20924 14042 16300 772 25506 18891 20935 22861 9339 26208 21748 14537 6131 15110 9466 18708 17431
18982 17100 3308 15246 8673 9615 26842 16490 28049 8091 6651 22004 15404 5859 5462 19295 20185 13326 7915 14300 7234 4740 15403 10349 18618 21545
14322 19783 9150 15329 20316 10164 8410 16453 10698 13665 12343 21874 19096 14435 1148 8036 13925 13193 9508 7559 13447 10196 6600 10488 16204 18412
20412 18376 18602 19027 28130 14815 10876 8542 20691 21906 10903 23875 8966 22413 17174 18737 12323 10077 24648 12989 16675 6317 20420 12277 9998 18695
20617 21337 6425 20436 22991 14690 16775 18302 15733 18303 13119 13461 10282 29333 9821 15059 14019 23256 16062 10801 13064 14354 20254 13860 15718 11865
19600 21726 11847 18264 937 14813 24443 29181 19122 23599 13833 18666 13871 28316 4674 19985 20818 10698 13277 28188 13571 10266 13791 11131 16818 27548
21533 16081 16355 17916 19903 7099 20468 12502 5971 21143 19017 16074 18546 18497 11557 11190 29762 21929 13788 11726 9413 10615 22042 13041 16580 21924
20002 5472 0 18779 9576 19819 2452 21469 21190 26107 8426 19436 11669 24798 8673 0 12785 5311 17287 20487 15780 9953 18735 14327 20445 11878
14670 13949 7947 19824 18521 5484 9169 13009 18219 36600 8613 21640 19957 25714 7011 17549 15288 19344 19754 15115 9803 7902 23521 9623 14523 25310
22149 14561 20511 19355 18123 19985 17280 19748 22363 19124 11993 20135 9263 20122 12098 25526 10692 6758 16085 14513 14768 10210 14940 8941 21335 15735
23860 25100 11932 15711 18809 7145 13846 14582 32038 23536 10908 20260 2639 13838 8166 9194 11546 17394 5240 17423 13216 6743 16466 8208 14825 16048
19951 24707 12670 17737 20924 17964 20891 14437 19478 12499 13352 15761 9360 14700 14459 2897 10588 5420 30518 11292 12251 9417 23025 8509 14924 21258
19726 23722 14124 18108 15166 18774 13000 18692 16320 15193 13530 20336 18394 23343 8440 25350 16751 8535 24484 16200 14138 8776 21254 13552 18622 25466
17878 25893 14188 14896 12485 24950 5309 25090 19999 16184 14620 18098 10281 19170 12865 9016 18075 15465 17655 18902 7862 5556 35813 13165 17277 24940
17458 19288 8094 16626 15490 27017 0 13066 22043 27663 14047 19315 19642 28472 10442 13459 8840 0 9282 17727 14858 6017 9708 15770 11345 14597
20903 12546 10155 17049 17471 24149 32101 15484 17349 24000 11506 15787 7790 28713 11826 9874 20533 8181 15537 16560 12262 9106 10174 13199 21720 12851
12878 23949 16284 13447 15398 17758 14286 15740 21785 11391 13623 18948 9728 11237 12073 621 8758 8983 16843 24759 13641 15712 23082 14972 21527 19770
15702 17358 17987 16561 11525 5584 20075 22599 26558 10150 13422 14217 180 14299 13334 0 16405 6075 20159 22910 15190 11020 20847 12789 20415 16447
14228 24051 6875 15302 13259 5665 14090 16355 18199 11691 7572 10357 11598 15653 9587 20107 24245 11758 18979 17827 14587 6758 17021 10785 21389 21380
19558 9303 17003 14951 6916 13865 17475 24376 19480 19505 13588 18533 1371 15736 2166 16523 13368 13620 27202 23510 15692 9284 4180 10063 23516 22665
11117 14638 10303 21177 9608 18652 11121 17808 23985 19292 12414 16230 6704 24792 10427 22101 22899 5576 12596 16450 9990 10957 17109 11071 19837 16175
23794 10270 6355 14814 18301 25482 12926 26124 29582 8953 16069 20733 11193 30604 5238 9376 17598 6301 13664 22945 15448 11965 9250 10336 19187 14586
17823 18560 10769 14640 18248 22412 2301 11362 21041 13339 10970 20436 28723 18713 8515 5647 9663 14393 18139 16168 18029 6881 13254 14197 23279 20924
11468 17863 8800 21651 23145 2192 21081 20081 16721 19024 18010 21473 4268 23996 6581 8340 13282 13626 16188 17252 15456 8310 22327 9853 18519 22677
16705 25187 8870 17802 21797 19283 13115 11026 29979 21820 13922 19698 11691 19138 12445 17490 13747 13792 28456 29939 14410 12502 29005 16695 16309 11885
10619 11558 12779 13425 15812 16447 18604 14841 28472 24998 12402 19641 567 13768 16782 6090 9925 18086 17299 15556 11392 6659 10541 10005 15255 8208
4357 28882 12830 15241 12649 2145 12345 16922 27051 15608 14466 16753 9456 27559 12101 11599 17283 3106 21534 14975 8791 11149 22159 11203 13711 13330
16419 23884 9172 18741 11283 10817 3106 15397 11106 25052 13181 23599 2365 12477 8794 8686 21994 7885 23777 18203 13842 10784 206 11526 20433 25721
20396 20369 15256 16454 17879 13788 12288 6935 24901 13742 16225 9911 10926 27636 20485 5689 8127 10573 16246 27088 13855 14146 26178 11470 21276 20250
13768 17322 4539 20383 18046 19988 2993 13041 14474 27081 14461 20664 12199 8896 11184 14781 11515 6734 15335 15646 11430 7931 18214 9602 17842 18384
10196 23634 27372 20458 15591 17725 15186 13461 24357 28384 14209 19234 12405 25651 5764 9609 9411 17636 17219 21934 14109 10490 23414 9898 21116 16034
17597 11419 14033 16144 21414 8482 10964 25060 19629 22139 11723 14914 14029 31721 11049 9937 23216 21637 19544 14349 19475 10540 24113 13511 24025 12246
18692 14875 21839 17106 17889 7193 22194 8110 13430 17318 12192 22688 19175 8105 6296 2649 9522 7284 17967 15182 18201 10223 28304 16407 19904 15723
20405 12768 15061 22608 21537 16577 14165 11613 18430 23697 12637 22001 1615 24297 2850 14257 19234 18932 17035 17015 19276 11749 23335 11438 16076 10093
14375 12660 11503 16894 20766 22362 6166 9671 28201 23137 14322 21332 15257 15875 15147 11590 16372 3336 4222 27831 13081 6090 28647 11688 22448 10261
7167 28448 13361 19240 14961 19276 14496 23409 7205 19344 12059 16204 15895 20587 5597 6305 14890 14903 21014 18454 17108 9994 25725 13457 16498 7662
10191 15434 21953 16788 11038 9166 11395 0 12074 14798 12104 17151 6303 18029 8203 10427 8188 7248 25717 19569 11029 11866 16848 10469 16900 16477
14774 17962 22097 16978 18578 10435 2273 17107 19487 15311 14108 20132 12502 17679 12620 13985 13789 14369 9024 6327 8350 9879 30207 11498 13176 20965
13273 15159 20603 19915 25361 2195 19244 17271 14656 17456 15736 24787 16392 25814 15365 6920 23318 10093 20829 17348 12889 11019 19205 10108 25588 23242
12799 20145 8585 17081 7126 4679 4273 8023 17691 22837 18026 15737 1071 21252 13374 3039 11588 9144 25054 16048 20181 10718 9146 14123 14078 21719
16770 18352 26577 18572 12663 14866 14391 13722 19522 8731 15018 18828 14359 21266 8455 9397 19876 6940 19321 14171 10345 9960 14737 13273 18149 18141
11067 16839 8227 19343 18229 14788 420 14239 12591 20274 12403 13929 20223 21756 9937 1125 17826 2968 8241 22222 17778 10951 13411 8674 14506 15015
7145 13509 27175 17711 13370 21483 15393 18385 25793 20532 13693 20556 8607 20595 12410 13181 11884 18540 21426 16897 9673 10322 10875 17451 21891 18280
12134 20337 5627 16323 12091 19087 4153 8560 21051 19348 13779 17346 11183 11521 6694 14576 10399 10085 7338 18869 13632 8284 20155 15102 25149 3510
9876 23045 12677 16830 20218 11368 20366 22485 17073 15154 16875 25226 17220 25664 8819 18764 16062 12119 14620 11922 14572 9760 14581 16990 19805 20925
18969 11436 17147 17171 23675 15532 18773 24416 13247 16064 9978 17067 22633 13664 8774 9282 13978 13597 15964 19666 7716 10295 38610 10481 26987 17210
10591 13722 15403 14181 26478 16271 13947 15489 8319 22374 15339 17674 9925 32796 14176 13547 15732 5995 21281 7140 8685 12062 16058 7563 22352 19092
22093 5153 13094 15290 18057 15455 15944 13472 13700 4644 23341 17629 11516 10769 18282 13704 15128 16887 13994 19350 15903 8811 4150 11566 18120 20874
13368 18657 12419 17693 27066 19270 0 22187 16641 26927 8149 17778 17371 23166 10806 10769 12867 9504 11771 17203 17855 10076 33448 9958 21141 15101
12670 17423 9770 17261 11072 13827 17533 7588 11781 13892 17048 18209 10646 31512 10341 18738 17084 11789 3916 25445 19852 9199 16420 15864 17482 13065
17386 14203 24557 21129 19478 9758 17908 13594 22025 28734 4748 23820 12859 13391 8315 17099 17023 8423 27787 22055 24276 10840 28239 9542 13880 12140
6494 26737 11075 14309 12559 11134 11959 20241 19536 30045 16584 21091 10252 5857 8029 14673 10605 16683 17474 29977 16810 13322 31386 11150 22311 10750
12336 16526 17278 19924 9345 10636 12305 20056 17528 16363 7383 22848 4686 28095 13212 27832 10779 10626 34788 17968 17264 7301 22108 12042 22157 22346
15499 20286 11071 20410 18585 5001 10938 20516 25533 22532 17612 17915 15545 19667 9056 13616 16462 15574 16211 14577 16678 11980 11615 14484 17706 21092
26695 10702 15806 22868 22492 16820 9201 20085 28116 19956 14048 17304 5370 27932 13180 4296 11872 13232 23857 20849 15721 6131 10440 9916 17581 23897
13104 18239 5171 16599 18832 30292 9746 22905 15732 22311 7711 19481 6346 18178 5104 11179 14910 20494 17784 9855 19523 10085 15801 10877 17363 27290
10622 19675 24233 20211 19711 20719 7585 15246 13382 20130 9173 21496 3565 33144 5152 11085 20096 17370 14006 17704 10883 11007 19058 9219 20593 13865
10849 17102 15808 17407 20506 12471 10067 14105 8295 24869 9178 21088 14540 18020 10906 6688 14064 11877 9191 17056 13101 4606 28307 13026 17766 18575
21532 18244 15105 17467 21605 18122 8005 10539 30683 27335 16036 23456 15086 16210 6800 8899 21027 13783 15226 15211 11947 11709 23635 13425 17053 18756
12737 16247 12600 19207 12791 19279 7232 29818 26937 19148 12902 14836 12829 16273 10636 8373 17610 9539 20869 19592 18045 3296 17014 9699 16413 22494
14553 14542 20181 22482 17936 17545 13515 17855 18414 7852 8430 22958 7677 15697 11409 4396 7083 14826 10674 7292 14864 7566 21297 7302 14259 11857
12129 20548 20863 17195 21077 24795 10226 11604 17903 11491 11762 18248 9490 25533 12087 14512 24028 10076 19459 16333 22158 10611 8594 14838 18034 17787
21119 16063 14605 15629 17596 10988 14120 21054 20874 17841 15880 11288 18978 19356 1132 12615 4467 14305 10567 19943 20075 8221 19094 11726 18740 16877
17051 15433 18297 15411 19899 17368 27681 18042 19211 24715 16850 25352 10974 20657 7698 15131 15482 15299 13183 13396 13304 10397 13502 11596 23240 20412
16298 27527 19148 15840 14203 22264 22574 15363 18089 13167 11799 13664 7010 13053 4857 7508 13368 15654 21924 22082 16039 12070 17818 13986 23009 16635
15468 23734 6626 18815 23025 12819 23458 8451 17991 31189 14533 14396 12599 16157 18998 19090 28585 1385 20158 21705 17040 10451 8274 15433 12888 17664
18967 12273 15694 15093 11803 24555 8686 6474 16019 17732 14624 19004 22597 16194 4977 8775 19070 9071 23989 14360 15758 12420 9439 12865 12394 11692
23265 27725 11498 17595 22750 13170 8387 17964 13928 23206 10551 16769 5114 26927 8093 0 12564 0 30302 21195 20341 5749 18578 13508 19335 7207
14998 23230 24808 13854 22136 19664 6068 26058 18971 27801 12374 24191 10410 14217 10927 24010 19741 8925 19332 23939 19243 10224 10082 14204 26317 25570
9224 9558 28117 15792 19628 21666 14404 29237 15882 12613 15785 25602 11425 16195 8116 0 26060 14762 15411 17076 16982 14268 15376 12747 14094 18993
22935 12684 8754 18971 14616 15359 0 22401 20570 22154 13679 20553 7945 19820 8195 1831 15218 13994 14650 22718 18861 13835 25661 12008 18124 18214
11203 12117 15521 16648 13343 19779 15835 16333 31842 24819 16623 22023 4792 7360 11703 687 13860 10090 26173 21965 18734 6488 23033 13210 15381 22380
20973 30383 7327 18175 18423 21941 18126 19746 8763 14868 12815 13689 13004 27023 8227 1745 9843 10690 9005 19912 13143 8197 20234 14825 25767 12073
22806 17521 17287 15712 9334 29119 15797 29413 23429 3577 16468 14265 9377 20793 10982 18577 10087 12934 23688 19862 13651 8376 10817 12813 23194 17930
19097 21682 17942 17752 21053 4429 6165 30868 21404 21882 10844 18587 0 19890 15559 20891 22625 5809 19345 16538 15523 9006 26644 10088 21058 26812
11340 31644 19854 16855 11481 14451 14180 14332 7771 13178 12059 17112 15100 31764 12577 12531 20057 15363 18192 26687 12208 9719 23378 12490 22786 17904
16981 21481 7778 16692 17509 12866 9848 10293 19010 15195 11908 18296 15394 15438 12956 6937 16905 20504 23270 11773 16640 10700 15222 17770 22044 26602
14976 22603 19598 15587 24801 29874 12420 16117 25731 3965 14339 25879 3398 16949 3973 20468 19467 12300 18585 14511 9679 14843 22618 10628 19023 20186
17853 9014 21618 15382 7771 24867 19110 22448 21826 16558 8472 17538 9467 10845 11971 8526 19509 10862 9932 19232 12967 10981 22857 13462 13669 11730
9422 24455 21864 20998 9959 14803 25582 4321 24534 19999 13864 15286 9199 11672 9591 11529 8040 2211 12780 21492 14359 8542 14621 12566 26534 8508
16946 18335 17041 18688 16353 29944 17926 22572 19945 14768 16370 17709 7646 25422 7452 14783 23955 9324 15766 10157 18856 15372 10328 16279 15473 21622
17813 13071 4474 20041 19731 25043 5707 14744 12152 24055 14190 13576 22168 11247 3846 15511 21206 12503 16365 12647 20140 10756 10819 11757 25177 17022
14964 23391 27888 21275 20177 17723 17680 19717 6532 19065 12905 13053 15243 20913 3323 15134 21428 10819 20596 10041 18370 5308 17933 11757 14069 8196
19618 29714 19281 21640 30678 7653 25092 18127 24843 24897 16154 17703 11792 33189 13654 22158 7170 10010 8399 24613 15683 11585 19004 12007 14438 13643
12143 19542 10753 20630 18119 19217 30953 19862 19648 20617 14047 14558 4371 29953 6548 11361 4515 6729 14667 14582 14086 7317 19344 12778 17893 16351
12906 16012 11828 19652 10636 22577 10485 17788 31688 20060 8851 19498 13734 12835 9442 12817 25832 18279 18656 18711 17602 9822 16685 15057 19815 8992
11249 17691 13804 16993 18365 17213 11927 24385 17489 20316 18485 18316 9475 17082 7616 17291 14169 13656 18217 27405 12358 11550 14977 12044 18289 6404
5736 12922 15137 14235 17770 18040 16283 16020 14995 21610 15544 20681 10879 34107 10534 2460 12563 13809 14528 13260 16340 4365 28016 11431 20964 23371
13989 13547 11019 14920 20839 20905 16309 17993 13203 19099 15034 14980 6035 18245 12055 10677 14387 12659 14992 11111 17235 12512 22316 10823 11449 11413
27540 24213 16254 15344 23914 1189 19751 9801 17095 24071 13193 29582 8922 20565 10109 8353 14147 20172 1252 17015 14354 14333 14193 10464 18211 14285
14284 15421 3953 20414 16625 26269 16995 4928 16895 24024 11756 19124 4782 28671 10124 14464 11037 6455 14542 14854 10109 11031 23292 10024 17278 16513
9985 22106 13424 14035 20310 20786 2659 15095 21761 13676 18476 19495 11948 25545 7388 16577 6936 14510 17600 8387 10030 8432 14849 15691 22337 18280
14929 18969 11383 17987 18840 10988 15314 18832 20861 15686 18755 26067 11042 17468 11371 14301 17184 1393 13315 24810 16960 7739 18413 9796 12060 25702
16136 19407 10903 16170 21693 13923 16309 21676 18422 17096 12260 13214 8341 24752 9079 3029 8092 15697 10155 13623 16222 6064 27008 11985 5091 14016
15548 16025 10142 14012 19854 20816 7748 20171 18538 25565 12380 19503 18919 21208 11828 10531 15965 0 17331 21039 20779 9312 24556 13144 13067 21860
19031 19897 8924 20464 16698 15328 13934 22344 18478 20117 19403 17777 18121 23738 5185 20773 13394 13803 8399 26202 15548 6165 18995 12754 25272 26447
10001 21249 14590 20132 23941 26210 18666 2982 9402 29641 13071 26830 15388 13333 7890 11591 16633 10554 21015 15435 11526 6845 15271 13422 13409 19835
19331 26815 24259 17970 15893 11970 8900 20333 25416 26299 12673 18679 9424 20527 13297 5533 20720 11598 21292 19870 6710 11624 10229 11510 11561 22956
15062 21748 18236 18927 15918 6811 6203 7573 9753 22525 17950 11444 7282 18053 5719 3507 4592 14710 11703 20981 10948 7686 19974 8246 17214 17689
7673 15126 25090 19518 26315 10875 8084 31234 24453 14580 14823 21764 12600 19361 13138 10538 13723 10227 11212 29443 15258 9725 26775 12843 20649 21701
16683 17232 21646 17074 28138 15746 10556 7301 18573 18233 19708 9713 10560 10818 8129 4251 21045 8717 17735 23598 13672 7450 30856 8125 21038 10454
10587 23521 4753 13228 15299 27075 21648 11202 21608 18919 8920 17220 8476 27598 9327 12323 27998 7321 29523 16655 14695 5664 30027 10969 20761 17900
8466 29265 19696 19182 15226 17471 11000 15583 16649 11871 14954 16171 11765 2545 11790 17323 16256 13329 15039 7949 16969 11721 24355 13709 26095 7030
12257 13828 10361 20374 11372 14405 12586 20943 18373 14357 12084 15539 13445 14275 13543 16510 14777 11025 11389 11881 13172 11933 30583 13037 17213 12166
17714 16048 0 18370 20135 14479 8102 19267 12799 16029 13974 19139 1905 20220 12711 0 14370 13945 25078 19884 12370 11523 11591 10109 8847 10604
22749 19368 8481 23644 25366 19977 11184 12090 14286 16311 11414 28885 17385 24808 15609 0 11708 1256 13850 13484 19422 8217 9435 12101 13433 13153
13196 15619 6384 20603 6742 10675 22114 10125 12794 6072 12905 24552 16702 13389 9496 11028 11342 10698 14797 11313 14010 11996 15887 10424 15560 14536
18665 8922 16309 15584 15019 24609 8750 22624 16591 24238 18761 20148 11078 11653 11161 12977 16405 4181 10833 22891 19314 16341 7130 12635 24067 25182
21895 23431 20090 16260 14052 22584 8868 12722 14150 30569 9362 17947 2227 39763 12325 9709 13439 6654 22245 16830 16126 7031 29692 9763 25368 24736
7072 32608 21597 17650 24822 4663 20730 25569 15691 13991 14925 17205 15931 25581 4870 0 21437 7770 11318 16230 27616 12489 24380 13386 23665 15993
10087 12599 22940 19072 12876 10686 23075 13249 11065 22671 11979 19392 16599 19966 2398 7465 16095 15954 19785 12700 10236 12266 11906 13181 12573 17984
10491 18742 13499 20953 22147 23012 7702 15130 26168 19692 15560 19004 7778 13013 12839 20825 9015 18396 15924 14482 10516 8468 18835 12809 18374 15838
6397 11239 24511 20557 8395 13671 195 5502 15634 20555 14017 22392 13801 21918 5826 9931 15852 18994 14660 6801 13082 16092 27746 11854 21335 18180
12795 17968 29591 14408 21131 6565 28910 22988 27503 6006 14130 8395 5498 19907 15842 28587 17695 0 30164 20318 16532 9029 27776 16471 20220 15335
9800 28184 428 18540 20917 25700 18858 17608 20650 11930 13746 19452 19228 29455 7617 2782 20306 0 15290 11506 22422 6858 16017 11296 18653 18331
17805 26498 11737 20282 16566 1396 14918 12267 30643 17681 11912 22458 9026 21936 10014 7765 18220 10988 22938 23129 12037 7820 17021 8813 20361 18560
10815 11667 18971 21810 17617 17400 6640 10603 14183 14926 11828 22254 17381 31359 15239 2251 6824 13075 19651 16718 17276 8076 29689 11260 19865 11478
15112 15474 12498 18189 18517 16454 5950 18788 22581 18179 13579 23630 20226 19425 11564 7488 13855 10037 29596 12995 14741 15360 12012 11733 19195 21997
4157 23111 6483 17515 13441 4366 11260 24348 23018 13963 11772 21267 0 25036 12956 0 15051 13076 24046 18822 15348 10659 9787 10717 22975 24663
11138 18880 16881 20948 12762 16152 0 13165 19626 3252 12757 22034 8561 32917 11952 8681 20114 10691 14269 13680 17658 14182 16656 13884 17374 14599
15142 20251 5192 17485 16958 4373 10201 14902 3522 15444 16727 18794 2809 17247 13180 20329 18274 17358 19541 12218 22612 11090 26800 8951 13352 9914
12059 10588 9373 21033 15344 804 15212 20481 2978 11649 13938 16116 2947 18770 11356 20727 12464 11326 22560 6541 13113 8788 9136 13823 21710 15956
20495 17267 11971 20930 20185 10653 22242 16856 17947 19814 19740 21585 15746 15111 8866 14870 10811 10553 15240 15916 12662 6823 10923 14918 17466 32430
15251 25631 10630 15064 20920 19655 12136 20034 18912 24873 11684 17745 11319 23794 7409 2955 10188 6422 19908 16476 21379 11641 13973 13444 22595 14072
20317 28880 8929 19043 25353 13688 26766 9976 11121 19921 14900 20635 9967 28605 2298 5222 25723 10289 25088 19884 12682 6285 15524 15255 17023 20949
16488 13639 31927 16886 13048 7919 10407 10252 15085 17785 12864 13777 12275 20459 6470 15547 21115 8000 24363 22620 13293 9075 6226 10532 19591 13104
24724 26739 8814 18244 23013 13660 17474 17601 24372 19532 17068 24921 20678 17503 14323 13696 8280 15951 14047 21645 20056 12091 8794 12691 14434 17435
15457 12661 19126 16588 14260 5170 18801 11432 22246 20787 3975 22799 3215 16682 11298 7749 15172 5251 18629 20385 9736 6799 20721 9427 18635 16910
11164 15111 13213 17126 16319 7224 7903 21208 22738 8531 10561 14147 6061 24234 6210 7445 17384 15928 25350 13706 14171 11822 9206 10896 19985 14431
14249 28737 25991 11362 15399 26864 9582 17437 24464 8771 14575 19243 13275 15052 10864 25973 10970 21916 19392 8021 15317 6304 6989 10750 16589 6612
16083 16223 15576 17204 19753 1248 18096 15590 19739 5733 9910 14309 13042 26489 11333 22746 8849 8506 17457 18714 17123 9733 13459 5191 15053 18959
20487 21396 19754 14317 18977 20156 10260 6843 25728 24894 17690 20674 5468 17762 12661 9417 20184 11144 25641 16421 18663 10381 13779 13114 10671 21468
14966 13318 16005 17245 22643 9282 20208 16237 23427 18437 8180 22472 8215 0 7712 22524 21461 10520 10488 21075 12403 13295 32065 14484 16082 24054
1715 29314 14729 15287 22084 19096 14131 9887 12226 18789 13274 19446 19439 15955 6833 8653 14289 19837 18358 20209 14392 8990 26234 10688 19608 15584
14512 20301 17608 15052 31653 1416 3472 2493 20019 20705 14580 20689 16983 16791 3506 7108 14824 3333 10796 10697 13346 8824 9706 12478 19235 10289
12790 14500 16356 19716 24059 11933 16008 28708 14512 17740 9990 16323 17270 16129 559 5713 18044 4096 16885 17389 15742 3974 33150 12412 19606 13069
13911 18960 10518 18707 12721 6540 22190 6718 22756 13329 18155 15997 12614 18535 8772 9648 12202 7818 27172 23748 15959 14054 3475 12808 16396 30939
1516 17813 21906 14710 19282 12972 7948 16222 21903 18140 15068 25650 15652 24840 7926 20122 9322 11695 17341 17823 13329 12189 12979 14394 17166 17178
9286 22918 17843 18745 16415 23181 17553 10204 17169 32002 13493 21481 5273 31596 11621 5172 13228 6234 18509 11192 10722 7353 16914 14390 12482 22001
12619 25429 21652 19101 21484 38759 829 15319 23713 14731 12910 17302 18536 21643 4551 13421 10077 7323 10295 25639 15098 11201 15338 14271 15972 16875
11419 13213 22598 18394 22879 14951 6337 16205 15945 28555 15967 16473 13619 18099 8098 19406 3117 5131 14134 20850 17550 7099 18748 12282 26855 13391
23370 27356 12168 18336 22757 24370 27868 12546 15229 21678 13474 18697 11733 19872 10367 29841 18540 18279 25882 15924 13398 7022 22763 12757 17836 20086
11368 14236 15342 13957 19602 22438 22785 20485 17137 8596 15053 22698 18748 12560 13212 2209 16334 8129 18125 14511 15062 9549 19276 11134 23710 9214
12812 35490 13238 19601 23157 16418 18163 10933 23890 21847 16319 15807 6744 4808 11265 15227 16190 2979 13648 21630 21116 10520 18641 9930 18484 22767
14270 26092 4479 18526 10914 23016 17729 16758 26640 22465 14996 17474 11704 32942 14655 0 25051 2956 16820 16355 14129 8734 27629 15789 17371 8912
18418 11414 22339 15118 21989 12905 13620 14834 15709 25586 8554 23202 7534 16503 10367 17059 16769 8872 18258 13872 17690 10327 8466 9352 16555 20998
11159 17705 13968 15540 16126 18982 9153 7914 27449 23889 11174 24297 8826 26717 10276 22867 14040 22922 12357 18063 14794 9087 16631 15468 13783 9841
16108 29095 23469 15654 11348 28099 4227 22130 23099 0 15280 17289 12596 16118 9205 8305 8116 3055 19743 17723 11994 12533 17621 16156 9467 12472
13795 22105 13718 16265 18842 22806 18097 19673 9179 20649 12817 13810 12886 29751 11953 7683 31949 10702 13647 26607 20910 10864 22589 7479 16992 26137
17149 12409 16453 15439 21429 9975 29698 27045 17809 16377 5167 17709 17275 22780 18864 0 8223 13158 12504 33048 14314 11451 9721 12579 16928 14211
13701 19510 20864 16764 18552 16763 18572 18252 16794 15601 8829 13573 12949 20571 13804 0 8744 13954 24787 25807 19503 9979 18919 12383 27087 20974
10629 17457 11726 20772 22921 22042 19431 20515 30273 23082 11870 15826 10062 24584 9249 6433 16540 3505 18592 22907 18205 9846 22134 13812 21294 26266
22833 24536 24911 18652 13496 10146 22694 15648 15575 18019 16686 18203 12854 10357 0 19484 2381 1889 11075 11581 19502 9173 7912 12809 21239 8247
3436 16914 15118 21850 15042 24899 18354 7426 17372 21495 15602 15029 11423 18215 8962 21955 2347 2330 19779 15955 13513 10460 5287 13639 12723 18872
14001 17173 19512 17807 15101 17001 15097 15082 7217 25180 12593 20554 16365 23522 13893 0 9453 11652 20168 17523 15817 10955 16052 9735 22217 13309
12552 19175 10908 18245 10042 19968 7329 11542 24393 20530 16195 26739 11928 23491 11622 2619 9816 641 12673 21933 17809 10073 21310 12064 17699 11070
18821 15559 15799 13577 20955 5566 9076 11872 19627 14796 7383 15105 7942 10981 4817 5635 17173 5215 13560 15321 11375 9388 17001 13580 18276 18488
13460 19916 25201 19375 22860 0 9643 10568 9644 4403 15362 15879 12587 18934 13397 9549 22649 13035 15801 11064 17412 11254 23155 13163 14870 16016
15507 15504 14076 15163 15174 14502 0 9287 37601 14843 16567 17174 16775 10868 17885 11954 19603 16441 13434 27782 16907 2946 31528 10779 7553 23365
17526 12724 6248 14724 16681 13006 24098 15600 18695 24523 14153 24659 22542 14031 7153 15872 22986 13341 13390 23912 14957 9816 19554 11152 17928 6660
18376 3102 12053 14056 29230 11933 9259 12691 25225 24289 13897 20600 8757 37395 10919 5538 13329 7358 13509 11141 18394 10624 31334 13308 25444 20196
13371 11092 18124 17884 18828 20135 12163 14707 21192 9529 8042 10352 8661 15180 6948 6710 16588 17106 5359 19305 11096 12786 12260 12568 29921 19700
14038 4160 20372 15032 15055 9779 23017 14580 22236 27523 18724 14902 9770 20830 19045 19668 18848 17174 10814 17346 13778 11144 21661 7273 22333 25517
18204 23906 27070 23084 12458 0 13030 24235 15780 26658 13781 14605 19142 19715 10802 0 13552 14047 14622 9733 14375 7688 22201 11472 8763 4739
19442 20416 19131 17829 10383 20917 16022 16122 21501 16247 18640 23586 2999 35307 10626 15374 17095 8155 23555 12554 17190 12189 10049 12582 15158 14615
17035 9066 9034 17700 16155 18961 15707 17168 18988 13889 12802 18702 12899 16614 1638 4825 14528 16151 11813 17702 15787 10611 17604 13163 22259 16284
15032 20185 12292 17137 17946 16664 18102 436 25590 19025 18270 12725 22466 13516 4948 20621 23733 12647 19943 17742 10222 6623 24137 8943 20220 17147
9284 15644 24853 17576 10892 17194 13251 4077 18445 25157 13765 25543 20127 22497 11304 13609 19860 24447 17601 18319 13002 4842 19564 14130 11828 16420
23972 15978 13593 20415 20666 14586 10350 17934 29620 19736 6610 16767 8070 10262 12189 10121 6690 11642 30762 23853 10237 9639 19281 14016 11914 13997
18468 10882 24700 20850 11835 14824 25919 7713 22137 23905 14387 21247 4597 17661 11398 15482 14604 7378 16461 17189 15352 4671 11761 11385 18840 12510
18808 25435 13459 18465 27814 25226 16415 9395 17236 17708 16643 14604 13863 15253 17174 8016 3882 10277 17617 8694 11424 11184 27668 14565 13782 16726
15075 15635 0 18126 16916 23449 3269 10779 29841 7653 15692 17958 10501 23942 13691 8305 17067 8158 14624 28967 16444 13429 26804 13586 14242 14591
8574 18717 27774 16861 17614 15490 18471 14871 22032 15661 11639 20247 3051 18499 13142 11602 9279 20124 9037 16295 18291 8850 22653 14640 23401 18296
14312 16826 19037 15861 9816 17973 17925 5058 16256 3144 8401 17432 9376 23350 8054 11675 10708 8598 21401 20058 12230 14852 5544 12598 22300 15268
20070 7141 20467 19868 15308 28733 25104 20029 17158 23106 17302 16258 14214 10915 10864 6304 13480 11252 15550 14717 16295 8987 6980 16108 17195 12932
7309 17240 17861 19204 20430 6224 3937 18642 19129 12114 16020 21704 21744 24198 8705 10150 12177 20295 8760 17731 19572 9034 29837 13269 19497 22299
9553 21968 21406 14721 19967 12756 16572 15209 10191 32871 16778 10630 11830 11197 9821 6009 14194 12920 6236 14526 18745 11131 13736 10948 17530 11363
12988 19112 11425 16583 21191 23229 12747 17112 24688 16648 7239 8956 6597 20918 4469 7824 18502 17487 15239 22069 15579 8257 29614 10255 22258 24220
14861 21243 12413 18447 14000 21137 6366 28012 26994 6878 9361 16973 12207 26726 16529 18012 14304 7052 19232 16534 14752 12848 17968 12624 21820 7876
27035 20587 18301 16717 21222 13101 15636 24488 29324 27137 16308 21347 17966 27101 9089 12005 15868 15243 25469 24434 15713 8045 14198 9975 18248 10744
10220 24750 18758 20616 18974 12585 11904 21769 32838 28296 14173 15826 20366 22444 14583 27484 10446 20610 8723 23777 12060 10333 29163 13609 17095 17115
21744 17310 21225 13221 16986 19515 16811 9843 8858 11154 15174 28209 10334 14036 5654 4913 15028 6295 15934 17257 17388 11800 17414 13132 17819 17440
15307 18543 10324 15759 17674 12384 12592 11636 22825 16252 9966 20253 12257 28536 5221 17837 10161 23471 20214 16974 18479 7967 34504 8670 21568 18959
21419 14830 14008 13882 21877 25881 15256 7257 21135 18927 15351 15595 7210 28878 7871 4768 13829 5088 5752 25315 16024 11504 13082 12147 26605 16155
20361 20033 12255 14641 19914 10838 18980 2320 19251 2608 13469 16793 16235 23569 7648 7812 17743 13974 10492 23510 18847 13473 15455 10991 12046 23539
24149 26207 20706 19763 30410 22556 29261 11508 20146 14882 13981 18796 8501 18033 10500 13679 17138 12034 17959 9041 17417 14486 22821 14634 15633 19619
8441 11055 21997 19041 15350 23616 22077 12619 26813 34329 14970 25592 5619 34479 14536 16533 8186 16839 15485 7306 16551 11186 27372 8891 15187 17191
2287 18858 16820 18001 10331 9829 9173 25585 18608 26609 10158 13453 12868 16646 11672 13952 6170 12144 17873 14521 17579 5167 19464 15004 17342 16103
14330 17037 15622 17027 16158 11641 12507 15553 14834 16911 14022 20336 6158 16215 6912 17496 13683 4495 14352 24946 11803 12245 6538 9016 17022 21961
8504 13572 31982 17070 15353 25920 20405 18849 26542 13813 16580 16189 15197 12449 2877 18823 20842 7470 17643 30492 17949 11202 12737 12526 10056 15431
25267 19598 0 22240 17003 19054 16911 16714 11981 19532 15026 19986 88 17858 9735 11709 14243 10416 19448 21299 10076 7963 20143 11360 17266 22461
16180 18892 19799 17135 18035 14628 15767 25215 20418 21685 13434 27453 6685 18607 16335 20540 15005 13242 18402 23313 17147 14366 22991 13283 23196 18918
16680 13719 13166 19177 14426 4924 3977 20450 22369 11390 9486 15810 19895 23120 8773 12139 18033 22659 10191 20803 21286 13002 11063 15965 14029 14007
16236 17592 23896 20210 15698 10825 20651 15512 18496 20840 20282 16520 8392 29709 16803 25683 13801 5097 11280 26883 13285 8806 16685 13462 23911 13993
13182 20115 3827 21327 6991 7655 11582 11541 24194 18583 16453 15578 8637 22409 10854 18438 19556 26049 21057 19965 21472 8620 18426 10050 22607 20907
13991 14308 17664 16708 18216 26798 8596 24408 25879 28734 13198 15580 13660 16019 17937 17189 12748 4825 26832 11758 15083 11045 22350 12433 17158 22118
22265 16329 22719 19120 10147 26877 17443 7771 15646 27962 13922 11798 6430 27093 12018 7538 14436 7875 23413 18773 18173 9549 21183 13279 24947 11620
13990 20399 31391 16586 18085 19022 27873 11029 25386 7133 9752 21599 12331 15160 10896 7430 21432 7311 18076 16842 14704 10392 15137 13702 21045 16473
15289 12550 23782 13921 24142 21506 14055 19600 14747 21640 13617 22463 13844 23704 7273 14905 9465 16548 25830 21195 14156 4963 11426 10829 23607 6200
13226 19606 9318 16434 16717 13165 4701 15367 15589 17758 9852 23039 11154 23703 3322 15070 16676 21207 21881 8133 11853 10040 7004 12235 18228 12639
21634 11581 25987 17788 21684 17986 16522 16419 19285 21903 9840 21828 17597 17085 13780 16228 8802 10817 16775 22785 18964 7800 14109 11969 13195 15125
14458 18268 18097 21004 15679 3729 13251 18524 23105 17484 18148 21520 4895 14247 7613 10829 16639 11420 12525 10785 18566 8124 17122 13562 10090 17479
12388 17995 26158 16509 25176 18194 9883 10750 33504 12112 7363 23130 16295 29820 11408 8141 11805 18177 10113 21542 20344 8897 19319 11612 19046 18546
11545 5678 20972 13755 18512 19456 25482 14533 20651 17381 11153 25879 14039 4933 12761 11757 19217 9990 9502 11057 14304 4575 9771 9747 23017 17976
20597 25502 13836 16365 14253 14236 17975 6623 22585 13415 7546 17469 17584 12445 7397 495 13683 14739 14740 13223 12539 9579 4356 14294 16251 15049
12988 8860 22614 16904 17798 6997 6479 15489 14242 26097 11717 22032 15484 10911 21823 12194 18865 19460 15396 4680 11851 7346 28355 8952 19993 23113
23120 16199 18331 17559 30308 11900 6651 18567 16684 17167 8387 17101 4874 14154 19326 9252 14049 16180 27834 24380 17829 11496 8052 14057 20946 17983
11292 12251 22368 21527 23781 8466 10643 28534 21698 20970 16781 20762 12348 20723 400 18163 9486 9174 17573 20890 10805 12578 18130 12982 13068 30233
15920 14123 20443 15906 11117 11196 29405 18761 21983 16169 13658 18714 9193 20968 10872 20040 17618 12618 20903 27325 9353 9234 24760 14863 21779 16419
14991 13580 16311 18149 12383 18253 15100 17288 20094 36164 11699 19369 17755 24731 10937 4277 12156 22156 13119 14764 15682 11428 15188 13447 11995 9136
13273 13539 25930 21684 11508 18446 9400 9585 9604 11661 13627 11148 10340 22968 8466 3842 22072 7898 22649 23854 16997 11556 3155 12715 11417 24765
20880 16439 30558 15312 7970 2908 31015 14232 14997 21047 21960 25030 2032 17902 12201 15711 22970 10863 13556 23585 13379 10414 14512 17421 5514 18614
3778 24767 6598 16125 16749 15029 5490 19970 18879 18177 13900 19490 8588 16418 6993 7788 25113 10036 22555 13724 14450 10520 8999 13968 16057 10367
18889 20627 25002 13888 14294 15528 22206 23017 25406 26639 14364 23229 9915 2654 11335 3872 6758 9175 19172 8675 6187 4021 30439 10905 20906 24364
22453 10250 24305 18797 14091 12536 14072 18253 11070 19401 21115 11858 8792 16476 12696 11866 17409 4121 7442 11905 20798 11324 23377 11264 14247 17603
6874 16662 16479 19017 10187 9418 22378 13381 20282 26182 13735 20992 9752 18608 10100 17352 13513 24480 9375 10351 22361 15095 21879 7479 6489 4223
9365 9870 32375 13043 31052 24916 20455 23729 8367 24611 10411 21391 2654 6028 6732 16612 19294 7659 15069 13425 14077 9777 18221 10736 14583 8291
21706 18177 16961 17621 24610 16713 6202 9182 17838 16821 13929 21902 26958 26569 6261 10593 17509 12303 12187 23533 14191 6356 23330 13988 18676 20596
16333 17347 16483 16764 25726 16997 20435 8552 13352 21363 13887 16277 9296 28644 5203 446 9885 15962 20901 7904 15429 14569 32689 15955 16811 11109
16309 14384 17797 20271 15655 13510 10698 16072 25735 5892 11616 17289 0 22221 8063 4294 17791 10003 25346 6029 16232 5517 14764 13556 22168 10132
11073 24449 8513 15761 20626 15162 22458 14475 18020 18795 12689 26617 20041 21969 10769 25027 19245 13954 20929 16973 14312 7062 15218 11191 24447 8612
19543 18792 18443 18942 17198 19639 27239 8617 28988 29735 7545 21487 15735 19926 11189 10326 18887 15758 16454 20517 22637 10373 21628 12445 11811 20362
18474 18544 14826 19842 20141 7551 12953 11305 19748 13496 10534 19563 17503 21441 2720 11142 11736 13461 22484 10069 16100 12525 22671 9777 23492 11529
21947 13476 9115 18398 22773 13170 16902 17630 19991 15232 10570 20524 10901 18310 9057 12542 18175 20585 13040 11385 11282 10748 13410 12540 20031 25002
16962 24787 21051 17067 27057 13902 13261 18156 9497 28124 20205 19244 8024 10976 9641 17003 8183 6186 17323 8758 17382 6752 24314 14023 14389 26783
12247 11114 17186 12324 19727 11092 9205 22772 18666 28347 14727 24871 7115 24336 12476 13886 15074 6572 24016 25067 21293 12446 21058 9763 13707 23296
15586 11364 26315 17639 18194 24889 30431 15055 12370 25143 16710 23352 19777 11531 20360 7216 21948 17620 6792 20162 12292 11368 22114 11005 19212 13656
19179 15797 19963 20840 21207 15425 1829 6806 17621 22082 17175 15797 14951 20500 9901 19566 16918 6608 14763 20117 15225 8471 17045 12846 19737 8416
12708 17843 10591 18200 18938 15524 24307 16659 20493 19875 13961 20808 14530 12225 4474 14238 11596 8685 23707 13581 14272 11850 16457 11628 22983 22549
9228 25596 23512 17639 18804 6947 10655 24724 21125 18162 19077 15342 16706 26801 10697 11191 17648 14246 15090 15417 7498 10614 19722 13267 15219 18140
13821 18928 6776 15279 12223 11027 12235 29375 22322 5675 10604 20644 17588 25556 16607 13264 12261 21032 28900 15531 13618 8294 7470 12432 25221 15867
14800 26220 6445 14921 16230 8244 22052 15585 17700 19330 12696 23786 10450 12499 6770 23500 17289 20915 9061 16906 16669 11734 21166 14729 21973 12931
11487 15433 0 13985 12419 16168 19986 16683 19994 29161 8098 20073 10732 14789 7512 2720 13448 8380 15323 23194 16336 8655 14611 14262 18719 26375
11407 19121 14807 16305 16424 15997 13900 11490 14759 18051 14487 16729 7132 15574 2449 22472 13124 17878 25743 14247 14984 8098 19820 13271 6662 7987
10133 17615 20453 17887 16833 20590 20313 2611 18294 28353 14825 23106 255 23600 11531 3044 19138 6181 19561 30523 9323 4825 14725 13761 21266 10437
13799 25200 10431 20898 21303 28440 14068 8744 16160 21974 17010 15191 16997 29144 10422 4413 17412 21960 7559 18300 10576 8513 25234 12351 23513 17286
5143 12578 10043 13929 21598 11826 18673 8717 20107 16897 19481 13094 0 6614 19835 11916 16886 18164 7171 25505 15416 12554 26619 10090 10431 7459
16940 13656 25896 17256 10515 20386 12338 14939 15145 19178 15192 16520 17661 21796 11187 21059 9953 12962 7476 10508 16111 10165 8140 10683 19759 27188
13456 21483 9935 17775 21055 7118 20752 5178 13983 17271 11643 20225 22605 27608 9365 1985 20694 9527 16717 11165 9895 10829 11002 10715 18648 21397
15281 14628 18198 19753 13613 20079 27029 21731 6819 12216 10971 13912 23850 27399 21800 9039 21855 8331 3286 10615 15000 5678 26183 16218 20458 20426
18654 14707 22075 15482 28826 19700 17144 15783 26841 6711 16793 22545 14520 20084 11774 20531 9107 5177 21231 17114 15306 4603 25747 6834 15696 18441
22357 12567 15255 19552 13297 17175 10911 14001 24347 17285 17185 15393 12603 25778 11067 4805 15246 15026 22716 14711 14512 3801 30624 11640 20219 14459
23359 26202 15975 16480 16471 21575 10629 13578 10368 19001 10043 20322 11626 19675 11550 8686 22348 9443 6404 15405 16170 12624 6163 11808 20993 13795
14710 20232 15795 14596 17499 23199 6264 8667 33843 12414 16821 22636 19725 26192 3951 11411 7665 20435 25198 21742 9833 12087 16473 10556 13311 20378
13103 18792 7637 18604 8696 8645 13510 27097 33822 30878 15469 22039 0 11221 10307 10554 13033 17529 24706 24306 11165 10505 14735 11652 17977 14188
15667 18600 8001 16600 8387 7653 22681 5419 23238 15680 12111 23972 15686 22452 9841 17191 18289 11897 22619 22102 15228 12100 17550 14827 21514 10423
13802 24365 25173 20028 6640 16607 12149 7840 15486 11350 14798 20633 7400 19929 10280 7500 8634 11126 19390 20574 24969 5847 23080 11001 13485 9996
7767 20201 16716 21876 13468 14912 12019 0 21670 20630 11101 15869 16812 24879 12033 14215 1997 14282 10782 18965 18058 4554 15403 10428 20733 19705
12095 28053 15301 16521 13387 5407 17862 17009 19401 17631 12494 17461 7571 25454 7081 12702 17166 20078 13494 16296 13021 12732 19589 16685 21607 22714
15303 12689 7449 12639 15267 14108 2883 19057 26984 23727 12376 27660 8036 22513 12744 17082 16592 15950 19412 15040 14046 5448 27720 12243 17916 19165
19644 17472 22712 13369 20587 11529 22741 16692 25387 21611 11520 21460 10322 11046 9375 15245 17983 11005 25975 16674 19596 15016 20864 12635 14216 5037
10785 17915 17518 16545 20796 14777 11297 5504 22336 24638 5886 17260 13056 16421 13738 9817 11153 17753 16380 20512 14795 12065 8244 13032 13966 14855
18625 19188 17981 17672 20343 16480 2719 10077 25969 23190 4988 20797 18654 11645 12364 7790 15477 13331 4193 11045 11186 8227 9735 14637 19239 19227
18674 10720 6356 17884 20782 21308 30898 20612 15361 23781 17550 19654 15824 23574 8979 4813 9109 14142 21141 15803 14540 6973 25891 14844 22869 3960
20471 12810 21692 20073 24061 3457 32087 22289 18097 31289 16585 18773 9318 24192 11184 20031 15449 14692 8985 16798 16683 10320 4600 12889 15179 6836
19633 18565 23728 15326 21651 28543 16574 21982 15448 13372 12218 22639 1417 22161 12367 24145 21566 14935 23540 16618 16910 10144 17103 13250 10423 15043
6616 6560 14352 20382 21908 11209 0 14427 17122 16757 11946 18908 16231 12697 10205 13786 9479 17772 5771 15902 11264 9135 22504 8125 23415 25823
12786 20911 25053 18681 14002 0 8103 13392 18038 13906 15757 20430 13562 16621 13880 20556 25004 7237 18662 13392 16670 12392 15042 14965 13157 19315
15133 15697 7066 21423 15254 35482 17990 13673 15666 23045 12118 22838 14642 25721 8314 10021 19781 7327 15794 24096 14208 6854 15789 10410 20798 13434
12370 17828 20622 16688 16119 26984 16493 16199 22522 15846 11553 18580 0 15152 11087 11842 15021 1231 10877 24573 10919 9730 19416 11953 17126 19162
3751 16939 3835 10628 3865 19794 16528 16646 24885 30196 21459 17034 1339 23472 10080 15391 12810 7043 20905 15943 19804 8873 16938 13492 20984 25023
17193 22378 4699 18754 15501 17291 27621 16261 24625 22439 13286 16162 11172 15833 7989 22289 16695 12957 18805 19033 19170 8085 1584 11628 14778 13422
24564 11925 15466 17708 15876 14298 10896 17437 11687 22001 19142 15205 10325 17283 18320 11510 7474 13420 19867 20123 13995 10512 26900 10798 12557 12043
2218 19337 25579 17290 7475 17671 18580 9480 28993 16355 12040 8386 7532 23012 9283 28713 17546 18706 6244 13340 16588 14833 25961 10723 18723 11432
13958 20285 19819 20186 22337 16087 22086 13991 23058 21276 13666 24121 11446 22929 4570 18278 16488 16754 2129 25901 12521 8311 19505 15434 28028 14133
10226 27584 11658 17967 22511 17595 14806 15651 26415 17524 10258 26956 12038 19912 8661 25798 20039 15965 12816 14836 20273 7817 16717 11984 22503 20468
8104 8564 12316 16364 12115 32117 2256 8834 9578 29635 12188 20649 1639 21731 5088 19795 15843 0 10485 20404 13427 12818 8019 8357 16203 18994
10802 20770 27165 18038 24469 13526 8494 31968 13614 27873 15159 15537 10348 11549 10836 7274 518 1057 26860 12900 19463 8947 28543 10194 22027 6871
14563 19146 26731 20794 20399 13309 18170 13772 21042 23300 14099 22307 12751 35984 8746 14133 22308 14664 15699 20285 12147 12232 18129 13158 18303 14819
15253 12272 20696 18460 9213 21128 10280 13578 9223 27825 18464 20985 6440 22498 2654 18783 16820 10210 19194 19772 10327 9939 27906 15985 19257 8320
22689 10592 21558 17998 20798 13601 13599 26269 17158 12034 10822 11616 13746 19374 9940 11431 20564 6865 27133 6533 15029 7402 14828 12135 21693 11564
19064 13386 10142 15951 11721 21255 8485 19266 14249 15944 16294 18644 6802 22796 13680 7302 22129 11663 25287 17804 14070 12337 16066 11410 22290 8127
17733 17765 9342 15543 17075 14624 17963 14976 18482 31960 16355 14809 12060 21912 7154 18063 19700 8960 5896 8254 10666 12765 41879 13023 15708 22322
21588 13140 29852 17158 21890 19071 12307 13382 15078 24194 15865 27345 10576 15199 7324 13876 1670 19333 19804 11228 12995 10908 22079 12441 17083 10258
28625 4021 24195 18316 15870 13028 15058 20463 18625 22121 16008 14646 12139 22360 10005 5273 6963 8113 15036 21367 16103 6337 27832 11298 18500 13600
16138 5853 18165 21049 24757 18190 17456 9458 17524 8870 12236 15097 16475 24249 8381 4654 16822 3674 10915 16057 18317 10710 17216 9008 16961 9370
19687 22841 13523 22506 25385 24191 19700 18995 25070 29494 13528 21248 8965 12496 15575 6520 12977 5006 22169 13175 13573 10028 11247 12288 19003 19508
13429 18806 29710 18327 14345 16384 3134 17400 18101 23009 7193 21036 11300 30191 18909 9985 16337 11670 16544 21343 17680 5484 26197 12508 22502 20098
21282 20512 15932 14318 18421 20440 18511 24755 21891 25237 11727 16235 13429 27045 8111 5116 23293 15719 10987 9475 13606 10255 13997 16704 22679 10705
20965 15921 3486 16855 15199 17550 15415 21464 15544 24863 8648 14476 8204 14380 13757 10827 14298 18356 17247 12854 10179 14967 16352 11318 16124 24615
15103 18575 21471 17554 18181 12997 13413 25819 12311 24905 13154 17017 17318 15311 13725 6410 18797 9606 17478 21041 15103 11543 15052 11612 12341 7648
18437 13580 3030 18424 10799 16845 20186 21757 20741 12786 12751 14435 7350 26127 7390 18255 19440 19823 6867 20549 15257 8834 20054 13622 20497 22070
11695 26678 14484 16960 26604 13537 8473 13851 19442 22605 9887 23115 14945 6075 11474 7856 14235 15081 15111 22470 14540 14003 31913 14764 17441 9315
17435 8434 17052 13117 25027 7290 13887 16757 29536 21383 12975 22518 13360 13446 16703 10549 18078 17803 26051 15300 13804 8438 23301 15099 21805 12872
24845 12972 16347 17386 16781 9464 4754 23807 22087 11310 6827 23028 13289 15431 7576 13754 14188 13856 12257 9906 13769 12304 27182 11480 16414 16293
20081 11144 10524 16946 5786 16387 28901 21163 25800 9454 9491 18167 12381 17199 11794 14908 8787 18445 14613 24313 14999 13176 15889 12065 17986 16068
12747 9589 12037 14873 14175 31071 0 14478 17425 20208 9208 16334 11987 24688 17126 9460 21172 9164 24321 9863 17043 11135 21893 10563 13588 23046
14867 22905 4899 16169 18916 17011 21593 11055 22908 13976 12639 17201 15977 17671 8578 14998 7760 14050 21095 13118 17609 9583 23550 14114 23176 11460
17780 18338 6987 15719 20656 16641 12715 9823 18428 23925 13832 20897 5709 26224 15101 14865 17612 16784 31758 7204 18602 12559 22121 13093 26187 16127
20989 13819 17147 9841 8298 9882 13618 19271 18456 17513 11340 12353 21856 15849 570 10995 16860 12745 12494 22118 15167 4941 15165 12552 18578 19361
13716 20868 11794 16956 18641 14911 14931 9788 29312 22029 9833 16724 9401 13875 3766 17239 4271 11060 18117 13216 16752 11766 18003 12854 30471 12356
17269 20101 9136 18703 14879 16640 23553 19869 14873 24147 13224 20611 12772 17382 10780 16582 8038 8707 24250 20836 14488 7998 11593 11978 14081 7920
3849 12112 24552 11527 20501 10328 10801 5757 27660 24892 14361 20120 20036 14881 17002 2900 13936 18632 8453 8012 17172 7717 27929 11097 14936 17754
16234 18585 8463 21304 24146 15666 13451 22314 8662 17062 9871 19470 13788 23582 5573 4538 8724 11680 9672 17391 12280 7569 19193 10360 13830 12014
14901 18452 28743 17060 12086 33599 15438 14935 10199 19742 12506 22229 9301 20085 7050 18351 13030 17446 20684 22536 16648 11506 22309 11358 17517 12853
14013 19851 15889 16104 20959 14915 21529 18452 12784 12804 14440 18685 17871 21314 2877 24272 14924 8698 10040 12427 16116 7697 20316 13574 16022 12732
18152 19037 33001 18219 9792 14692 20709 20030 24223 15192 17087 16484 14536 20970 10407 15204 17873 18242 10063 18311 14982 12269 23007 7733 3301 16280
12623 17139 23457 16035 17572 12341 14674 20294 23253 6627 13955 18314 5675 39531 16117 0 11821 14283 18986 31547 15595 12959 23321 10231 15937 20490
6246 18624 10010 16887 25954 18826 17052 11389 16875 40936 14710 19022 8176 14177 4537 11021 9655 4750 18994 14370 13463 8074 24889 13577 16176 15205
20409 14048 17730 20351 16445 6917 8108 20071 17145 17286 14115 13124 13617 24098 10989 13661 19401 10695 12822 9985 16218 8029 10557 14170 16234 11067
12746 8351 1794 16329 25669 11057 16276 18224 17404 17030 15494 14451 4879 13907 6313 7627 18716 9524 21342 21341 17888 7486 15540 14170 19009 20558
15436 16113 17184 17873 21866 19601 19627 11961 18543 20597 9208 19899 22423 20045 12506 8745 15904 10203 14737 20997 8758 11944 24462 15566 18536 18663
16124 26029 10064 14815 13971 15076 18373 14453 20041 4429 17893 12862 8249 26486 10296 14291 14103 19635 23306 27847 10529 9509 22719 16036 18534 25616
20289 9813 20237 20032 25119 13711 8282 17057 23931 24086 14362 12073 9453 19768 13147 3653 14852 13639 8769 22782 11588 11343 21420 13573 15567 30900
3363 13989 22888 18375 22024 11169 15703 15225 20571 24275 10247 18659 8239 17516 8853 13388 10323 20356 32260 25200 12212 4819 7905 12815 18348 15482
13903 14236 7353 16673 16954 14238 9277 21882 23058 22982 15671 23125 6763 18480 5916 11373 13711 12119 15279 11996 16572 6993 25326 8778 13254 24973
6942 26202 19420 13992 15872 20084 17911 11063 20610 20631 12920 20960 7376 25332 10253 11527 16601 10862 6737 25045 20906 8030 8246 16614 18435 28888
18491 14097 33063 16399 23758 24540 21482 10375 11706 13836 17600 17130 8126 27636 8658 13628 11111 17543 22538 24978 12891 9241 17168 12994 24938 25173
15775 11427 19408 17777 17325 9224 6761 2295 18038 19156 11524 15067 19603 18903 8562 13873 6743 15545 25248 18443 22880 12509 17896 10011 14433 17602
5021 14961 13584 14238 9990 17529 10358 23562 20915 32207 11537 22746 6488 17404 7946 12068 19433 5741 19717 22401 18632 7113 9623 15397 13802 12794
5020 23315 14423 11068 7014 12036 14294 14355 11613 21207 13627 13777 8273 16891 5754 4572 22993 3825 6850 19704 14633 7972 11837 12088 16776 185
22592 10387 18884 19868 11161 30109 20232 4716 21021 30204 11688 22238 9150 17870 13784 8922 20562 13214 15869 16831 11213 12053 20791 14648 19944 13195
14865 11957 16742 11869 15238 10976 4698 19412 11423 21932 11421 17462 6593 22401 11295 6370 12809 2102 17817 17938 15463 9916 13209 11228 10350 12139
17202 24237 13306 17344 15582 18030 0 14366 12274 25976 8352 21714 16185 7185 17720 2346 19987 21900 16998 6052 11329 9890 21080 12411 19232 11245
10949 13708 27651 14183 13644 10589 14724 21968 19798 14656 11657 20454 8999 11822 10470 18011 19178 7088 20073 10050 11843 13091 21507 9749 13363 15437
21967 21445 17820 16254 17323 17284 21305 28133 13896 27845 13399 15105 15295 17481 13704 21791 19817 16981 19210 28987 16660 10835 13755 11163 17990 10532
14661 18491 0 17410 8513 3451 7392 8833 26052 10177 20663 13703 20804 10947 8038 7445 10311 13847 24130 20761 10196 10705 20332 10804 23242 27980
16955 25395 12693 18622 15130 4330 21047 1754 25367 22712 9485 18516 23863 19296 8085 14365 15290 10939 27439 17788 16174 7139 17176 9913 21616 21046
21574 8674 7588 18209 23557 25086 13700 20803 22118 20825 14421 20658 11644 13541 10462 2185 21060 15559 14248 14798 16154 7745 10991 13503 21410 16503
13921 17929 14091 13508 22186 19582 17712 21894 20291 13248 18924 19034 18751 26873 12627 18506 13751 19218 15626 12411 18190 9500 28091 10448 14434 4361
21028 21023 23642 10363 21526 17724 10083 12666 16999 13855 6708 13823 1511 19897 9303 11730 21445 12707 15561 22026 13315 11140 11555 11502 19706 17093
10014 25519 12918 12711 19487 13789 4496 24799 23192 19303 15279 25777 13585 28073 11837 19265 20199 20557 7641 18281 11232 8868 8927 14437 20844 3800
12859 14791 13037 15489 15491 16745 6625 13723 25674 9009 13004 13965 9428 13262 13208 6444 3050 4067 16749 13115 13983 7042 17849 13116 12654 15909
20334 25021 6715 21602 25988 3529 23433 14444 14339 9311 19472 23917 11529 22272 7329 3832 16134 11002 4629 22501 11502 6413 12970 10783 28697 16969
17973 17946 26043 19276 16769 14729 26177 23500 27000 23503 10625 19249 0 23866 3029 1591 12479 5965 15387 26906 12674 9501 28053 9071 22487 19821
14327 6319 17363 17438 13368 16029 10602 6906 18091 21934 10886 26480 16487 19268 10505 11841 15441 4090 17698 14536 11909 9021 13440 16815 17218 16777
15179 9366 21069 17933 21319 21792 9356 17157 21312 18155 14521 18948 13863 16208 7617 11467 18161 12496 29522 26465 18231 10124 10473 10080 19344 12695
13836 21101 9364 17260 21832 12357 18379 10490 14037 22727 12592 15907 10280 22345 4355 14306 17330 13697 17920 28889 13803 6280 26208 10433 15146 13750
17007 20036 7393 16975 14082 16021 11385 9162 22823 10244 14626 17570 14926 29584 13824 13443 19652 947 4588 28022 14696 9686 17278 16021 25064 22205
13032 21693 13677 19145 20557 17825 14256 18048 12561 24007 13436 12955 22680 26932 10848 6557 12748 22802 13208 15612 22367 11521 11267 12984 16233 18620
20231 15762 17150 12143 21343 19905 8240 16616 21088 12479 15425 20476 8197 19855 11373 12668 25049 17766 24136 10787 18811 6745 14855 7932 19262 4355
14976 12598 18756 20767 21611 21802 11333 8757 13746 32331 13148 26511 16881 28696 14542 13888 9951 11016 11141 20373 11557 12599 27763 12263 23756 16624
13372 24228 16458 17851 22780 19392 15925 6426 16535 30283 15653 24915 13702 32870 14135 9177 14838 20400 23004 16332 22584 12311 33518 12223 25090 15739
13891 18041 0 16164 18813 18731 28751 16344 18678 21872 12865 16612 8444 22153 8050 18021 18124 16513 19558 18826 11296 11065 17387 11330 16562 16842
10208 16513 11597 19614 21551 10434 13631 9106 15526 12199 10504 19380 14083 12789 14878 9378 17190 10776 18914 16543 10566 11834 12641 11698 14077 16199
2535 22466 10485 17789 25072 14110 19722 19591 26948 6175 9577 19257 12951 39059 9536 4674 18795 14996 11734 13279 19187 5132 29223 10305 16177 28342
794 24958 11176 14385 13393 21895 25002 11590 18565 18676 17586 20276 13915 13708 7099 2405 15914 11066 15842 13806 10169 8320 23002 12583 14815 18786
12734 19566 9594 17529 6174 14256 14578 16609 13003 23675 17379 19727 8296 13062 12749 13766 5478 21440 17897 23262 15870 13271 20791 14774 14489 7620
17563 18061 18050 18225 16889 12653 18405 24103 21782 21406 11817 19244 11746 16806 6919 8484 13096 9115 23547 22120 19006 11454 19563 12836 16625 19888
18975 19786 21284 11814 10609 16726 15361 15454 27160 10802 14739 19525 16559 19390 17374 9052 18660 12243 13246 19891 16045 11491 13973 13156 20941 7573
18149 16068 30491 10738 13700 9100 16208 16180 27712 4752 15911 17626 15803 27070 13570 10739 16897 4458 18728 15951 15147 12234 16263 13132 19876 16907
15342 18726 19895 15551 15645 10698 10921 10017 27720 17115 15153 20259 13262 11404 0 9866 7524 11158 13908 11825 22716 9079 11171 10548 21100 17695
8716 17190 15226 18136 20496 24614 54 35116 24638 23417 8657 15138 11010 9899 4116 12276 14102 19871 25432 28133 16213 10765 6159 12442 20851 21051
13043 23403 20383 16111 14031 21329 23149 10417 7356 28999 13609 19886 3146 24740 8399 8086 17061 13224 3886 26750 13187 9424 18446 15885 15771 26255
23488 10673 13127 15361 8902 15015 11642 15625 17413 21386 13314 18360 14098 21500 8213 20879 9540 16144 15020 8038 16646 11271 13299 11887 18907 15989
9351 20790 21164 15559 24356 22052 7333 5301 8982 20928 13949 22844 15743 27140 9634 15350 3459 21235 8243 12682 24515 7573 5184 13795 15143 3902
2679 9617 13743 13895 10500 19555 25533 42864 28801 12006 11792 22123 8566 15868 13265 15217 11910 12377 12453 23335 14986 13686 15140 11853 14033 30544
1376 19399 13917 15674 14788 20550 17760 13912 13898 32564 14559 10617 7555 27620 16270 4685 17294 22685 30154 18404 10743 9421 6605 11076 27023 10404
15609 10629 14981 18909 20639 25320 21348 13159 16047 25913 16606 10061 9541 21359 14235 23512 12094 19187 14157 22998 16480 11503 25154 13819 17992 22182
13994 15050 12813 14379 26704 23970 15202 24600 16425 22786 14157 21861 12234 22429 10905 29134 18017 6834 14730 6186 23590 8445 16758 9041 10609 19270
12948 13052 10160 13902 18172 12139 25125 16685 26592 17814 12348 16775 10430 14986 18735 4689 15476 3299 11133 29121 17605 9438 19437 11663 12285 26473
18057 17013 24344 15599 21624 25214 19735 12743 24519 24157 12721 20452 4180 18073 10917 17852 25183 14103 15063 28001 20811 10882 23710 11094 17082 8685
7034 18082 8556 12393 15143 17264 21339 12833 15584 14548 7750 21006 9436 26393 10417 12391 17611 14134 10661 21682 14319 9454 30804 6317 24102 18422
17503 14333 16884 17617 11412 7928 26681 8364 32252 40505 9339 22979 16926 7517 3130 7792 19806 17847 11495 25723 10708 9184 23816 14702 23135 16078
22547 22211 17393 15707 25338 15976 15516 11009 15927 21378 14603 19517 6533 26568 8257 11753 10890 9480 21750 26894 13516 8328 22994 14432 9635 13124
16826 21761 5989 18277 16558 9810 5173 15376 24289 9388 12034 16394 15459 17481 11318 2846 15867 12862 8097 10533 10178 7515 0 12396 19866 18971
15873 22357 16870 17966 15728 16504 16044 9615 18594 27165 15594 16232 12012 17518 1985 6155 27046 7404 12961 22259 11889 12197 25350 9340 20695 15918
7959 20795 20035 14413 9952 4551 10042 11995 12459 20951 9989 20059 11830 14154 8454 19231 20966 12213 10703 27321 15989 8562 9740 12177 19714 23132
19342 12949 21506 16027 20051 11137 8881 12825 21922 12050 15227 15335 11622 20007 6790 13391 25452 3901 10619 28605 13511 9448 18076 16599 14171 19721
25418 24446 19631 18953 21079 17172 7073 14060 21172 35057 15410 16710 1923 10510 13836 11403 23599 10262 9454 24211 5971 12216 7026 11815 19023 19566
17600 24000 11416 20130 11541 15886 19336 8793 13939 14568 12368 26875 10461 4734 12897 9914 11014 15839 18913 6050 9371 13085 14826 11406 18080 16166
15397 16188 13444 16366 10579 17736 19367 20888 17540 26817 5949 19371 21331 15413 1253 5736 28201 11952 11325 20064 11898 11070 2790 12527 14147 12629
21936 7011 15514 12485 11530 26563 23203 16516 11314 20468 21713 17935 3904 20259 9564 8170 13803 8159 17896 20774 19353 9857 5792 9748 16864 16587
9437 23185 21284 19803 5592 9953 22455 13649 34739 21200 18824 24104 2893 17026 9051 8198 12928 13505 25545 18089 14461 12530 11856 10558 10926 18305
