365
94 24 52 79 4 82 47 69 0 58 28 71 7 84 36 27 45 72 73 41 9 40 21 100 34 27
23764 23889 15967 9465 15257 4700 14702 4528 17953 15325 21654 11087 30354 4776 19113 15122 9490 18138 10438 17990 16292 22913 22033 17154 12984 5796
523 31701 11365 12728 17244 8383 30531 18931 8008 11430 14548 6443 29336 11820 24874 5962 22221 5409 9189 14088 17015 17182 17811 17919 10905 10370
23023 17961 22028 5653 24568 15788 35182 4398 13005 11652 17569 7719 15127 11694 17612 7294 13473 23586 16229 17592 17590 22860 19143 405 10266 20373
10906 23845 11657 15701 24700 9043 12758 6174 16213 14632 5842 9172 21167 6568 10378 5056 11659 15385 11254 8949 21787 20261 15536 19525 13455 10782
5710 27471 19334 11078 20603 11617 13276 21737 28780 14665 14929 12145 14625 7582 14654 8320 21456 18261 13363 22359 27064 19839 20653 10993 14236 15334
5570 9764 12917 8473 16826 4500 14801 0 8079 14228 20760 11565 13956 17067 15457 11356 16704 18086 18145 10100 19738 22987 16012 8390 11118 8286
7623 13886 17953 9342 20208 13975 22444 17594 12316 15408 14729 11582 27477 1755 15743 9765 15878 17597 13068 18561 23055 22719 20481 5846 13765 5940
15096 26897 14870 6615 13555 7370 21124 15693 36018 13765 14813 7138 16499 16449 14330 12951 25178 10273 23201 17955 27143 16499 18229 11864 13227 9236
16814 20148 17871 10019 16582 13712 18795 10050 3869 19356 20106 15561 25501 6914 21077 11190 12048 17238 8827 26685 20541 12438 18545 8456 12824 14172
18397 23922 14321 14939 28671 10523 26589 1564 9245 12825 22476 5129 24726 8763 5204 16413 18669 12403 15072 19613 25903 14032 13319 4139 11269 12851
962 18312 15114 12795 17578 8501 13314 12231 18362 16512 16786 8782 16732 8665 13532 18994 21942 11086 7866 8253 21809 19686 17370 16817 11051 5123
13450 23880 22932 8449 27100 7333 30461 18555 23617 17363 19316 12616 29804 7568 20717 11656 18653 15507 9390 9551 17066 19704 16836 17133 9890 10564
11887 18061 14651 16068 16085 12656 21318 6358 27807 10268 14022 7022 11060 10096 8822 6863 16902 18380 1374 11366 27398 19569 16791 15994 7109 7966
8520 17590 16323 12310 24413 17986 11517 10737 11488 12441 19158 2668 15192 12030 14453 9672 18112 18019 16805 17688 20119 15262 11536 16518 14466 7333
8467 30288 17603 18488 12334 15631 12802 12244 21114 14610 10127 6894 13880 8681 9121 10631 18109 16215 21537 17834 26135 24571 16437 10170 8836 11507
17026 24471 15961 11334 14963 10738 18955 7496 7879 14058 17250 14158 25997 6876 17821 15970 15219 14438 17954 14876 15448 17853 15329 17009 13274 13725
10638 11665 12161 14412 19281 12714 7617 11138 16336 17754 13573 6514 12694 10139 23081 10659 21243 18264 23918 20238 17847 17139 19722 15111 10883 9389
0 18762 17682 5939 15674 14442 16628 3631 31024 12789 19769 12077 28049 11882 27351 5916 23339 18450 10013 20281 22422 12524 13861 5555 12829 7577
3905 18748 11869 13118 20728 19429 19328 12533 9206 15284 18144 9533 26038 15798 20624 5811 20008 16248 14472 20366 21847 20638 15710 17283 9728 5064
11971 13426 18310 10713 17824 17848 19729 8668 9894 12466 22923 6690 15768 9702 14819 11885 20769 11492 22785 20164 23813 3599 19534 15054 10838 10076
13031 22938 15429 21204 22515 12397 12125 8518 11152 16048 13994 17803 17395 6370 15066 6993 14035 14830 20989 13007 13765 18335 19058 9522 11149 14740
17025 23027 16904 17644 25193 5790 18340 16777 6999 10890 19801 18075 24700 12616 8051 12734 15353 13651 11812 10107 20426 15268 17868 5133 12554 7491
8244 25456 14982 15295 10377 8774 11171 13214 17013 12254 23563 297 10528 3023 31038 0 5623 12375 12959 11739 18427 25074 16227 8981 13693 1287
20901 11642 19792 13516 15228 9187 12835 10484 9162 22804 12668 9012 20600 10818 13986 1660 13504 23606 10875 22258 19748 23743 20076 0 10284 7056
12129 29097 21118 13425 27723 11990 20214 8769 14823 17200 21729 11541 19821 13200 9393 6144 18193 16006 4034 15092 21377 20486 16703 11168 12142 6965
4042 29416 16320 13943 17136 17379 20886 16968 4035 18486 18146 0 11938 10598 9415 4101 16784 16832 16346 15748 19629 13949 16928 3818 11448 12765
8616 20920 12006 13545 16728 20508 16539 12672 10260 19190 19084 11026 18908 6965 18713 8471 17271 10467 15092 20250 15595 17884 21900 23083 14464 21333
9839 24683 14896 12849 23681 6278 27810 13527 0 16467 16338 5052 13744 6509 19310 11439 18789 13085 7300 22737 21876 29760 19522 10604 11404 15040
13044 18725 13693 15004 21445 5002 27266 7947 4942 13939 15965 6834 20595 5582 29670 9172 24155 16165 14272 22298 17686 16626 16104 10932 16890 14412
8944 3299 6239 14642 18111 9894 29181 8351 10606 12825 18307 10495 25379 13786 20134 11718 17022 14419 22451 23893 26778 13191 17335 6446 9638 8120
16535 33710 19915 14137 19571 11520 19559 8917 14323 14110 26294 4836 20904 11255 12944 15893 13641 14207 12756 10189 12889 21371 15834 21456 11972 1269
10248 12025 17688 12029 31671 9715 15591 18940 20256 15489 24475 2090 24158 14134 10311 15439 22755 14547 24396 23335 13819 13659 18008 18205 13167 14423
14427 12102 17587 10885 19821 8857 24909 13014 3313 15898 18910 10213 22989 8059 22105 12674 14522 12719 6317 9560 24885 28636 20278 9681 13922 6026
4996 24496 18199 10406 21789 2698 36007 4626 13532 11692 19035 7788 17206 4590 5644 9284 10231 23936 11756 21761 20136 21730 18302 9965 10918 8796
8413 24662 12838 17256 17152 3699 20740 5002 4855 14428 14726 6014 25122 14935 9605 16782 14603 18547 11051 25605 14527 23964 16774 2704 10729 8382
10152 32398 23280 12625 9502 10776 24589 11113 12452 14630 21202 7863 20493 11723 6581 10186 24159 17064 15854 13234 23276 26358 19316 6370 9364 13926
14415 21339 17539 11517 15677 20066 20909 14268 25994 9630 26708 17988 14890 6758 18006 9208 13825 16735 23033 18486 24849 25978 16785 22244 10140 3782
4719 0 20468 7078 16125 5351 29333 5809 33415 14420 14187 10979 12119 8083 5785 3338 15550 14077 12351 5430 13859 23188 19620 2352 12752 8727
14411 27937 13703 9726 21146 11315 19485 18637 14431 12937 18695 14415 17136 12489 6968 10011 12428 13903 18484 13659 17637 21059 16919 9280 13034 18153
0 26368 14057 14982 28799 13562 15165 22045 4897 12486 18961 11376 14454 15492 6787 12977 27496 14362 6462 23251 19862 25968 21699 10855 11318 7315
9036 28007 18332 14771 23607 14596 31041 7118 12663 17043 21495 15607 20418 12771 0 10014 20056 13345 22953 25361 17228 17517 16395 3802 8145 15069
9777 15991 19568 18321 22207 8780 15784 13782 10033 13807 19818 13679 15925 17888 19102 6836 10728 21563 19571 13277 13302 24999 17168 24822 10783 10338
12839 22762 18497 13514 22484 12074 22131 7501 18807 15276 16561 8800 15071 9926 20216 11962 12105 20628 7919 10763 22524 19654 23781 5627 8341 15565
272 22392 23027 14782 17124 13067 14119 6014 0 12445 13534 11305 20705 7860 16530 16337 17441 9129 12142 15808 23391 23360 12647 7206 12101 14100
8979 28797 15002 11039 16971 0 7265 1667 0 15636 18758 11360 19700 6403 24522 13534 11527 19486 14137 18734 12345 27836 18482 16409 12028 8139
237 15318 12507 13372 10955 10237 25067 10636 87 16857 16302 7349 17834 7836 21382 6406 16527 20945 7960 16515 28802 24617 14639 5968 10817 7207
8050 9422 18697 12962 24072 17865 9927 14566 11088 12885 14704 5673 11988 10343 13506 13163 11199 20183 14949 22768 22272 23399 19453 11930 13514 11435
17045 5470 16030 2407 26106 23330 16057 23362 9928 17269 19142 8099 15336 11929 9356 9814 9930 5481 13377 27783 18731 18105 18389 7574 13784 20207
6204 19256 21883 15020 19483 6542 30642 9454 16089 18253 17499 12968 26759 5988 15354 12777 22450 11726 15101 13504 26683 20024 18286 13354 12272 9039
4857 9020 24973 16032 15141 9288 19157 11994 16642 15519 14928 13459 28519 6524 26389 4162 19814 9485 18970 18494 23906 25556 12776 17145 14451 10641
7300 19904 16348 14038 23902 9289 17433 27096 11806 14443 17318 13476 18636 11123 24993 8137 16746 11183 8641 13746 14432 26886 18185 21909 13321 9454
13694 13873 18698 18559 15732 9262 16804 5919 7346 16800 20123 11163 10770 6423 18703 5237 22827 15374 8956 23076 19605 18002 19242 19016 14239 14433
1979 20327 20504 10569 30627 10247 21445 6867 7085 20133 19907 13828 15072 9788 11255 4765 19244 18886 10118 7897 18504 25142 10867 6290 14468 10520
10594 25555 18326 13786 30258 6727 29736 4496 15990 18307 19450 10398 11901 11017 11780 3878 5670 9563 9915 19044 22023 20588 17123 18503 9831 8708
1232 18382 18335 8889 26188 6388 17728 4230 9526 13940 18312 5779 16258 6685 11715 12030 7305 21407 0 17424 18632 17101 21973 1118 12182 13818
9287 26545 13390 6526 14200 9431 18749 6922 7558 16340 22175 14910 24909 13974 23999 11045 15827 15202 8401 15611 25221 22975 17779 18363 13784 8209
7304 29169 25037 15774 24183 14342 17761 24368 11120 15854 19426 7098 18946 8563 17514 18244 12899 13549 12698 14889 17572 19923 23664 5193 8957 12893
7187 19796 17111 15905 14498 8825 21511 13520 13978 16891 16655 8610 15012 15477 19411 11882 17229 14076 11464 7116 19029 22602 17719 3684 13647 7633
20276 12848 8504 12782 16767 9010 20470 12998 4301 17398 12824 12131 13775 11095 14827 17844 18124 20367 17538 11608 18591 12002 23955 0 9684 18956
17444 8696 21824 10988 22247 2800 19721 18861 10746 16150 15470 12065 25771 10923 21138 13059 24903 19333 17936 17549 23223 13074 16664 3333 13632 0
9336 27669 16964 8710 22130 14045 25391 6388 35171 16904 14481 12794 18137 12300 17473 17008 19893 12601 4606 16543 25279 18773 16969 7435 9322 1338
15186 13359 11922 13076 19680 17496 23232 20834 26269 17795 18467 11135 14659 5634 8509 6143 14941 15090 11315 15653 16829 13271 17183 17087 10050 21625
16496 37424 19436 12537 30446 6812 16176 6016 25353 15804 19025 12594 11191 13389 16326 11406 15095 19857 18126 12332 16778 16561 17622 12608 8133 8081
16977 24444 18395 18367 14183 0 13004 5839 531 17891 18627 11290 6229 6583 16456 11363 22438 12722 15533 28095 16532 28657 22842 0 11145 2189
396 20795 18566 11095 21512 15801 15447 10919 7048 21457 21311 16053 23553 13236 16620 11901 17245 13864 12394 13364 20722 11770 16535 3998 11909 13406
14253 15433 24341 11577 13243 7328 16961 11035 18118 15800 14958 13640 16963 7547 18055 4960 11989 16091 12521 18936 22086 20552 15408 0 11578 13632
16896 33456 3788 11994 25588 12655 25492 2640 16687 12519 21550 11882 15524 15318 21812 16827 19803 15114 12022 22095 26053 18728 20940 14843 13132 14667
17655 13246 17317 13080 19488 12511 16992 1875 16316 18889 23121 13628 7237 8963 20048 19509 5240 24592 14570 24315 15213 13789 20178 16337 11361 20243
9723 22643 13991 5375 13112 5589 6307 2608 13412 14834 15615 7312 14541 10908 13783 13728 19307 21260 24485 24696 24869 27027 17624 22309 17194 10120
20827 23687 24179 9857 28724 23368 18329 16354 18235 14210 19788 15845 23531 12077 21783 12197 15192 11552 10966 19961 21351 18723 19678 0 12968 15066
7090 10061 22027 9072 17406 16268 18972 14472 8410 14113 17323 8078 30842 6913 25400 2425 20567 15059 12487 19225 17575 23009 12692 10475 14539 6909
14579 18610 17580 11383 26288 10203 22712 3541 12229 13337 20386 15107 18267 14748 9319 13795 16594 18823 11807 14136 22286 18326 16380 28435 9567 14552
15431 12039 20598 14856 12436 15806 24049 12289 0 14972 18186 15305 11987 12896 18229 8987 9973 16680 16745 17712 14134 31785 13532 17825 7602 12333
5969 18863 13034 15448 18804 11061 24459 3741 12277 17189 22264 11315 19411 14362 13046 16809 9574 12127 5035 11946 26273 30728 12844 31786 8764 10277
0 1538 16606 5478 18717 15125 10370 14313 23191 17533 23034 9853 31116 9661 5075 18041 15197 13998 10739 11423 16580 18430 15055 20403 10086 12204
16693 21288 13167 8926 28853 19184 30203 18296 10717 15614 18684 10441 26077 12313 14536 9636 27907 22947 22551 15815 19019 29175 18475 27419 13162 12169
11805 19843 17683 13481 15934 8746 28152 1846 23449 16148 15317 11308 25973 15793 3800 3099 17304 15004 7237 17372 26398 26952 18338 9030 8969 7799
9382 10511 18299 9325 16057 8906 22664 16248 7694 13194 9880 5051 27646 8274 21359 12789 11384 16957 12339 17585 16928 18781 19192 12430 9594 5197
12671 20805 26709 13349 29243 12693 25104 10249 20258 15005 17875 6511 20626 5193 18690 18561 16195 18618 17915 18268 15688 19332 18229 6250 12994 15108
20971 17542 16998 14283 21425 10136 11051 25124 13376 15085 14037 8779 34630 9609 24072 12752 15898 20410 12934 16237 15194 25791 14745 19553 11848 20720
11644 16045 16692 12843 39574 11281 4423 15085 15446 12024 10461 4005 24384 6785 8634 16169 11862 12346 15048 12563 19958 13616 17473 2116 13793 7116
10599 21079 18417 13512 21408 13228 21933 20158 10272 14332 14365 7423 30399 8575 15644 15086 17913 17795 10687 15257 25683 24701 18410 2887 8303 8935
16896 23732 22643 10846 21673 12825 16224 877 13351 16834 19866 2396 36638 7168 11312 10719 15463 17417 19359 20125 27856 11756 21447 18483 12445 3307
1452 30267 12907 13333 21667 13586 13328 11370 16048 10101 16902 2859 14911 11460 16119 9784 26962 11692 14340 14272 23960 14583 17341 10145 10268 6605
9965 20121 27540 12424 18109 12486 19608 11831 21503 13078 14340 9852 20420 17778 20856 9197 20644 17236 11237 19546 20726 21200 12829 13062 14963 11423
16204 17145 11447 14582 23342 12725 23119 11263 21835 20844 22474 7723 22497 5616 24377 12015 6928 15667 7612 4103 27550 23220 20557 0 10787 11530
10157 23709 17789 14868 24084 16051 8451 0 0 12381 18097 5074 20085 11194 19476 13632 18285 17165 7305 24796 22676 24036 19504 13003 11117 6422
6251 22645 13181 11860 20931 18869 25719 22993 18805 13569 18897 10563 20414 8876 13716 6371 16494 20822 7048 16541 16157 14469 19018 11445 13506 15768
5627 14181 11747 10806 14130 8916 30279 18694 13365 15753 26217 5018 18846 7729 12399 12361 14930 15301 19165 16290 8984 23129 18578 14691 8743 12538
19131 16557 14959 13941 22550 6949 11007 8132 13167 12376 19713 5786 10397 15253 8065 19116 16280 22468 8757 10365 17694 21384 17037 14619 13550 17855
13267 22001 16042 18900 11554 14606 24413 4636 12680 17637 12744 15932 25745 10524 16657 6521 17351 13771 15083 15523 19070 20283 23428 14746 12529 5319
12091 11626 13724 9083 16839 12741 11727 10735 17404 13524 24407 5286 9357 9585 8380 4867 21369 21210 14679 13101 17834 17205 16039 8306 7693 9845
16530 16944 16604 14785 14098 8017 17347 9313 2463 13574 18709 12474 20135 13164 17967 9860 13289 14335 16719 21239 20979 22695 21375 8236 8469 15197
1537 26426 10113 14033 20768 6725 26821 22266 6866 18497 21151 5260 12224 11936 22358 10498 13407 16137 11575 19406 9581 25605 16304 13049 10728 10110
9120 19283 13360 11646 18218 10198 26293 6734 23701 11574 18787 11375 21235 13005 13529 11082 17600 12909 13111 9342 24563 20218 14167 15488 8635 6038
12479 22359 22518 11343 19991 16043 13862 13365 0 13105 21115 11072 22710 3285 16735 2879 16545 15264 19482 12699 13642 6341 15882 14158 11638 8398
10695 23603 11419 15302 15514 15802 29066 26043 9285 14959 11556 9590 17037 3917 23848 5457 19554 16729 19997 20748 19542 17746 12905 3794 11233 11369
7816 29843 15691 10041 18574 16677 11529 10752 1290 21511 14041 8145 17616 9388 15004 13653 19058 11620 11889 16159 28295 19799 15644 7393 12662 4800
12677 26794 22907 13292 19024 775 13371 10906 21796 12787 21826 8524 25507 13778 23336 4825 7670 21969 6783 21839 17729 16645 14572 7574 15345 10728
17313 27757 14645 14459 15083 21176 18063 13586 20464 11081 19903 6501 19213 11626 15279 5703 9933 15290 13276 14940 18569 20705 15242 10368 11429 10731
13347 13724 26938 8099 26122 11534 29075 10867 4831 18858 19375 9252 13900 7891 19597 7564 10850 10263 18530 7846 17567 20008 18769 6537 9867 11327
11094 0 12076 10647 29401 9564 21854 7783 18467 15631 17080 10645 21272 16353 2864 9113 8529 11180 13786 20423 13496 24703 16752 9801 12134 11697
11832 27061 13914 9116 13205 13251 16967 19834 15788 17706 20261 0 13353 12006 23370 14931 12861 12352 9808 11014 17590 13436 19995 25973 12379 9507
13074 28208 23621 12150 13650 11967 25968 17467 18872 14461 21421 6795 16507 6760 24305 10877 3871 14175 18140 25346 21866 22186 16527 10852 9207 12480
11813 42921 22155 18433 13862 12246 37264 18456 20945 11970 12486 7736 21907 11352 24155 9698 17730 14912 24001 8615 21250 20574 20846 2532 9845 15826
2525 17909 21987 17698 20715 3097 20333 12310 12542 14075 28820 10980 20510 13089 4304 12729 19911 10134 6633 12032 23666 14114 14705 10740 12150 14462
14529 26382 16803 15248 14071 9188 20490 12768 14376 16527 13674 12825 24285 7796 27232 7491 16465 25116 5159 16258 26907 14553 20446 4996 10686 3220
16802 13271 18732 10340 13697 14913 13135 18008 15397 17083 21091 13357 24900 11493 12635 13038 18813 15365 12941 15813 18099 19608 19254 0 10605 14374
6676 31299 14205 11357 24658 8395 34628 5519 0 15406 19305 16871 16411 12727 15526 14700 13275 9515 14483 17048 21631 17432 20836 860 10756 4391
13496 31018 16215 5137 22753 18201 27642 13285 30749 14336 14250 8114 18094 16164 8239 15913 6648 22526 18062 21925 21496 22016 16094 8819 14660 11573
14713 13312 23674 14385 14245 2041 26455 11939 6609 17077 20102 5554 23991 12109 12051 9770 16964 9296 14355 12943 15507 11411 17420 13023 13101 19026
8817 19755 10688 13464 19563 16173 31929 8264 17371 12794 21907 12498 13795 7646 12151 9492 18049 11236 4049 17662 8796 12944 14837 18131 10894 7554
11042 16055 21275 16306 27482 18716 25416 12866 10753 16330 19563 15399 22984 4721 27259 13671 16539 15135 6969 14671 19983 21522 15567 3286 14335 5929
21951 5850 19578 12570 11617 6035 12484 31 25946 12419 16410 7906 23864 5021 17801 16428 12808 17838 10338 20687 21691 14133 17617 10578 11895 14830
20219 16048 25248 16050 17368 11000 16051 10031 13669 14857 23297 9651 42688 13896 19128 16379 20245 11125 2004 18047 20911 27855 20866 16504 12189 13543
6668 23478 8640 15096 20777 15828 9414 6761 5871 16721 16622 3638 8692 16807 14469 5881 11895 15493 5369 14198 18164 14856 15528 15219 15548 9454
12812 17988 14346 6514 10808 8560 24559 13358 22319 15566 14560 9482 25853 9239 23033 8112 27414 14395 4904 14061 19056 22329 17889 19096 10939 12695
7997 32330 8050 16148 24135 2109 17998 15989 15299 14713 16301 14618 19012 12176 23455 9077 18083 8311 10911 16362 18426 11998 17432 3425 13607 12094
11407 17641 18701 11990 18238 12197 0 11496 10367 13560 20590 8437 21068 9599 16032 14251 15207 12134 20248 14969 24602 9690 16399 6868 14781 0
10813 13373 16518 10887 24915 17119 27659 8578 13254 13798 22875 3097 20589 10345 15258 12728 23775 15094 8043 15868 16301 16600 14469 15028 9987 6020
7584 22001 22243 8047 24239 9965 6110 18674 18643 17825 13804 15405 12732 12219 19895 7558 23460 15081 22852 15092 17271 17929 19119 29593 10846 1467
12087 27225 10991 11871 18071 12644 7670 13587 8959 14940 15426 11374 20145 9661 11025 11333 19646 17274 7764 12963 19306 17877 19046 13273 5513 3482
8355 25890 20282 8297 15638 10811 22497 20875 17620 16607 18732 8840 16537 4875 22651 12305 14964 11287 13456 6136 16091 6109 19938 0 13981 14693
6499 18206 13430 13001 18878 16014 18074 14491 25773 15564 16813 8224 19674 13591 16935 18878 24775 18906 3814 8032 21250 17773 15800 6809 10799 6994
9575 19846 16083 12560 14589 13004 24630 2415 9569 13242 7678 10472 20604 6338 12897 11948 21049 21067 12629 12762 12878 16728 22774 15708 9760 11105
13176 27155 22474 15603 21205 13189 12157 6699 6912 16727 17836 16297 18952 7156 20237 9166 13150 10676 13162 15475 26813 18693 16634 7879 11121 7796
11115 23248 12750 13233 27744 15665 6302 0 12573 14346 24236 8837 19781 5051 16962 15203 8395 13231 14429 24113 22516 18963 18988 16090 15092 7738
0 18842 25887 17713 26466 15117 5567 4853 18384 15247 17629 13668 22136 12927 13651 8141 14013 26811 17738 21259 20640 24591 18349 17953 12618 8761
15718 12492 6922 12096 16935 9714 7481 5771 5972 12100 16988 8699 19198 15782 18660 9253 22224 19737 20460 11467 15083 11515 16185 22656 10857 13622
7480 17842 14616 13516 12108 12258 16307 16113 5500 14926 21220 8836 16618 4673 21330 15389 18298 19239 18750 21054 18716 13804 22706 26381 11610 19803
7779 20380 22586 10108 11791 19767 12994 17549 22700 15870 17808 13151 26057 7330 13489 8243 26490 8030 8834 10272 14660 21225 14572 2008 11271 9683
10610 21738 15867 14963 15368 248 26138 14683 19771 14807 20451 10314 20906 9029 35665 12204 13427 10226 19146 16858 15301 10459 16355 21977 13086 3081
11183 12867 17369 9298 18763 15644 28568 10915 8015 21154 24500 4393 24068 9452 18609 5061 22893 24934 16313 19137 25163 17495 16273 19749 12137 9580
12657 15965 12981 15613 26532 6943 22228 7594 10347 14410 24269 14093 20740 8748 13386 11099 16951 11571 9381 11732 23642 19458 20044 12957 11228 4857
14495 13862 20771 9447 27314 13841 21324 4802 11853 13279 23685 9818 13389 9778 13007 9628 17279 8373 22802 13472 21542 20083 18279 11647 11796 7410
11032 35655 9144 12809 16506 17804 9859 20062 4478 17384 17871 16076 17221 12784 12993 15926 12528 14563 7526 18019 20650 21734 19027 10024 11526 9780
15470 20307 19957 5968 14945 6117 17737 15520 21016 17949 18709 13337 13725 19141 8711 12666 11245 9848 14539 18790 25774 22320 19826 11301 11446 16676
15335 26957 13607 12138 19372 7270 28541 21402 0 18055 24679 8960 27421 7125 5562 11216 17824 22345 20162 19637 25015 24022 14089 4017 10201 11999
8967 24602 15474 14853 23979 12820 18356 11834 4183 14313 16739 9420 19238 4887 14101 12226 14650 17381 17434 8376 20891 18160 16022 8588 15026 5435
11136 2526 27142 9261 20403 16662 13841 16707 2352 15530 14779 6457 25343 11439 18143 10362 13502 14584 21656 14035 22075 18905 17139 20077 11979 12258
21920 20284 16959 8804 24386 12632 10379 24992 2248 14849 21006 12407 12826 8234 28802 12653 13441 20801 15326 17704 20708 23750 17992 26434 12381 5258
3561 24370 20178 6265 16922 6798 15023 14531 8686 11115 24068 7586 24787 12931 12810 16459 19368 18242 14311 13843 20248 17505 20158 22431 10335 5716
1378 14680 20681 15045 24247 13591 15111 14904 11704 12392 16594 12119 22726 4865 22524 19601 21156 21552 19589 13003 19370 25144 17780 14745 9751 14585
5406 27964 13226 11775 22114 23231 24247 4108 14255 12927 15656 6445 21760 4934 13744 13621 15960 19604 11716 18589 18357 19275 19688 15475 13020 13840
12176 25046 14589 15337 19748 13673 11774 8305 29963 15291 18510 7828 12092 15362 9515 10618 11016 12932 7172 18395 13840 32916 18974 23456 11839 5663
6233 14211 17555 16474 28303 12163 12674 10352 27342 16902 15875 13388 14942 18689 16649 12582 21222 17184 22067 20171 16003 27288 19496 12110 11808 5908
13158 17817 25264 11045 23334 12185 7469 13688 20598 16219 25764 18392 17085 4300 25583 13678 19300 15801 9012 17784 19796 25139 18843 11513 10965 16927
13165 25040 17155 14577 22876 15329 15218 14623 11562 17812 18957 7499 26160 14105 26372 11063 17904 14452 8323 14443 21883 24132 14217 24013 10591 8982
5897 11923 16863 15753 14235 8009 35854 12286 24614 15530 17093 13326 18373 11634 18305 13629 21090 16581 8491 21266 26068 17380 23236 7640 10542 14117
9178 14943 21454 9346 15029 4621 14221 9541 22219 15604 18352 9915 6288 15864 18259 3383 6665 18083 14753 11311 13580 13632 18260 17659 13614 10016
12400 13039 18946 11393 20383 15439 17484 12754 14743 21828 15717 6511 17670 11772 16718 14369 15678 19553 14659 4893 25538 26266 18902 0 11451 10970
9471 19439 23294 11503 14759 3542 10887 4529 16881 13270 14301 7248 15935 8792 22511 8603 17814 15436 9814 9543 17977 9750 20894 8026 12866 19694
18733 19370 23743 21026 17674 9443 23638 12663 2590 11975 19113 3865 5912 8282 24605 16572 14645 18544 9183 9924 21223 20080 17787 6117 10149 5782
12584 12723 13336 5490 20349 9897 14736 15605 3874 12902 18954 8963 18032 5292 23799 8384 22543 10808 8096 16883 22919 17938 13482 17978 11303 6864
18767 21871 11564 13190 19171 8280 4745 1036 11901 14833 18267 11315 20131 10944 26438 12311 14716 16734 20620 22528 17435 21001 19869 6508 12756 14270
4782 28873 8249 10275 24365 6586 25573 20776 9909 11032 18446 7740 28199 10898 13436 8347 14764 15343 14790 9208 18582 12255 19586 21560 7605 8924
10020 21272 19968 15770 13628 3311 6361 21851 15368 16748 17837 12441 13206 6459 9103 6097 19839 17941 12671 14476 25107 19636 17613 9198 8215 1152
9346 6750 16009 14873 25902 6758 32675 14673 30324 14656 18273 10164 25224 11128 15696 13612 16018 13810 11011 18436 16114 26558 13588 4159 11659 4677
14332 22104 21192 7840 34027 9880 7690 23280 20951 12802 17244 10018 33316 7630 11600 13360 7437 20240 0 9759 19818 29546 10310 9814 6438 17557
15845 15176 18905 11753 21772 19162 17737 13039 9566 9320 16586 11071 15849 15744 13023 5955 13380 20341 12686 16740 16896 21994 17728 13023 10811 9014
19376 19871 19273 9809 13025 8579 12276 2276 7504 13978 17485 15018 16608 14564 11948 8738 14146 11197 10027 13490 12995 20935 15496 2398 13582 16459
10244 18650 21870 11936 27760 21146 30241 8451 0 19444 18737 16618 28537 11651 15492 4379 16851 14457 15584 22271 21275 14019 16482 20145 12509 13237
19564 14032 28928 9579 18482 7664 9980 9851 0 16905 23415 8497 13121 8425 5078 17747 12278 15787 13774 11453 20588 17461 21442 2039 5296 9542
5392 20475 10887 10983 26070 0 24858 7028 19428 11895 19938 9584 11762 9670 13657 12309 20911 13062 4844 15923 19664 13560 16722 15893 9374 10827
8870 11729 14769 17745 21184 12951 24214 14109 136 17505 18093 7833 16699 8047 16528 7578 13260 20686 4891 16336 23715 18492 20894 5196 13268 14202
13995 22126 17163 17021 18777 10270 28558 6197 12711 14261 18187 9610 20253 11057 15792 15876 17924 16967 24012 12943 23330 21604 14125 0 10725 13357
5190 27562 21933 10947 17623 7759 20421 12127 6409 12064 19089 3656 25628 8825 18768 11429 15980 14923 15339 18799 15528 22206 18136 12238 13654 9594
10173 17877 18794 15886 26606 2368 0 3341 13029 15201 26414 9270 14537 7110 6450 17120 10944 8865 12240 13531 22679 19319 16286 22829 9793 20691
7625 16217 11903 10161 21049 8741 11177 10180 16598 13009 22741 11660 21175 10721 13016 14129 6138 13879 15033 2076 20184 14767 15883 14353 9559 11413
20622 21476 13270 13618 22607 24011 24886 2394 4314 16877 14828 12051 29161 12704 20505 4185 17216 18130 7202 13217 23230 13947 16770 18775 10789 10391
3378 22457 15535 6531 13083 12082 3920 4924 17338 19156 22843 4375 22197 9699 23738 7251 17040 21317 19162 16546 22193 24582 19173 30602 13640 5637
225 46131 20960 9104 12648 13677 6876 9054 17081 11839 22715 16313 33940 15978 12825 13157 25226 9660 9602 11787 19417 10898 16973 23601 12910 10038
6133 32254 27231 13707 18975 9304 10772 8444 17076 13109 15950 7996 23130 8386 16480 10823 20050 12281 10578 9032 20122 21125 14743 14765 9306 12626
1709 20697 20875 12908 27165 17339 20481 15308 16542 11426 26134 11468 23425 14934 14845 9014 13495 8695 15500 15676 17974 18787 17473 5944 14164 10821
11682 6792 15188 13729 23435 20272 5114 15314 17239 20985 18290 8861 11280 11229 14640 12986 16829 15599 15838 8643 18201 19049 17852 13841 10558 3562
7635 26292 11114 18546 15611 18438 15946 8254 14965 12707 19052 9635 26997 11921 15898 4715 26393 16909 14669 10929 19647 14915 16907 1187 10193 15564
10229 22475 15899 12109 15780 3583 20190 22608 15859 15145 22163 7969 28565 16355 13546 11464 13521 17506 13532 22090 18153 15251 21273 17764 8818 11507
19382 29143 22917 7856 18785 3546 15720 5129 15569 11179 22922 8086 23336 6491 15320 7466 22443 20367 9769 15108 24127 27915 18430 22146 9777 6700
15666 16640 12157 13804 20179 12297 18860 14685 7395 16475 16004 12445 19041 7758 21908 12375 11693 17757 5793 6083 19591 23633 15660 5810 10061 12404
17487 12738 16770 11339 25369 8760 20737 26786 32010 17506 20698 9401 23449 12143 25182 11635 21856 20049 12196 23557 16762 22976 14497 18969 12317 7506
14311 29645 15130 12530 10102 11434 29774 12079 21869 11996 15125 3385 26887 14348 6686 11514 18457 20890 6409 22626 20344 20884 20227 8559 12657 15345
14613 9202 15886 7792 13615 6300 14998 1403 12391 11165 21678 17156 25311 8745 10416 11790 16851 18665 4825 15089 19788 16972 17155 16871 8100 13573
11154 9294 15688 11449 13617 17958 17905 12549 11602 12953 18746 13920 18226 8298 10707 18753 1083 14347 19081 9070 14851 27103 17231 15542 18453 8680
3287 21144 18614 9495 17797 4308 16924 8913 12230 14178 21238 6360 20080 6226 11457 13368 4323 17664 9142 19116 17691 32593 19467 8486 14316 10540
5684 16044 19908 5120 24969 12697 21341 9770 2375 15874 15508 4796 19396 12679 17978 10186 16752 20121 19293 21501 24678 15227 17839 1385 13267 10772
10012 13569 21762 12271 20482 10456 19823 12835 3119 10062 12576 9863 18806 11830 22413 8468 20089 15391 7617 25615 22002 13290 19140 7988 12030 9243
23335 14314 15005 14618 12045 9710 13804 7604 13406 14789 9549 13018 11476 8417 22772 19886 14314 11014 9461 17191 20897 11044 19388 5482 10426 12408
15745 19825 22079 20325 10831 10343 18564 16365 16828 18217 14782 14404 19832 10088 10424 8123 20586 17431 12282 12615 16806 12781 23313 0 10032 15192
13116 20462 13663 13656 17997 9419 16348 16194 21152 11198 24179 18541 14093 4796 12981 11163 19839 14512 17048 15050 21321 12710 14165 18623 12562 15029
9421 32240 15368 11276 21068 12829 30026 6654 22511 14628 24403 5355 24258 12854 7488 11423 11348 17003 20893 20706 17729 23717 17021 13316 15545 20037
10540 27264 8633 12914 14865 4113 9214 8217 11120 13715 17089 0 23961 14662 10284 6563 15360 22679 17769 17965 17881 14680 22869 15840 8855 6372
3810 31047 12643 18789 23861 12264 21904 11307 6799 17386 23213 6808 28090 7760 12723 10121 11949 15127 13364 12054 26362 17735 15092 3785 6920 15154
13784 29190 19058 11015 26908 11956 21133 5607 10679 16830 14325 13115 18769 9859 22621 15404 14547 15323 15089 14156 17609 7672 12835 9721 15241 5619
3892 30340 15719 11804 16906 13522 6493 16172 18543 17408 19204 5718 25182 11476 16046 6768 11044 16749 10439 11291 17753 16483 18468 24757 7981 13609
2493 15471 18136 11955 19240 5157 12265 22386 28179 12213 17995 9381 19840 8743 15895 9835 11547 20886 19471 13447 19015 23787 22806 19210 12345 6889
6260 21587 21426 8036 21271 21323 29345 459 23497 14646 17432 6100 22943 8561 14261 16490 7001 12868 20608 12959 19171 16543 15344 9350 12435 9647
11171 19421 18317 13027 27668 13754 15406 5714 1769 14640 21298 8756 17626 11162 16425 13332 7716 12137 24839 19372 15727 3963 16813 1185 12297 16690
7611 17686 19851 9327 21796 17797 16198 15631 23474 17836 23552 11915 28899 14113 14765 5717 15007 14742 17664 25959 23659 13204 19129 17558 9335 15287
6301 14774 20505 12494 14876 4628 6741 3297 25790 19360 18440 4634 33876 10340 9289 18534 18394 16289 16300 10224 13460 18128 19204 13547 8798 10980
8613 9008 26024 16512 26786 20007 20935 12505 13999 20829 17705 5415 27313 13893 15142 3154 13993 19961 14076 10083 16807 19545 17274 15076 8622 17920
20541 15195 14612 15845 18720 21398 18064 9863 25908 18091 20692 14171 21192 11995 15432 9735 26154 13996 7747 15854 25241 24659 18500 22582 14889 7917
17029 20641 16265 16480 27760 10037 14985 19219 10766 13120 20915 9336 10604 17353 13489 7976 18497 15405 6728 5651 23966 18627 14639 9625 12008 16806
1715 15663 17684 9400 27484 7521 14517 19673 9264 13182 24213 11240 22666 5562 22259 6699 20115 14080 21875 13983 16262 28279 16242 15578 11320 17120
6156 15466 15788 8035 18478 12238 26967 7870 14503 16035 19197 2250 17254 14296 30076 7855 21243 15925 16719 13790 27662 22680 19638 10576 13515 8059
9017 10728 20619 17555 14765 6853 22196 12180 7095 16022 21803 9342 22168 7375 9117 15824 25238 17117 10594 23962 19757 19910 14972 6180 12098 12992
11669 21894 17397 18064 18684 18153 21037 18526 19475 13524 19913 4670 29295 9465 13838 13560 14162 15045 18166 12832 25677 25495 14506 9651 13287 10184
12028 19611 9882 9278 15817 8219 16616 14040 10754 13078 18488 16173 17799 6447 5207 11729 10290 14691 12964 7628 24117 12125 16347 5716 9873 11513
10839 10790 12061 7870 19562 1008 23311 3420 3828 12649 21916 7451 21042 12818 9397 15437 25737 15616 7597 10926 22798 20960 21455 13662 13025 15606
11562 19742 22784 11791 22585 16991 10101 18635 12874 15230 12593 7163 27469 6604 24398 8483 18775 17239 12335 16453 18068 15769 21105 12201 11226 10338
12813 5627 15829 10879 14592 18972 17167 18028 24575 14606 22829 4556 20630 16262 11561 13274 12169 24834 15026 28597 16639 7224 19324 17254 13486 12741
0 17655 23592 11436 12133 12113 13550 9639 26872 14193 20854 8951 15949 10489 14689 12864 9932 16264 8921 13188 23151 16212 15372 0 7785 17716
18578 12486 18965 11237 24459 5873 20004 9765 9135 12047 19378 8257 24260 18955 20310 11272 12730 13882 12813 12023 21967 16734 16996 16157 6257 9338
14055 30191 26778 6483 9531 11169 25202 5745 29721 16935 21649 15227 4837 15346 12363 17245 4377 18889 7107 16686 21936 30990 18807 19624 12899 6922
11211 21114 21008 16025 25614 12592 21568 13323 11999 17164 23718 17128 22012 13397 11228 10107 16306 10961 18913 13527 21041 18300 15964 4671 5339 13695
7415 17757 13881 10629 18472 7273 7474 13369 20306 14424 12988 8110 25346 1456 13215 8585 21511 13959 17539 21657 19737 19204 19550 9558 12242 12221
15890 25359 11266 18461 22402 14447 26014 7915 8674 20178 10804 6926 20947 13164 4774 11476 15973 17044 6412 16100 22396 26080 18394 4435 13871 13918
5973 20162 11210 16602 24782 11055 12953 5279 9144 15356 16371 14023 18244 11104 24372 8247 22414 16474 9307 23039 17098 19051 19975 18449 12720 12915
14433 23673 8963 14258 13432 3547 12484 14890 22730 15942 19669 10615 12442 10742 14137 9130 6665 22396 14775 12945 22194 22007 16071 11560 11712 15222
7103 24984 19079 14874 18379 17670 30259 13930 24784 12139 20005 6966 37942 8895 21850 13062 15847 19887 17177 15337 17515 28076 16855 12656 11513 11187
10616 5642 19466 17208 20198 6526 17229 10615 6965 14469 20497 5525 23014 12003 19120 14350 16060 9960 15190 12939 13518 23735 17204 17206 12766 5583
5251 22943 10169 12265 19487 11330 12542 3341 4260 12525 16861 11555 20760 13594 13025 11790 7607 11093 16743 9458 11878 17824 18884 18365 10301 11010
26290 21162 19719 16682 23503 12196 19543 3298 8090 14122 19275 11802 17286 9896 17912 11832 18511 18219 4662 14325 20644 23398 11889 13240 11642 15796
16530 22337 17803 12953 16376 6970 19221 4680 0 16482 24558 12342 20460 9896 18202 6614 22431 11384 14649 18488 7435 17496 19923 21810 10490 17659
8233 11599 18299 15674 14964 13616 28384 11667 7770 15648 15095 5723 20765 11093 18926 8060 9329 14913 11875 21336 12826 19159 18495 9066 6863 6446
14391 15172 11635 15973 25637 12326 25305 7416 12653 16260 16717 4204 18917 7264 22113 7878 14501 13100 14215 14924 19282 18202 19906 8551 13810 10072
0 3475 28555 14559 18898 8384 27069 7651 16254 15113 13599 17312 7392 10202 18575 14292 15175 14078 9648 11658 11224 16754 21944 7629 11693 12765
1163 15493 16955 11942 30423 16329 17665 17372 1486 17833 13337 0 17794 11422 12747 7941 11586 10717 12108 23167 21543 21185 20283 12302 12170 15320
392 29253 15661 15627 20140 10537 16050 15434 10469 11165 27774 2303 19522 8774 21187 14241 10177 20700 9475 18367 13576 23851 14090 19913 9274 14999
10915 20027 15807 11122 15010 14585 18573 18526 17244 14143 12588 7871 32317 5732 9888 13362 20329 20558 16662 21360 15370 27090 13777 12915 11879 9649
16021 21368 14156 11555 24726 12151 7202 12381 16892 16031 23714 6227 18692 10019 25474 12483 9331 20338 14147 23240 15135 17875 18686 23908 11471 10823
13676 21135 14424 16675 25354 5183 33207 28530 2883 11675 11252 6117 32930 8930 8917 10009 16877 10801 13201 18935 20530 21746 16943 6370 16584 11127
11495 21203 20014 14391 29331 9666 24239 6955 16569 11326 22584 9699 32580 2657 19692 10556 12625 17182 15710 15765 26364 22757 20439 4780 12512 8250
22484 28638 13733 18527 15537 17422 14548 17351 29243 19231 15200 14176 11634 11068 15246 7035 15932 8098 7526 15574 19805 18863 22059 9227 9826 10231
2793 20968 19357 16242 19359 729 16566 6343 20086 9611 18839 15849 19916 7727 5238 13337 11263 14656 15441 14893 24765 12223 14352 8437 10831 13582
12617 23742 18291 15649 22477 11515 15430 7190 17586 12409 16744 17738 2183 10440 17646 9946 11481 18456 25037 10476 15898 22813 13942 7365 13892 9507
12890 14662 18878 9082 12481 9663 24487 15504 23082 10937 19328 5998 28299 10133 14918 14925 14072 17092 10021 19483 12998 26404 16710 20594 12883 21010
1613 17546 16717 18146 18823 17565 14519 19580 18786 18876 15058 12367 11686 13390 10645 13299 12479 15316 14320 16466 21502 15701 13523 10045 12893 8853
12342 12900 16592 19531 21016 15101 17991 10756 9396 18281 20637 6475 16017 11386 10538 13263 21751 8416 14143 12662 17338 24024 17500 11306 14088 9791
7169 26398 20095 9351 16357 11719 23795 2421 18544 16658 26894 8366 24241 8276 20343 9495 14269 20382 12221 10231 18561 13192 18607 20439 10655 9624
8857 26280 15023 9866 17929 7853 22217 8318 11887 15039 21001 7401 19924 11884 20940 12899 19811 11609 13952 17733 21331 18605 18011 14796 15204 16341
13646 31594 23661 12259 23655 7954 26974 9353 889 14283 18293 12424 18370 11482 20475 6955 10199 13487 12814 23148 17526 20843 16717 2857 12469 9707
8650 12705 16819 10308 25668 16797 21184 10775 28931 11903 14460 9797 24021 15265 17596 13517 13041 12911 4163 9697 14829 12492 12420 28153 9537 10990
7316 21775 22850 15121 15853 18937 22617 14029 22293 14416 22121 9532 19137 9130 11166 9979 17111 15616 11674 11854 19113 27018 20241 4629 13909 8439
12379 28901 21067 7817 18016 8111 14187 17487 16762 20428 13189 3732 15984 16121 27892 5994 15317 7804 18708 19857 15975 13576 14935 30150 9709 10560
14345 6633 12128 15986 9060 10629 20849 0 29625 9514 23697 10643 9123 7736 24760 15276 11383 16225 13271 21455 17580 20731 22152 6394 12004 8943
17035 24928 14910 13708 15938 15035 20637 12362 2812 13619 21872 5068 23801 14265 23028 5526 13374 16297 14505 19493 18393 25252 20649 0 8012 7510
10009 22405 20659 19423 25323 9502 14797 16725 27801 13924 18744 5765 26532 4014 18376 5095 18134 17670 17701 15228 20567 15713 20788 20431 15616 10188
5343 15398 16219 15261 15107 20221 28073 15297 15347 18141 20557 11563 17604 13614 17606 13592 3442 12135 23751 23044 21548 18059 14541 9595 13339 3865
16466 16429 20454 13534 16081 8787 24525 8154 17483 17688 23678 10588 21007 10505 16018 13831 14406 21217 13615 21491 15795 19146 13098 8086 9722 0
27480 24687 19895 16205 14812 8540 22070 9764 14252 14607 19386 11930 23265 16651 3603 7880 13406 21939 16295 21667 27090 18117 16269 16905 13088 17006
7555 21545 20860 15491 25034 8186 22669 19716 4699 10940 19989 6713 24936 8325 21529 12405 3986 12044 11512 14084 17119 13992 19681 15779 12091 8684
11937 6898 21937 11866 19306 514 27642 5289 12200 14346 10667 14668 29001 9216 15141 7978 14840 20404 13166 18824 18003 21660 18247 22381 12380 14235
3388 27725 13902 13356 12546 9488 14049 12806 20395 13853 14577 3734 15467 14459 19937 1398 21146 20465 4750 15826 14760 15540 18329 25573 9516 6856
7681 7624 12485 7491 19579 16663 8150 17993 11055 15827 13731 4544 29998 9715 20017 7281 15189 16665 17123 12310 18890 16343 15092 1179 11838 11158
17901 24987 15537 15308 24050 17562 20483 17218 23507 14430 13772 12198 22643 4708 14658 19965 14074 10814 17987 11263 9563 21500 19913 9653 13704 1938
9792 19864 8538 10979 27318 6888 23609 17935 18189 10829 12939 13810 24638 10978 18960 9929 15514 5249 13047 19662 21482 23536 17364 19302 12818 11415
12264 17741 17493 14088 27467 15202 10885 15028 11809 14680 19735 11795 19106 13573 15466 5913 15809 9599 16056 15071 12943 13128 21071 0 10632 12997
1488 12501 18803 11815 27013 6846 19449 13993 21607 18285 28434 7032 23348 12192 5563 9191 14068 13373 14025 6691 19193 20368 21039 19063 11943 5470
5832 1899 16361 10884 13343 7540 16641 0 8007 15039 23472 10241 20104 11062 16445 14092 17573 13742 10513 13424 21392 17531 15274 12001 8996 4353
9324 18281 22815 17964 15863 8910 23954 14970 4768 17567 19727 12780 18901 5570 22998 15958 12033 9209 18007 12083 26198 28758 18260 1489 10276 19434
15079 20014 9098 15872 22414 16500 7890 15881 17597 18706 16340 6002 22963 653 12008 15190 17786 12961 20175 13327 23828 23602 20198 8764 11522 19971
13168 11953 16379 16314 27500 9749 10238 6822 15131 12450 25210 5314 19649 2157 18833 9300 8019 21262 13417 14845 19769 11458 18206 15107 13185 9970
13925 27919 19162 9652 13217 17720 27242 8813 22979 5613 15487 9104 9556 9659 22968 14210 16571 20023 14998 18769 21057 21029 13222 16649 17763 13082
10789 32640 12286 16308 5528 17896 0 6671 12002 18743 14753 3337 12887 8723 19750 17224 12447 18393 7557 12399 20429 3960 18642 7623 10199 12451
2844 5997 10318 6040 24770 15166 7184 10327 21759 12874 11661 13418 15225 4514 17652 18174 4193 19202 6482 19224 16028 16775 18370 18277 10498 12692
10864 20553 19234 11536 17973 5743 7608 19576 14080 14463 11474 10398 19887 8809 28596 7687 22883 8166 18877 9279 21859 17742 12879 0 7806 4184
7404 23995 14086 7945 24358 11246 14965 8877 18455 10544 19806 13980 20890 8965 13821 16597 9480 22814 22906 12963 14589 18585 15130 18727 13138 16468
6217 26583 9077 16365 26338 4306 21612 16461 20960 14289 15301 18518 15447 6723 29406 6652 9127 15477 18227 6853 15002 20836 17180 16939 13148 4542
10639 27480 13468 11157 28534 12112 19168 13660 1786 11247 18532 8875 17406 9889 25445 8112 19322 13810 26257 14937 19869 16699 14234 15367 12586 10935
10453 24616 20407 20528 20791 11607 26987 19956 17367 15807 18479 3977 14075 3999 14603 13631 16406 15862 14049 20076 21373 23427 19031 13645 10504 10187
2870 15868 20957 12540 28319 17682 15486 16618 12569 17388 12642 14171 19287 12694 10954 11501 11719 14982 14549 22414 17341 22229 19989 12449 10312 5034
4940 27959 11814 11177 16593 4626 17179 11730 13052 13402 17802 10463 19058 8911 14391 12666 17498 16278 22032 15601 16606 24497 20634 6770 10845 14059
15729 21070 17782 16779 8404 10465 22333 7297 7110 11787 23121 15503 31886 13549 27688 12999 16971 5427 5974 23486 14588 21165 14254 1909 9649 12236
8396 11471 24774 8327 22557 16924 17235 9032 7007 17033 23739 7836 15050 12499 2737 13467 15250 24171 2917 18576 18746 27270 18391 19508 10347 13420
8654 12627 15062 13163 10760 4744 29701 17369 37129 14473 15778 6443 23282 14843 19365 9784 15750 22270 21642 15736 11662 29744 20358 21284 12179 10247
0 22051 16991 14552 16333 18971 17017 10266 23323 19810 13741 8687 23765 8250 25309 9924 17056 13093 18397 9702 13334 22521 16983 9847 10936 8558
5712 15434 19034 10917 27462 15254 13411 0 2569 13359 15483 14630 34143 8309 18412 17709 17925 11436 2384 16120 20725 23614 13587 5551 7884 17141
14108 15523 12060 13435 21377 15684 9871 15923 8907 15820 19679 7874 23893 4513 10075 8470 15695 15351 3929 10693 20384 22226 19177 10904 14574 10819
723 21351 13838 5455 14942 8248 18485 19284 2446 12234 21098 7348 14941 13366 24994 11668 21128 17260 12153 16343 16350 24709 19240 0 14163 9744
8347 38964 9239 12307 16613 14125 14726 11801 20961 13290 20527 6559 16620 9133 27461 12817 14540 8746 1139 10169 19994 28277 19188 17697 10006 8156
11111 11114 16024 15322 14382 5883 10536 4017 17774 12278 15940 11857 22298 6043 8590 8920 21036 10968 13000 14986 17656 20663 15601 3086 13167 14805
13313 23726 16292 13525 20993 13162 28728 7127 19566 17430 13852 7251 15309 9850 10501 2818 16768 23682 1467 20841 23082 20417 18281 3350 9966 7650
5732 31633 18670 16542 13473 834 14376 21776 31945 17542 13200 10201 17491 10023 17430 11886 20349 15809 13749 9312 23280 15628 21705 4609 9900 13388
12764 22396 22547 13351 12381 12500 12351 14088 6852 16655 25401 6781 25717 8964 15103 7662 21112 12581 10114 18727 15797 17956 18570 9200 11967 12008
9006 17645 14525 18865 23141 11160 872 10663 11653 15169 22942 6796 17928 8965 13575 0 12589 21879 7084 23138 19958 16060 22344 6974 11446 10615
20152 24546 8463 14010 27684 10730 18585 6570 8641 11960 18071 8132 34328 10549 15425 13531 18757 14207 13532 16073 16165 23701 19065 10865 12620 10756
9071 21622 23018 8984 23612 16222 26360 10153 17727 13522 15046 9899 24553 12068 15087 8501 20204 17435 8115 12955 16218 26336 24027 10915 12210 6795
7222 13044 17947 5168 20759 17268 13106 13044 0 13182 19461 8755 17307 9629 16956 8968 25477 12895 27085 19972 19020 23136 18651 0 11950 11929
14163 22623 17061 14605 16378 8605 19406 19434 28301 13236 20986 7002 25892 15348 11292 6400 10719 17181 6831 14504 17952 16989 15943 7525 10167 14540
18730 23667 12945 14299 22691 1441 26546 15318 6400 16730 13996 16571 25325 13667 21618 14188 16041 16224 11293 16032 17336 17756 19644 434 10441 1937
8440 3152 24352 15832 11787 21377 8845 12077 19860 8040 14167 13570 20812 10268 23396 7620 21314 16667 16462 27169 29596 15589 16490 18229 13047 11408
9874 12283 13421 10903 25400 4507 14580 16770 15122 17945 17347 15760 14030 2932 17285 11939 7616 9227 6595 18051 24482 23141 15866 9851 10214 11516
15087 12354 17187 11333 17423 9013 10979 16297 0 15770 23217 8431 28399 11172 15929 10570 19450 20590 14385 19750 20073 22624 16817 9999 10850 9365
10157 10264 10345 19212 15520 648 9316 9207 12154 20219 18153 4043 20842 10283 18319 6700 15073 11569 15040 15998 13390 14790 17109 16547 12600 12402
7217 21783 20040 2898 15135 5569 17544 17128 10787 19256 17708 9419 22181 12572 21638 12834 20631 15691 10181 10387 19413 29468 18013 872 14364 17990
19690 16092 18132 14823 22013 4906 22062 5197 24254 9087 14231 7701 24074 13229 19284 13700 15489 15705 13010 13949 13622 13234 20871 15278 15191 7602
18205 8972 14814 14248 21200 11334 16269 19780 26827 15138 15883 9475 16265 14565 15268 6946 11711 13537 3553 16638 15311 16206 19375 4466 13947 9164
15176 20419 20742 14814 19008 14682 8281 20542 20920 12346 14443 19615 29286 10165 14779 7661 10277 10818 13647 25060 25219 15000 18251 3172 11322 14744
17528 30499 22542 13079 24875 7304 3537 14688 11367 13158 16309 5059 17997 6043 15865 7917 21461 18143 3643 16094 11186 24595 24768 20401 11512 5079
14317 29575 16464 13231 9080 9687 21786 21070 25860 11806 17190 5657 16746 11762 11558 5824 16567 14214 15203 4728 23761 17316 17494 12809 13184 7066
7880 14844 16663 20339 27051 14792 18583 13326 6573 18197 18488 6625 22580 10181 20528 11432 19255 17427 13478 11107 24211 22988 18839 11140 10508 14539
9716 11987 18508 12244 15332 17153 33905 14442 20783 18571 16126 8492 23713 5793 7625 11855 16507 18547 14806 27564 17770 21668 21258 18548 10991 6297
0 25760 19464 12171 7956 19537 19397 6973 14326 10620 12296 10109 14839 6525 19258 13455 12857 16502 5682 16649 24665 17724 18995 7453 13152 10800
9960 17412 26831 15184 21435 7440 17582 7986 10410 13919 16473 14369 8152 6810 15387 12435 20459 17840 23738 11169 25078 16978 17048 4197 8512 6900
9159 19133 25039 12023 18443 14834 18967 138 13855 15673 20325 7278 23442 10408 22875 10818 12388 17316 8059 15723 16970 14609 18827 13512 11669 4855
2952 9614 28852 7749 15687 10971 22832 11580 15327 18998 12629 19059 31591 12020 15270 11088 24148 15840 11354 25633 17202 18016 15315 6616 9279 9206
7681 13597 12760 8963 18078 17586 10729 14304 8144 15593 27967 8914 18708 3984 15471 12865 22566 4422 10495 7381 8270 12713 21809 26643 9701 2285
7746 20125 17902 12749 21914 5899 22877 0 17728 13690 25487 16269 18530 5711 23334 11842 16506 9018 6538 10309 12633 25702 14868 2824 11626 3292
11554 29966 24273 15240 7770 9733 16412 10229 18180 14274 19835 11337 24301 10759 18665 7928 13554 13477 23101 13883 12653 25144 19197 13410 11832 4173
15549 30281 12652 6035 21648 3945 14069 7726 14940 14339 13925 11521 35679 11073 16753 6807 14423 12216 14177 16265 23356 13618 15526 14778 11738 10934
16531 35069 11402 10612 15929 12207 19366 12235 10161 18890 20908 3343 21762 8124 13004 11807 14230 9644 14274 18819 19005 15446 14644 4523 8388 8701
6434 28980 13873 20444 28213 11109 20127 7869 19766 15003 29280 6360 29206 14067 22494 7726 15226 18024 16815 10718 20299 25400 13314 16535 10206 12514
8839 25983 11365 10767 17072 9739 29052 10994 22901 14638 20248 5505 27534 17963 13974 1950 11194 16695 19664 20725 23074 16900 18636 1050 11589 14798
12179 20101 20574 7860 20573 8128 22625 10814 19607 14081 23388 8819 21128 8699 14298 8478 13534 15698 11466 9097 16856 14379 18544 20477 8549 10671
20404 5089 22379 16160 10975 15490 23100 2333 33859 12263 21864 10796 21432 14702 12827 4955 21552 13062 9648 18174 22078 19207 14512 19047 14230 10306
7100 15221 22974 14717 24931 6738 13311 2244 24980 10991 21529 8028 16346 5289 10011 15427 18173 23984 13101 12204 19488 20799 20925 6522 10910 12524
1835 17967 25423 12194 28584 10287 26148 9818 23038 11344 14984 14558 17376 12137 14048 5619 15615 7010 16612 14296 21481 15556 21080 14190 11575 7592
8677 26654 17330 20009 22907 10641 21940 16324 19345 16134 17186 8452 20427 10829 13287 10100 12754 9680 14865 18211 18088 17803 17672 14667 11075 8871
19171 13149 21689 15302 27116 7376 30814 10535 13866 20114 17103 10127 24917 4957 13053 17074 12289 13896 9114 18051 16160 16900 17836 2356 12652 6760
3838 7130 11996 16465 29081 9495 17710 3713 0 17536 19821 7393 15786 13617 15318 9444 12172 12057 14511 22718 18812 24401 17094 17801 9808 5772
3917 28103 12443 18272 28831 8234 17110 7434 7813 15193 21994 12449 24002 10496 9365 7358 16345 19433 18273 15644 19809 15318 21070 21597 13199 8628
20811 26714 23653 8104 14671 13925 10321 17115 4152 14929 20072 8695 15454 14202 14938 14168 20212 16129 10474 20103 23734 11134 20966 4447 9377 7979
8535 11029 12180 12550 12007 10055 16147 11481 30235 13579 21072 17692 32547 12389 11041 11921 25955 27039 9076 14360 17908 19824 17345 15489 11002 1685
8458 32321 19846 11478 16201 5552 10295 9019 22123 11466 15919 9648 20435 6822 2933 10470 12966 12453 23757 13554 19030 11855 17666 3480 12373 12910
7556 28137 14431 13944 27102 10028 2732 9786 16429 10726 14332 12037 23619 9572 17770 8171 18422 12772 15288 15546 13341 25739 14858 11237 10822 12782
2754 18264 15870 9744 20477 20626 29687 9082 10584 15160 11176 7650 17038 13430 20190 4462 19149 12401 21364 14689 17976 25998 9899 10679 10517 12366
16716 15202 15376 14082 23152 8827 19454 13077 14351 15580 23876 6101 14350 11422 23665 9079 15778 15729 9454 19799 24669 6986 16542 22379 11940 10315
2288 15461 20143 17443 19399 12184 14009 7330 14535 12475 21273 12613 21435 8795 17111 9852 9816 15561 13933 19366 16570 22339 15606 16055 10352 3225
23055 13209 26181 9844 20460 17240 22235 7604 21139 14034 20073 8045 17989 7773 10075 11899 17026 9564 12476 18780 22684 22463 16711 9473 9175 13220
17462 22762 16919 12829 31795 10998 24943 13249 21257 15038 16433 10977 15646 5932 12450 16680 13871 16516 9854 6389 23315 23297 14783 0 6687 8632
14693 22733 17709 11825 9361 3144 14237 5153 341 14391 18052 9638 25852 10100 19150 11761 8784 10148 11699 16562 23255 19096 19236 4045 9199 21294
8746 26958 18207 16039 26479 14986 20364 14797 13064 18894 10488 10210 30165 11302 15233 14988 9867 10385 8724 9231 19144 18111 19181 16630 13100 15098
14261 20295 12878 9706 15242 0 34471 12215 97 16440 17593 13802 20429 5521 24188 14320 13517 15569 9579 16823 23975 22666 18934 16951 12525 20300
10313 19744 16378 21808 19661 7591 29802 15604 10222 17471 20447 15641 28088 12421 19498 16188 20927 15613 10299 4856 14894 18317 17226 7814 13387 11266
3528 30945 8068 13768 21536 14108 28298 5139 19836 13113 16829 6937 22593 9039 22962 10167 11522 19496 26570 20223 18586 22278 13549 8204 10710 16671
19124 27542 12964 10822 17625 0 18946 6829 13176 20556 18202 5702 18712 7150 18094 13176 10911 21074 10472 12655 13534 23908 17422 6920 12382 1309
22288 14585 28001 12516 21083 13876 0 11329 20604 16894 19362 9320 13967 3519 20597 915 7019 20996 13555 10996 6554 15253 19104 14750 11064 10528
11665 18200 16770 11527 19315 7917 21675 2477 4540 11412 20370 8034 28481 11409 13702 12254 17681 19930 17766 4036 21331 14521 16645 843 13971 15889
27448 20985 22760 9877 22921 15574 17186 20023 25002 15199 25723 10581 18417 8738 20420 9718 18062 14538 11911 19405 12975 18068 14518 5118 12582 14287
9086 36531 11336 15682 21266 11812 41892 10523 9340 14928 18889 12329 33863 9445 28538 15498 19953 19528 17684 22391 21405 21754 16882 32383 11875 11482
18906 18970 13956 11938 20396 0 15603 6194 0 12433 17655 16424 25915 7852 14358 12347 18473 17397 15992 22127 21168 19105 14103 0 10055 14770
13850 25503 18894 11104 21097 13296 21103 8211 11418 16951 15528 6594 26510 6610 20759 16502 15905 18045 18525 14783 28454 16415 17654 6557 10596 10201
4526 20313 9703 9319 21525 17914 25013 13283 7167 14337 11771 16615 15518 8761 19833 6534 18143 23855 21894 3860 17727 17608 19074 15134 10845 10596
10191 16943 20811 12490 17777 6787 27602 2345 8631 15371 16289 10801 17938 7254 18186 9012 12116 13871 15847 11298 22378 13060 19139 22315 10079 12610
2991 15709 19513 11847 17779 7139 20809 7667 22976 18585 23310 7450 23902 7250 17483 13319 14628 8597 10336 27414 27054 18007 18809 16192 11819 7768
7106 23535 21743 17282 18163 16273 0 10340 11688 18838 20796 11459 12532 15500 15280 12726 15307 17577 20800 22020 21854 8693 19691 14896 14540 18282
12085 6953 13698 18324 17848 9569 5589 9839 24251 14448 18716 14727 18878 6824 9867 8044 8524 16255 15745 12512 17868 16084 17107 4372 13576 12037
7806 20156 8763 20117 13416 14328 14297 6454 5250 16755 16833 10372 24228 11980 17195 13753 16431 10597 11328 17575 28602 13184 20455 5961 11683 9301
20306 16089 17197 14068 16740 6715 2933 17817 17012 16958 21881 14534 13553 9176 5318 13466 18092 11489 17472 8594 15035 17022 20446 19482 13724 4449
18921 21973 18517 7968 21698 8721 16931 2106 22290 15045 21194 8612 18531 10204 14955 6172 17447 9918 5061 17730 14025 19008 15090 10867 13116 9579
11151 21103 26909 9162 13077 3400 11706 14272 10121 17097 10586 10586 15586 6978 15519 11201 28704 16031 16884 22366 21002 20028 18137 18144 12189 11034
5123 29102 12935 17817 17486 15267 29359 17657 7508 16609 14671 17667 21017 7045 19421 13498 21189 16766 13657 12486 24321 25243 18147 10475 5504 2505
9254 23124 18561 16788 15751 11655 14001 6478 23007 12793 20897 11256 19553 6886 15453 16235 16978 13089 20262 8939 16869 16921 16080 15927 16550 1382
13453 11111 15524 14136 15445 8328 22160 23004 12491 14118 23679 20869 34150 9666 16566 17323 19112 22520 18800 12009 14909 25473 18458 0 8242 11281
4701 5738 23797 8934 21697 11437 25552 11100 33183 15621 17723 12026 24406 11826 254 12603 19440 10197 4667 11870 16979 20075 19123 22039 12288 5123
3730 24613 9502 14610 14695 13620 13846 12555 6489 15350 20583 0 16072 7748 13244 3631 11224 16046 7403 17237 21929 28264 15641 11792 12751 6552
8019 28735 18946 12032 23217 5203 21962 19384 9245 15122 23631 18012 25989 8524 13291 12274 10068 13418 7017 12459 18130 12819 18348 13128 13305 17143
4333 24828 19612 15862 22937 15263 8267 4950 5556 14186 14824 7381 9185 8042 11424 9294 20517 4825 15544 20157 16423 15444 19835 2224 7590 11237
4624 25543 14307 7779 16088 5337 12559 15499 22973 10501 25205 19283 20159 12080 16778 16777 15203 21960 7036 26607 14803 22738 21233 3394 8735 10540
20910 26456 9638 13866 18571 12821 22715 15696 16678 18245 19697 5713 6297 8325 21912 9644 21998 19470 17486 19855 23807 18740 12558 5673 9223 7207
4948 9639 17638 14628 24722 9487 10375 15921 19638 16891 17789 8735 16990 9518 11728 18992 16528 6372 9787 17808 18560 21434 17471 23016 12590 13654
4177 31987 17630 9938 13654 10624 23639 19176 3587 15728 13604 14310 17110 4921 25972 2323 20796 11445 13176 25228 19860 11190 16049 25050 13056 12414
16933 11147 17128 8284 23308 14329 14265 12645 19927 14366 17557 13350 25122 6238 17266 11357 15735 19992 21815 16708 24735 15012 18380 21226 12382 12586
1465 23288 22581 16442 22703 11411 33140 7100 23449 15189 17727 9708 21227 5032 24498 10546 17021 9335 17104 26277 16533 13217 16011 7915 9598 9939
10099 10834 21536 11883 21837 12823 19592 12998 11195 12006 17018 14448 29986 9537 16128 3199 17329 12526 19294 21328 29569 20929 22161 17049 11980 16693
