365
59 65 94 2 100 96 23 46 59 39 65 75 33 27 89 76 8 14 11 16 60 62 6 83 3 82
21196 16603 8429 8054 13742 32673 19092 14179 15653 31295 12251 12112 10883 10236 8515 17179 16655 19098 13754 21988 18865 12943 14261 3410 16887 15584
14006 19292 18488 151 10151 11523 14043 12297 17619 11983 17232 21751 9014 14192 4189 16990 12952 22694 13771 16477 16792 18762 12996 19325 19854 16830
15303 2904 16427 2272 10701 10823 2068 13153 20972 8383 11619 5094 13585 11460 12930 21586 12313 6101 9149 19528 313 13718 13488 9556 12004 11938
0 18122 4625 12002 12615 7468 10811 14731 29876 14612 16896 8292 23025 11401 9097 20850 13264 18500 13933 23198 2602 15319 10640 18387 12418 13328
10258 23645 13297 19834 17366 17550 5604 15837 13045 12924 13707 19807 12627 11320 8483 16649 17263 20779 16447 25149 8605 18303 20487 22754 16063 14216
1669 11150 6995 6866 13974 13691 4536 12557 5869 10625 21500 17779 15488 14737 5748 16540 7835 23245 14426 12957 23233 16586 15468 22977 15836 11565
11395 34973 12182 5783 14106 15097 20524 16580 17646 22677 25352 18449 17785 8747 8513 13205 12821 22238 10080 16326 22309 2460 18929 8087 19474 17012
10898 19698 10918 8837 16082 11056 11629 10850 24879 6259 20385 16106 13208 17365 8758 21712 12275 20344 14607 23292 9887 13446 15832 11256 21389 12944
3381 26386 11922 15445 9465 12262 18747 11397 15912 6191 10635 26301 9426 12507 1556 20656 16363 16418 9878 20210 7234 27089 15487 13110 19882 15112
4313 40330 11477 1259 12284 9873 2865 13797 28759 18599 26829 14042 14754 15864 10719 13942 11425 14698 13755 16368 2390 19039 19796 11397 22531 17273
2761 10301 9876 7046 17679 22489 9235 15795 3314 7505 3793 17532 23525 17191 7160 18075 14126 9920 12981 16943 4902 11149 11542 12073 14259 16490
7826 29970 4217 15415 12121 6816 19730 12685 22200 9692 7313 18764 19531 12399 13493 13889 17162 9045 12904 12050 0 17951 20416 15578 18033 12358
9142 12848 12715 14357 17349 9142 12371 12551 12857 14192 10795 21851 4471 17326 21810 15723 10106 10497 10190 17700 6420 15301 15032 0 16242 15827
23206 22592 16532 26079 14982 5939 7540 12958 32031 11756 13513 17118 19162 12653 972 14214 17415 22431 14218 20701 16305 14380 13120 15799 18526 14827
4620 17458 8122 8601 6731 18034 12729 11045 14066 0 9481 14145 7118 13578 4995 13243 12534 14455 10757 15744 1360 16570 11262 9221 20280 9598
9283 24640 7457 12219 15042 13457 1968 17517 19727 0 9313 16979 18447 9188 3028 13553 13923 9911 13347 20790 11458 12907 19306 15460 17200 16641
6971 12186 15655 8799 16459 10157 6062 13934 20268 11220 13929 19753 16150 13601 15036 13417 7645 16886 14011 21953 19882 17583 13216 11970 14569 13036
18442 15928 19309 13203 12711 27680 10957 15295 13266 24631 14724 23009 13799 10812 7197 21184 14487 17594 13077 11707 24934 12096 13500 12986 15887 18326
2140 22764 7987 22060 13811 16286 12357 15666 15074 11295 12580 19139 8676 13045 19104 18604 14380 13660 13209 23012 2362 21929 14676 15234 15381 17141
20482 16377 17287 6645 14054 15491 17953 12392 16009 12945 14036 14624 19643 18885 12498 17952 15948 11400 14492 23652 13408 15178 15888 16502 21589 12150
23894 13758 9212 11685 13987 8316 6874 14885 15831 2738 20907 15626 11892 7221 20585 22289 13049 12746 12937 21616 12350 12642 13481 5595 13864 14363
12400 20016 14725 8180 20347 16688 11853 13635 23385 11179 15061 5935 11784 8658 15783 14662 15313 14743 13746 14375 160 14451 21437 5188 21921 13647
6684 18395 5620 8145 12597 11398 3523 10504 21765 13755 26261 14981 18569 12969 5320 17154 11238 24205 12663 15848 1375 20006 12619 6478 15287 18862
8242 11703 14883 15055 18391 21657 24323 11721 11850 19565 15318 19684 14901 18093 13332 15307 11658 21173 12511 13302 9135 21483 19480 23993 13509 16703
13281 22853 9940 9298 18321 25330 18351 10928 25198 17637 4923 25926 7079 14492 15291 15508 11315 18266 9830 15843 7202 11515 18480 11961 16264 16574
11027 22492 3117 9311 12863 5588 8794 15541 18731 17429 26258 14424 10899 8459 3588 21593 10079 15896 9916 24216 11881 23729 15171 29289 19245 14864
5960 23534 8829 13752 11936 14633 11021 11452 22764 7097 22576 23749 18763 9330 9094 18067 12986 20841 15774 15131 9976 8433 17337 9235 13964 17380
23223 21197 7631 11558 15978 11241 17529 16379 9128 7586 27646 14638 21193 8695 15172 13209 10789 7465 15635 18635 10974 19250 20914 3760 13642 15439
6635 31895 6522 0 16778 7687 24383 16890 24009 9677 21113 20741 12007 7796 16314 12805 11704 14700 12900 14141 3173 17939 20743 6805 16089 12077
12284 22356 1434 11825 15473 8075 8744 11663 16963 12463 14880 12903 17661 9879 6725 16747 14600 14175 10006 19113 0 7864 20719 18757 17384 17087
2907 29021 18194 18447 10944 9873 17411 14614 11827 16586 23643 23086 17728 15062 15966 21145 9697 15234 14409 6380 7571 15077 15489 15346 20630 11071
17664 22462 8696 19792 15840 29812 9262 10191 25669 18730 9131 21975 18365 8772 15962 16739 13168 16517 12102 24278 12400 23605 16354 12651 13887 12883
13828 32869 15797 15730 8427 22183 8198 10545 15933 4427 11331 15667 15745 11078 18493 17714 16817 6066 10517 19111 15942 16013 16988 5914 10651 16501
0 21091 10852 4356 15862 10376 9435 15210 8475 6004 25286 23871 15927 13496 18046 15266 14507 17849 12620 20726 15676 20282 15943 15651 19298 16096
29250 12210 10867 13392 10383 15942 10495 11953 18704 0 28290 23035 9185 16627 19836 13255 14940 9294 12193 12883 12009 15893 9155 23676 19879 13965
16574 18099 3710 13363 15008 16044 14770 11540 13374 0 20369 21345 4577 13791 11853 11099 10936 18135 12090 13644 6911 19911 19050 13509 12445 14661
13596 27139 15510 6093 18390 10322 22417 11857 17925 8117 25992 13968 1243 10941 15566 15637 16709 10854 15168 14345 14224 18280 15383 10912 13251 14356
4233 21338 13345 1642 14652 2438 10537 13708 10102 13519 7388 20558 0 11918 8609 19452 8785 10855 10300 26664 5596 19668 14520 19853 15940 10972
12761 26352 10791 11865 18758 15700 14257 11167 17698 1123 13367 10102 16887 17026 6004 13713 11343 8358 8492 26096 0 17377 16692 448 13319 14225
7623 18736 17677 14998 14609 21794 14593 13160 8055 14464 21474 13728 4961 9812 5052 14864 16290 18714 8884 21166 7184 19308 15178 0 14141 12576
0 12854 22340 4006 17226 14374 4959 13234 21577 26712 22861 15238 19213 6359 8412 13998 15859 13064 11031 27084 5435 21034 17660 14845 13045 13548
16197 17219 8050 13769 16532 11351 8848 12089 14437 26211 5416 17876 14146 12980 7978 12950 14130 11066 9508 21113 16781 10525 15312 13124 22338 13087
5955 24754 15199 11804 21136 19890 18303 12308 25086 7635 25576 10152 18590 9758 17798 9574 12800 25762 10060 23587 15813 18515 18125 21751 19078 14603
3504 17851 18628 8454 14336 26485 23735 13047 12053 13285 21356 10783 13767 9351 8060 12928 13074 12411 11682 23787 11492 15846 11496 5102 17178 15312
9881 20762 10152 14187 12007 17742 16770 12506 17656 6124 18014 21242 13776 8689 4028 12788 11590 9543 15987 12451 12652 18501 19893 10063 17532 14259
9476 31220 18580 11870 12755 19068 12717 10361 17044 0 30927 13452 7532 12270 11819 11668 9292 20647 14931 14463 3748 15418 12815 11619 15425 16193
29568 25321 8411 15805 12002 5601 18755 13670 7099 17737 28349 24436 15356 10895 16116 17285 12655 18696 16178 27749 17305 13345 19040 4981 15757 14390
20167 27834 21816 15794 15796 13958 17944 9969 11341 8429 19043 25753 27768 8253 7034 16527 14910 17309 10332 17218 8520 14737 20077 18365 23278 12689
14265 26447 15962 7003 10861 8403 5543 8704 11834 2629 27345 10104 22469 10948 13686 11849 11899 16444 7983 31006 20159 17466 17468 2887 18813 9723
17931 31014 15755 18124 15381 15613 16111 12660 13393 17665 19888 12788 12807 10433 12930 21602 13471 7102 14529 11650 17047 23753 14485 9336 11790 15953
5412 18185 20579 4990 18025 253 18546 12860 15375 10274 16177 19834 21887 16840 11368 15412 14104 17335 10119 18843 13540 17417 11876 2243 20109 15284
13819 15780 7905 6635 15844 16000 8431 14453 21920 0 21893 17777 34891 9524 7356 17745 15275 7058 11107 17572 17842 11822 13140 8058 19891 15974
11823 24759 7102 9669 8845 17493 349 14982 25888 13128 18922 11598 24858 10506 9831 19408 17410 9663 12215 19020 19049 10780 17684 24087 21735 11775
16759 21727 8289 0 22077 11302 15983 10364 17865 25907 17343 21637 20639 15259 9484 20726 10992 15804 9200 23735 12866 17644 13174 13055 14061 20311
15859 12350 18120 4568 15305 12886 12195 9650 21156 23071 20755 17498 8932 13065 3028 17741 10754 4806 9596 12497 18621 21297 14575 11777 14995 14422
5683 14836 15560 12189 12771 17578 17177 15293 20375 0 18350 17580 21339 12702 10260 15402 13332 15708 10180 18415 13903 18362 15362 19600 10185 13646
4282 22336 9622 16237 19863 12304 22861 12264 15568 14824 17945 25113 6396 18176 2967 14841 12741 15247 14218 18129 64 15289 9350 10496 19551 17383
12433 25589 2940 13738 19247 23578 11692 14206 22853 15344 24375 20153 5705 15201 491 18953 14669 14577 15453 21145 14734 20778 15175 29894 19018 12901
0 19749 16782 0 19724 14957 15672 12900 3462 10991 16458 16521 11390 11154 14667 14572 17623 13729 17019 23039 9516 13375 12540 5174 14754 14600
1058 35754 12567 21945 11411 9667 26047 14671 10586 7630 12358 8488 20719 10127 10549 15525 10382 10728 14521 22991 8157 13022 11941 22334 18203 11285
5880 18690 7140 9709 18368 10751 10187 14454 37682 9366 29965 20158 17131 5619 6871 11186 7538 14347 14482 19534 9660 15838 15599 10651 19357 14343
16387 11176 3836 6948 14536 5890 8687 12451 14249 0 19880 7140 13570 8631 19649 15273 13837 14007 12681 23857 3301 19937 17423 15489 19210 12128
0 17755 9899 22436 9366 17396 21052 10831 13824 23262 27961 4742 18565 9016 5074 11678 10252 14146 16183 16269 5941 16070 19826 2849 15090 12893
14881 28365 15537 12006 13058 7005 14562 12974 19844 15748 10237 13421 18846 7234 7680 15995 14013 14618 14521 20342 12337 15891 13542 24968 12784 18170
9460 18999 10895 9737 14042 5282 11981 12692 23198 12517 11143 20130 15411 11118 22207 13530 7755 19377 14646 15222 7902 26154 19143 608 19154 17816
24494 24006 12227 22165 11903 24654 8566 13680 33290 5633 22187 16835 25712 6492 4991 19753 12054 5783 16110 15742 18789 13177 15676 2727 16801 13996
10244 29075 8510 14397 16350 14862 7247 11416 25107 9300 3296 12837 6074 11930 9545 14788 13548 21248 10535 22106 6746 17148 12225 12726 13182 12592
12576 16386 11059 6270 15087 17441 14361 11880 7792 14323 14707 16667 22612 11014 6186 16885 11170 12886 8960 14217 12769 8865 12998 12435 11867 16876
22777 5038 14367 9334 11688 16523 17862 14534 24047 0 33750 15231 10711 14067 13121 14370 13113 15051 12537 24075 8910 26135 12432 5542 15096 13995
6671 19491 16371 0 9541 11810 13986 12375 34371 5414 16844 21638 14551 5147 8958 19240 10706 11617 13855 21908 15848 18363 14600 26792 16146 14131
14477 14203 12393 5039 10358 11497 5022 13471 23385 20520 14417 25489 16832 13223 5006 18940 9422 15582 8347 21813 20507 25249 15403 14010 12010 18696
11052 24934 4812 16054 14514 22684 10394 12787 12835 8136 22383 11221 21419 12283 12753 16158 11733 8363 14282 17260 145 16857 18450 10218 10181 15532
10878 18727 18371 15034 13534 26093 11497 7317 26244 1269 18303 11233 19080 9650 9970 14347 12363 12998 12444 19558 6923 13762 9042 2015 15191 16216
12700 18106 5982 3902 18933 7721 15278 14750 11286 12378 12104 23381 28421 9279 1766 13047 13860 27829 14918 25227 718 27583 15804 23400 18199 16049
0 19852 8552 2865 15583 14956 21233 14808 17363 12550 17284 12788 11471 13440 9829 14541 15051 4959 11290 17931 5040 17363 14536 22519 12457 9559
10299 20290 9283 4865 11851 22955 17301 12229 24863 9125 15808 13054 24409 10507 1722 8265 13774 12695 19024 15325 8603 25339 18812 27672 19857 16409
3793 9552 8466 17920 18741 14815 9396 9339 20534 7198 29298 18415 25410 16064 4599 16211 11022 23994 15050 22501 10811 26049 13996 7337 21547 9736
15154 22445 10234 14040 8678 18276 6767 13762 15784 17513 18893 11266 12902 6320 14891 20487 12405 11959 8801 12999 6842 9338 12008 10327 15701 15265
11228 19757 7343 7676 16962 9680 9083 11928 1742 8371 33677 18141 20950 9163 4410 8671 17807 19195 14926 16138 16563 19750 15067 2667 18368 15167
3431 16894 13518 4225 11221 12816 10340 12890 16273 0 20537 14988 17635 10066 864 12012 14725 19127 11256 17914 15401 17308 19453 3457 16820 12320
9537 24615 3379 14064 18434 15168 9932 14911 20373 13463 26946 26756 10306 12167 2142 19749 17269 21974 16075 24428 0 13926 20785 5287 15673 18102
0 14325 12443 13260 12967 12925 9577 13137 28931 5239 23105 15524 12960 12061 3351 10885 11929 16937 13504 22992 22894 16926 16513 9527 20287 13547
10777 14626 10460 22006 15324 22544 13637 14529 22194 2232 19892 21889 14805 11015 9998 21655 11023 13587 15142 11674 11185 8982 19357 10965 12544 13695
0 20695 20123 13817 16501 9151 0 16714 14302 0 12436 16974 23592 13358 13402 13046 14853 13110 14931 11454 9306 17011 18781 8473 20254 13968
0 22705 18989 11675 12455 11991 9298 12699 25209 11309 24791 10346 6333 8762 11956 20928 14953 9749 5290 18816 534 22658 17043 16071 12185 17343
21002 7650 4545 19866 9199 645 16656 16972 18953 433 26496 20401 25284 14479 10305 14443 11755 20448 10303 20643 27006 14609 15668 4894 15211 11070
8535 23337 6383 8394 14522 25778 13388 16658 1668 0 4865 28888 25423 14038 7253 14435 13109 12736 16451 16683 10309 14058 16199 12226 18387 8638
15659 14455 10281 0 12403 16561 17314 14113 35110 10867 17241 13951 11400 7770 8330 14834 18130 17256 13292 20669 20954 25635 13578 19314 17292 15399
18090 27485 11069 14887 18830 18082 15498 11588 18267 16512 23515 15440 4511 10876 4851 15926 15759 15495 16354 15280 2866 13984 12631 22767 17582 13829
4011 15162 7023 9718 15744 24474 9753 15396 19717 11949 19221 17972 12109 11604 9598 13903 13947 8153 8867 20797 7602 16332 15985 6641 18595 17254
16020 20584 8187 23213 16706 8396 11736 12139 16832 6384 6237 17195 4040 7571 8333 18137 14738 19018 14138 21958 12000 17835 10721 17550 17019 19626
12968 17598 6454 8746 17749 10110 13173 11835 34581 9052 27954 16334 22183 11526 14989 15825 16230 16292 14133 11264 6589 19237 18571 11798 14349 17926
16251 28810 22056 11504 25995 12379 3832 12576 18269 8116 21496 13641 15960 13559 9848 17129 9705 25523 12500 16287 19609 15016 12274 27714 17568 14440
15387 16918 9577 9095 10543 26205 12334 14304 17678 19266 16589 16342 5712 11269 6401 18342 10261 9289 6204 21537 9584 11799 16499 8366 11974 12423
11772 20614 7792 11310 12887 9715 10876 19174 24700 12887 15970 25980 18042 10421 16584 18507 10672 12574 9471 10422 7410 11964 17353 14077 15031 15885
11020 21672 22640 12133 13799 9201 11324 12712 21856 16107 17950 21482 17766 14127 8055 19749 15002 5713 15617 17124 12598 10447 21421 10844 18568 13009
15326 17464 9166 20904 16071 17828 16529 11492 22383 3239 15377 18425 9167 8085 11520 12015 11343 22536 15511 19542 13401 20265 14610 9312 13297 17569
14519 26668 8326 3967 15195 14737 12363 16149 9737 6388 12268 19327 21970 10497 5615 11037 13390 12630 11725 24265 15537 18068 13518 11133 17019 10311
26591 18354 11988 4790 11038 12512 18085 12872 33680 13935 26928 18445 16306 6044 4396 18153 14612 22208 9897 21635 7329 14053 15499 9375 20979 16416
11197 9448 7533 3203 17788 5505 15470 11753 13632 3527 21267 15818 25524 8086 10036 19643 13675 12115 10321 16316 18589 11394 18210 7102 11615 17642
10602 13471 8395 12273 18730 17006 8395 13887 25154 6726 17791 22901 24944 14932 8447 20985 14734 22823 11286 22713 21535 26444 17198 24165 15735 14023
12744 14726 3800 7924 14966 5863 23113 17811 16369 13706 15388 19023 5817 10833 15608 13957 22101 17885 12975 20367 399 9844 19818 16795 18011 13277
18096 20725 14528 6343 8267 5128 6385 17597 30938 16357 13906 15706 1847 16016 13044 17494 11053 19390 11077 26356 863 15369 12787 31740 19990 13951
21224 17836 11529 9970 15849 20346 12263 12766 25664 20095 25272 17259 19466 11426 17599 21499 10577 13184 13438 12448 17710 14169 15466 16897 17665 16429
14704 18740 18828 539 9254 6758 1809 16610 16241 8042 12310 19565 7610 6784 3634 16426 11918 7896 15313 17010 484 21837 19890 7019 13229 12838
11097 15653 8053 4398 12500 14657 7156 10232 10516 1954 19667 17930 4160 5864 5595 18380 10959 12591 8149 16658 74 13182 13276 19174 22159 15029
5515 11486 12274 9411 13840 9258 11355 11436 22374 17422 16622 11715 6856 13502 5900 15611 15677 11204 13228 9862 27487 18527 11572 7828 23618 12988
7815 26906 10123 17007 12625 14744 10629 14652 12342 14190 10282 16174 18442 13202 8052 18050 11170 27170 15042 19178 13624 19589 13042 14776 16867 11576
6307 12423 11405 0 15843 10299 12848 12298 11665 20818 16360 24011 8990 8863 4857 13389 10002 8243 12650 16193 10975 15533 18373 14830 22918 16378
19148 18021 10156 7685 5274 11298 9846 15221 1333 18976 19362 14592 9741 11357 12285 16783 13976 13932 13571 17957 14487 11144 14949 11979 16898 12950
13459 21277 17481 5994 14097 12871 2416 7662 18935 21551 9371 10976 20750 5777 17542 13945 11600 14366 12338 12552 8601 14418 16700 13381 17997 15338
6214 18724 9479 11987 14313 6978 8920 12427 23516 9863 21541 15965 13770 8330 9085 9504 17978 17152 10595 16633 9038 14950 15656 9300 15813 15513
1452 27103 10294 7525 10301 10410 7155 13450 16949 14438 16827 23217 17257 10047 4612 17003 13368 9265 12745 27722 4057 12948 21372 3806 14099 17434
8550 16411 11392 6975 11666 18272 16718 9634 3260 27703 4568 19718 18305 7592 10166 16728 13280 19480 13460 23250 6888 12598 11258 10654 14046 12333
11223 23378 13776 3137 18672 10975 17204 12987 23189 16470 16926 17535 21001 16929 5378 13811 7702 17648 12590 10680 4063 13990 14943 3118 16106 12816
7981 8466 14133 30615 11886 16113 10371 15948 19803 16003 25138 18311 19651 11069 9769 18204 12682 27116 10933 25430 3309 14874 16560 21489 11043 14893
14452 13292 17315 5248 19427 9049 22145 11201 27902 14405 8716 7890 16166 19876 10689 16498 17855 16176 10044 1435 5387 11757 17349 16094 10888 15326
9336 14772 15939 21542 15777 29991 8658 10375 18688 15836 20073 10967 15959 12163 11900 17328 10322 6973 7905 15372 17489 13890 11841 15091 14171 15088
18008 28079 2719 10230 20086 0 1685 10666 13274 8099 32106 21613 18085 11429 10515 15138 9726 5618 17710 21813 0 9650 18606 10142 17475 17270
2397 19505 11080 0 9955 24211 10690 16446 16255 17952 12686 22272 31912 11971 3505 12727 17217 16791 6747 13772 9980 14392 13658 12935 16563 16283
10434 20941 4635 19351 10951 27991 14705 15275 15341 4757 4349 10802 9616 12852 19161 12521 15583 22528 17226 21659 20362 15830 16332 21589 14057 17001
22659 18483 15705 5856 18891 15773 11227 13046 14150 27795 21824 14865 12827 12582 11552 17752 18310 8137 13604 21014 8963 13807 11445 9380 22193 15324
7022 7065 5212 10620 16165 23331 15367 15331 16932 1979 19438 21998 15249 12240 4231 10210 16477 22962 13669 26144 10627 14001 11846 17302 17934 14299
13937 28053 9068 7718 12208 2983 0 13481 2777 9634 23546 16363 21338 7811 9432 15384 16258 20391 18862 20631 1026 16914 15932 5426 16385 15786
18635 23114 6938 2514 12342 17708 9858 14876 24978 7652 2582 21371 16348 12713 6112 18487 13037 18486 14136 17860 4338 26768 15358 22843 18677 12239
5572 23311 11929 14840 9830 16169 20782 16360 29371 10674 15176 21547 10075 6424 10581 16750 14664 17395 11276 17967 3735 12123 17292 12882 13025 13485
4417 21961 14630 20739 22707 15560 0 13675 15636 5391 6092 13935 21269 3366 6681 13733 16408 10704 16126 21896 13542 13780 18036 10094 11961 13758
0 15416 12192 7651 14429 27463 15362 11773 20442 19795 23297 15691 17803 6767 15418 19266 16922 15358 13482 14991 20527 18037 15546 19048 15655 16542
8817 15801 11518 6551 17428 10460 1428 13705 19857 10579 28589 20722 15696 12984 7278 21398 17572 10999 15692 18286 3835 19047 16535 31160 15798 16110
14126 13135 11044 9012 14557 17226 354 13088 26266 7417 9432 17227 16422 13855 9743 16990 12157 17608 8830 24522 8290 17053 15425 15934 21317 12431
15621 13014 4750 15542 16040 20152 9836 15019 37938 0 13096 23733 9701 11668 11073 18265 12737 12212 12107 19595 19088 16278 14181 20870 17967 14077
9891 15435 15006 1587 10003 15697 16550 15473 24095 7751 24421 14700 13099 5084 10581 20025 11321 14003 12137 14397 0 20033 19083 4101 12133 11590
0 18338 14106 4739 4184 20215 20248 11283 7743 13263 18614 23383 25708 7270 2810 19668 14219 22540 11044 25474 11637 18461 15931 28638 12768 10388
0 13157 5626 21458 12318 10574 16754 12923 14421 10056 26274 15204 18441 11505 4531 14885 13186 10364 13732 27667 16873 10269 15304 23591 12536 13721
12783 21947 8613 18456 7501 21013 14527 9522 19504 3111 15893 17510 20391 6610 11780 14420 16136 22100 8707 21574 13524 16101 17529 16116 13757 19501
12286 8359 5420 11441 10228 20516 5506 10697 12885 9789 5798 18501 9551 11810 12435 14515 12735 12648 5514 14873 10551 19320 15660 12592 15682 13515
2586 19722 17422 9637 13490 24896 8629 10729 9848 11401 10989 19584 17375 13407 9904 17768 13378 18465 14517 24134 23228 14292 17870 12601 15172 15034
14335 20139 11959 11983 13564 15372 14625 10467 29818 3236 5024 19706 19867 12792 6427 12964 11865 10572 13512 18462 0 10272 10661 15154 13923 14746
19952 21186 18384 17125 18974 24697 12056 14389 17769 21259 23171 14282 14886 6317 10576 15494 14659 19292 21066 18492 10502 6251 13395 13426 6130 16310
13853 33439 14646 7894 19868 21530 14881 12215 25696 3096 21412 16953 12687 8861 19863 13006 13572 17995 12191 22155 2311 14126 18349 19408 15555 12772
7678 15259 17678 15383 9555 12089 16054 10883 23308 28494 5684 23498 12423 10695 12815 15316 11657 8396 13372 19810 20737 21134 15830 15014 23190 15255
11072 14614 12007 4789 18654 13960 10071 13267 13868 4148 23999 15695 10487 4255 6412 15561 14327 16121 13823 28343 1520 9339 15407 12013 14726 13476
3814 24022 11590 5904 12425 12729 10660 13484 5154 11171 6850 10799 13919 12630 2828 12895 12820 23705 12414 20345 12104 20767 18251 6140 19249 10800
11931 13283 11357 0 10859 9259 22099 12368 11377 2855 3206 11792 15686 15997 23247 20315 16715 15557 12527 17859 23115 15000 15556 4832 8130 10694
15072 23959 16157 9027 16992 15352 13208 13612 21153 10510 17876 14760 17298 8414 10038 17887 13990 11401 14822 12742 14294 12789 14151 10027 12905 14702
5280 10968 16229 11398 13599 15601 14617 14623 23014 6905 15708 16237 21801 7102 5123 16093 13416 3232 11642 22376 11534 18718 13139 6672 12699 16884
9666 14775 10219 16818 17500 22256 0 14290 19678 14152 13632 24458 10011 8493 9196 18375 7228 5486 13488 16378 12327 18822 18613 4370 12555 13041
14751 17628 8492 5229 10120 15319 0 15669 5849 10621 14091 13918 15528 10116 9920 18157 16172 11453 10609 31407 3655 17544 18537 9650 22717 15345
13796 22383 21409 16189 11163 5793 11404 13370 374 5715 25586 18396 21104 10180 18723 17246 13679 15728 15404 20393 9443 18816 15907 22243 20194 19657
15605 23466 15813 6782 15996 33462 24326 13247 5275 12152 7628 14604 18876 8819 6337 20689 12216 18513 12591 13944 10684 16743 16899 19410 14121 18645
8071 14957 19087 5546 11507 14814 3494 12283 21890 14556 24018 22539 13767 7292 2134 17253 17552 22741 12559 18168 2531 17949 12407 11393 14232 10996
22207 26345 21254 12676 10707 14773 7075 15482 18609 23546 6806 15695 3326 13025 7393 11280 14714 17047 11929 11429 5392 23128 9654 23755 21080 15261
0 19495 9383 17462 13133 7251 0 11714 12899 7398 9598 17538 5653 11958 0 15376 15735 16614 5069 17590 3176 19128 16425 24660 21239 14108
0 18710 13482 0 17569 8259 17769 13665 12788 14040 20002 16843 14276 6470 13108 21073 9564 14617 12876 12918 5235 15432 19765 17136 10701 16015
26477 18639 9809 2726 16696 13756 6391 14824 14241 6629 27681 8419 22297 17672 11377 16439 13162 20329 12205 19190 17017 19825 17809 16559 12329 10892
11966 24710 7497 10670 9663 13354 19874 12623 4028 11182 35187 26217 19941 11252 13399 15571 10808 22239 12016 18562 2476 14098 18671 6952 17735 13175
13314 18824 16888 16096 10378 13231 4748 12784 20489 17952 17009 9852 14727 12114 11567 17665 16115 19579 9008 17146 6591 24107 17612 9680 19100 12980
15747 20979 17102 3256 15513 14440 19383 16566 13726 9311 12660 14761 24087 10909 13423 11740 14983 9364 12006 20369 3866 10405 12970 21344 8782 17033
2417 27710 7888 8269 14524 19156 16291 11451 28413 15491 29848 18566 15361 9074 11036 18451 11499 18247 5365 22157 6190 19870 18272 17087 18161 15032
4784 20927 10288 7934 11051 3048 13034 10550 16231 8122 21856 18749 17937 13515 11027 12673 16642 16837 12314 24004 10406 8745 12118 856 23516 19637
8662 10491 10583 14581 13497 8664 14347 13449 9844 24839 24199 23516 8109 5850 15472 16290 13098 3936 9911 14918 15090 14093 15832 0 21199 16598
14843 11719 10740 4918 16172 6762 10842 14594 9265 14156 11362 21699 15347 4674 11834 14424 13320 14042 14855 19790 21464 20774 17680 16369 19539 11401
13694 13436 10326 6877 8873 18727 10812 11453 14431 25088 11408 20936 10342 9068 7150 16957 11100 20321 11971 14356 24589 20378 22176 19771 11907 14227
17489 12709 10368 6374 15295 19122 24900 14775 17187 13204 14413 18525 19093 9653 13140 18645 13752 13345 11611 18051 22944 17531 14345 16084 20476 12851
12436 14162 14109 0 16938 8732 15610 12014 21373 2288 20470 21777 12895 6986 11913 19262 17471 9387 13828 17563 11060 16892 14582 6913 10538 13223
15531 26859 12385 6536 6446 21300 17700 13461 7892 13241 16662 12704 10546 7154 13041 20218 14862 15743 15189 15199 14534 13434 17587 9882 18079 16601
16292 6671 7338 10869 14930 9123 11861 12201 12560 6994 20380 23316 23090 12062 5891 16077 14672 8698 13342 30881 9305 21013 17335 22145 20504 11932
20043 20031 16232 13609 16447 23471 9859 15647 14337 13647 22403 16800 6205 6848 10130 19766 9154 21151 9896 19612 0 15985 12840 23375 19315 15804
10409 28132 11916 13639 15539 11224 19889 14165 15881 9750 27757 20086 15473 4423 17029 12757 6717 25864 10907 21872 10246 18884 13354 17722 13321 10976
4194 17318 18873 21657 16172 19883 17355 15557 9688 0 15661 15191 11756 14489 8148 15598 13486 29 16977 18299 10830 16004 16950 13847 18804 11180
4098 21244 14706 258 12750 11410 14301 15159 17219 9929 21030 21373 9678 11739 16702 16750 13162 13545 13429 19861 553 20890 17806 608 13291 15913
12639 8747 7101 13609 11820 8055 4291 11183 5087 13622 26194 25022 25223 9515 10097 19494 12704 16100 16699 16311 0 16680 18813 8231 18145 16139
9778 13055 7847 8069 15689 10156 7633 14556 25541 9315 17075 18244 0 10629 5947 14607 12808 12530 7864 17333 11080 13175 11279 17697 17843 13067
0 13683 8759 15328 20023 10360 12277 13606 13977 12907 10111 10790 19539 6513 12937 18496 15301 9534 15914 10966 20644 18923 22200 3520 13229 14884
5989 14757 9886 13769 20249 13860 26078 13355 12397 26246 29574 14584 15140 7903 3830 19193 11526 12589 10130 23794 9523 18344 18321 19932 17303 13084
7568 12036 7598 1557 13358 26626 15015 11168 16535 226 18021 9138 23191 9224 11900 14379 13605 16829 15713 12579 5494 16062 15762 27605 15935 15563
2991 13643 11348 6622 19937 29274 3953 12988 15184 14727 23382 18390 25421 14634 19466 18264 12861 20496 12405 22777 9641 15883 15731 12912 12615 13209
9139 19030 0 9699 15178 12202 13640 15774 19103 15813 19530 18923 11856 13651 9114 14334 11198 23569 14491 17054 8722 15007 17066 9116 15790 13284
12659 31536 18150 10129 14228 11787 11448 15114 14966 28183 23626 24414 7070 12684 12068 15601 12346 22206 10485 20108 14368 17347 19184 19108 9259 11030
18378 20266 8288 12223 13250 6852 23744 13049 18225 13725 20523 6788 10840 4634 4530 17803 14743 17615 11862 24262 17014 13623 12968 22507 17809 17587
17398 24022 15853 14396 12925 13924 5835 14374 27147 24371 21863 23598 3975 14552 13029 14673 11755 20353 10857 19553 20541 24994 16913 9181 9156 19470
7803 30087 11509 9396 19872 29443 27729 14381 33898 0 10578 13592 16831 9764 12463 14031 12886 17722 14527 23654 23534 21600 18260 16602 18125 12642
6874 20286 13846 10652 17411 12551 23632 14702 23595 0 21429 18916 13262 3776 4648 16756 9342 16845 6494 11992 5456 7807 13067 10875 15536 14995
12423 23403 12290 8803 18744 9882 4614 10800 14116 14331 22343 20357 3430 10060 0 16565 10255 15692 9044 12470 7525 28189 14869 12442 24012 13804
9216 20154 8060 0 17431 12135 12533 13702 27099 10930 12925 20060 14433 9962 9622 16801 10128 11443 15989 24322 18659 24049 9587 19755 18143 16752
10607 26560 6594 14111 9727 16281 13962 12829 17963 14151 11753 19148 18571 13473 6128 13431 12718 21083 13079 16891 16317 14012 15763 21504 12250 14061
6313 12116 8870 9933 12804 6576 0 13456 2922 16886 21204 20454 17199 13869 14082 18684 15222 9766 14164 11317 19044 11718 14429 23493 20891 12162
27643 22325 13063 4640 8354 16007 6961 13783 17666 0 30554 23126 7053 10520 11501 14856 13822 12112 14957 17660 24826 20604 12083 30012 16912 12708
12329 32507 10514 10222 17270 23398 16129 15758 29794 537 21202 20546 12779 13863 15422 18390 13654 13035 10866 20090 4347 12404 20098 13585 14788 11597
140 23705 7644 15682 17615 29734 14410 14469 6093 519 27948 18016 24084 11661 5816 13417 17122 9593 10950 24236 0 15063 17285 25393 13511 18019
15760 29446 14265 4230 14149 22131 9286 12207 17451 16001 10781 11673 12245 9757 10596 12937 11878 16279 13316 8874 12927 14892 16765 2547 20796 13886
2435 17287 5266 9955 11104 0 8711 10685 18973 9245 16491 10353 33362 4398 20428 18493 8485 24300 18505 14914 7294 16927 15620 15266 13798 11372
0 19676 13066 3976 12361 11063 27665 10641 23641 9991 14653 20074 4272 9279 582 16805 18104 18840 8831 22782 3684 21102 21909 4391 13644 15662
13232 23714 11352 17466 14309 17907 5967 14886 26561 5776 29252 18664 6957 10237 11165 14099 14696 11242 19967 18023 13114 23335 16331 14885 12352 15828
11030 32444 12583 14017 15096 4419 16278 16128 22556 0 14400 13386 20039 7763 11273 18705 17334 15543 11216 13351 19916 11438 16310 17747 14458 12917
90 16891 17005 6682 11229 14671 11855 15042 18142 25948 7353 22438 9187 10317 2451 16986 10796 12216 9394 10757 5907 19798 16269 295 19345 12084
14894 25210 14830 17686 15079 25540 13878 11634 16468 13366 22026 19135 15756 15049 9441 11317 12335 11731 12790 22709 17564 24005 18822 13486 16065 20486
14332 19141 4823 4439 14492 12764 5813 14337 11314 14912 19032 27700 25419 9996 0 15130 12975 21317 16401 18340 16133 19453 17985 12863 15467 16321
16464 25750 16849 12149 21301 5265 12761 15656 16685 10413 14099 18976 8934 10262 22243 9350 15844 9157 12709 22469 12352 24708 14679 8580 24631 13852
12636 17765 5429 9954 14867 19037 14111 12314 21625 1200 5603 16884 18583 16903 0 13870 14655 10630 10082 21035 10925 15311 15266 6051 20209 11405
14416 17696 9182 8156 12228 6918 0 13796 28628 0 16809 18060 16440 6632 11248 15017 12380 13867 8438 25923 13697 20201 13110 19269 22355 12849
7915 10855 14462 18525 17853 5187 25444 11528 7706 17613 14736 23562 24218 14999 9885 14270 18020 12465 10735 26129 16400 17683 13285 27779 18800 14501
10830 23279 18628 931 12289 27024 11884 13743 13307 11293 13043 20619 26186 6921 7110 12917 17976 17572 13097 15884 12117 15519 21253 7035 14704 13681
6830 23756 10225 6559 13465 18528 16326 13048 1434 10184 19552 18066 24932 912 13537 15965 8577 15322 18514 14626 8255 15266 13995 12936 14433 12159
10343 13349 15153 5537 17302 8576 8495 13414 18376 17519 32258 12781 17846 12285 12029 22804 14437 5841 11900 17795 14993 16319 19501 12772 13480 16943
13100 14928 12069 3862 14775 14169 8227 15285 12608 5727 17208 19219 19038 4921 10526 18190 14506 23421 12903 21917 18378 17303 18168 4068 16602 15341
21119 24367 9355 11400 9764 11155 27761 13624 20236 10276 21797 15872 18770 11373 6841 12977 13152 15470 18849 16476 10569 16217 11572 20708 18690 10450
12270 17622 4930 14479 18480 7595 24368 9627 8622 14185 16711 15349 8965 9319 14275 18908 16220 15898 10773 16996 17261 14339 17303 13345 13691 12219
21260 17610 9274 5410 16128 0 18646 12045 9898 7802 24215 12080 14475 17499 9623 11502 12881 3001 11885 19043 2760 8329 17738 7391 19230 15112
11813 17944 12020 7063 14149 17496 18352 14023 21413 9381 18899 13776 22046 11797 12616 17532 16841 10930 13090 12205 18581 23939 19193 21862 13332 11815
11357 23274 8907 10069 15452 16548 18004 11206 9417 19627 29260 15358 22327 6421 10478 17216 10754 18605 10969 11162 17576 17225 15847 8236 15802 15382
13237 10800 10673 5500 19721 9091 18525 9464 26358 16919 22661 11729 13860 7388 13394 17297 15205 16122 13829 20871 0 11728 22703 13754 18722 14917
0 13962 19043 11097 15987 9217 9887 12981 20374 8807 31190 20760 20333 13792 11543 20840 11677 22962 16317 16831 18132 15610 18818 5273 15513 14778
4068 27539 13737 12722 17776 28249 11999 15829 13551 16353 4235 21067 24875 14865 19287 22302 14115 10103 10718 21573 10425 9327 16605 9308 15558 16768
18443 28466 13467 8104 18002 15573 7448 14921 27974 0 13596 14175 20901 10004 11694 16912 17586 8250 9528 22818 18893 6246 13227 21893 16911 12981
6918 18829 11431 13949 11545 15097 14646 8975 29721 9036 26338 17180 21092 13922 18226 14559 12392 17098 14680 26728 11537 18752 15021 6152 12790 18166
12889 9320 6066 9873 18045 9034 15157 10361 13994 9776 11066 17237 17835 11765 4036 11516 17919 14258 16131 17662 3454 2188 14260 6557 18055 13082
365 20890 16204 15376 15786 24697 15128 12874 7601 3919 4620 13586 11885 9285 15285 17063 14163 10628 13466 25861 2964 22052 17060 9644 17324 13431
22602 22071 5263 5849 20208 23348 16926 7183 18100 14312 18862 11214 28504 8242 11907 19343 15188 12704 6601 21004 476 9607 10913 2791 15620 11821
7755 25930 11769 7128 16774 14890 1013 13762 23446 13759 15973 14165 28893 18261 5994 16443 11186 14189 11492 22254 3736 8546 15317 7265 12572 16005
20784 10596 9936 28012 18809 2007 13086 8947 10483 1331 14146 13659 13137 12596 13622 15081 10276 11576 10985 20211 11318 13723 21120 15478 14153 17913
21130 17905 3894 19032 14104 21529 20332 13683 17960 0 29784 14868 12840 5466 7075 17611 8200 23641 12356 27337 6381 19875 13601 25039 11512 17913
9685 32860 12944 5561 12460 11929 14603 12404 23289 0 16264 11561 19107 10351 14373 17019 14087 21823 11657 14880 0 10959 17184 7946 11749 12391
16910 21554 11334 7446 11558 13436 19219 15100 29635 3125 25926 5655 9492 9080 12153 19021 11317 20489 15807 16993 0 19714 20243 21581 12646 12873
8226 16936 9064 3976 18024 12830 14865 13282 24057 8251 21089 12421 17297 11568 11488 18160 11226 23588 11245 21694 18780 22744 15977 19473 18819 12995
9328 20273 18655 1337 17976 22902 28393 15205 19948 22791 25396 10093 15082 10831 11411 16444 16302 14408 13672 22598 8953 18031 17348 0 18311 17516
14977 21367 17616 14312 12123 20092 10023 11438 19355 8204 21618 14784 12556 9234 14907 9937 11174 24434 11517 21582 6959 19860 19612 10511 15348 10203
14015 23212 12344 5384 13268 8413 23863 9233 17422 3149 18947 15558 4987 10031 8559 18037 12278 13899 12175 24034 10785 13732 15640 0 13994 15310
7232 13280 12976 15098 16209 24445 8744 14956 16895 18324 16106 16066 28845 15212 13487 12027 15141 14893 18316 22985 6722 17080 17230 20553 15668 14177
0 25651 10976 12366 11436 10454 17126 12853 24951 5212 20298 15364 9283 10435 6762 14307 14583 13313 12188 17103 37789 11671 13395 13990 16619 13047
4860 27675 11990 17423 15204 14707 18510 9298 21568 0 12708 19358 5307 6432 13726 16833 14423 24377 10189 21857 21360 20991 15009 22423 17524 13148
0 14008 10098 7292 19654 9773 19233 10017 22574 9171 16095 12090 23159 14268 11600 12764 17362 20216 12888 22994 17695 18857 13715 27676 12114 9842
21206 23095 6887 3014 13216 8243 11469 13793 30180 4430 13857 9979 14338 10756 8860 9992 8906 19617 10566 19063 14554 26589 19116 22926 16189 15084
23250 19020 12454 15176 14379 29884 5618 15434 34191 16529 12163 22750 12597 11432 17737 14348 11735 13939 8544 16618 16642 21205 12623 18721 18589 18061
10062 21097 11808 5969 19467 25260 17263 13916 9496 0 24085 17261 11737 10508 5878 15162 14918 18255 16257 13276 0 12023 17400 8420 20242 12113
13195 10386 12592 22316 14457 17066 7621 16069 31974 2280 8701 16901 16827 13681 14923 14047 10616 4003 11595 15048 20936 14651 16334 17151 12394 16121
0 22838 12968 15168 11487 11424 20777 16844 10233 8032 13822 24608 24368 7370 9929 14458 17110 24999 12899 4826 12405 21394 18555 33351 20178 14265
13150 23249 10655 11998 11916 13540 3083 13053 10376 5633 13208 6510 13265 14719 6411 15688 15592 7297 10074 16371 8033 7373 16513 35044 16741 14430
22218 13236 9567 15730 18072 16343 11343 14208 21114 3529 11489 19257 8980 9676 15701 11973 12231 11620 13509 20887 8081 13206 14670 17067 14537 16787
10963 22261 12336 1124 18838 7032 10919 13538 16804 11332 13793 22423 4013 13790 11154 18125 11504 22265 17272 19053 12368 13937 21091 14330 16203 11546
6399 17268 14180 8968 11891 13750 11268 9985 19640 19387 8586 20472 15160 8357 9231 18992 15774 13660 9026 11920 7702 3211 14113 30140 19020 14215
2662 22982 12334 13358 16324 18940 0 10447 19451 18376 18375 27841 5978 11177 12012 22087 13627 19741 11681 21387 10795 11507 15456 12314 17052 13727
16270 9903 13184 478 13724 24462 21389 12701 23788 21049 25872 28469 20367 9368 9805 11246 13627 10990 12380 20893 4964 19923 18177 24161 14144 17637
0 15317 12056 15844 9617 8595 6258 14941 17741 4945 17717 17632 14154 10580 6651 15704 13885 11153 15001 12062 4355 17396 18025 5582 13436 12743
312 21527 8650 19897 18137 17129 7456 9836 16953 1635 11219 20226 17683 11358 14188 14940 9662 16753 7615 18961 391 22304 11911 12980 13405 11045
7772 17314 16649 16712 8424 12850 8539 12437 18860 11524 24649 19794 16596 9295 10068 11526 15464 7747 11472 19273 21527 18756 10403 9517 13212 13574
7621 9408 5864 14537 15165 13061 11624 9672 27001 20509 17321 10836 9010 13074 18732 14033 13373 11807 11587 21425 7441 18251 17879 1873 14219 18525
17136 26838 16310 12747 9549 10170 10328 16200 23538 18771 15989 9181 17475 12203 11789 21081 10354 8545 8413 16117 8610 20061 13587 10643 13198 15839
7243 18199 19219 11681 9664 20181 10477 11667 24722 21422 22528 18313 9754 6865 8542 17258 13140 17905 9712 20373 13293 14356 18186 24367 14903 15675
0 23861 13047 10885 10986 21356 16173 14040 23151 10168 18505 23421 25318 10726 2119 20566 10355 16860 15412 17905 6545 19225 16221 11202 16303 12684
0 25602 7896 6002 8729 19135 14068 13343 18374 0 13296 17293 12300 10317 5292 15558 9872 21566 10827 18006 5115 19452 18485 21632 14210 17124
14921 15255 6372 6509 11407 21168 14607 13720 4033 10250 19500 19465 11986 14778 3614 18603 10307 16000 15931 30798 16926 17889 11416 15282 12627 13908
27516 21434 13802 9574 11744 9330 17177 13332 14622 9260 19285 16713 10664 11476 7427 19165 11932 13343 12571 21951 5236 14288 15313 11813 16658 14404
2297 13816 7502 9713 13444 21957 10270 14502 0 10812 26539 13538 10222 7556 4783 14923 9690 18742 9322 27895 15578 15498 14097 6835 11878 18471
1312 20446 11177 8311 10677 14213 11808 14614 12042 15223 6464 12266 8542 11776 13161 17391 9317 19834 18346 17727 11694 8894 17982 18522 17640 14496
0 28274 10884 9957 17096 29526 21589 14365 12996 1056 26867 20837 16724 10758 0 17045 13804 13580 16349 15815 20831 16516 14166 12874 19116 19146
7827 12455 8576 0 22452 14662 12686 17546 18378 0 22794 24025 16697 13854 10169 10220 10674 16614 14247 13012 9815 9559 14941 2364 13418 13160
16272 19412 9042 0 13436 13125 12855 13759 22840 13962 15999 17045 0 13732 11932 14503 16704 10492 12622 13675 11336 13979 15864 17248 10837 15653
12648 20452 4582 17379 9876 17348 15068 15198 23697 16553 14527 17074 23190 8610 13566 17890 13355 22684 13392 26956 13797 16203 15924 2588 14395 13510
5384 18217 10272 13843 8511 10069 13262 13892 18153 21437 18385 14131 21230 8150 17204 19833 18732 10269 10943 18473 13160 9893 15557 22083 14834 12164
10339 22072 9934 12751 14670 14100 15876 15837 20002 4968 16742 23650 10119 13514 17855 16114 15901 18541 9115 20116 13355 11130 15660 15022 14596 12513
2391 36994 14293 3470 12935 6275 12537 10174 14780 21131 17903 25456 17349 11002 6034 17273 16711 11512 15481 21396 14809 19154 16475 17215 22341 18190
12326 16784 13503 6685 9629 27576 15842 15652 15272 10140 17929 4662 12138 9286 4837 12570 12645 16317 15032 18092 22060 11634 16616 16668 15259 14155
4767 17223 10733 13537 5645 0 5166 15607 25771 15430 20013 10172 16336 12070 9857 17975 14765 12814 7654 8878 5833 14170 16052 15672 12654 10199
0 21559 13330 9782 19717 15200 13711 14986 19261 14199 29907 31489 7771 8638 7096 21961 8704 12941 18045 30819 1088 18078 12865 15949 17577 13551
13848 25083 8002 12658 18162 24046 11010 15470 17050 23110 9920 17405 13169 12697 18091 15859 10491 14096 11137 15323 14222 13842 18119 18790 13695 16600
13748 15907 10580 18119 8863 17448 10190 13327 16566 2261 15136 14954 0 18173 2737 14462 12096 20125 13864 25974 15716 20349 10660 14875 13476 16745
9671 27891 20777 4199 10824 11314 9222 13156 20653 9908 17493 27016 8977 6356 14559 15590 12255 20475 12039 23174 14209 19993 14214 0 17355 15313
17879 19795 16862 4598 7916 14464 10779 10754 22414 23962 27624 15802 29318 10820 17113 13995 13958 19254 5507 22927 568 16609 15463 21370 18919 13237
13515 18989 21129 15953 14025 25271 0 14407 21644 14737 31813 19150 6248 8658 16370 12741 14078 11218 10095 15095 7204 15052 14454 18455 11092 13234
7836 21448 14925 11655 13656 17109 21349 17161 21977 10324 19843 27365 21713 10253 10728 17058 17159 22075 17739 17885 20798 18860 9715 11205 17168 11135
23575 19869 9435 16842 17796 25265 16995 12911 22173 17961 21144 22131 26036 11382 17990 12202 16585 17013 11195 24974 6522 17980 13459 1987 17902 14118
0 17079 8212 16111 10247 19463 4415 13485 11729 11538 15110 13853 24163 16718 17451 17154 9709 11331 13205 28236 7749 13335 13608 13948 16670 13557
20082 24113 3722 15495 13562 13137 16756 16544 29664 11412 25125 18649 18902 14898 15992 17192 14180 10964 9881 27853 5437 18608 14900 8214 13854 13375
9540 18521 10306 20000 15081 11080 8787 14686 22488 11619 15392 20715 17364 7536 11724 9591 10180 13217 8625 23888 2664 15465 13953 3823 12181 17385
1851 8143 10621 13984 12667 17504 16350 11287 27091 20345 19869 18484 15857 6764 10245 18455 10418 16164 12144 16698 24346 19693 19485 14215 21698 12020
13311 13304 10239 4189 14518 8784 9040 15653 17293 17652 36174 17196 17964 10940 16995 15876 11612 2082 12801 9451 20064 22254 19691 29763 21919 11318
8831 12927 6198 12878 21718 0 3155 15188 19881 13736 19733 17943 0 12137 0 13263 15049 17484 9097 11844 11356 18563 17154 17821 18553 13641
984 16123 15332 0 8781 11581 8444 13397 20196 18019 25831 13093 23955 14808 18457 16329 13976 10797 6768 28173 20754 16039 12418 21387 17655 13579
15372 17859 13298 8270 12452 14184 16957 14784 23834 10839 24257 20232 21751 6548 7868 12824 14909 14973 14309 8442 5913 19542 12490 17324 16601 16586
1640 29747 18013 1889 16444 5818 21104 14442 9254 8731 15347 15222 27454 17231 11898 16335 16028 12372 14102 19996 0 16931 10381 6283 13640 14085
8210 13837 14616 9096 10915 26604 13398 16587 4079 10990 23977 6155 20755 10850 6061 14923 15830 19526 9092 13057 7932 15016 14291 13498 18436 17444
5246 27395 15214 15095 16237 16491 10091 11185 16735 19228 36751 15908 12861 8316 14892 13862 12423 5866 12502 5705 11453 14502 13510 15503 17661 13140
37948 23206 13476 11472 12011 4765 7800 12020 14588 28505 21069 25514 18215 11993 12905 15473 14309 7115 17321 10194 1055 11718 18636 220 17300 13026
14265 9385 19043 8157 10708 22307 24107 12508 17959 1049 16292 14126 19676 14503 9246 20068 10627 18259 12109 20607 0 25980 13115 22161 12242 15914
12398 25109 12752 14338 15287 17853 17566 16208 21193 10960 23134 17118 14782 9927 7098 18523 11662 14354 16285 24475 16610 15915 15141 10740 14918 14231
12186 16542 15725 22728 19674 2601 2192 12472 5267 12966 17018 14432 17573 10191 15920 13948 13066 16252 11105 23352 13250 13858 11013 16359 17847 13522
4342 26779 7409 4119 12711 15248 14369 14841 22106 16647 23879 18295 17008 5257 11085 11384 12920 16372 10646 18875 5513 21857 15257 1611 15095 16950
16392 25336 13793 3817 6676 14308 12170 11479 20133 16154 13011 20950 9548 10775 14902 18623 13757 13534 14326 17554 19500 13157 20030 12881 13378 12413
20013 20897 17412 5791 14667 16929 7814 17042 25548 104 20829 18222 18434 13398 9755 13970 12334 9179 11884 24281 14615 3953 16673 17840 17728 13058
20067 5888 18974 0 16134 20133 7156 13124 13439 22414 21998 13316 4821 13991 11742 17431 12833 23849 18139 32453 11946 15736 14434 13998 16032 18064
12963 10039 18080 8010 16900 13342 10735 16967 13130 8335 17944 11071 24791 15578 15593 16171 13116 8382 10680 24642 6107 18851 11870 6253 19895 20380
19862 10593 12927 12198 15111 5902 17324 12940 18579 26466 26479 19045 20930 11126 19247 14689 12996 19057 10355 19554 9896 18785 17305 3087 19890 14187
15145 9880 8237 12839 12989 11932 10462 15449 20674 17493 17350 6689 24010 11345 14270 16032 11625 20143 14497 23392 5767 15388 15207 13863 14247 16986
12426 12470 7411 11430 17995 21282 15435 12872 12675 12329 13364 9780 10785 11339 8161 14297 14007 19930 13310 12812 13652 17044 12165 8181 14314 14660
13014 18893 11491 7113 13850 20563 14830 13908 14901 14039 15306 23038 38906 6406 11707 16310 18266 10611 10693 17336 22105 24657 13895 6735 13632 8697
6175 18809 14671 11845 9507 5462 3861 14021 18083 13773 22113 21295 18011 12042 20104 14840 15122 15393 14552 25612 8916 12471 21171 4663 11352 18093
26590 20101 7471 5317 13415 19416 27120 10718 8542 8487 23492 22299 9533 19021 10944 15411 9847 15550 15490 22076 0 6180 12393 12170 17005 17257
974 20988 12811 9862 11021 0 21632 9428 25296 17558 16113 12333 5461 10199 15598 16215 12152 24063 10117 27916 20150 11515 14936 13999 14585 19301
17552 26453 10629 17849 7602 17223 20917 13184 10340 24731 21022 25610 8599 15781 15362 18996 15515 23724 8652 10370 7838 12348 17993 13325 15017 16129
22258 19902 9127 11788 9726 15658 2745 16170 23386 6220 28640 13629 13792 13233 7699 17438 11659 11206 15816 15847 3472 20370 19758 31246 15447 15439
11504 20322 22160 14375 13747 13414 4849 18606 18137 2130 17033 16127 14546 12083 9340 19075 14475 16243 9387 24803 19687 22435 20377 0 17338 14116
7721 26674 15230 9497 11580 10197 18237 12748 34980 7984 10250 25054 8425 9417 19578 21500 11648 10641 16565 21149 21860 12697 17719 11041 15192 15506
951 11116 15570 2096 15217 0 544 11777 19941 10869 13398 20394 9325 11332 4505 16712 13181 12519 15995 24696 7808 14836 14611 18648 19475 11926
10851 19663 11067 12696 17238 0 15718 12389 11806 8126 23057 20202 22850 11696 6106 13723 18390 14695 14680 18252 14122 21936 17657 9674 16352 11053
5373 21873 14100 2321 14948 3605 0 11301 25101 1330 1803 16784 17265 12599 9676 18315 11642 16463 9372 10087 21897 9924 17202 0 18109 15319
1280 17661 3755 2445 11281 25282 5037 14654 24759 24619 28746 17812 15858 9498 8956 14428 13637 9393 14607 20152 17708 16286 17353 17114 18026 13276
14547 33544 4070 17499 21153 15552 6375 14591 27022 8863 21964 12063 15920 7707 10181 19392 12249 19318 12728 15925 11889 13922 16215 6700 18309 11386
19109 29418 12120 9112 6550 16984 15649 14775 13866 23245 29024 15081 13726 14010 13681 17739 9903 19922 11977 16811 17328 11811 16958 19735 17854 9640
24592 25916 12430 6777 14585 10250 4736 12325 20226 2576 22588 11679 10384 16158 12412 18308 12425 17474 12493 24512 12413 20957 10774 12732 10129 16323
18903 22077 12125 10107 10843 8746 15686 14140 24807 5116 21408 17666 14063 12188 11671 16077 9759 15573 13387 25593 12093 9291 10760 9799 12941 9890
4008 24962 10391 7280 15676 10969 15001 10945 25648 18096 18066 14311 22588 13964 16698 22178 9941 3479 9705 29430 5147 22065 18333 13087 16745 14156
13755 18358 8851 2242 14559 14582 14770 14147 29822 705 21725 19183 4820 9279 9473 18652 13985 2669 4215 16929 18615 15870 16405 9661 16017 12805
21328 26655 11312 13001 14526 18291 6079 12219 9996 19281 19820 10485 18511 13614 8886 21274 11691 17660 14709 23094 5057 25847 14857 20536 17814 19300
15196 17088 11412 0 10113 19987 14284 11797 19903 9051 23545 17451 24045 14624 4810 16225 8940 14972 14927 18271 17464 17187 15866 15477 16024 13415
0 25493 14279 4623 6956 20710 15597 16194 10081 14015 15134 7952 24791 13156 7924 16693 14959 16113 12196 20652 8078 20125 19729 18203 18186 14960
0 10477 18181 14409 14741 6778 11465 17478 17448 15601 13720 23510 24461 8461 16769 11689 10376 10966 12723 25675 14248 14103 14640 19761 12060 11623
9592 19557 15359 0 9342 10825 8815 16227 8300 11690 17070 17128 25868 10512 16911 10561 14690 8348 13015 15454 9954 19326 17965 0 13729 16091
12290 14042 9893 3457 18481 28220 11020 12641 21534 15529 11944 22087 18686 8748 10290 19538 10420 25615 9678 19726 13798 16807 18587 5239 19205 12272
21806 10833 19366 10029 15685 18310 9793 15132 24673 13594 22262 11572 17995 11716 19962 16017 15475 17858 9002 15848 9419 23337 15927 27789 16491 13848
12048 15112 5943 4998 15979 11981 10170 11875 20385 17749 18069 20857 12419 4218 6133 11283 13307 26821 9909 21715 1304 17669 20738 11314 11283 8504
25947 27805 12736 8264 20903 2965 16435 9202 7879 11604 17943 10371 9582 11007 1658 13809 12215 10039 11930 17587 10060 4817 15009 0 7881 16285
3749 12874 16340 18579 11902 18571 15840 12552 28723 22239 27144 15820 13278 10724 15147 7994 14550 9204 12383 23012 7545 18647 14631 14139 11223 13862
21234 9695 13244 8649 13318 7626 16027 16095 19668 8166 17825 26046 12492 11822 9886 15696 10483 16382 12283 26402 9319 20832 16486 22229 14147 17446
13190 10096 25140 8125 11008 19191 20436 10931 21826 15220 14989 16578 13522 10981 13430 18289 17708 7730 12585 16606 0 21142 11261 5108 16924 13748
13876 10268 10621 19252 11291 11237 16161 12476 28389 8482 25772 18632 18616 17268 14208 12378 14449 10444 11631 21473 7998 17150 11747 10210 19791 14419
7468 27235 14607 12613 14100 28966 9121 13571 9309 0 18512 18947 15203 13063 706 12555 10922 11660 11157 18322 4612 13719 18630 16248 16187 15288
7072 4965 10610 10598 10132 19089 26793 17150 20688 6191 9787 14979 17361 13626 17373 14014 11338 23090 6477 16433 12803 16674 15559 26290 17301 15017
10483 14525 22076 19093 13586 12121 24522 12323 16938 6416 19193 10039 15642 13825 10206 18383 11197 18296 13863 13339 18743 21247 14824 0 14404 12982
3440 8199 6560 15816 11554 17333 15657 12281 11140 15226 23653 14297 18517 8717 12473 18744 12467 11496 17476 20731 17829 8075 14949 11146 19513 14955
20063 22639 26851 14523 9254 21612 7923 12565 18999 1439 15905 14276 13895 16323 11396 13185 14615 17584 9329 29537 17894 13237 12942 18612 18890 11924
16555 14023 5655 11357 9100 2446 5770 7856 14356 24062 21244 12981 7503 13234 14091 13123 18773 20290 11703 18181 18179 12620 13756 15284 16494 13171
0 25350 5602 4072 16382 20899 13487 12539 23474 0 4883 22914 13031 8068 7677 18167 10088 23475 12503 22786 11015 16887 17475 27474 18332 12686
7907 27191 10668 8784 14201 8495 7832 11229 10504 13696 22001 23526 28670 12800 7526 17379 13221 24769 12103 23647 9725 15760 16488 13124 18912 12995
6808 17424 15891 8888 11357 18892 9281 12237 9331 1937 20951 14004 19057 13792 13530 11826 15547 13364 14744 16582 14865 19722 16379 5218 13198 13469
8727 19649 9285 12136 15109 16299 15086 15291 26132 13222 36338 17786 19371 9565 7489 9332 11224 1752 10101 25026 0 23195 15685 6979 13015 16648
13010 39422 15736 18456 10415 6602 12829 13794 19924 18211 15998 24193 23793 5394 12856 16331 9521 7106 12361 16554 21403 18200 15854 19550 13745 13414
10611 21589 8009 8750 12557 7814 10064 11826 12376 26975 17363 13932 9340 17447 11913 12479 14236 14503 5665 16403 16493 22546 15724 16635 16234 16338
11669 21571 4360 11834 15541 13856 16665 17204 19750 30728 31411 11640 14840 10977 6635 15711 13161 25479 10610 8590 7853 8885 17236 27518 21149 13383
4870 5243 13390 5601 16449 21430 14251 13197 23697 17967 13911 12766 29850 8702 17157 15564 14689 19324 13612 21383 17165 23939 13397 20810 16460 9957
10141 21128 16862 16227 5913 12349 18780 10824 6687 6673 22900 9987 11142 10662 11593 14343 11965 17869 13561 22920 13710 17461 16718 21765 17257 15675
16396 25403 14820 755 10878 32084 6357 12080 13954 1483 15216 23552 11051 8487 6457 17734 14806 17177 12795 24734 883 18107 15083 30181 18102 15460
18717 11689 19453 11473 14786 12636 22994 11054 26923 16714 5517 15716 19849 3026 19668 9306 15230 17402 15175 28302 20612 16315 15842 32880 15357 14196
10449 28757 16012 1118 17688 12542 17957 15097 21754 16998 23742 12100 24797 10968 6491 19140 14416 13398 12233 27201 6619 17469 14015 7581 14015 13334
6989 20398 17685 9775 14994 3749 3477 12168 26354 8693 24431 19669 11529 15219 13082 16727 15270 17560 12808 16056 8448 29732 15093 13201 13814 11462
12101 28098 15917 8830 19242 17670 3505 15458 30415 1843 20001 15960 16588 15823 18299 16447 13119 19577 14330 15361 9587 16707 14716 21112 16797 13785
2071 22994 12466 6399 12348 21905 22698 11808 25066 5514 20468 14375 19106 11919 17310 19920 9733 11266 13197 13955 9511 13434 17959 14575 14012 16259
17114 11752 6579 5916 15743 20139 4457 14672 11263 14416 20905 18851 16951 12979 11020 18884 12543 20697 17804 17445 19300 11094 15865 23416 17433 15662
6172 13725 14026 16110 13186 29358 16611 13869 19858 11596 15993 10624 6934 13253 13601 17739 17035 15881 13296 19982 11378 14356 14020 10780 18717 17247
13689 16922 11663 14860 10444 12142 15129 12290 20881 19545 15743 15511 17994 11383 9300 16882 18315 7877 17362 18098 14952 23589 16374 13842 11292 13253
7082 14671 12092 5704 5930 13702 6342 13510 24768 11478 17365 14692 12277 16282 15819 12952 12027 14955 9620 22543 15028 18159 14246 8023 17759 12220
13792 15041 10798 11012 13959 14774 6256 12273 21160 8354 19470 16827 27435 13343 13565 16642 13042 20381 12511 20579 19915 15870 19566 21376 13559 13855
2624 15995 11100 7354 8885 16741 23346 12309 16390 4187 10909 18498 16608 9917 12518 16596 14005 20155 12565 21017 15208 23145 20052 23219 17571 15040
14906 21371 13369 13192 18396 19255 9831 12594 18392 8483 33441 18137 9072 11920 11649 17081 8903 12637 14978 26185 4704 22615 15257 19346 14051 13974
8704 19879 4954 10291 14083 0 14195 9035 24557 5644 13553 10687 15102 14306 3975 13876 13030 11431 12057 22858 9724 20652 19201 7135 18772 11128
3492 10466 14569 3687 14972 8215 15839 14175 25646 5550 9727 23513 19101 14282 7402 16456 14322 21019 16555 12521 9976 18026 15094 21803 12929 11479
2501 15201 7977 12701 9542 11672 22166 12754 512 24261 18474 18821 14393 11050 0 10852 16148 15984 10170 23076 12364 26039 20433 20138 18797 11735
19540 25461 4879 15610 10645 18882 14102 15217 23908 3495 11340 20668 20628 6245 4325 10606 14695 10868 13551 18338 11801 8567 8962 27193 19402 13780
9935 15963 17990 21504 13905 21852 12869 12745 19628 11276 14475 16319 7712 13597 6174 16256 14101 21392 12120 17842 18517 17621 15573 25450 20984 18928
15504 10403 8619 1221 10878 21768 14148 16394 32781 10128 13987 21363 27006 10799 10152 16804 11813 11059 13418 18341 13263 15415 13857 21832 18375 15266
14570 8308 10829 9160 14856 14967 14455 11674 23026 14011 20143 21756 9875 17667 11674 15631 11756 6276 9944 18920 10945 11651 20250 5633 20555 12270
11103 12409 14871 14178 10004 29171 8596 14734 19314 11478 8854 23307 26047 9773 14761 13269 15497 15378 8221 14478 4127 15704 13701 18331 16174 14944
17401 21162 13396 16944 11375 2772 19618 13787 16703 231 12389 9768 3875 11785 4813 18062 11684 11179 16138 25786 2750 11612 17907 12239 14562 15370
5172 18096 9985 7827 15450 25575 0 16185 19456 6376 22217 11966 11051 12491 9553 13921 14643 16528 14783 18413 6801 23766 20474 26081 20283 16524
15919 7993 15199 19562 9495 8229 16293 14949 20655 0 26815 6901 20170 10526 11817 9693 14875 15079 13364 12184 3957 17144 17834 12537 17797 15044
