365
30 1 79 88 50 67 57 51 44 81 40 15 12 7 30 32 97 24 3 49 67 33 91 64 6 10
3711 16293 17171 5695 17328 9871 11166 20769 19707 23871 8888 18035 8274 10799 33752 6739 11967 17960 16098 15433 26004 11852 10114 10414 5108 9396
0 27568 5300 10300 13423 20526 24961 19885 14019 0 7338 31583 7850 16799 14630 12606 16925 15094 17257 16583 16806 21995 13275 8514 18411 13901
332 18422 9596 16803 16769 10302 14880 19372 29801 14825 2220 19024 9244 12792 22040 18398 26984 13163 12725 17930 26852 6861 15753 12577 21716 12402
17190 6017 7225 15764 12234 15349 8726 21601 2920 11844 17421 15666 14008 17889 12950 5143 8098 17929 12160 23155 15960 8150 13740 19531 8570 16354
14223 28146 14111 19265 19291 16248 11767 19237 18329 14052 14157 11302 9254 18398 13552 10012 14323 17141 14252 13845 21022 10214 26945 17268 17765 9621
11210 16028 16150 7092 19632 10317 4975 20418 6138 25336 6176 15315 15539 16767 6399 7012 10097 16321 10673 12446 28687 15711 6704 5896 8751 15477
0 19971 12022 13813 4947 17995 18731 17427 3490 12267 0 17059 5886 12343 15949 15833 6896 16136 14071 13894 15359 11127 9739 10709 15542 11987
6076 19447 0 14021 9472 18194 3696 15773 3804 13340 13745 17498 9119 11996 17631 7268 7212 15695 11096 18729 29637 1908 18197 11083 12582 12166
0 17683 19955 12002 28862 19635 18473 16656 0 5013 6762 15242 7822 12828 9413 13121 19495 19421 21124 13867 14213 6118 19541 7809 19675 12400
5241 18260 3973 18725 17948 8871 3604 17665 13147 4990 22190 24147 1113 14147 22662 9351 16525 14005 15740 15169 25943 8191 7164 7794 1972 13442
15728 13872 21248 13751 7194 12705 9556 16837 7740 18309 0 19809 25075 16414 9220 19614 15352 15959 7677 12729 11219 17192 16710 11718 9987 13397
15840 18855 23632 7607 2992 12123 15701 15578 7868 13541 0 14942 7557 14016 10093 18319 8025 14616 13754 15435 11277 18769 11296 6170 18887 15693
13319 24953 0 5711 22365 12505 8323 19785 19995 6887 13198 27426 10580 11559 5380 8578 15366 14400 15049 19223 3728 20396 8473 17593 12746 11887
12819 11839 16365 10975 28039 12899 11655 19497 11383 10816 20677 14092 12674 13271 20876 10686 13771 11771 17560 17065 16028 12120 3904 6154 797 10669
12600 18065 18791 16303 3233 9223 18292 23833 6627 16828 7603 9081 4186 12586 15460 12436 16304 16945 12617 21336 13119 17565 6294 8151 5219 19411
12387 4160 16230 1031 18388 21246 20244 17951 13680 11786 7393 17939 0 14101 12736 10586 15504 11586 11108 28714 15661 12469 15210 11224 0 11453
0 17820 2751 6769 5280 21809 3999 20149 7843 12512 0 19710 8926 14416 11725 18407 3944 17988 12893 23405 12234 7653 16863 14391 12508 16930
7998 15629 21473 12578 36095 19962 16310 21256 2376 4357 8391 15964 11446 15362 10708 7478 11023 15464 12156 19985 6181 7411 11262 10879 7540 8907
4608 29926 10209 8903 23954 20758 15334 16235 11849 10718 11942 17492 3194 20166 23105 9601 13483 14872 10672 15692 16226 12485 17114 16711 13958 14083
20977 19301 7652 9400 7496 26706 14777 19135 24156 15425 9266 11862 20695 17900 9734 14183 17793 10436 18779 19221 4320 15057 11431 8501 17086 12306
7104 25315 7398 14111 15738 18350 28369 18245 5271 20158 11032 17603 21987 9579 21100 14133 18353 15591 13753 18194 6741 11423 19536 16019 15344 12565
5291 10858 13888 10136 8087 10176 30620 20680 10211 7420 9653 15838 11484 12969 12743 15684 23573 14795 16297 22522 24433 14924 11667 19858 12003 11974
11579 15937 0 16050 23697 17851 15323 19873 11203 13502 4836 12222 14767 13537 11561 11140 15408 12910 16118 15548 20582 4436 10775 11618 6503 10247
0 20819 14849 17222 8419 10589 9066 18163 13180 17325 13801 7809 7397 13396 18024 10187 13204 15369 13271 25583 5018 7486 5822 13494 18950 9832
19027 17226 1324 7701 3341 20230 8233 18690 1450 5929 22577 12644 2795 13820 10504 14462 18398 13489 15675 22205 19068 14077 7396 14133 12337 6245
14116 24376 19015 18011 2498 14525 18992 20920 9344 9036 6929 18979 15201 16389 16960 8090 7537 12774 20138 18146 27258 29250 6049 16753 14544 13359
9466 16315 10787 17117 3506 7372 36326 22393 18988 22817 18299 17230 17327 15891 17732 4345 12101 13975 14235 12512 8386 7574 21985 12166 7666 12209
2459 21991 9500 16831 10979 18217 8584 17607 0 3760 17094 17030 19396 18011 9621 13436 11892 16486 13162 20972 21234 17543 22527 16279 16438 12664
16788 16593 16197 4372 16555 18356 14738 15808 19473 25003 12223 12523 7970 10182 5703 9924 17877 13533 15194 18270 5048 15306 17822 8589 11833 5708
10106 19801 5947 16187 2887 18145 16163 17439 16088 17077 10025 16009 5906 11487 17163 12068 16601 17453 13680 11001 2406 16224 4866 4755 21430 14098
8881 13334 8035 11467 13460 20985 20415 16025 3082 15592 16967 25635 12640 15309 18156 16556 16231 13639 15794 26456 18214 15289 18022 4877 11273 12695
8906 30085 12379 6588 8568 17794 15535 17165 10685 15308 9133 25188 15807 16385 7525 13174 12472 10831 18593 13909 23022 9834 6292 16172 17023 10750
15929 27752 485 5870 15332 17321 15925 20098 6474 3857 4607 29255 7250 12150 10161 4061 18318 14125 13172 18734 23916 7410 16705 10502 9663 10884
26701 12698 10279 5116 18854 12431 11431 20665 12765 11412 19063 17846 21020 13272 15606 3813 10349 10403 17124 16386 8364 5927 21344 19113 17342 10890
4325 27919 10442 11447 9508 17013 17681 17868 21521 20263 14399 20334 7075 13517 13538 6368 13543 14907 23099 26423 14628 13604 22422 5065 12382 8844
6995 9205 7090 14365 19276 14448 20474 22361 1760 9985 7149 16777 5487 12580 14336 11721 16719 17422 14503 19060 13440 14743 20998 19124 19551 14489
1941 19569 7681 18945 18163 13843 10977 16768 9632 5900 3941 9066 3792 16402 15318 11317 15876 14238 18977 16566 10919 33214 19490 12917 4851 11919
7082 16939 9597 16868 17259 19682 4421 20112 14613 17369 0 15776 0 18256 21981 14374 3897 9748 9646 11029 20436 0 15997 8044 14865 7046
8304 14670 5074 14886 5391 16725 13506 17316 20482 15724 16881 10651 6874 13734 5131 177 9840 15935 12697 13046 14410 12193 12788 5599 15695 15576
8033 9066 13846 16859 8204 8787 17499 20378 16046 18038 10923 17179 13618 13941 14458 19331 17653 12516 20577 16367 21103 10619 22064 8793 14407 7806
17380 7996 16979 15402 5819 16488 12952 22151 10388 10637 13275 11609 4813 13755 7377 11748 7186 21199 17066 19918 15014 7436 1090 12977 9186 12408
7834 23351 14962 14742 100 26647 17822 19273 12604 26947 15757 19278 13626 13616 0 12554 9079 15090 18100 13812 11204 3869 23827 18152 13321 8776
19381 21795 10476 5298 2011 895 14483 22972 0 12166 819 27143 23853 12240 14486 12298 2190 17098 13275 14661 7992 8937 16500 13486 13385 10798
8500 13560 0 15266 14013 13448 12787 18455 6123 15393 14073 11487 13478 14337 9722 7195 9301 17993 22181 13598 16815 14883 20364 10767 20892 13919
0 30829 15178 9293 30295 15572 6778 16943 6939 17962 2931 17861 0 11623 10810 9821 14101 14446 14327 25664 16613 8759 13806 9401 5297 10517
17677 31049 7678 14768 8276 18462 14304 17507 16324 10207 14650 14924 13591 10957 12523 10992 13105 12903 18077 21321 20088 6665 22532 4522 9185 12244
20115 30944 10962 9675 13214 20647 7828 21568 7428 8805 13031 15840 2188 16021 10418 6721 17792 12635 20344 19243 20822 19754 15591 8055 766 9236
15994 10241 21931 15870 22916 33878 16548 19537 8426 23806 21553 21834 17399 11830 26298 8363 19859 16420 13120 17751 17492 17594 24270 20853 20400 9304
6811 26651 0 13906 12542 2822 20147 20344 3767 7519 10958 23175 14415 10879 11675 8673 9542 13892 18909 15416 4536 2440 15962 11244 5252 17524
9396 18317 13960 7686 15388 12968 15304 17671 13936 14752 5150 17552 13847 11413 17773 13224 8919 12219 14280 22147 10457 15018 20854 17212 11799 13221
6355 17436 0 13492 18943 24705 18528 18257 11742 15429 712 17473 10928 8487 17504 13347 23275 13267 12676 20231 21439 2734 11796 7690 20298 7362
14254 12773 19171 20100 17860 25119 13975 19389 6893 4209 11598 13768 18002 15235 25105 22125 9702 14381 18608 21979 14159 13679 13864 8699 22004 11870
6753 20825 0 15835 31577 20567 13678 18407 0 27307 10038 16629 20034 13276 18752 5648 6698 15572 10921 23287 22266 7887 9764 9269 2446 9262
5624 25289 15778 12533 4367 18748 12400 21387 10017 5748 10279 17237 14704 11838 12695 19064 15286 16331 15263 17794 13887 18103 16950 14385 16466 12011
7793 29552 9156 20584 10793 18498 9245 17446 14062 15564 5608 25849 8088 15949 16791 15278 286 14922 12057 16619 22788 16747 14770 15638 0 7975
5277 11405 5779 21381 8860 13540 22943 23444 731 9720 3236 24849 5013 15835 10689 8713 10690 16508 12905 23244 6508 19748 16522 14243 14217 8615
24050 17096 22576 24620 21820 16259 17668 19034 5218 16106 14247 22508 12261 15112 0 6642 16112 17217 13388 19253 20053 11313 16842 13712 19287 11555
0 17626 19057 11018 0 7675 27739 19914 0 27972 9502 12376 6503 13533 11420 6799 13271 16264 14018 14423 8710 9271 12407 10555 12079 6446
12126 26616 9615 9589 10060 16861 12936 19036 4764 8757 86 13746 6217 10993 11077 14930 11557 15313 16575 22668 16853 7526 13369 9573 0 7429
4147 23051 11104 13412 14112 2062 22780 18547 13322 20860 24777 20238 7152 12341 14716 13890 16570 14528 15123 11390 30803 15293 2939 18374 7732 7374
6852 12367 0 14322 9698 3180 19208 23771 10146 21823 16269 23631 12200 18981 21206 6575 13320 13756 15926 20336 3246 10937 15326 18874 19852 11845
5008 14803 14405 12614 20483 26632 16098 15650 2328 17971 12267 14020 4163 11295 8840 10932 17525 15256 12649 18037 16153 19293 8348 12070 17452 13025
19519 6602 27301 9001 1538 10194 23925 22122 5373 18539 6738 20115 11288 11983 13584 20356 16260 10126 15118 15770 9088 8541 24993 10702 10740 13499
23558 24483 10626 12037 16625 3806 15653 18917 4415 11462 10387 17231 1951 15261 27222 8201 18996 12491 12563 23092 13632 17921 11051 14891 8563 9400
7329 27825 14081 14402 7307 19687 25655 22458 12690 9626 18319 14952 19944 16537 17287 5549 10831 14723 19629 17409 15541 25697 17895 5831 5996 13501
100 4805 9168 10844 18451 18305 18389 21354 24178 12452 17989 15406 17741 10030 12282 15435 8814 14020 14280 17775 13854 21517 13996 7161 10524 12811
6894 17985 14870 6448 14774 23617 7963 18363 10699 15859 12575 22817 10494 10691 10757 7819 20106 10067 11918 25105 18791 20343 15108 2928 3422 6282
10591 19978 13770 14880 0 23380 16654 21476 7075 18284 8265 20644 6168 14666 22941 23211 10512 12349 14530 16922 17348 9331 4683 0 13445 8678
10622 20416 17815 13019 2849 28303 21815 17785 21348 5193 9230 20657 18392 9863 17117 13720 17598 14839 12308 16690 93 8524 24795 11245 9336 14077
204 22218 21208 16692 26218 20618 19615 17929 15003 6309 10688 16267 17690 15629 18032 8302 9225 17552 15810 16456 5567 8435 16497 15343 11397 15904
14077 13944 23042 5533 19371 11276 18098 18765 6337 15774 11296 21298 3832 11848 23101 4865 14135 17475 11981 10897 21620 15449 16319 6142 14179 11196
14463 15368 543 18011 0 11830 12798 16350 21820 10417 12942 12803 12773 12582 18561 11100 11153 15139 19234 15306 10006 398 10357 14147 10172 11321
5106 18641 20955 15901 25383 13791 11667 24061 11672 10642 22544 17973 7887 12695 7961 12876 13321 15159 16861 10322 18686 9342 20553 5657 18725 11824
14979 15247 12514 12919 8990 20066 8553 15129 8244 21801 16541 17671 8300 12085 1852 11380 11319 16240 16682 25982 11705 6838 12666 15516 18283 11364
10683 34273 19716 13775 26473 15228 22557 17246 13224 15366 21016 24830 6876 12965 2227 12444 10859 17327 20596 18287 4673 5971 16747 13379 18234 13482
18326 18506 314 13685 10148 8093 16403 16889 7004 15257 5145 26675 3544 11632 25108 15458 18130 17849 13614 33154 18764 16241 12045 17280 15343 14739
14919 18118 13518 15110 15880 23047 22525 12552 0 9618 7811 6482 4028 13531 17724 3660 9810 13917 12720 23673 7685 12033 11714 18181 0 5713
5188 21087 20014 10691 17795 0 14231 14855 11531 14042 9181 6100 9228 15557 24016 6702 11747 15694 12748 20048 16481 12320 16713 10217 9956 9731
16293 15411 12744 14657 25616 16064 17374 20539 8696 9700 25677 14724 12600 12515 15403 16112 21366 12001 16760 16666 26886 11973 1990 19214 1008 13880
4603 20092 4996 15570 20146 21199 18520 24419 4158 24475 9386 18803 2899 13407 22587 11359 14739 15873 18999 15782 5424 10308 11649 10339 13127 11436
13317 17151 8113 10409 25064 16598 20696 20510 6132 5736 12486 19665 596 16421 21243 12222 6778 14491 16475 21274 18377 15746 23006 10098 18499 14817
11765 10695 13990 11680 19238 17255 29151 18440 0 11494 1393 8913 6276 14432 8956 7601 12077 15403 11374 23674 12829 11908 15929 11664 9664 15065
8837 17777 15556 12670 9387 17749 13303 19366 4329 17783 20957 17412 14624 11593 18439 13683 2419 17154 16470 14597 15379 3927 25550 4740 19084 14450
8358 9108 24385 16676 18217 14296 9345 21135 15769 20849 25432 17431 7475 12612 13569 19577 12429 15506 14478 11889 13406 5092 10515 9148 6417 13145
11564 16661 1142 8171 24295 19672 23457 16895 10754 12408 22880 20874 1094 11872 7505 18537 26734 15032 18338 19472 7771 19975 12767 13474 9253 11750
10247 24518 18827 7304 22279 20297 21571 24952 10565 18867 15478 20852 17769 13348 8256 15157 17193 14235 14617 20113 2664 6837 27468 11607 13099 12908
12857 9466 14827 16043 8300 8160 20509 17111 6403 5098 7896 21942 16508 12371 6536 2887 11413 13916 15201 26012 21481 10092 7985 14094 8746 12186
10568 0 20382 9628 20104 28495 11689 18614 1787 3791 15090 18759 12054 13360 18406 14631 13817 17283 14311 19902 10067 14895 12125 4888 19318 10234
20673 5879 17575 13255 11386 26710 24894 21069 16358 12406 10540 11262 16992 15020 23020 16248 16474 11509 12394 15660 26337 18323 13175 7013 11297 9439
9945 26289 17135 11972 8538 14323 15559 19809 7986 10458 15830 25626 15049 15016 10412 7810 8548 13298 16243 19377 15085 8687 9938 10013 176 13178
20770 24720 14015 15476 11788 15439 31977 22658 12604 10455 27221 19087 14554 18351 11903 7049 15202 13025 13193 21713 21661 15598 15607 16659 14967 10941
13528 29671 9271 11680 28953 28283 10933 20065 9153 12933 6036 14837 20671 16015 16512 9657 18126 16291 10880 20727 13543 14262 14208 16671 14101 17324
16812 29041 16736 11476 7272 20970 10471 18336 7415 19759 26330 13819 6511 15779 8374 0 12816 15272 18815 16503 9829 16791 13090 3044 3777 7128
0 12514 12699 12573 13321 18289 19330 22451 8895 14562 0 12721 4539 9982 99 7256 18526 14880 16206 16741 21917 10213 18597 0 1331 8556
5289 26435 2195 21502 12692 8117 14731 20461 9653 22808 16701 16928 10272 15740 22530 4871 19723 12958 20048 13791 12002 11839 12363 1131 7784 10120
14705 18987 0 16133 15011 27206 22064 21265 3480 12791 24740 10082 9867 13230 17852 12298 20166 11256 10869 27057 0 8268 13874 8543 21167 12483
4564 12922 26391 14184 6419 21435 15764 16840 3832 5642 10118 17865 23464 16619 12255 12372 16714 17952 18030 23223 14368 25741 18489 9028 5335 11167
0 14345 544 12719 10333 20204 4527 17385 15714 12627 19308 16010 7671 14532 10959 10382 10518 12326 15745 16955 17579 26529 21233 12897 14363 14049
9842 23926 9415 19802 6946 28769 18089 21776 5122 15515 22132 14927 2574 13749 17862 14171 9092 14035 11826 11623 10963 16001 26517 16027 9441 8425
0 17719 8871 8362 16120 12081 26214 22496 10170 15264 4642 22503 20155 18044 11045 12444 16399 14755 14908 23047 10400 14430 8120 15687 3517 9083
14586 8568 14003 11791 8051 16257 9300 17951 9872 10190 1378 7536 15566 15015 19051 16064 7849 16819 22546 13582 9700 7288 3204 10846 10058 6137
13369 16303 21161 14112 21157 13702 17684 19504 5638 12971 15420 9108 11734 11998 16297 5893 11373 14960 13756 18855 22649 12577 13187 11940 3284 11162
12691 13762 11887 16518 21119 30420 20365 19644 5767 21927 10955 22569 6505 11740 9823 16027 20872 16428 13784 16653 7078 8345 7097 5929 12914 14759
10446 26988 10948 11662 15640 8044 12204 18878 10191 18539 10776 15842 10278 11243 13073 16014 8134 17332 14102 10351 17491 17530 17869 10446 17835 7611
20354 29646 16040 9054 21710 15759 14525 18506 12200 6036 9791 14413 3525 10452 6715 14601 18114 14404 15029 17061 14925 7868 16100 4704 9273 14830
18744 11519 3357 13385 4566 14194 9857 18605 8004 20470 16907 19565 15456 9511 18795 3769 19977 19121 18597 20752 26412 15091 18478 5709 19486 16812
8764 17227 5315 12024 24059 24850 13233 21482 3382 24095 22344 17513 1458 16108 6463 19394 16256 17190 16603 16891 7567 8600 15491 14723 9603 10342
14600 37866 22452 18916 17717 25025 25274 18327 8861 1438 7321 23042 4437 14072 10205 6525 16961 11936 18476 19513 15239 17176 4096 18280 5075 12083
8160 39587 18508 4396 10274 31797 17438 20112 19508 12664 7156 22517 10117 13347 21888 10315 14480 13888 13841 21023 21673 10894 12209 18180 13190 18689
5164 10894 13461 9436 15420 15809 22216 20621 16752 6322 6556 20715 568 18453 26072 7850 18975 10691 12450 22016 23469 21699 8759 24506 9531 5648
11934 20544 2366 12234 17069 20208 19247 19660 11593 7856 14693 21457 17544 12890 9707 16533 12189 14094 15823 20055 3790 19271 10545 1794 10536 9785
6577 28076 11522 16251 23230 23344 12509 15916 0 8868 10148 26264 21255 16480 12994 10708 12973 12275 15498 21520 16360 9846 5750 8494 8155 11151
12103 12965 12502 22256 16229 4318 22592 16501 10348 20248 7183 15574 12473 8338 20808 11191 6026 14809 17151 16972 20776 15598 8783 14590 26380 9783
3761 28945 6813 9750 18136 16771 9201 16985 14376 14162 8193 5995 15106 14620 20958 8774 15485 12183 14591 19330 15438 3671 15702 9186 3041 13580
3568 14651 10843 17306 2632 14433 11245 21565 8615 11997 15634 23991 11563 20087 11040 18735 8369 13439 12753 22132 14046 16251 15765 13820 10841 11087
10591 19593 15193 12062 3121 22999 19435 22824 15830 15712 10513 15496 14663 19354 18937 14011 13088 19641 16353 9040 17272 7188 8895 19828 6729 12375
12838 7611 7242 5607 19304 12556 17153 19880 4836 14436 12657 17986 13591 13815 21278 14162 12726 14404 14464 15218 8268 13478 20153 6926 19245 10232
6002 18562 18784 11566 4991 8495 17584 20879 1078 8056 10716 18921 11457 9551 18356 6567 9931 17284 16995 12341 8138 12560 13879 5103 9180 10284
8074 7522 8478 12805 11859 16886 18084 19076 14835 12030 16200 22793 12468 12234 8475 2708 12147 17187 20497 16468 9967 22739 14591 15173 9232 13321
2927 15515 12410 8801 23070 9998 20161 25564 3874 9086 21124 19307 16090 16410 5861 13659 15120 11785 16803 22446 7466 11525 14057 14257 11579 9084
21992 25262 6068 14279 20564 12956 10026 16762 6822 19126 27878 11797 10538 10172 21947 19596 7592 16768 15637 20082 10278 16107 21675 7932 9576 12474
5234 15622 20447 9270 23655 13836 12246 22431 3362 6066 14947 5839 7883 17035 3861 9562 13585 15499 8738 15751 15183 17112 9344 15710 14962 13178
0 19053 22980 13068 17957 4831 8177 20081 14988 20054 5628 15489 1572 14687 13507 9617 9844 16481 16109 27730 11304 13483 6835 10543 17334 17551
10202 564 17031 4791 10328 21601 12012 19055 12888 12471 14874 14967 5979 14925 18517 14172 11702 18472 13335 16949 19059 22663 7839 4178 0 13482
11572 23917 9957 12591 22645 18190 21340 18997 7493 14881 15285 14134 14712 14134 11878 15890 7674 14801 16024 5551 28252 10900 12222 14631 4116 10521
20381 27716 5950 11278 9207 9593 10047 13915 12516 14588 21317 14155 9018 17164 7066 1595 16248 17173 14854 27030 15841 13702 14081 17058 11963 13225
9837 23841 16447 12962 24844 14717 7548 19168 9574 11819 3849 24828 12944 15430 16823 15597 9685 18612 11256 25012 28380 13400 13981 15289 9517 17723
587 17050 1724 9534 21217 15268 2101 18047 18362 16123 6995 15476 8740 14002 23122 7942 10509 16116 15875 16973 28121 11058 17279 11676 3350 13164
8861 28270 6555 6566 0 15540 24657 20431 14988 7934 12468 17916 17141 8845 9444 10934 15994 16232 18089 19424 13804 6539 24828 9625 5481 9536
20083 21342 9764 10067 3893 14187 14669 20263 29870 15823 21446 17866 8559 15192 18339 8097 17051 13020 21606 13019 17082 13217 22443 9744 14907 12535
14104 10170 17989 9169 25139 15735 11694 24779 21889 17888 18893 23148 14083 17971 21514 21666 16090 14879 12903 24430 610 10328 10621 1530 13721 12444
11424 11939 11687 17736 12845 11172 12002 20974 9388 26988 6076 19036 18108 18277 22122 15800 24798 12662 19056 22055 14079 7145 7918 13791 20803 12255
21293 7105 15531 14662 21973 11246 26676 20315 11235 16152 11750 14069 9817 15353 7218 373 15803 13063 9197 24135 11453 11620 17990 15017 6356 13310
6759 17932 11559 11450 12135 20040 14080 20820 10281 5997 11161 6960 8944 12208 8890 9852 15187 15245 16016 26852 28797 2205 8397 13348 16701 14952
14055 28161 20949 9408 35067 9728 23830 18518 21399 9394 13005 15134 5611 13712 12399 16835 9186 15490 12325 17353 25036 26210 19602 16392 13965 7080
19754 9920 17176 7414 18785 6505 11457 20010 19683 20868 11254 22320 8464 18102 15174 13039 11600 12316 18641 13651 0 19278 9773 16700 22241 9075
1849 23435 12823 12125 7688 16001 16452 21399 14758 12985 16566 21814 1217 13053 12359 8637 13319 15541 14229 13282 11654 6048 10868 12535 8903 12413
8464 26771 11594 14293 19698 17429 7808 21034 21501 8998 12876 8128 11285 18534 3953 18117 9714 11012 18374 16493 13515 13445 5224 15381 18628 9438
15857 22057 20197 14677 21694 8545 25111 19686 9612 15816 9048 18715 15085 18406 0 22265 4030 14353 15867 24198 21287 20119 8593 4917 2615 8419
11804 26551 13633 4448 26626 21299 11806 20302 4874 19273 13734 16216 19495 15038 15969 11287 12961 17249 18942 22470 10171 10587 12336 13630 11279 9532
19089 19313 20641 14889 16677 16498 31033 20489 13973 23389 18801 15256 16003 15223 7387 17024 23792 16506 14372 26625 18818 15965 18240 15315 9878 12137
11536 12196 14780 18762 29215 21749 12576 22509 12080 15403 11857 12641 4923 11978 6752 7719 18609 14783 20065 25928 22043 13057 18089 10259 13990 9908
5319 21649 16118 12437 13851 25941 15504 22962 9396 14693 6243 14240 8425 13895 20745 12844 3664 8633 16840 32045 743 12050 9666 20135 23983 12253
17717 15530 13912 6654 5762 2762 29023 19159 8820 18482 10636 15136 8160 10596 12232 13267 17048 19715 13248 17777 17905 8882 8033 4880 4174 8047
19325 6026 9165 8192 14138 14816 21256 22363 2201 30920 14311 25483 11034 14216 17999 16326 11900 17254 17403 16221 22604 2577 7902 4314 16702 8269
20093 7163 21257 5691 993 20092 8535 17920 5346 8437 5677 17367 8178 13714 11188 9651 17820 10850 11028 19527 8334 12384 7956 8168 19880 8472
14386 32289 17499 16484 19944 24564 18758 17370 10337 14803 13529 15945 13750 11657 16121 12581 10225 15680 15714 21022 24440 8779 15483 13181 8749 9893
266 22271 2948 8939 9370 22838 19663 17461 13780 6166 2152 20448 16600 15746 10061 5984 13779 21714 12073 15954 13281 15219 25907 4720 8604 13164
10374 5502 15528 11772 10374 14009 14714 15187 8203 6471 2926 21785 18804 15463 12733 13115 7187 14138 17048 18797 25790 11385 12531 17252 13877 10733
17389 11670 1775 10038 14207 20499 17026 19435 12205 12281 19656 8699 4490 12388 17897 9771 13575 16736 10969 21835 674 15369 14168 10211 13103 10075
5427 23957 30784 5309 13559 20053 10836 17489 9780 20037 4157 26428 20742 12796 8752 12636 11090 13980 20921 19157 37503 1635 10146 10746 21175 15815
14808 22248 5988 7229 13164 14326 21667 19104 15470 18373 2767 16329 16162 13718 13329 13451 9044 16663 15650 24479 15876 15569 26027 19297 14134 13910
6903 15813 8423 15798 10001 24842 13028 15676 12677 16055 15356 18900 2189 18344 9063 16380 10305 14328 13482 9422 16218 12822 8564 11923 0 11535
7622 31780 7113 16937 20810 27844 16995 15821 15943 14940 1700 16216 13434 12330 3496 18062 12934 16140 16722 24115 25311 14213 16195 1044 14390 13031
11124 20325 7177 4332 22522 5945 4849 26138 6472 9100 14395 16130 17570 15882 12106 10431 10130 16068 16530 19292 11360 14931 13640 7615 3442 13266
11882 20579 17322 10953 13039 4593 6658 20011 5495 15606 15522 21068 19927 14119 16280 4964 8339 15492 14198 13018 8209 12628 12215 10955 10695 13658
13457 7547 11814 9505 28081 17911 13009 21888 3345 17772 0 20459 3160 11833 17092 9482 19662 17037 16993 17491 16865 28225 20044 10976 12493 16036
17139 20748 16331 19235 16828 9216 7782 14757 824 11523 19289 13969 11422 16638 6180 11655 9178 17601 16176 16224 10225 10867 21238 13130 0 11916
4796 9717 20775 12705 27908 20942 18940 18922 19172 3290 13366 21822 12788 12956 22822 19097 10536 14306 11266 20712 21574 11039 18339 4479 3233 8781
2431 22109 15459 10859 9095 18203 13525 17304 15884 23599 10476 24741 15245 15407 1645 8939 5817 15424 13865 15739 19900 14636 26691 10917 14389 15770
11793 16121 12333 10916 16167 15623 11316 20999 7438 17728 21570 19961 10382 18548 18543 7398 10547 17028 14147 19103 5509 0 18066 9136 10087 9462
7895 24964 12275 8630 27739 24502 21547 19470 5162 13831 5995 15500 2288 13140 3586 16831 16274 14003 15086 28112 17406 10724 22031 12672 13104 8081
5389 21742 19617 10874 14825 10811 12819 16962 11943 8895 9938 16605 7548 14115 8381 1450 13340 17450 14319 23467 11945 12799 6784 17431 9206 11765
23036 23638 19982 19694 2508 7183 14209 16154 12078 28745 3367 16340 4932 16742 15122 6261 18615 17512 13243 16678 15396 14190 8775 9023 19210 13036
3835 16761 7667 9486 2818 25152 13950 22886 7157 11085 14329 19566 9197 15345 9373 12303 9368 15873 13611 25931 12574 11022 25027 8509 1431 7749
5217 5240 15253 7509 13087 20542 19811 19872 13546 13390 9155 18042 13549 10751 19844 9249 17120 15586 14109 22893 20612 3369 14815 21406 6880 12997
10886 14216 4067 19081 9284 21210 10304 21581 12696 21444 12827 21556 0 16492 3056 9131 9791 13839 18714 17057 8689 14368 12361 11243 22051 11351
335 11815 9431 14643 6952 20801 6885 18679 18275 13543 17646 11759 8914 18214 15207 8506 10062 15872 18524 26852 7052 10514 17533 141 10651 17041
0 23837 19841 15175 5949 4863 23140 22502 20567 2126 4399 13966 6226 16264 10183 18847 9294 11581 13988 13630 10381 14206 7289 3842 10574 8030
1159 20939 14928 14633 15043 23277 12496 23484 14747 15692 10536 24205 3447 16559 16706 13191 11769 20272 17330 20423 12993 14563 14660 10962 6128 10840
11847 11877 22040 1388 20594 17128 10528 20517 9259 6282 3443 17904 1824 15399 5241 11333 10256 18092 13519 20122 9991 24914 12362 11680 19766 7025
14277 9248 11528 18013 23485 19137 10622 22110 1586 12321 19715 19376 5678 13443 18415 10929 15702 18329 19499 17124 7354 10626 16221 22277 17097 12048
3979 15625 3233 12088 24669 13021 15033 14854 9950 13814 18517 11831 4243 16314 13301 14360 9763 12689 18640 20125 16359 17995 17755 14919 16994 11841
6174 27142 8259 11169 14898 3495 18885 18134 0 14577 19214 17087 17094 11606 9436 15346 10012 13926 17853 19871 8599 17611 22746 15251 14833 11371
8889 24031 18756 9138 32280 26919 10431 17316 8847 15676 8986 16741 2902 10112 16832 12632 6908 13613 13228 15618 24486 10612 7761 13596 16232 5013
11347 17149 12573 13469 12947 13561 18557 17547 14156 12104 19997 25812 8963 14087 20261 8470 15646 15931 13339 17105 2677 14528 16958 19065 13355 14652
17007 15640 23068 13244 20747 21893 8520 20286 22405 23892 24978 11240 20582 13761 11303 12411 19683 16903 10488 29831 17066 13735 10002 18174 15775 11092
2391 13959 18783 18242 18426 10988 11654 16967 7934 20183 1065 18246 15854 14143 17581 8832 1946 12426 12274 26899 6939 20901 13076 9786 10466 9431
15294 21159 8125 13275 10155 26188 25652 20243 6572 11564 8376 20332 5936 12630 21063 19286 14444 20556 15587 18968 29496 7888 21705 12580 12031 11655
3054 20270 1415 21513 11042 22159 23658 18033 16364 10372 10440 21723 17958 11981 7930 14110 5545 12374 17274 22266 8808 11099 11305 14990 17880 9967
13122 14978 11784 12398 16553 13591 18099 18282 9466 13874 18546 15320 10083 11799 19497 13693 14562 10695 14091 25780 8018 17143 5398 11186 8108 14613
3826 18151 0 13327 11491 19063 9779 17918 11513 22881 14471 25198 15040 12466 16203 12008 13568 15084 13537 18560 30601 13060 9896 1954 22551 14311
2554 19171 1538 12942 0 16294 8482 20820 7657 18158 5017 22829 18670 11929 2768 9548 7189 13487 22072 16548 4753 11836 18613 10345 8435 11950
0 4109 17498 9022 0 1736 17284 17827 14730 13286 13744 21494 6280 15752 12360 11637 11560 21002 19192 23816 10072 17361 12870 14712 2624 11204
9352 24362 2373 10172 2797 6631 21437 19377 14562 22000 15891 20860 8950 13906 17096 12051 13897 17794 18257 15351 23939 13624 9315 11678 8422 14624
8594 14646 10650 14538 3663 19200 24147 18096 8505 12384 11954 19097 6309 13660 17842 13601 6060 18314 17386 21436 2887 9879 17597 18592 12795 12456
13900 13622 2656 10245 3255 15415 19400 14941 21609 25130 1744 15680 10355 14312 11715 17298 11583 15022 18636 19127 19967 17308 10927 8719 2960 9406
17049 16933 7658 16234 13693 13403 17452 19231 11499 13891 11028 18661 9067 7254 9132 13094 7450 10731 21293 17101 14176 18667 6686 9127 10483 13364
14898 37295 15905 14444 18814 7963 23302 16218 4891 17037 22324 19221 10718 19286 20425 10797 11300 13072 9698 19188 9916 1249 8120 16635 5092 16501
11876 8495 17543 9287 6932 18091 3249 17684 14408 6586 10969 16634 4004 14063 16046 19570 17364 17135 16029 15643 0 19928 6669 6532 6401 16024
13738 21399 11823 14844 23392 20045 5878 18171 11950 12090 3700 17842 2272 15310 17229 13970 18670 12260 16589 24188 9672 13341 17031 12675 16676 11948
11757 22193 1570 15548 18525 32625 14673 17575 9330 23896 9566 16495 11457 15777 18133 11033 9870 14962 14184 16975 8127 2313 6192 19786 6015 13163
24045 21986 13304 12521 16631 17162 11034 18507 25631 9961 16439 11169 11352 16308 11741 7377 13942 10200 11176 14732 13424 10465 16692 0 11508 13403
5765 18699 13689 16410 0 20903 23553 18958 15835 12656 16822 18119 9083 17208 21164 8696 14758 19996 12581 18264 4461 18901 13863 18333 494 11817
23474 21570 8358 16232 18189 8969 12398 16953 20814 15296 20417 24208 17071 18021 15320 9372 9125 8853 10955 25590 20307 21321 20740 6399 3996 19574
15627 14339 10304 7725 21476 10359 9603 18100 19798 13339 1681 18982 13929 14006 4354 14481 12020 17310 14082 18272 16028 5137 12668 3903 7125 10779
16558 21876 13293 9987 17838 12876 18039 18423 17282 13655 12798 22065 17121 15768 17265 4843 14940 14041 16601 19268 8164 15721 11845 17708 22578 9726
9284 23787 14095 9896 16005 15097 15649 22215 9527 22349 18232 14147 16927 16596 13583 4355 6723 15990 13637 21516 24499 14876 22341 12967 16062 13283
22016 35206 17862 19563 12710 0 19297 20360 7640 12104 15998 17278 23212 10072 13366 9827 14291 17411 16305 11657 10124 1545 19906 13514 11323 12627
8009 18262 17812 3891 19037 17657 5474 19866 7076 25813 12722 17077 5523 16110 22292 17054 17670 12684 16486 13369 18948 17472 15927 9620 15794 13521
22011 12787 0 14608 18023 17981 15555 15880 14812 16175 19126 5879 10714 11341 21805 3257 13914 12593 16702 12498 17478 0 6906 15736 22018 15983
7483 32311 15384 10676 12521 16123 19495 23731 7618 15312 9818 11618 14265 13024 14133 10183 11329 12984 14556 18781 18895 12696 2999 14808 7720 12322
6622 17521 17785 12596 16875 14883 19529 20786 17666 20600 16814 20186 11415 11131 12527 10946 11371 14282 14140 23790 22136 12484 0 20210 7317 13310
14688 11388 11907 13323 18279 17770 19825 21604 14366 4259 12576 21865 4824 18457 19787 9263 11769 12209 15607 19108 2445 13147 11328 3348 11725 7651
14200 9647 5553 12231 9315 7058 17337 19919 5283 0 7568 12789 9606 12574 4246 18660 11926 18228 15536 16370 25110 23925 19859 13629 15206 11886
8626 1571 8646 13164 19290 18264 14205 19625 19080 15294 18874 25019 7296 13459 14199 10415 11146 15147 14161 12853 15951 14890 591 9019 12627 15093
18296 11486 18631 11165 5259 20948 11513 17842 19130 7497 14475 14313 9066 8056 25305 16646 17180 13828 11317 23253 17588 16807 10244 14261 13636 14362
19679 14057 14824 6670 26100 17060 19162 17116 15177 10097 3363 22725 11735 13232 11477 12388 10153 17169 16638 14341 16900 13333 17911 17440 9735 14938
14154 25622 16377 13911 11461 17614 15982 22032 10276 13742 20877 17352 5442 14703 17006 8107 9359 14145 15241 23322 10842 4951 5914 7540 20883 9151
4352 10232 8663 16095 18182 22436 10517 21252 6150 11195 10538 19742 6310 15011 6758 14517 12865 14787 10365 13837 23636 18563 17884 11334 7200 11548
4021 4304 0 16677 18020 20023 20114 21176 9628 10703 12513 12772 14308 11039 12723 19484 8683 13270 10659 9972 12331 22687 13242 21888 17671 12691
17266 28501 9033 7483 11765 7075 9312 19320 13078 14152 7605 15367 6986 14146 16251 18807 7887 12697 10820 23784 25777 18357 12731 3796 16956 10332
2238 19998 11755 19448 19334 21649 12869 21231 7113 11093 13534 17993 7371 14242 18628 10910 19855 14465 9550 23763 21143 14862 12816 15485 3578 9557
21855 18337 13412 17484 23687 16637 10902 22297 13976 16766 11286 7730 6749 12606 20744 0 14625 13977 10874 16864 15167 13943 19236 12172 12610 11524
3562 21408 0 14784 14054 15695 15981 19003 570 27642 2567 21935 11246 17929 8298 11205 14005 12821 15119 12676 13291 12482 15714 10620 12103 11043
12763 12215 16218 18551 13488 20112 17741 18707 5527 1733 6962 18966 5193 13929 4119 11842 14497 19322 15362 16664 6861 4612 13475 7017 15243 14763
16558 14312 10315 4363 8853 22128 13082 21193 3966 17974 3566 30362 13197 13805 26431 22620 6496 15740 13709 25219 4108 16913 12789 10904 5059 11570
10228 18275 11587 20782 9293 6510 12292 20290 16232 21152 16428 12251 2951 12578 2773 19527 19674 16841 12629 24476 15100 16746 20048 12023 11503 11781
9220 15816 5655 11316 31993 14278 19938 18396 10102 15082 9431 25845 6250 9027 20580 4696 16791 17614 16060 17728 11709 9395 16745 16460 9568 9891
14423 32711 23914 13799 15030 10054 21826 20003 15281 20308 12029 20236 9897 13193 11914 7251 10751 16531 16497 13689 31180 13513 10373 12019 19792 7124
2123 21973 18776 21984 12283 13178 1643 18910 15539 10825 0 17073 14672 14172 15248 12963 12997 16429 16929 21749 3087 9453 8159 5315 8742 12199
16737 14678 0 17533 8383 29262 19856 15913 6181 18872 18253 29458 6985 16617 8742 4181 15514 19234 12390 23050 12810 6744 6693 17125 6407 9722
6062 18315 17842 14516 16308 12036 13300 19445 2875 20728 12246 14414 13800 12587 8907 7529 12341 19921 15732 13772 15399 16857 11786 20657 16679 9603
20223 22425 5291 12398 10831 23009 13367 17478 9997 18847 10145 21593 14952 13751 7339 15855 18071 13000 12297 18556 8787 4780 11235 21821 10256 7714
18157 19991 14318 16115 13907 16700 12838 18947 17111 16668 12830 16537 12275 12340 20618 13332 8928 14853 19141 20482 25091 22003 11799 8304 9915 8832
12134 26317 25195 3817 26480 24664 18851 19167 11128 16577 1733 13916 7554 16825 29755 19041 15584 17813 14849 16344 9092 18544 9331 7750 4101 12510
7941 12813 12803 16895 0 18640 18555 17293 23319 25907 1092 15606 11880 13551 7626 20671 7584 17835 10662 17361 6168 9503 19427 6701 14856 11236
0 30031 18933 10046 9855 9503 19842 18870 7565 15704 4096 23247 0 16032 5317 23009 10604 15799 11521 15446 9335 10853 18293 11279 11711 6717
7304 5288 5184 11453 6151 16821 12088 22918 11641 18644 833 26452 838 10065 23219 9229 13542 13200 18481 16781 0 11051 11659 9273 16811 9945
1035 19542 18659 11499 22484 14545 31737 15327 15253 19693 15400 17361 17372 8675 25197 34 14947 14853 17736 17592 16974 9276 4871 9276 11131 13271
19852 31922 8331 5959 8408 6822 20070 19795 8549 20502 31811 19382 6517 11639 12887 8416 10729 14650 11086 17092 24286 1827 12500 17186 15298 13225
7541 12891 0 3127 20797 21109 20792 19782 11244 16486 18394 16249 12870 12886 20560 10143 13389 15660 13024 21657 26278 11515 11612 1919 10946 15204
5547 2013 17782 1077 9665 12355 23099 22127 10314 15461 12386 15099 3499 8804 13165 18501 12564 19882 16992 24555 9372 5815 24173 11223 14764 9260
10666 28457 16560 9372 8742 25227 6596 19886 10970 16551 17875 20420 16195 14135 22526 0 4982 16499 17761 28457 7514 9064 23875 19561 19121 12923
0 17861 11296 13684 8115 18423 26715 16023 5542 13050 13739 11076 8235 12827 18833 8020 12223 10697 19256 16141 2370 15966 7903 19348 7097 9623
10978 25728 10599 12561 0 13716 20078 17438 14984 21936 18197 15355 12439 13534 5662 6055 14384 13075 16346 17218 10606 9612 11266 8557 6361 10659
10644 13083 0 12989 16843 3525 15436 19539 5698 15342 18649 21399 10356 14348 18237 18791 6416 15655 17955 21241 12815 27424 13536 20491 17042 11238
15233 9766 17770 12869 0 7458 15014 16053 7673 8838 11061 16176 21622 14107 5807 18584 13113 12813 10138 18788 31148 10483 6412 6556 11948 12836
8823 10615 0 14736 12269 21012 14086 21225 17420 15713 7287 15506 9116 13530 5073 12206 19662 18101 16139 11008 198 9777 10950 10796 1649 11289
486 15354 11002 13471 22187 11853 9967 23546 12721 18211 844 17644 15964 11570 22584 9696 16413 18878 20847 15387 13270 7529 14803 15462 7740 10062
17043 23196 1933 15117 7784 17719 16718 19047 11783 14629 12697 7093 5489 10948 21342 10977 11303 12460 17801 20368 19507 17759 7147 17456 8210 11545
3359 21942 21219 10869 20754 12563 22954 20030 7433 14593 1847 18280 13992 13357 25430 7284 3471 16842 11872 21844 16076 15787 11456 10182 9444 8246
10696 30544 0 2931 7384 23630 21107 20300 11518 16676 7883 18582 3447 13145 14813 14342 16024 18760 11233 25932 20803 17017 9643 18467 6122 8087
27723 21975 17162 3764 1921 23439 17456 18860 21925 13670 12926 13413 21378 9551 22229 12581 9125 14059 18910 19405 12008 12064 22225 6513 1518 10874
14694 26347 19 15164 22562 19353 12624 19175 9810 14809 11641 15395 7953 12467 12387 11282 2128 19965 15588 16735 20928 8381 18225 10698 11280 13687
19003 20170 16267 9450 24871 20801 12772 19875 8482 14072 14750 16593 7476 16632 3087 8622 12589 11033 12776 23582 10987 15298 8893 17117 26107 12665
11444 18557 11826 18127 22471 20772 18050 20462 10873 15289 13396 17910 5311 11304 12844 15170 19468 14282 18247 18350 15520 12547 14427 13449 11379 12548
16005 21051 14732 10963 646 12417 20675 20436 15588 19111 13622 16759 14378 10660 3137 22893 13703 15492 14383 24324 15810 6012 26991 12652 7551 8795
4076 8289 12603 9716 18802 9493 13549 22546 15215 17501 6100 12795 10612 16879 5505 16637 8738 15217 8570 23328 8015 18695 26635 9266 6151 9875
5162 23929 31053 12564 14025 18763 17284 22150 8839 20751 14128 17477 8430 12773 10322 13208 17097 14379 19655 23105 3577 14136 20235 13899 15981 13566
13476 8415 6602 10968 3746 30092 12874 16862 17182 17870 9780 18514 6754 15460 23981 12869 11952 14128 15345 17795 15111 9060 5597 19411 14681 13916
9459 25057 7186 19465 12322 6167 7269 21450 19504 18180 818 21419 17525 12928 26122 10772 19158 10641 13948 20939 27145 20073 12607 10557 12374 12562
19829 26387 11691 12825 26792 19582 22561 18308 18245 14689 16342 21961 18118 11542 28943 17797 5216 13671 20646 28998 21987 13784 6885 6441 13573 13608
13072 33207 7465 15809 17677 19098 18452 19565 7733 12903 4112 21656 18715 12247 19085 12196 15097 15175 15782 17923 21394 2894 14848 12576 4509 11037
12546 11702 8653 11602 17021 27945 9296 23166 8448 20452 0 13674 17861 14920 18124 11039 11940 19964 13462 15932 10602 8651 8761 15823 10294 4539
118 22351 6462 13506 15936 24329 13955 22027 0 14394 21896 9942 10736 17143 8950 17981 13848 16947 17363 20813 7611 13545 19081 14883 2744 9836
13393 20669 20009 16755 10177 21241 25715 18317 3877 9651 9112 10504 9472 12144 2986 15946 7416 12775 11265 25763 13204 3253 24533 22100 11116 7674
3987 14519 0 11677 7964 18353 11501 16183 16603 14746 3166 15985 11799 13962 20524 9642 6841 15890 10661 26216 9803 11523 0 4672 17218 10261
21652 22862 18583 13146 21959 17099 18100 18180 13475 14929 21231 15838 3654 10903 23301 15085 19951 17593 15565 13085 16320 9176 10048 10009 8297 7838
23337 28107 13599 11751 27145 23967 15026 21503 0 18465 18759 32915 10258 10793 18209 6864 14329 16586 14000 19548 14829 19386 10550 7623 12524 9202
21805 19978 15213 14082 22496 18721 13551 17171 9549 15069 11821 15392 639 16602 18383 10434 6158 9323 20306 15810 5909 4357 12413 21042 22064 10423
3878 14362 18015 16074 21266 4501 18489 16110 0 22601 3230 18815 6424 11814 18078 2486 11761 12353 12422 11732 11183 22077 10981 13092 10987 12740
16574 15060 14928 17982 19645 20785 21895 19033 10964 14081 14345 22418 17486 16894 12965 7602 16482 16342 16695 11281 22242 12854 28807 8454 14032 11301
11899 23590 15808 7863 16215 24180 20150 18913 20374 22707 21634 24298 6418 16180 15287 13048 9913 15088 15881 19887 24346 10653 8404 12356 9449 18517
5387 9465 11739 10517 4425 0 14548 16350 19759 14630 12926 17495 9631 14701 7428 9554 18846 15077 19465 22126 8661 17198 14847 7498 20771 9358
8054 11679 8806 14975 23895 13524 11717 21406 11484 22328 13886 14496 9111 13585 7611 17558 10691 17763 17278 24113 10927 11923 10375 8179 12810 10667
25202 29294 14640 16531 7696 6713 11716 15806 4773 16768 4786 27727 0 14043 18305 15630 15622 10835 16834 19818 13317 6103 20603 12678 14163 13314
15308 14110 4903 9549 8406 15995 8134 21999 2795 12942 5404 15822 10610 13146 24503 1390 7769 13439 14193 24737 10649 15355 5375 15979 12685 8721
5251 17440 16865 6901 23136 22206 11188 21309 15679 23239 11217 19192 17493 14445 8167 11273 13508 17483 17545 16807 4529 22714 5723 17392 18348 8885
18589 25383 245 10257 6834 4730 20721 19058 11247 13408 3775 21691 9930 17981 23589 7730 5387 14874 19610 21189 28207 5291 15214 11340 12142 10267
11022 11074 16434 13015 16026 22426 20681 13634 8184 14070 12784 20268 12551 15356 18218 9745 4484 17140 17070 18730 18312 4304 4729 15796 21965 12709
8645 32569 13274 7170 10750 17720 8813 19357 2823 19074 22163 15948 782 16788 6624 15777 8229 11110 20446 20761 24052 10748 15051 19231 6282 12642
5876 34201 13408 18288 10595 13928 10034 22277 7605 23584 5688 14317 16995 16235 5352 14257 17085 16125 11872 19147 28585 13963 4357 8149 14379 10908
11479 34229 10236 11693 5860 23422 22515 17329 16720 28122 4879 15942 22361 15625 14613 13782 5560 13306 16879 13665 12009 22337 10117 4112 10296 12647
6190 23615 16338 5769 0 19730 11020 19585 8489 11152 17741 24448 7292 11294 26889 12760 23301 18941 14568 16306 16659 13919 13498 4875 19579 18562
14820 25712 21988 15443 23774 13272 19971 17728 27843 1774 11600 12324 7019 13922 19841 19459 9423 16920 16860 31680 11541 12294 11511 12820 7425 11808
20148 7175 0 7736 16014 14348 11534 14490 17886 16599 16166 7981 6582 14633 14584 13935 17171 17724 18341 14061 24279 14483 8732 16105 11675 17007
9024 12835 8141 20970 21445 18356 3054 17739 10168 22855 13460 14391 6254 9208 19164 13568 10877 14896 15185 15478 2034 14954 16332 19788 8833 13133
26259 14959 6430 7651 14596 18946 16767 19621 19540 23512 16303 15423 14144 8526 6641 7682 15232 10671 13998 20083 11064 18433 1950 20142 14905 5477
9138 26601 6210 19662 19241 20126 1827 19982 16388 8169 0 20185 216 16732 26687 9325 5017 11883 15836 23573 11465 13293 14237 5049 1603 13498
13901 20365 19059 19563 28070 23854 19770 16619 6463 10343 11084 20369 13072 13955 12304 14216 13217 18348 12486 20348 16712 5737 6909 339 25551 11921
5363 22195 18058 13449 14731 9328 4887 21301 9926 19449 6183 20138 2817 17966 18398 3550 17220 17303 17158 18382 13793 14228 20020 11860 12866 11787
10215 18755 17455 9739 15423 30296 8526 19933 15491 13821 17449 14277 8040 11949 23326 1293 3686 20854 15118 12760 18387 12479 21126 8260 22630 11110
20970 14049 21839 18749 14709 26398 6899 20037 14169 23322 337 12636 20994 11396 7404 10756 15529 16029 13502 15781 10856 28780 14281 7585 15224 12778
18650 24084 3656 16293 12092 23006 24370 15425 15364 15846 6729 19171 12099 16597 21396 13772 10109 12361 15201 23209 8458 16550 19784 9592 0 12924
8830 25282 7544 5650 20241 20684 14440 19307 3473 18285 6528 20037 13983 12018 13618 195 3756 14824 16444 23725 14978 19232 8203 10204 10028 12157
923 0 14275 11588 11931 17338 8551 19302 5002 14037 3228 11872 17730 14880 16448 8080 15064 16016 16221 12886 7682 15781 20658 7848 18596 12855
730 21036 0 8922 14569 11873 10911 19276 5052 15365 7480 12476 15414 12037 11066 15274 20591 16871 18234 18533 22049 14661 12123 11469 24966 13688
627 12242 8383 11480 10816 15197 37915 16885 6785 7701 19145 21048 5107 15562 16906 14900 12886 12600 16548 16465 26679 6296 13653 14799 5548 6664
10556 27451 3288 6733 11859 12338 16147 15524 7251 14668 12732 19247 11004 10597 3253 18503 13126 17134 16114 21882 25616 3169 19862 3045 18235 12305
13647 13015 18545 15141 17975 3788 13406 20684 816 19949 16706 21514 15873 11972 5859 14015 9030 16488 15018 16951 12732 10577 8946 17273 12871 13495
10563 20493 15925 20099 11780 6569 13119 20000 6045 22525 17850 24119 8654 16999 22023 8036 4887 13132 10857 14261 3152 6484 16979 7034 15527 12789
12821 15760 8212 8281 25829 31279 14593 18739 7790 6272 19616 20549 12091 13232 14166 9709 14217 13004 15077 23270 24415 19964 9210 0 7975 12379
2464 17758 12999 9394 4016 12957 5516 19990 13818 17391 16840 10821 12245 13351 23365 10397 15552 18695 16934 22588 18042 8461 3590 11917 2044 13220
18644 11826 10484 9086 9977 9398 8651 19066 15384 15724 832 22220 7501 9553 14249 13780 15877 14280 14577 15886 14145 8783 12522 10579 8078 6529
12585 26649 7417 13811 16101 16692 5995 17979 20237 10370 3729 13319 5004 12613 11787 12472 15270 18277 15684 22926 10597 22255 18900 11723 3690 13105
15361 9167 8983 14371 9461 16636 12044 18600 14259 4715 17498 12274 11518 19486 11148 16039 11029 14582 12830 23423 11029 18101 13871 19616 9344 5716
22561 0 0 12739 0 18039 18719 24089 19200 6666 15890 18780 17963 15845 30880 6978 17376 18337 17601 11437 23041 14608 18412 8740 2666 14088
28472 21703 18277 8777 32910 12467 9489 18007 14702 22959 16836 9421 7169 11595 22847 10820 12355 12815 14165 19783 21166 15440 20252 14093 7739 8155
5650 27001 14405 15753 17816 19809 7184 20527 8119 20758 22152 14779 7060 14425 9411 13633 11458 12429 15527 19693 9128 11469 17057 12556 13311 12291
18318 22100 9223 7450 13351 32618 17922 19472 17850 24535 0 14404 8835 17337 14328 22133 11076 14904 16002 20789 5543 11723 5135 12892 15174 8393
12086 21642 13145 22789 17414 20613 24476 19656 9553 8161 12988 11254 11542 14600 5576 15422 15211 16991 19259 18445 12557 17095 19952 10330 13326 18280
16709 26160 6999 10278 6310 13178 14098 20355 24927 12022 17945 9681 19750 15149 16277 5678 8573 16012 16548 21493 0 21620 14092 9979 6898 10637
9798 22817 10957 9281 16928 25299 16385 20344 9187 17919 10986 17533 7908 18716 6300 8751 8692 15134 17497 24531 20711 16346 7795 14126 9096 9704
15951 6739 8274 13147 21941 23113 11641 20046 20918 9532 5659 18327 10032 15027 16046 17532 10354 15577 18806 14759 10872 17128 15299 10200 3070 15724
6756 3055 14057 17150 20593 11357 14333 22011 18616 15899 13441 15068 13622 16068 20202 17002 12346 17891 7707 12104 25159 15416 21288 18989 23511 10644
2790 15627 7176 9922 18478 12987 16048 20873 19654 20258 9134 15747 10005 11174 2253 11156 5463 19154 16378 22346 17078 11078 16938 7911 14404 12971
0 31173 13554 11752 18938 5447 8556 21353 13153 13755 0 22175 6841 12552 15344 18002 20696 14435 11718 22830 5025 0 14280 8354 13365 11846
15389 11951 0 13127 2375 9480 22241 22560 11867 17792 12417 14305 13440 16254 14452 9844 11823 11907 18215 15266 14051 7776 18098 6017 15416 11304
5373 12606 14578 5200 29999 15906 20394 18484 11626 16047 22742 20206 25399 14938 26392 4428 15359 15713 12319 18777 17498 7427 17680 12515 6369 11943
0 11304 18794 17760 0 12118 10207 16592 3958 21530 18000 14794 13126 16192 14559 13039 9578 13635 15221 22598 20146 10480 9874 15324 16493 7662
17359 28559 15393 9637 1745 7989 16923 17938 5569 8620 7333 13602 582 12300 16068 2990 13730 15929 18720 18569 6423 7528 29664 7335 7179 9834
3270 24403 24012 6404 17706 28620 24491 16757 9240 22419 17229 17462 18994 15735 3912 6496 16528 14750 18368 14381 9384 10160 15511 5969 16981 12460
16436 20639 16045 15264 7497 7115 5530 21799 16871 15726 11641 23333 11440 11599 12469 10534 8239 14606 13277 18974 8906 17208 18912 15554 12028 10015
7590 27712 14904 8757 19112 18142 13003 20339 10333 11195 20511 13093 416 13162 12315 7610 11631 19551 13654 16841 14619 13125 16521 16920 24411 9906
23051 14185 8959 16778 8447 27833 21186 19711 2187 10429 23769 21742 18811 16609 17856 5672 14220 15340 10593 16075 28667 11989 19631 19500 22876 8813
21275 0 17458 12390 13398 11481 15193 24624 2348 24272 19523 15126 6451 9153 16446 5725 13359 14319 10396 20134 26646 9539 1712 24801 8157 10035
2853 10688 9440 6527 21079 25209 17049 19816 10291 19975 8914 18255 13024 11497 9923 4832 7122 18110 16132 20462 25626 19008 16475 10982 13412 14923
5894 29489 23245 9950 19801 29659 24247 17832 20785 17007 1435 23101 19249 14205 22026 12962 13041 16040 18679 26098 14716 11716 4998 12557 9209 15000
4611 21239 8743 7693 2800 25520 16104 21191 17895 18747 15629 19578 13684 9111 4755 11218 15385 16394 15224 18593 10393 10374 7757 21780 14415 10006
14964 19937 10840 21154 18061 10183 9423 18577 4136 16146 6712 21628 7306 15050 23583 24165 24349 16309 14208 23972 21724 14210 22286 15592 14162 10368
17309 18940 9776 9859 18914 20310 6051 17021 17808 20514 24351 22538 17638 7486 22073 7848 17545 13884 14723 7997 17753 14524 13825 13384 12938 13782
15335 30512 10937 22517 12032 10350 18338 23209 7817 14722 22779 22031 16779 16691 8879 10863 10422 19840 17311 18320 10637 16507 11924 10890 21298 10648
20884 18683 7933 10290 4559 14134 5163 17214 12331 19650 885 16851 5537 11982 24551 9732 12573 15756 18844 18911 10395 11492 23199 8206 16190 12581
8878 24744 13628 4041 15187 12806 24798 18961 15815 18252 13061 13475 12174 11733 20141 15825 17416 21060 13647 19004 20047 3816 13790 6554 6354 12895
10052 34045 11727 21241 9295 19248 10429 18960 12973 8263 21985 15506 12350 16442 12573 13988 15143 14883 12194 11004 488 4499 19880 9323 24502 11624
22035 11681 3006 12572 25410 11752 16220 16150 14450 14044 14452 25091 8902 9134 20559 16072 16326 15004 15139 14223 0 18743 18580 11392 10017 9183
25139 21372 4069 8319 13699 17690 22712 20086 6023 6542 7161 20128 8489 15273 4338 1226 8354 18578 21105 14562 0 0 31236 12060 14324 13897
15770 11166 14388 15319 21698 11134 16821 17354 11490 20565 14617 16570 8382 12795 21243 9172 8735 17065 16110 4852 9221 7050 10426 16097 5540 7326
9704 6372 20620 14333 1092 20412 26683 19115 9235 19037 15902 20647 19847 14680 9076 17976 14687 15499 16012 19201 22441 16904 13573 7035 13923 14752
14902 16585 7500 20918 13700 11533 21447 21514 0 19627 20084 26210 7349 14754 27324 20826 15414 17775 14171 24955 12837 12722 10889 8593 7478 13384
4227 7455 22615 15115 17373 21706 28337 21204 6057 5206 12432 20180 16877 14843 21769 11023 10648 19275 18285 21807 15896 11645 13809 12310 8422 12883
0 2686 13653 13274 14467 20411 12298 20866 12381 11100 0 19479 10165 15416 16562 8633 12818 16679 14042 18809 24404 14258 20713 10986 12322 10014
9160 16547 9788 17144 22521 21005 24835 16606 19589 14641 10316 18348 6352 17219 14593 9073 12624 18074 19815 21959 18906 16534 10369 5642 3136 7279
26002 34830 12188 13176 28809 25964 12686 23663 15125 12791 14834 21155 17255 12360 15635 1480 14990 13465 19850 19762 14817 9624 8037 21239 6337 11739
17746 13557 11486 6105 11259 29098 23231 22544 10763 16147 11669 15995 3616 12005 18283 16468 16379 16812 13493 18968 5485 10319 13174 14292 9663 13851
16130 18766 13045 16775 14378 20926 21081 20691 10486 11234 0 21667 9302 12480 12536 6271 5571 14859 17236 25853 17570 6930 8891 4789 17558 9708
7956 12122 13239 8255 509 10026 20820 21015 14405 18256 8461 15032 11833 6740 11797 8561 15912 15890 17894 19038 15482 7647 13468 14455 8353 10691
0 16627 15549 16536 5448 30982 0 13237 6752 24327 26969 7927 6925 13410 21089 13987 8465 16860 14717 19977 9131 14559 18115 14733 7817 14801
8645 16453 11655 10226 17535 22500 15300 18988 19980 15539 1240 16225 8710 17830 5724 4596 20080 14168 17954 19934 21689 19248 16003 9708 11896 13865
12549 17929 11471 9997 15176 11104 6717 20426 12669 13440 8350 13180 2861 15729 26578 12594 4552 16850 14663 23185 16006 15646 16673 12607 18041 4459
14741 14903 13968 9498 16751 16350 0 16676 26571 16944 0 16777 8530 11630 15907 18366 11252 16129 15079 17588 8036 18656 18061 10608 230 12313
3401 12086 3720 12417 8246 17878 9434 21796 8174 20206 7627 11398 9399 14785 20765 14640 14447 14943 16474 14315 23539 28340 13434 9691 9028 13455
536 17888 12510 13045 12403 23395 15845 19481 10135 4698 6000 22870 11250 14690 23396 20788 12710 12917 19481 18000 26891 1765 7821 10870 16279 9754
7426 25741 9063 10409 16018 15874 14009 19346 12944 9021 7436 13546 18411 11787 19116 15901 15370 15303 15558 16692 334 13605 12004 15143 26037 10202
7450 44143 10439 19344 0 17075 10177 17983 7884 13298 11129 12362 7095 12654 17353 17206 14315 17253 14452 16625 8549 6461 15517 7467 4739 13119
9318 22847 20603 10605 9267 6927 17429 17677 20696 8616 8858 16157 11785 12429 11979 2402 13937 16394 19909 23647 6098 6537 13165 15132 13202 16259
0 17584 6640 13575 0 22702 17516 20591 7216 9272 25144 18086 749 12227 13523 11961 15092 20431 12570 26029 15656 10159 19395 11296 10074 14976
5409 28742 13047 8876 8391 18241 25079 17158 3347 14386 0 6079 11695 15758 21776 9675 16767 16808 17195 26339 12837 24244 23250 14666 10316 15284
0 24215 8786 19714 16177 11656 14801 18088 1777 10100 26300 17481 7037 18076 20276 14273 23290 13407 13634 18821 8791 15634 6300 15449 18990 9101
5494 3042 16266 14803 27924 20707 17538 20496 17332 8465 12859 24476 11037 13114 19300 11951 15466 18346 22065 23931 7244 0 19340 17666 3658 13024
11977 24018 8245 9048 2298 17597 18523 21879 11320 16092 18324 12270 9163 22155 21387 8791 9050 15148 7458 10460 23011 17768 12392 11005 10674 11008
9220 24612 9528 9018 2757 8854 5689 21856 9255 13371 8295 18804 11678 13525 9341 14574 18749 16831 20111 19808 8795 13623 12447 11251 7711 12074
8954 15065 14863 7631 19225 18300 22647 17641 9362 16700 10286 17666 4385 14348 22821 246 7223 12810 15027 16999 6550 3403 11514 7338 9222 13621
21915 31238 24636 4820 13491 8851 29439 19860 17023 22570 11248 8432 13292 14043 12271 16041 13875 16296 15472 23759 11128 21340 14271 13473 6899 14812
10478 2983 0 11788 22620 18753 14568 21766 0 21590 0 20294 8639 20730 15652 8209 12487 15725 13016 15951 20183 13556 20447 17972 15192 12724
9391 4906 10359 14574 19747 15501 11449 21579 6799 13439 13976 23134 6181 15922 16222 13031 14178 11983 16699 18476 28724 16182 17618 21239 10390 12363
3281 5889 9967 15997 30516 22900 6287 18878 14609 0 23050 19706 11840 13244 19346 21336 7853 18503 21995 23829 0 5819 10223 3435 20124 9980
7546 25435 13152 12454 14743 0 22475 23462 11054 15789 20296 5894 13907 13865 13896 8546 15154 16782 10732 22951 18679 7476 19689 6151 9323 9153
6929 2555 9693 6345 18324 21337 23668 18973 903 22221 7213 17344 13180 8826 9172 18078 17205 15412 12766 24420 20097 24949 18100 3360 14988 14695
11576 16858 6299 13639 8998 16737 16192 19146 12643 8570 8952 29480 17963 13901 13742 10979 10290 13867 17707 12910 16910 11935 27370 8051 8110 5648
0 18814 15018 21686 6992 30282 1770 20955 7710 7974 0 10264 10095 16035 18809 16297 13279 17453 16301 22094 9582 7188 11691 6173 12501 12822
4726 11988 17849 10195 15419 16158 12557 19245 3300 11774 6976 16649 8212 17999 27296 6862 13802 14497 13349 20435 6260 6742 14521 4269 6263 12389
16626 19266 7362 11130 17320 16632 20123 18900 7100 16377 14554 17747 8945 13730 7988 10819 14219 17383 17458 17846 5959 7614 13444 4920 14487 10599
12039 13014 21078 12193 12482 14345 6970 18886 13731 12064 3993 8178 16767 13368 2681 15589 19341 18673 10890 16400 18350 17860 13380 9145 4424 11283
