365
1 83 16 9 45 20 49 11 1 23 83 26 21 36 99 91 33 12 47 30 7 59 29 49 97 21
9778 15992 13644 12737 12552 20133 23433 17653 8303 16707 17690 14402 18961 1277 18763 11856 11067 17511 11063 6803 10079 22834 10418 17980 21830 13172
14260 20229 15939 27140 9614 18353 9107 16595 16881 11625 8716 25791 0 21936 12913 18580 16340 20721 5933 21665 14576 18640 18941 14299 19609 15532
10733 1775 19624 22817 23381 13046 10048 14609 12944 16423 14589 20900 8516 0 11018 5270 11510 13915 10638 25180 10851 23072 7943 21562 19200 11740
13028 22155 13655 26667 6560 13319 10173 21207 18786 14950 10756 15136 12754 9400 17262 8209 19180 18758 10333 23637 14785 17812 21069 17060 20007 12666
10835 7005 14624 24856 11307 21348 17221 17984 10727 7564 13658 25342 8840 10913 13248 14832 9776 17958 9772 21876 15869 18310 19677 17971 20268 14452
6443 23969 18460 21729 0 11576 3164 19491 4469 11043 8461 17286 8529 14019 7362 15394 3466 21164 7871 14474 12538 19825 18322 11372 19638 9522
9108 0 15276 5698 8588 12804 10845 20269 15576 14132 12140 13735 19571 15168 8158 11851 11826 15037 10142 11952 10146 23699 17591 12911 20798 16221
13212 17638 17529 26698 3707 19145 6149 25877 22151 16410 10024 16293 15088 15170 10094 20033 9124 16870 7650 24523 5218 17274 10364 16563 17838 11879
4743 21125 13184 12408 8665 25344 13416 23866 3284 13422 11278 13562 13770 17724 7703 21202 13005 16618 13614 17245 5109 19742 3630 17370 18130 10890
4400 4479 17733 12812 0 7030 7254 20017 18862 13675 9361 19139 17740 13985 10167 24335 8757 14276 8338 13828 19816 14314 17762 13050 19216 14101
11198 16335 13679 30063 25802 15909 11188 15437 16123 16422 10418 12895 4866 13111 10982 13945 6828 19245 10503 10757 14981 15689 12456 10940 15038 15217
22171 11134 15379 14215 9673 19865 17702 12032 9864 5293 9720 22331 8487 14387 18969 18310 12878 16747 11070 20404 5606 27010 17163 12795 18258 12513
0 12091 19172 17418 13621 21962 10493 14929 12293 10781 15556 21442 22820 16840 9786 20355 17552 22810 560 17469 6048 16780 28982 16906 19130 16235
11033 15607 15922 16273 18608 21297 12658 22832 10750 14293 12236 13012 4125 10723 14149 18661 13643 18860 10320 18741 8932 21857 8615 10554 22217 9168
10688 16647 17900 20426 13990 6798 22641 20408 20052 11766 7180 15120 17833 19227 14334 18943 6465 14039 12711 19076 12400 13255 7788 14663 19104 9246
14374 8978 13445 17186 16885 10715 12830 21468 23013 17280 7730 14715 520 3015 5883 20918 8153 19049 8124 27590 8627 14244 5560 18839 21735 10223
13632 14196 12346 20122 3515 22599 1889 16974 0 17252 11758 11105 8984 16768 16810 18079 900 21182 7743 23311 11438 17014 11274 9119 18709 10332
10491 12041 14465 29087 7065 22101 11899 22521 14735 9792 8390 20154 6795 14498 8523 12877 18799 17937 8792 14015 6756 18515 7058 10296 21036 7821
9030 6071 15171 22474 16528 28937 11316 23772 11232 13276 15384 24328 1730 6112 5889 16777 2336 16376 12508 16388 10303 13827 15124 10926 20329 10112
13355 14772 13916 12067 3754 19022 5230 17145 11230 10709 10605 16350 21856 15814 15032 25352 7333 14727 7790 11740 9970 20600 10431 21890 16401 9850
9072 12158 13470 18654 16271 13052 16383 18323 17548 15984 10402 18202 4443 7015 15669 18297 8512 16830 5620 14629 6027 18074 13928 17174 17691 13629
6075 6518 14982 15841 14698 15473 11679 21139 20999 11543 6890 18845 3073 7138 16626 18028 13094 20125 17544 21011 6860 25579 7570 13343 20825 12414
11317 8462 13104 3633 11990 20199 16444 19625 12715 15488 7255 13064 2656 12533 12758 23407 4092 14196 6729 26496 15744 14551 21036 14316 18013 11469
12949 17228 12896 3214 14682 16832 11770 15870 11294 15020 13690 14514 12406 9251 7068 16403 14264 17826 13503 13414 15247 14270 283 11275 22737 7558
14409 15258 12891 13139 12810 6499 14683 22645 15864 14121 12082 10878 13102 4966 13758 12274 19446 17821 8193 24693 8775 20011 10351 16427 20389 10589
13204 13976 17353 15117 19243 19434 13112 22311 13798 14517 11741 4529 3251 15523 15353 10102 9431 13986 9465 15912 12385 26818 8590 11588 18443 8481
13064 2216 11239 14316 0 21804 8843 16894 22209 9325 13997 13776 10744 0 13319 19113 12983 15698 2994 27516 7223 24717 13775 17598 19093 9435
23471 16724 17663 30175 9861 15424 10105 22854 19622 14827 15080 11849 7818 4335 15286 8051 849 18917 9655 16216 12804 14130 0 12521 15699 10701
12141 6378 15765 24757 28386 13536 15872 16828 14440 14216 9799 21018 6972 18742 13996 26084 12011 16602 8496 22084 15321 27325 11425 18739 17099 9557
11457 869 13354 15984 22210 20048 18022 19098 12717 15567 12928 20794 4082 10798 13537 15789 7910 18488 12451 22792 11373 15126 14176 17540 20089 10265
5882 12057 18525 14482 12923 26817 12435 17427 26063 15332 11257 19954 8149 20174 18456 7918 15020 15822 6564 18103 12037 15380 12527 16578 21916 8797
0 11124 15135 21308 15141 16829 11354 18585 12544 19069 12261 13685 7989 23403 10750 12211 7138 16872 6000 10088 17058 15488 15377 16044 18311 8664
15692 8482 16262 9743 8888 17580 5199 16883 7595 17834 12255 18183 6008 16628 20950 13175 19623 15223 4861 22626 6859 25641 9215 11768 18830 9385
5919 21462 13303 11135 20496 29659 13324 12784 9224 17716 10132 20228 3442 8289 9230 14417 17552 18154 8415 22094 14936 15932 17805 18071 23644 13700
6563 1073 23578 13817 14926 22647 10851 20462 15667 16356 11841 12981 10486 7590 9837 11145 10823 22697 7708 18720 10776 22517 18065 18268 22339 13021
20775 17169 10978 14423 10937 15427 11742 21380 9381 15279 11960 12534 15288 18632 13127 16394 10570 22936 13119 18772 3840 19552 25984 15391 19985 12141
15539 22696 17557 26337 9114 14348 13554 22349 19759 11695 16315 16442 2438 18259 10243 18776 18506 15477 6235 21489 16405 17923 32790 22784 20806 13034
11201 1724 12549 16127 8116 21671 17423 20156 11963 10112 14499 18872 18775 10438 11987 9925 12239 19833 12037 16103 9199 18656 12915 16444 20606 9843
8639 7248 17071 14521 14377 5347 6689 23043 11645 10141 12945 11227 13267 7643 12560 20932 14015 18769 5366 21647 11476 20573 6168 13675 16138 7637
18251 11711 12575 23029 315 17635 14406 18826 11638 18709 14693 17086 11050 12963 14087 8606 16283 26015 12441 13416 6929 23755 19456 14775 21420 11193
18545 7173 13487 25084 13167 14460 9183 21089 5415 12604 9201 26783 7478 7159 13433 9073 2536 26198 10277 18372 5348 20375 20191 15962 17509 10588
2989 2385 17334 17407 5392 22117 20169 18278 6510 19307 13382 12190 22352 14779 14781 17131 21125 19708 8198 19444 12076 17767 4091 13650 19273 12550
9100 15715 14526 11434 15104 24693 13285 17371 10429 18990 9117 10765 4394 5527 16309 18389 16443 19942 5124 16627 7797 19505 18077 9817 18735 9837
12523 6073 16730 16665 5145 9726 6146 16496 14876 13719 10733 24869 22683 20767 11452 23085 7291 17826 10624 16636 11397 13262 8101 12477 17335 14510
8084 8511 13183 19806 24779 16565 10854 17394 12578 19957 6845 18397 12169 24674 13530 14408 6262 17245 10483 17639 15668 16926 14547 15977 18832 11048
15159 11662 18679 22184 18742 24481 14707 18742 16493 16128 12986 27153 16770 3734 7903 13190 6763 16426 15978 18596 7250 24086 18293 13549 18999 14068
6851 18013 14005 33024 7401 25486 7065 26461 11052 14730 18521 10946 11815 19568 9947 23938 18022 16111 10882 17073 12831 18606 11295 15541 22338 4598
21478 18494 12914 18562 17841 22481 15637 16185 11521 14136 8240 15689 25573 9217 15167 23519 6282 21335 8974 18518 10132 20036 12575 13641 15483 14195
8752 8154 16991 21061 21628 18736 20674 20095 12619 11928 13918 18848 13459 11716 13537 20138 12000 18486 10159 17389 14515 22567 6500 12867 24076 15004
14068 4535 19804 9140 7551 17393 20494 24091 4187 11415 11877 13559 5026 6633 10909 16836 13747 21954 14466 19011 10800 19536 30701 15894 21306 9921
16336 9842 15085 20548 15648 30763 16463 16477 12180 12737 13569 15082 18789 21247 16097 7500 1170 13893 9058 25132 5603 15923 13136 15780 18264 8271
8054 12603 14019 6392 14885 19864 9878 17298 8934 17651 11529 10604 14638 5543 7321 19378 12268 15959 13771 18954 15259 19009 17944 14341 16814 15996
16991 5522 15295 14537 21270 15874 16143 19633 19998 15521 10870 13877 16308 13102 9818 7664 15112 17720 12119 24410 12240 23373 8888 12730 21469 14103
6839 16742 14192 16598 7018 16495 6111 21168 15061 20757 10381 16414 3695 19374 17373 14330 9861 21117 7273 25080 11888 22753 93 18349 17602 8876
5966 14746 16445 22991 7062 15689 12433 19319 2434 14578 10221 21030 1129 17128 11264 22222 10094 17160 12024 14426 10372 21834 5892 15067 17419 11295
6399 11330 14921 25632 17405 13097 13373 20949 11256 19026 13013 15942 4111 15376 13158 4147 17069 17493 9764 6524 10460 22894 14562 17532 18188 1816
4488 8353 16166 25199 18425 20275 5819 18705 15970 16261 12035 1079 13730 6763 11155 21621 0 13477 7435 19435 9301 20814 18344 15058 18537 13494
12519 2554 12817 25956 30171 25609 15716 16615 11712 18107 16199 16605 4241 21727 7487 24390 9023 20099 9495 18763 285 20352 14833 12057 17803 11438
5608 11774 16026 12963 16120 5984 10392 26879 16787 13112 12884 21414 6195 16300 9908 12076 6468 18618 7452 22505 10557 23052 20098 13533 17769 12029
2894 7077 13534 14277 20262 20788 6341 20598 5107 17761 10913 24938 12301 8543 17157 15313 17061 20119 10600 22695 10642 23638 16903 15015 21201 10695
7148 6166 14568 14311 7637 14518 11038 25495 15974 10498 13887 4673 5711 7305 11569 15569 12897 15678 16788 20918 9508 15204 8110 12348 22143 10731
15302 18039 9471 12480 17165 23263 11343 16987 6803 10507 14817 14785 18957 17660 18200 15084 16684 14833 7183 23845 7158 16031 13289 17527 19014 8949
7690 463 16443 8845 16840 10406 12324 13303 14735 11074 11503 30009 11160 15964 11630 11490 21934 18073 11937 17741 15468 21227 11624 16253 18153 10641
13654 20985 16568 21448 19588 26212 5988 17241 964 12764 11200 15792 253 10621 11597 18146 5283 9144 12025 22048 7326 23685 4451 15466 22601 11528
8168 23916 13037 19177 23438 15808 16128 20089 15722 19070 11632 10250 10760 16451 16638 20814 10604 19061 12661 19879 9363 18640 21850 13151 18867 12004
4269 7276 16208 23734 9571 11942 11035 22382 13098 16280 16059 14075 6682 19420 13605 10183 15346 14964 11452 25581 20760 17150 9961 17372 15397 13293
0 9417 8814 7998 13600 23636 15132 19650 10506 11629 8023 19457 10058 12918 13804 21226 25188 19420 7303 16428 14527 18319 23419 18871 17164 10297
11294 4123 14357 24241 5261 23652 11189 21937 16703 9791 12567 15935 6131 6344 12557 3493 8851 13830 10138 23510 11687 16092 12634 13527 20643 14179
8717 14195 14466 23356 23062 20255 11034 15842 5474 13427 13176 3513 10822 18188 13891 11266 14174 24721 12613 25597 13957 12813 1903 14134 18760 9661
15630 4992 17380 23971 6818 14299 9471 21078 12025 13559 14511 15364 15985 25441 12711 17206 17358 14349 12744 22588 16583 21391 6987 17296 17816 5615
7967 15563 12169 12048 7161 18187 10516 16459 12997 7286 10988 16652 18026 32516 10098 11714 9151 14924 13154 19829 11773 18632 11161 15822 16579 7815
13660 12400 14675 10166 13906 6019 6207 18416 15477 18333 10045 22485 20688 17055 16972 6955 0 18954 12631 12211 22165 22209 27323 15805 19585 8768
15318 21447 13483 30259 12772 11010 8671 19719 17506 8808 14110 17043 4856 23959 10039 16263 13630 15252 9201 27238 10467 20328 14499 10825 15449 10703
8249 5720 17186 9496 24069 18607 12027 17100 6071 13646 10313 15503 10368 20350 7137 15948 6226 17975 7796 17109 10696 18155 11076 16582 19422 12355
2268 6385 15736 16069 4505 25140 12153 16880 9563 17298 7312 5883 15051 3534 14140 24522 19847 13530 12567 16946 17158 19584 20194 11899 19459 6685
775 22422 17335 16346 5508 21717 20781 16615 11940 13888 14155 9855 11751 10659 7725 22588 10418 18720 8595 10493 9625 18487 19333 13002 19935 9427
9917 7480 20853 21109 5974 9389 9687 16865 8134 16610 10808 23349 15337 26644 16476 18167 23733 26460 10590 28938 9877 20249 26489 14318 18085 10823
6785 6886 17588 5799 22110 23948 11497 20857 8347 15870 15045 18342 5810 7307 8309 11561 15938 15605 10770 23866 6148 20088 9421 17625 19370 10058
14227 4411 18339 13793 11444 11472 10859 19925 11395 12234 14492 9687 9677 31265 9654 20660 11901 17641 10813 26486 9410 17241 4112 11316 17445 12241
13083 9995 18194 16848 25910 19407 8847 16133 20547 16384 13215 11780 8336 3325 8688 10300 20329 24210 10184 17474 12267 15650 13989 9587 20984 13268
17361 9242 13288 16384 0 16490 15990 18963 2059 14980 15744 16712 2713 27890 12307 7682 15499 14335 9774 11977 11618 25044 24142 13640 15931 9801
12691 14699 13514 16986 20050 23069 12207 15191 13330 12880 13222 23768 12143 17300 16997 25465 15432 20739 13784 24720 7748 17033 33581 9670 18098 11405
11377 12611 14834 3345 16229 7300 10503 18273 21316 12759 8738 15734 10511 4818 22206 15052 17507 19129 10914 24688 11722 10892 12945 15261 20090 7589
12570 4212 17884 12713 16323 17798 10813 18885 9251 12949 11969 23040 14275 11771 20578 29023 12915 19097 12463 21368 10184 21154 2197 17018 21836 12940
11488 7967 16338 7496 18443 26408 17522 14984 8554 17448 8950 15798 12017 13784 18763 9691 7192 17265 14532 17313 8760 11440 25642 16870 19953 13965
5775 18316 14716 16699 27612 7745 21393 20282 15293 9085 11706 15621 16458 10943 14743 17645 10469 16062 5937 19037 12785 16136 12048 16071 20033 11931
11367 2964 16716 15940 21195 20290 16227 18248 12611 14358 9733 10814 11151 11598 8131 22894 16823 21082 15234 11917 9691 17183 13882 20092 12358 13782
6622 15525 17486 16592 6925 12491 9758 19917 21499 11659 10872 21053 23772 11914 11972 16604 5408 9257 12737 18000 7452 19521 11031 19938 20210 11787
17453 735 14910 35143 19732 17315 13070 17649 11665 13712 12586 17210 8636 3548 15203 16970 11114 17439 13636 23765 8505 13267 15204 19860 14453 10782
4031 3317 12544 18266 16357 22871 16576 18301 20711 13626 6810 17780 21112 20105 7239 8896 18574 18373 17561 19240 10171 18237 19137 16603 19976 10792
13821 0 15095 13759 13768 23161 12596 20857 16251 12149 9799 14905 9692 10373 11037 8106 18635 15427 6560 18806 8172 21649 20782 14458 15581 7349
24174 0 14382 15561 6860 10995 6670 23360 6504 13263 11415 23631 12875 24974 11962 13239 10690 17962 7904 13944 15297 17307 8565 15956 21686 12837
10402 8706 14008 8971 4866 14401 9828 17935 7206 18569 11791 10493 2563 25299 11720 29187 18188 24227 12745 22696 5483 22314 20109 17351 20173 15332
12996 14172 15589 6661 13648 17086 9627 19857 20592 14478 8357 14629 0 12190 13602 18420 13735 21690 14246 16585 11443 19562 17229 18577 21641 10061
20013 23154 14952 30618 19360 16775 12381 22563 19358 9700 10085 20387 18510 10177 15353 15065 9198 17307 9388 25783 10855 24849 18300 16267 14870 12989
10506 0 11728 14764 16230 24833 6574 16378 12409 12585 16660 21301 10325 8057 8133 19076 5673 17942 10366 17603 6485 15182 1737 12890 18700 9945
13448 7687 18113 17477 14350 9648 9792 23182 13891 11668 14525 9519 24360 11483 12557 16112 10111 17956 7051 22037 7800 15189 9298 14379 21948 9708
9201 6300 13084 25001 3046 23113 16033 20066 20343 16795 7831 19437 0 11200 10317 12545 6788 14994 8627 32174 12870 18996 17913 16930 20312 8759
2210 6759 14275 18107 20055 14856 23745 17913 13736 10514 10384 15114 10512 14662 8067 7588 4652 18034 12017 21914 14888 23982 17152 13705 16268 13223
19690 14783 14835 22338 5729 21337 9189 23783 9131 11266 8245 22797 18518 14181 7571 26595 15804 18937 12170 17867 11697 20900 23620 16722 19183 7114
13633 22005 16816 14714 18815 25975 18129 23210 14091 9569 14578 11222 14444 24328 12064 17252 1650 17654 16290 19449 12930 14137 23532 16541 21361 10696
21746 3805 11496 13337 19982 31701 13061 13293 18302 14851 11945 20776 8431 17739 6936 10209 12721 15353 9440 15672 5382 22196 19956 15581 19619 10501
15899 8850 16192 21865 15917 23808 5941 21879 19902 12014 11073 16852 5488 6570 13158 21857 10199 19254 12020 19771 11251 20343 15220 13123 16000 8845
18234 6960 12069 19364 14601 18517 13604 19488 9849 15509 15602 22444 5620 30519 14952 11466 10814 14333 11653 23407 17239 20758 11906 17524 17892 9093
7651 8779 15390 32543 24862 22725 4170 17436 28305 15518 13916 16347 21667 10722 13857 4357 7287 10310 9794 27085 18315 22314 16620 16082 19362 15106
18149 5646 15399 18147 21414 21446 17150 23165 4078 21884 9306 21259 16224 14602 13452 22722 23862 18575 12175 20436 16677 21112 9049 13044 20850 11084
19267 17109 14690 17035 23045 18384 13079 24277 18449 14366 11616 17414 14522 32794 13275 14459 6954 14512 13190 14941 8993 17532 20527 9959 16594 9677
4395 18925 16311 27750 5984 21887 13112 23101 3126 14633 12336 17095 0 9669 12457 16246 6898 22639 8687 14212 11761 26248 20894 12710 20045 8098
23668 18923 13905 23949 12323 16763 18748 19247 15143 9975 9414 15346 14113 12546 12277 15784 10944 14829 7436 17714 10991 19885 18776 16764 15948 13439
14493 5914 18144 18851 16251 21364 16331 15660 9340 15741 14387 10068 20947 18435 13752 12820 9114 19931 11191 18627 12193 17925 20234 13561 18205 11839
7871 19484 16198 14204 24642 21425 14467 21177 21326 24027 13510 13309 11159 9951 12206 11366 11641 18207 8878 17898 15587 13910 19481 9478 17842 11276
16756 10612 13044 11982 18714 22673 15716 22427 18500 15633 10772 22146 10336 7459 9658 3771 15095 19193 8079 12519 10487 19392 25914 12895 21570 9270
4413 15909 12579 17856 24698 19481 18834 18152 15555 14985 15901 13725 8844 16847 11659 10282 20793 11030 7789 21585 8903 19269 15668 11550 17598 17657
7897 8494 14624 6806 11896 20102 12799 21618 21525 16912 7324 24690 15680 10516 6045 7339 10088 14764 6985 22767 9394 15959 7719 10857 23222 8156
5723 11286 17276 17270 15278 19366 3706 15848 10973 4127 12057 16725 6302 15346 10184 17768 13586 20032 5371 15711 10943 19788 13054 13841 17060 9811
14217 8043 9561 15696 26035 14669 16264 14353 22769 12659 10149 24251 8255 18331 13105 28147 5941 13991 8541 23999 11323 22066 18254 12115 13127 6621
8195 11403 13788 29914 0 17573 9242 24597 13405 11790 11037 23421 21870 5594 20362 31551 11278 18651 10490 16088 13052 26105 8101 15618 20845 15853
8845 1682 13228 15536 4309 19195 5143 19413 14947 19102 11248 11808 0 9851 19345 19682 17519 22367 8725 15824 7694 25956 18126 15560 15477 9298
12482 8359 15157 17194 14493 20143 14614 16095 4200 13400 12711 21918 135 15585 14875 12286 9304 19783 8014 16050 9690 24406 20664 9775 17465 12837
13881 19103 19241 11281 26778 23440 11805 19266 18667 23160 12439 7747 9169 13768 14106 32494 0 18969 5454 20137 21398 25017 10848 16925 17699 14011
11511 16840 14433 9192 14034 8915 11550 18455 10952 15987 14340 11361 7347 7082 10465 19657 6300 19985 12024 15532 14982 14115 11776 15363 17200 9286
25548 25428 15713 18153 16781 27647 16370 23970 14247 14697 16415 15481 1290 8688 14879 11528 10935 16704 12714 8490 11226 19673 14870 14009 19099 9106
14758 0 13609 27522 11775 13985 23087 18800 9937 13129 11857 30157 13553 11127 13786 13148 19898 16326 2823 19348 9375 15293 438 14406 18178 12226
17707 10263 16760 19793 9253 18530 13227 23668 12347 11859 10604 23586 10705 11436 18112 6993 4191 21315 12159 19986 11452 19602 31130 14781 16706 9482
4222 13432 10221 15481 4228 24981 5884 15659 11326 6939 11758 18654 6621 0 12877 0 10320 20757 8522 22572 11634 14260 12491 12022 22802 9335
6550 22193 15759 15380 8885 20973 9233 24284 13230 13261 15526 11696 16115 0 14790 9352 17041 16727 11948 20010 16134 21530 12307 14697 21840 7133
7660 3159 16258 28813 14929 14495 16298 13473 9400 11091 9923 13682 13755 22956 8822 8999 6350 13218 14684 17583 5878 26393 19741 12352 19136 14084
7078 12788 11139 9479 5319 12160 2514 16002 15061 11948 12640 15125 6045 22039 14329 11703 7580 17222 13424 14529 8141 23735 4461 16288 25077 8017
6425 3341 14152 16375 13297 17086 14911 22788 19236 15439 10500 6399 14480 13691 12545 9156 7211 19004 11594 21968 7929 22196 8223 14255 19261 10962
11135 27154 12933 18625 9146 23014 14076 18077 17311 9883 14040 12746 7374 12987 11328 10736 13260 12654 15585 19749 1485 11262 17180 14444 18154 9998
17202 18146 12435 6863 15067 20188 9738 16504 17367 13319 9788 16544 11166 12843 6475 5179 18844 20515 9385 25126 6659 13016 1347 10431 16108 8317
15124 9593 16443 29893 13843 15644 12838 22708 4833 10959 12760 7996 1623 4096 7587 9678 10396 18317 11176 11977 16414 17498 11863 15111 20879 10378
5723 3221 13676 29362 16273 19127 14891 19519 14975 17643 13776 13043 0 8352 9090 14502 15286 16975 9774 13334 6855 12554 14526 17534 18871 11291
12424 13528 18057 29605 4282 23268 12706 19915 12579 15146 15066 22493 18676 22953 5717 15102 11769 18307 9509 18385 8503 16307 18581 21770 18567 14197
12608 11105 17827 24573 9257 11070 11268 22619 4192 15230 11822 15263 11333 8780 11787 22305 0 15797 11486 12858 11261 18284 7252 14713 21721 7423
8544 20791 16640 14802 9524 16700 9418 21439 9145 16332 14725 6471 15960 0 12458 13226 16511 18843 12454 21477 9321 11892 5357 20221 12050 10887
8102 21122 15758 20634 22292 17874 12444 20079 14262 7857 11482 13655 12262 14765 12202 14783 6456 19402 5771 23592 7366 20691 7325 13533 17841 11394
24210 9665 15241 20653 10048 21944 8115 20590 15343 9724 13766 15020 3013 2777 12891 18056 8414 13608 11807 5279 14029 19813 14133 13080 20865 7656
13095 13744 16959 20725 10588 21312 9934 13709 8738 10390 16591 17222 20121 2362 12390 21468 10607 18100 13606 21856 12658 20037 17674 18881 14482 9511
8224 18375 17293 10705 17522 11524 15226 19763 16719 12772 12837 24104 471 15782 8007 14695 2768 13915 6507 14531 16559 24075 17315 10443 18037 13837
11956 5928 13284 14694 19550 22629 17028 22576 22023 18004 11925 21412 14566 9341 14161 14525 19001 25353 12474 18708 7481 27949 15441 19565 18552 9031
10697 22301 16270 7510 15247 22336 19551 22592 2783 21624 12090 21204 13299 35028 13919 19988 16532 15548 9891 25374 14327 25556 7228 12106 20822 8122
18374 11620 17487 27598 22439 25742 9609 18164 20849 13646 11641 21830 0 15681 12686 8515 11931 20053 9044 15455 4489 18850 11090 15712 19077 6457
21436 20554 13426 19212 26396 12840 14029 23785 23500 15792 13475 16090 16807 7812 17266 9782 13050 17131 8732 23952 10970 23906 10954 17829 16635 11207
14963 9265 11763 11397 10241 19910 12244 17689 374 16397 10386 20551 3559 11914 17617 26233 10658 12922 15499 21781 17506 24091 18828 18892 18966 7620
14742 5334 11041 19030 13477 18185 13613 21850 17349 15929 14087 18835 8843 19821 9530 17257 7918 20619 6493 10642 8443 17404 16091 18252 18362 11999
22236 10330 14111 21511 6549 10132 13967 21548 13945 16334 11226 17514 15367 23157 9332 12252 5280 25914 9538 21102 6823 19749 23311 12723 19617 11314
8143 15457 11612 14105 13589 27262 8455 26398 23009 11248 12537 13165 10045 21663 13481 20580 19611 17552 12897 12022 10759 17470 13979 11471 19727 9737
21698 12594 15593 9483 15060 17064 875 18151 16570 9643 14351 21972 12536 33502 16261 17672 7707 17805 9000 23011 14171 23114 16401 18265 16468 8558
17168 21846 15984 19445 15891 19229 11246 23536 24935 15637 9709 14730 10890 11771 10554 16466 10432 13111 13291 15760 6958 19223 7659 7894 17247 6153
8790 9003 14870 27636 20620 22650 12889 20857 24606 11602 10833 22359 3873 11986 17297 33996 12905 25726 8926 19947 11975 17350 15154 16770 19711 5334
179 4852 15130 21881 12764 25521 14586 16393 9892 14052 13395 11442 15370 7574 13556 4485 7691 12913 12355 22371 11256 22264 14271 19040 17636 3687
13495 2874 13724 22226 9479 19252 14293 22104 15857 11139 7707 15982 23651 4102 16015 12948 10972 16180 12229 15335 7870 13906 22149 12801 19238 8459
18745 15874 15081 18728 621 29808 8070 24212 10376 18146 9903 16296 19327 18952 13468 20307 11680 23467 13993 24393 10006 20798 18482 14750 16765 9249
6142 10529 17489 24147 19510 11890 17216 24583 16277 9637 13227 21491 10101 15790 10687 22240 10563 15643 11548 13961 7879 17438 18967 9393 16981 10685
15453 9212 11453 18377 9532 16936 14508 12495 8401 11977 10232 15273 22603 12445 15241 10586 18856 19969 11293 25804 4977 16502 12668 23659 15643 8761
20469 8046 16510 17913 13604 4430 19060 17700 15637 9297 13693 13846 14946 33705 16841 17153 16314 18726 10707 18717 11602 16282 6802 14508 18594 9834
9302 6427 17305 24882 10877 22921 9053 23821 18488 13808 17043 12775 8478 24385 13842 15292 16973 14198 15147 21456 7564 12742 15095 10655 27014 5869
15948 8843 13544 18136 14045 9570 11339 29171 21924 19001 12845 16481 20354 14244 6583 5954 10305 17664 6480 16407 15753 17063 15604 17527 19817 10330
7476 17174 11822 22381 7790 18120 9148 14017 15439 14298 16022 19170 16565 36224 14148 12544 12550 12342 10001 18943 10876 17713 8639 11849 22399 6962
6305 4273 16668 22414 16063 11706 8989 21157 10745 11458 13536 25846 21855 10053 10079 12344 212 16092 9326 18174 15405 24381 9507 13879 15378 7918
5715 20973 14998 4640 11598 13970 8905 30770 10766 13968 15857 22073 0 23175 20791 11994 11739 10647 12743 13347 11929 18392 12677 15927 11768 9991
7507 14754 16430 23218 7544 16155 10448 19453 19229 12841 9758 23040 18976 10906 5589 17051 7792 19965 9419 32823 10091 15578 8456 14241 16346 10805
13379 17037 15548 8611 18201 22512 12018 15829 16181 16106 10962 20105 1721 12558 11336 19552 12825 13281 11850 20311 11864 15852 12634 12494 20212 14229
7258 13254 13211 29732 21589 12441 16835 14122 16645 16070 13145 4738 14835 14430 14897 9047 12591 16438 12305 15058 12163 26375 10075 15740 20430 11237
13566 8493 19277 20743 9542 22754 21273 17030 4074 14492 7868 19463 9673 17525 17392 9150 5038 19178 11870 18683 9205 19684 8651 20134 16541 9166
13774 5619 13456 25968 12226 12942 8273 22980 14627 11675 16990 13606 0 23031 11960 4593 10305 18306 13259 14923 15501 22491 10807 15412 15316 5097
16878 19368 19071 20355 13880 27366 10952 20438 21621 12891 9426 29092 12701 20155 14428 9641 23749 16938 7126 20166 11805 15336 0 18230 16765 7562
11275 34985 14956 25250 10275 10398 16857 16502 18205 11224 12963 13941 18025 7558 13902 16192 13883 19848 12132 19621 12104 16367 4168 21007 18006 9044
13514 18436 13660 23726 8586 13954 8121 17247 19113 14687 12389 19946 4878 23197 7313 6551 6781 20115 11074 8745 14254 27779 15089 15174 18983 10155
1060 15663 15629 17778 7224 23925 16202 18510 16367 14570 14834 12286 23030 16523 20481 25335 4816 21605 12313 12300 6228 21342 17734 12838 16472 12004
8193 10044 9906 20512 16441 18038 15714 22312 22232 16876 8424 17739 15990 19874 5604 13980 2732 18337 7467 27906 13554 17271 16247 17840 19465 7251
8025 10858 20343 15379 0 21048 12192 17139 18652 15687 13252 16445 21197 16117 15678 21559 18442 19706 13225 16004 15793 17296 4728 16704 18091 12174
15120 8580 19164 24573 16871 12422 8706 15704 11172 8515 13600 14702 15144 25785 15228 12477 12311 16045 11264 14984 13664 22605 20347 11928 17202 9664
8887 10032 12753 14383 4958 14275 14596 20091 17832 7276 9922 17245 20201 10558 15262 10339 8966 21650 10635 31769 17865 12350 10040 13446 17111 13161
15936 0 18014 19629 4165 17726 4897 21478 9453 10939 11353 8891 0 15857 14767 7306 10420 20390 15390 22656 13448 17463 19956 17769 17789 9842
3609 19489 15737 3890 9656 18476 10470 15987 11324 17872 11408 16197 18164 8181 13542 29193 0 21347 10223 17497 14036 14827 19146 11694 19643 12207
1291 17592 14540 10723 7906 13458 13925 13986 9024 9442 10240 21443 10124 17069 18761 10899 6286 23059 10817 11372 9883 20708 11680 7860 17576 10769
10154 13494 15241 22284 10216 6632 11292 15586 15297 10559 12484 8300 14408 15117 11344 19436 24530 13250 8020 23565 8525 17357 19154 16328 21150 9103
2041 3674 17813 11036 8900 20307 10133 16134 15671 12667 9575 17294 3479 20971 19061 13951 13907 17038 10165 18594 10547 18715 14175 13763 12986 12607
10060 5846 16631 20683 21491 16765 5762 15475 9546 14307 9778 15395 14585 18212 9866 19078 20610 16003 10530 24765 6143 20010 24846 16677 17940 7138
9657 16983 12370 20871 13367 18633 11024 21740 8096 13792 18722 7217 12572 13441 10944 12708 1731 17166 15278 27418 8366 21054 14533 12614 14794 12129
7801 0 14200 29062 6451 26159 9775 15419 21978 8587 12981 20159 12127 4885 14731 15944 8182 19723 13146 17458 17836 23803 18546 14637 18298 8431
9229 10476 15006 14137 8178 19001 8642 16207 24105 15275 12800 20950 12443 23268 14758 13622 13412 14588 8431 20602 11086 22078 13688 14428 17964 8134
16965 2537 13099 31662 18652 21365 9817 20292 14072 14406 12261 16235 11812 14774 17297 12671 13654 22080 5535 7431 5986 17620 3489 16064 18743 10822
14755 15890 13480 17523 16331 33696 13923 16751 8698 19628 14483 6710 13307 18624 8525 20165 6842 17315 5965 10138 10459 21317 14868 11093 20769 7989
14342 6977 15678 18407 17858 27638 5489 18517 16088 11174 15300 14972 17700 5548 8160 13694 20112 19304 10008 9659 2058 16737 22780 21340 17138 14278
9754 4707 14045 23669 7643 19299 9560 19150 22780 20763 12972 16172 11112 22646 16161 13539 8884 22719 3167 25490 13447 15874 17447 16505 24778 9175
11703 9857 13099 17172 22914 8666 7122 19102 15082 18759 11164 12647 8551 19192 12657 6933 29812 19589 4812 17637 12756 18901 21833 16378 22769 8240
19070 28553 13048 14324 14613 19901 12719 21990 14285 22940 8423 13587 12780 9739 12095 21507 7366 18172 13519 15355 4185 20723 11982 12393 19205 14410
12183 14354 14011 21238 14260 19692 8484 16917 20111 19467 14497 10635 6386 25766 8574 17948 17876 15388 8945 14793 10147 18365 12521 20981 18502 11944
9390 7745 15050 16732 17283 21107 9838 28646 14426 11983 11271 20450 13442 17191 13541 7067 13797 22099 7579 21100 16248 18539 5119 12111 21594 9969
11226 7802 15235 8001 18448 14176 16836 15864 11568 12102 14592 15111 12317 14883 18880 7207 16634 9802 11040 17178 10526 16020 27928 14957 16905 12136
8466 9396 18297 15479 18568 20161 9730 19529 11665 17390 12430 13608 22234 1773 11540 31271 17497 17957 6744 12608 17279 20163 20825 20022 22098 9668
12154 9560 13285 30815 21179 26606 8133 19389 13871 15531 13091 16201 9201 19591 9493 19970 13961 14079 10193 19474 7689 21715 11990 17630 17812 9008
21750 22120 16550 19016 21157 18806 16215 20975 17949 9127 12895 9978 4377 2779 10834 11487 16043 25650 9224 16098 11432 14198 16175 22949 20076 13223
6489 16385 16528 30035 9821 20669 10811 19469 11007 12699 11379 14124 14840 2239 8852 11268 16776 18058 14398 23325 12419 21523 12133 11384 17422 10221
14000 14328 15270 5828 0 11047 8119 20675 7372 12490 9287 19791 6165 17801 16112 23179 17995 16148 8076 30928 8845 24696 13346 12990 17496 9260
15401 0 14613 26432 8325 20316 6318 27826 14140 12057 13102 24523 14828 19034 10791 19258 12064 19947 10553 10728 6506 21316 11636 16194 22274 11471
4647 11668 16214 10249 19976 5503 12059 22646 18109 8833 12033 20820 19254 13029 14525 7074 12870 16335 10866 16620 6536 19179 17209 16482 17705 12400
2205 6269 15883 11201 13015 16717 11348 24316 19143 17879 13375 23374 1743 23339 17193 13707 10515 13429 12589 10630 13419 20439 20037 15327 19899 9906
14096 8913 11122 28862 16112 22469 22026 12812 12314 15224 11747 13243 8254 20952 5692 14391 13238 19650 10755 9750 11474 16632 20102 8047 20740 13312
17361 14848 16239 14022 25067 12695 17968 16504 8152 15475 8051 11807 15895 16318 8698 14724 10151 21901 11329 19240 11096 21831 18720 13594 18335 9468
13077 0 17095 14947 14461 17452 17910 21115 19966 19664 13622 5523 6680 24244 10251 18999 11324 18399 7626 22543 12860 25410 8469 17425 15836 10672
11284 12369 14673 14367 17416 14609 13509 22479 12708 9392 16304 12065 17546 17944 11618 4579 19858 16956 11173 19904 16386 25818 5608 22882 17844 9439
15451 3846 12013 31765 13336 7821 8962 21774 16539 13684 12711 16976 0 7342 10508 7294 16266 10343 10315 10965 7451 19693 10636 13740 17014 9959
11254 14773 13518 7253 21707 14051 21249 17579 15320 18892 5122 25278 16021 9154 11221 17892 14695 14605 8664 17195 11942 18575 13999 12768 19896 14826
3944 0 13772 20221 14694 13170 15527 21242 13617 11561 11332 10489 9275 7176 15794 16448 969 12851 3728 19116 8887 15088 8649 8802 20046 11453
9589 10836 15669 16537 21224 16597 16823 22185 8041 14512 9123 20592 20212 12086 4403 7191 22689 25108 9269 14194 11464 23094 10302 12993 16724 9988
1039 15848 13723 29195 27364 12644 13015 18686 18600 18270 8361 11190 20325 20367 12088 13109 14787 22331 8835 19156 14032 17793 11819 19382 21285 9515
7187 8530 16088 15070 18764 22825 12390 22893 15651 17294 9968 11569 17342 17564 7160 15664 11048 13686 17442 20520 9763 23785 14117 17782 20004 9632
6695 8447 16727 9257 9437 19221 8110 22544 0 14825 13048 18678 9082 5170 9538 13484 7338 17199 11786 23013 8132 17705 0 12355 18019 8485
3409 7001 11835 17914 16849 12489 11052 22039 6621 10843 11520 18161 18251 11930 12839 16284 16310 19623 9514 12886 8748 24449 13487 13522 17573 13621
16506 9440 13016 18644 12420 6947 5195 14658 14337 15496 13566 22679 4078 13906 8788 12052 19020 16644 12213 18887 8732 19323 9659 13668 21928 10663
9729 15539 12044 19171 11433 12932 18533 17088 4517 17193 15044 15964 1692 20346 16076 28089 19224 25938 11943 13433 13917 19257 16034 17235 19432 13973
15517 10869 16041 15055 16657 15115 9203 22601 17631 10693 14584 13846 10246 5807 13727 10635 2975 10455 11490 17504 13941 21903 22843 16193 19879 14717
10169 14845 15502 28916 13371 13283 14743 20717 9936 15084 9651 13301 22277 24867 15401 13219 15808 15399 12767 18697 2863 13983 11229 16480 21567 7112
7083 15587 12440 22134 11089 23396 14230 21845 13444 11530 12555 19155 16123 16633 13774 5289 10731 21574 13783 13284 10393 17398 15106 22715 17713 9436
14935 18838 13943 28272 18699 27172 10686 17678 5609 8313 10894 18888 8805 10160 9499 17579 20089 12877 10991 15134 7618 19301 3030 21320 18065 9399
0 7775 15427 24757 8363 21619 9663 21048 18202 14092 13145 22354 12874 23832 11883 9997 16744 17467 9191 14320 15596 20345 18488 15414 20974 10718
20259 7979 13089 24400 0 19998 18685 14755 11980 15017 16865 16534 15629 11645 15918 10241 18927 19982 7923 14265 10860 15932 7054 17135 22740 12323
9272 17159 15069 17785 9621 27308 5686 18859 13927 10879 9968 23438 10753 19654 15800 11517 20875 12225 15101 16607 9646 20534 15297 16209 15928 12291
11432 16240 18764 16676 20634 13272 16266 23829 25139 9716 14925 20724 4139 29116 5350 16250 22660 13194 14691 26334 10868 27685 18004 11287 18226 8875
8952 11265 15150 29230 13895 25431 16272 17559 13710 10122 9534 21302 7975 4759 12501 8006 8356 13695 13807 22404 12794 20677 18435 14036 17915 10016
6409 17029 13405 16757 23974 29138 9466 11245 18377 10969 11765 16357 5966 2988 11599 5758 15379 16791 8879 19201 16304 16998 7595 15145 20223 8064
16924 8704 15744 16316 15188 19981 11960 22205 6337 13859 10765 19004 2503 20615 11319 16716 0 17118 13222 29510 10518 16061 19697 15018 18838 9060
563 12685 14316 24250 16498 14612 17951 14084 17706 3982 15114 14454 16225 22453 12849 15768 5728 17621 9285 36422 8039 17798 19457 19785 20295 10045
11453 12530 16895 14327 14955 16152 11741 17593 16910 12225 13804 20182 11832 21153 14718 13929 13893 14251 11945 15521 12300 25207 10564 12651 16230 11861
15227 25634 14798 16980 10297 26526 13296 22543 13098 16815 15853 10422 15199 5769 9493 20384 14847 17251 10103 20397 11922 25770 22372 13060 15326 7854
661 21501 16321 10801 17859 10357 13697 18787 8833 17944 13905 19845 2897 13641 12065 1435 16035 16583 14314 23897 5894 26348 16124 16264 24420 14193
8148 28234 11078 19910 0 23057 15710 18364 23511 16266 14252 4838 10583 7586 9643 14649 9262 14824 11070 21643 7666 22089 25 15952 20627 7033
0 8289 16499 17313 5036 19097 12855 23915 20175 10742 12367 15654 20386 21039 14753 12719 13270 22464 7907 21982 15613 13195 23476 13711 23291 11676
4506 19777 14927 17131 11407 18545 13632 20457 15648 15555 12841 9657 4634 11726 13783 13336 17697 22967 7764 22367 11262 15421 3295 20115 20502 11780
9834 6740 21104 17029 3547 18447 15155 15479 10307 15926 14118 8220 17318 15110 8342 20112 10289 17374 8541 13619 6519 13508 12226 16243 16026 5450
13954 4541 14427 28657 10337 8453 9873 19560 16672 12180 11608 13546 17239 5947 6434 21705 3259 12855 11152 26717 9108 20270 10014 13304 19668 9450
17541 7450 17448 7954 7722 30007 10674 18250 22260 17145 16158 16052 10513 10037 15683 20139 0 14789 8870 17185 10245 23235 20794 16459 19894 7896
12378 962 13953 3898 13330 18966 12442 20697 12011 13370 7678 24995 8601 15385 13435 23295 12208 19761 12182 15084 15998 18575 8874 14361 20583 9884
5612 9555 16810 2420 25987 14070 6960 19556 1836 10951 14409 14127 16018 16689 7676 0 16224 22174 15891 20925 7724 24265 25499 10069 22602 7159
2721 20291 13932 1164 8534 23564 8360 26676 10084 14138 12325 16257 3966 17776 16605 11832 13235 17178 7713 14639 9732 23290 13127 13124 21677 11788
16738 3466 13680 7738 22767 17161 3539 21642 14401 13044 14564 26659 27586 17536 6268 24124 12914 13994 12459 24378 11267 26356 1182 17641 14656 11511
15528 14647 18762 25139 12556 20944 7968 16143 14660 11758 12140 20446 12246 17732 7385 11916 19124 18825 5206 9094 18534 18793 12655 17141 22152 16611
9603 20218 17429 10836 17650 13910 4904 24778 8507 14095 9044 13668 16578 12419 18699 20964 11832 13380 10093 15077 14609 17592 9911 15084 20899 9390
11973 13761 14072 6896 21088 14514 11504 25087 613 10050 13311 18029 4407 17581 10236 18755 8182 12855 12567 17208 16613 17028 12927 11533 21342 10293
11776 14022 17655 19203 2911 15709 13345 23501 12062 12534 10801 17093 11034 14891 13155 18211 11459 14238 14589 16880 15932 19415 11263 12949 19015 13439
13260 14739 14273 19681 8119 13387 6371 25886 12467 11865 10228 18084 15162 18574 15045 19283 18166 13776 10466 20105 8856 16322 26308 14515 18310 9984
0 17428 12718 12290 20428 17456 17435 15963 14135 13677 13560 16897 0 19773 21237 7090 27653 18601 5757 21856 20367 20660 14997 16778 19277 10460
14873 10344 13049 19270 21997 21052 6782 21949 21315 19540 11797 17553 8879 20761 16863 6629 17270 19741 14992 27556 12931 16139 4728 14591 16873 9218
16611 24447 16542 15990 2176 13647 9079 20873 14666 9963 9744 4916 18015 14193 11840 15670 9206 16806 8411 27950 11643 17566 17709 14271 19849 12585
15625 8211 13860 18031 22953 25289 11230 22564 7713 6888 11845 14430 14978 19718 4754 6578 10440 19665 7554 17575 7053 12771 16937 11123 15894 10912
14554 5125 17170 20469 8126 14372 13113 20944 18064 15163 11597 23132 17028 15578 8357 13380 27475 16118 14169 4308 14446 14769 7838 10584 19934 11151
8092 14553 11643 10235 16358 21998 7995 24023 15067 13796 8554 19309 11015 17502 2784 10892 8571 22201 12806 21651 11392 16414 19024 13341 15112 9330
11813 13042 13414 24352 27743 18263 9283 20821 2522 16134 11667 18196 0 4389 7024 4043 14163 15369 6452 13216 10822 10972 10252 14158 14924 8168
13564 16240 17727 17451 12108 18091 6480 17906 11506 16237 13407 15896 22784 7853 13526 16145 16586 16518 6685 18822 10223 16421 28634 16211 18005 7525
3843 21269 15708 11252 19173 25247 10899 14322 6879 13963 9399 19578 13325 16105 8902 19077 11448 15769 9946 7069 10286 18537 18214 8717 17666 7972
16371 11006 15327 18636 6181 8938 2765 24721 19588 8756 7818 26256 14874 21260 18214 21016 12561 15861 5964 14889 12387 23000 3776 9398 20730 9714
7617 8975 14789 14865 13922 15726 9174 15964 19396 11058 17953 10292 12830 0 15690 13659 15084 18960 10758 8587 16265 18647 18752 16529 20419 10131
9451 6014 14696 26983 17643 17885 9881 18370 9355 12226 14770 13096 11067 12208 12567 13133 7824 20731 7368 28012 12206 19454 11473 15289 18228 12516
9598 15261 14174 26782 11942 11047 8351 20416 14771 11037 11059 15695 11457 18951 11790 17906 12997 13957 8378 12657 4739 24749 9227 17038 15608 10889
5980 6328 17524 33220 2018 17620 10625 18002 8843 12149 10639 23918 9696 11676 14545 27594 7495 18126 12567 15908 19989 17488 12171 10070 21712 13223
9945 2943 13420 15906 4981 20896 6895 27947 7201 10455 16200 15488 0 13111 17790 16514 13818 15556 13950 14458 4800 13472 17649 10935 18058 9822
13970 12675 17835 30616 6087 18048 12684 24504 19862 16858 9215 15555 16940 13740 5915 8551 0 12243 12284 23531 9506 21485 12077 13383 19124 9000
11977 18217 16431 25789 4342 23641 12995 14878 7748 17055 11722 20842 18233 24651 11944 16726 9514 13910 10560 18199 5899 18402 12555 15105 21141 13115
11293 6794 11726 15290 4787 14184 9299 20767 20166 14583 9974 16252 5550 5973 9455 27835 9167 16518 5079 14759 10657 20124 16459 13847 14861 13595
10266 5975 14921 5366 10529 15435 12746 21027 18022 16972 8392 19399 9600 8327 13811 16401 15091 14004 15101 29262 10625 11889 0 14764 21480 11749
2798 14883 16355 9127 2742 16814 11947 21056 6847 19370 10727 18515 17386 17654 12529 19076 10202 14662 8687 23440 15461 10993 21707 8595 25698 12760
14073 0 16560 25907 24310 15032 12489 23202 18822 10764 7596 10472 17747 11698 11085 8551 13209 19693 5595 21261 9045 24721 12476 11908 18621 9765
17328 12883 15220 5883 17241 13793 13843 20276 17690 12594 9648 18924 3226 15849 5923 14822 7741 16195 7204 11472 9038 21136 18575 14604 15694 10803
18346 20281 18804 16192 18757 11394 11992 21064 13411 12717 16296 25714 14592 6512 22151 10257 5922 14872 4728 26877 5894 19421 12848 16931 17420 10709
5273 13217 18797 4380 22377 18614 10764 23101 5586 14278 8413 10209 0 17521 13801 12657 10732 21181 7488 15102 10596 13925 10588 13356 18061 11042
6946 0 15614 14291 17482 18224 16552 25606 23096 13919 13580 19273 14108 11230 16506 12945 20619 18968 8586 16513 7855 19308 8777 13365 19447 14245
12652 7715 15408 2756 17015 11619 18771 22298 7101 17956 14865 19990 11386 16518 10956 21549 9966 15350 14120 8424 17059 17260 11111 10850 21183 13622
12974 14775 15176 20651 15258 22859 16044 24672 27033 15048 3825 6101 15386 11098 19168 23616 1767 11017 10536 13152 17315 22822 14687 13313 22542 12619
3197 22067 15274 20316 13469 22580 5379 18771 12027 13073 12387 11597 15417 15718 8771 18854 17751 18709 8865 21869 14024 20577 16332 16496 20668 7085
16652 21010 15753 25869 28900 14241 9827 21432 12061 18927 13359 21564 17021 20904 10581 9258 10393 18667 13557 19463 5954 23158 12433 18370 18537 9848
10851 16118 14274 22341 18640 19153 19365 20839 16442 17130 14238 18425 3860 7294 15187 17043 6499 17425 11138 13830 20025 23573 8880 19118 13554 11099
13090 11138 15599 20442 24186 13226 11909 20615 5271 13202 11092 14303 17164 6204 16837 15676 0 21592 10799 15333 12024 19412 5337 14523 18787 8819
890 8870 12501 14237 17396 19745 15110 18011 2968 10896 11315 10451 9661 13932 13611 17856 12474 14330 14731 19575 9672 25851 22175 10564 19024 10480
0 1911 12635 21791 10252 19312 5118 23181 8336 14361 10898 7892 13267 25477 19335 15889 14470 14700 14876 20065 14415 22453 14234 17009 23060 8076
14256 2675 15971 29240 19677 16991 3298 23400 15848 11204 13304 12171 18812 14887 19461 7831 5143 14484 13615 20755 12310 26761 8812 10090 15752 10754
8703 24148 18404 21540 13969 27490 8237 16272 7187 15691 11539 20707 2911 20302 10409 13452 14620 22755 11059 27733 9238 19223 16621 15789 15255 7555
8249 19804 15826 33196 5498 20949 10272 17280 25208 12436 13160 9966 14211 1507 7615 14963 22397 15338 11494 21408 11698 19917 5656 15576 16048 11450
13265 14325 13950 13547 1945 18392 10046 16930 14120 22878 11521 18277 18768 8762 17373 18982 12367 26217 8610 25638 16503 15580 7641 14603 17873 7679
12920 17678 16993 11513 11074 29106 12967 15443 16375 9015 11861 11018 10709 13852 7625 25193 10435 13734 12180 18743 13703 20488 19357 10622 17191 12825
0 6338 15693 14952 24415 22974 11541 23108 14409 20387 15742 21217 11980 13297 7509 13517 12445 18543 17957 18950 12653 18105 11491 9758 16032 8861
11495 0 14375 10013 3587 14482 7013 16961 13912 11631 14657 12286 14893 26321 11726 13743 4093 23167 13132 17735 13937 18603 102 15288 21069 8449
14166 3128 14353 14937 2348 7536 8362 21408 24454 14111 13078 19383 24285 18568 9098 27109 20137 19330 8102 25459 10609 21801 23107 15388 18986 14204
4737 10926 15247 18808 6758 13764 3693 11660 16165 16080 10574 16336 7072 21906 13595 19010 8307 16868 10316 24325 6306 17495 202 9213 19581 10075
0 8539 15352 16506 16635 23991 10297 20506 11306 13332 11682 8475 23156 15601 14251 11788 14908 17213 8259 18499 15729 24620 15383 16439 18538 12271
9479 18864 21519 24619 22441 11950 1251 18611 15365 14238 11440 15536 4073 11321 9575 19135 11957 14907 8176 11199 11430 27528 7932 14824 18669 11456
16503 17793 13928 13534 21445 14794 13329 22358 15602 15434 12283 16940 1130 22593 10408 17278 10400 15489 7348 25294 2455 26678 6754 11943 12611 10685
8956 17099 14346 3614 14436 7765 19212 14892 17302 7920 7334 15386 1272 26728 14958 16374 4033 12439 13905 25164 9762 16083 21000 14668 17557 8169
8682 8838 15206 23972 1042 25917 4874 19352 14558 15710 5253 14977 6216 0 10680 10302 6358 15737 9508 14113 7362 17791 23158 15771 17216 12155
16683 5949 11459 21998 10142 8521 23482 18838 17658 14015 12662 17715 12797 8205 13279 14465 1414 21359 9818 26009 5897 19389 10937 19684 17034 13582
5516 0 16187 20549 25104 16678 15717 23509 12342 17405 13239 15823 12873 11850 11394 19650 11453 16622 9901 15255 14629 11677 3066 16250 22901 10227
16711 6902 18612 12760 16273 14595 11475 8207 18777 12135 15244 23692 937 6600 12100 15583 13632 23016 3886 21899 12829 16277 19443 12961 16410 9670
13011 18385 16635 9010 5129 16532 12825 15399 10940 12077 9909 12677 19098 0 12032 8149 12081 19252 8870 6600 10687 14872 2221 11888 18109 9203
6712 12002 16194 18760 21032 23713 14400 19494 3785 15748 10991 15997 17969 18259 6399 18723 16735 18215 11249 32079 10165 15278 11557 10725 21397 19967
15405 6811 14065 8331 7811 22142 9286 21151 16518 17318 18820 12991 23923 14887 12445 24624 10611 20129 8510 14227 11080 19037 22475 12119 18404 8835
17131 15663 9964 13080 5432 17190 17547 20603 27325 14099 10616 19876 1199 15570 9679 12708 12136 18996 10842 19848 5796 18698 20082 20064 18521 11437
1365 7849 13796 14994 19994 9103 16012 23578 18814 13991 13109 18954 6540 31381 12307 18190 11919 20214 10330 13310 9046 20869 26300 10254 17488 11367
9851 18532 14621 6907 10321 15533 12907 10198 19332 19406 15698 14241 16788 13660 15237 14036 1886 15318 12542 17078 13149 22471 4833 11953 22608 9945
2729 13273 19158 34196 27746 15679 6889 17816 9494 11620 8122 24333 27970 23641 10227 17539 16443 18140 11813 18060 3772 15441 16002 16006 16113 11774
6943 17693 15316 6367 6760 15518 9750 23583 3569 15880 11317 14356 9723 3044 3552 10380 6659 18482 9473 25723 12742 16041 13262 15907 17501 10410
10809 5044 14708 15288 19444 14452 16728 14206 10305 18579 7616 19301 8003 22794 12993 8086 19832 17675 4120 23110 13931 18965 13475 14416 19475 8794
11524 8583 12171 17143 18060 15815 16954 20481 3170 12805 11177 10175 22123 511 12761 20543 15194 14442 4877 22787 8645 19517 11260 14066 21878 8414
14321 9603 14003 23967 2667 13312 13017 18214 8087 11311 11776 21683 21304 21692 2964 8047 7022 21946 4376 22154 11052 22512 18265 20003 17525 10183
3747 17913 13041 14081 21207 9896 16771 20757 26917 13134 16002 17650 14084 18088 6094 13253 8725 19854 14105 17153 16321 18724 12083 15017 16728 10028
11444 10039 10678 13229 4276 15300 7203 20899 19982 11151 12893 12293 11112 15469 10654 19003 12513 24728 10464 13132 11594 19687 16399 13970 18057 11336
11959 23317 13369 19271 8138 13819 10349 20976 15115 17945 12440 10937 13180 0 9145 7466 17650 16395 4753 7409 11407 21372 18984 14803 23892 8262
10541 2208 13404 14796 14137 17109 15022 22184 14444 14307 8157 27492 0 20477 15064 19426 16420 14975 7562 12974 11732 16114 23109 11867 17955 10219
12985 7450 17173 16241 6865 20676 13332 23400 15007 11309 14380 10638 18476 16491 12214 19055 4040 13289 14957 18067 15088 18482 16552 11363 21359 7845
5033 5877 13528 19313 10962 18918 11749 16214 13430 14036 12077 13645 2456 18039 7723 10057 10004 20016 6390 14814 7811 19393 16799 13851 18203 16153
14707 2626 14561 22845 6841 19171 9800 18919 21543 14979 9170 19079 11470 0 8512 17406 9797 18004 13337 17776 10966 15833 0 12708 20191 6183
11878 18283 17339 31226 15567 20274 12181 19939 12598 14154 11702 12050 12704 15668 11777 7084 11491 25448 9829 24305 19288 21660 8069 13028 11608 9695
5804 18878 17036 25253 14134 13592 9301 12893 18334 12919 12755 15646 4120 11272 11746 10788 5791 17521 1174 25179 7152 18482 14216 8271 15418 6352
6277 409 13597 13723 10179 19000 3982 16280 18446 15710 9658 12815 10733 5951 9304 21122 17571 14425 9108 19415 10141 22900 21645 14917 20362 12113
13810 5475 13568 19475 21904 12324 10395 23466 20395 17931 14097 19139 28696 6002 9037 32655 8672 20521 11971 20017 5806 23420 21991 12651 14739 13534
0 15691 18549 14977 23864 11046 6323 14200 6125 13930 9950 18420 8792 17073 12634 8520 9590 16087 6511 18726 4724 19658 9304 17634 17685 13990
15450 22259 16658 5949 11906 17857 16773 18031 18553 13069 10591 19206 7547 9914 11325 23987 11065 15439 14561 12995 9621 19578 4583 18693 19901 9589
16382 13331 13072 17054 15271 13650 13553 19145 16982 19359 9815 17086 1438 18182 9128 18446 14124 13069 13932 21592 4272 24111 16087 14214 17744 5253
5582 11728 14888 22549 13280 13278 13096 21729 14701 7630 11134 18977 4838 10641 6392 8382 7558 19188 9015 18210 2420 16260 6910 20664 19007 12274
12841 5727 14335 22198 15495 17983 17272 23414 15175 10568 11790 19154 24368 9573 15983 23121 12229 21844 7324 16101 13194 20357 1850 18644 23409 3277
9395 7822 15401 9559 17885 23415 21338 23878 19816 12822 12114 15185 21567 15133 8403 15841 7108 14234 12862 18258 12851 19522 3873 9594 19261 9546
17702 11270 14363 22490 14848 20342 16387 16941 20961 10415 11891 23670 28430 12359 16592 23616 7598 14360 12383 15684 13722 13211 17892 14959 20304 11607
5977 13190 15813 18881 17515 25318 4747 21185 16694 15861 13426 20921 8786 0 13507 5180 12143 21382 10638 12705 19594 17079 20838 13113 17142 5827
3888 6229 15056 7194 7089 26915 20790 14589 16883 16983 9742 9060 11131 20853 8332 14764 11389 16902 12157 7601 10222 23679 34982 14684 15052 12000
15388 8019 11933 23887 9773 18502 13545 18991 23049 14639 14793 11595 11356 16539 11162 25329 14906 16793 8310 24336 13110 17415 18187 16276 15322 8739
14058 15275 13107 0 29265 11506 3017 19104 17765 13281 7864 21381 23567 15121 11804 13921 6137 20904 12337 11641 8338 23160 16539 14884 16764 6990
14384 19717 14848 9130 5742 21860 10647 19533 21156 18354 10837 19262 14181 14463 9666 14867 17289 11322 9062 26315 10464 23868 14810 11729 17545 10131
10413 8220 18318 11730 7056 8798 8853 22065 15870 15169 10280 19106 10753 8144 11235 16354 15855 11296 14742 14985 10886 16428 18688 12748 20097 8398
9342 1308 17945 11434 22794 15821 18596 20278 14740 17851 17183 2777 17212 23114 10725 12536 8887 12930 4083 21539 10904 12434 17720 16702 17769 7422
19303 4896 17267 13704 9080 18293 21506 22138 10550 12542 10707 15453 15798 26251 11766 20550 4774 16728 14059 12771 5798 24197 24465 16148 22899 9924
11839 17776 21488 20848 14769 24309 8393 24601 12926 18251 10154 11586 9731 0 19439 17148 12486 15629 8323 26526 12170 25945 10654 16404 19971 14618
4270 11012 12700 19839 0 14471 5454 27036 20762 9046 11733 17463 10703 4557 8497 12245 7669 25192 12322 20167 8839 23601 24046 17407 16585 9466
16987 3950 15277 19939 21529 20215 20955 21528 17722 17879 14804 15076 10310 9192 11375 14810 16978 14367 4552 27618 10991 6900 21409 14454 16319 11682
7844 19320 13404 32813 10450 27035 15424 22013 12862 11443 13760 13354 12302 18757 12894 25718 5221 12905 14526 19489 9411 12627 37878 13196 18627 14100
12772 10269 16124 32622 26323 25925 20419 19033 3078 14372 10256 16551 20861 1226 12200 12506 16493 18579 5880 18107 13429 25174 7565 15621 19130 10784
10568 16117 13912 14422 18703 16164 12934 23208 14731 17789 18410 12090 16824 24152 17110 24597 11287 20375 16730 26147 7005 21172 16676 16734 14242 8929
19712 10251 12744 16924 11262 14427 7374 18513 14756 11904 8632 27913 5639 14328 8175 17230 10181 14278 8055 20306 12563 20962 19627 13585 18878 8419
0 18232 10640 18445 0 25669 5491 24079 17320 26360 12107 15592 9066 22117 10243 12152 11366 18856 13409 22133 11243 15184 14032 12364 17363 12251
7381 22689 13949 15626 3219 21649 22603 25482 10984 19915 14890 20252 9389 12800 11320 9907 9195 18254 9378 22421 16733 17391 3748 13866 19713 15015
8113 10817 18902 14317 1423 15280 18827 23829 10324 9556 11535 13837 16193 1209 11651 17220 6587 18301 5853 10790 14305 19750 8727 10257 17269 11393
11533 8047 16513 20615 7884 17959 14060 19391 7274 9256 16477 18669 17504 10920 13941 11587 12303 21303 13036 16404 12839 25392 3865 13414 19021 9879
10713 5145 15735 12722 8425 20528 12430 21935 8342 16211 8179 13584 16160 25910 16250 19821 1240 23802 9384 20859 11101 17449 23141 18678 17488 12154
14089 622 16906 21579 13393 22441 13820 23508 13382 16083 13260 18373 2881 35252 9810 14407 11025 14951 7612 18720 15021 15851 10852 14528 18704 8755
12321 16549 11769 20066 15507 24934 6174 16581 19034 12094 11722 19499 11723 12410 12894 17109 18047 17526 10856 9541 8625 19066 5942 17032 16116 7230
12094 2864 13370 27269 1887 21008 15708 15865 11116 20379 13847 18372 0 10370 13322 12840 11532 19720 9012 16786 10687 17603 26435 7019 15699 14631
7944 4992 14844 21931 3294 17127 10021 19701 15992 8491 10323 16560 18234 17558 13426 17617 8917 19819 9821 20432 6875 22239 16140 9006 22842 13618
6994 4966 15927 1906 17310 22592 11259 15524 3721 14922 13478 11925 29060 14953 12963 16899 7576 16268 10406 27041 14670 13485 9824 13357 17716 6443
5775 8978 11965 23074 15314 14926 9110 15601 11373 17919 10629 11278 10745 26758 14453 8941 9770 14972 11546 19925 11674 18115 13413 14817 16389 17419
13672 1222 14895 10290 10009 31057 11601 19622 21310 16700 14252 11359 0 10533 7687 6706 12967 15623 9703 22792 11751 17909 17607 15093 19015 12921
4908 3591 16837 21962 25214 15918 6117 21821 7422 9276 13356 20958 8840 9376 17417 13551 12773 16063 9234 23740 13408 17936 8482 16830 19202 12831
14117 14083 14485 26293 20967 16135 3013 22796 24568 14549 8733 17989 19033 11668 10999 11315 5853 8336 6688 13983 5285 18567 14578 16157 18393 9566
9616 15429 10921 20286 23997 13650 8828 20499 23491 16768 10869 20957 12259 80 18892 6065 9332 14752 8826 14712 12430 23552 12990 17484 17856 8445
4508 4256 16726 14054 1488 24070 13165 16460 15058 15528 10898 4466 4937 10960 10172 9627 16558 14252 8726 18631 10833 18606 13764 10688 19019 9821
7204 24769 17819 30592 19990 14250 15564 23917 17387 17773 15965 8875 17321 7536 11885 17187 16911 24751 8418 26899 2985 16065 12056 14193 23362 11424
7429 7842 17990 8911 21559 13285 14676 28438 10518 12709 14469 15954 31058 14707 8277 3115 8670 25256 13238 17772 11066 16075 14568 17642 19681 15093
10202 8024 14783 25221 5984 27945 8100 13236 20976 9853 15383 15595 0 14001 11978 23825 9353 15850 13409 14855 13705 16025 4816 22300 20998 8962
14263 15362 14106 16529 24228 14432 15558 20647 17942 18084 12900 20390 11958 10946 18394 15778 17467 24920 9711 26855 6809 19143 1453 11287 17733 10338
18510 11127 16223 24954 11764 18298 6125 19570 9972 12384 5340 18835 11948 14440 6295 19159 15420 16063 9678 20290 5338 14556 1467 14891 20565 12823
8490 15155 13502 27336 14821 15383 9432 19091 17828 16592 15788 22485 22141 18865 12347 25745 7353 19725 8436 23562 12051 12045 22186 18022 18583 9743
6369 14542 18537 11717 18068 20652 13533 13734 16439 13965 12068 6933 27467 11648 14492 19651 16308 11985 10576 28232 13951 18211 5770 12790 17870 11400
6775 7593 12191 19118 11701 28150 11075 15907 8185 14013 14530 3524 13066 27415 10350 11018 11987 17405 8573 13056 12956 20144 10563 16191 18933 5718
10376 5393 17153 14103 19873 16520 8797 18290 17069 18833 12803 20470 12012 25612 7712 6529 23257 15678 7467 20793 12861 20372 8244 14117 23739 4951
6546 16171 16964 19257 21494 25050 11554 17919 9459 17537 12303 23082 5717 10806 21229 8089 5250 21448 12185 14051 15610 23299 10391 15261 20744 13374
