365
27 72 49 49 24 82 84 68 37 53 19 65 73 76 60 0 62 31 52 10 58 64 22 92 50 12
27285 17348 6258 19117 19043 20634 15174 13845 25089 22861 17959 20203 13302 21210 12004 17090 7059 14304 7916 22060 5798 19328 13786 29674 15106 11167
15451 15351 15482 13665 15336 12993 14620 24499 15896 20311 14368 21932 8387 14359 29397 18793 4297 11347 18495 13795 9192 21863 9726 20785 17989 16011
17661 19887 12702 21963 19068 15436 20743 23172 9407 18902 11530 20017 10078 10677 26526 14513 7965 7739 14682 21387 18138 11024 9325 16440 22207 11878
17788 25448 9103 16549 21568 4919 11875 13007 16163 21928 8259 16862 9681 23121 11681 17529 10014 23190 15358 18501 8501 11993 12029 24600 24035 17415
20382 29766 14695 23511 16166 13419 21122 8097 16034 18053 12128 19627 11062 16972 20014 17388 9663 25543 18010 17329 4955 14404 14584 20351 17870 19098
21462 15660 11711 33087 18196 18864 19316 23541 20630 21666 0 20875 11842 13353 20571 8688 10670 11531 15328 18255 21004 13561 9699 20807 14379 24698
24369 11981 10000 22429 20837 12392 20727 7987 15069 18688 4545 18199 8082 12674 14419 20516 8803 8121 12668 18834 26219 15362 8937 24269 16071 12591
14928 11331 9314 19214 17590 20198 18477 15303 17616 22538 7428 23750 10458 13700 5617 15831 6233 5804 13318 23011 1682 15481 7258 23105 15101 15682
15745 19801 10637 19836 15082 20703 14791 18273 15963 15769 7666 18981 13576 22880 15436 16002 13369 28125 17340 18276 8048 19073 12414 20687 23149 10471
15708 10427 9175 15140 21313 17657 15975 18104 21971 21519 6184 21048 5301 21036 24634 20816 8200 23892 18174 16508 14408 17789 13129 22918 19135 10505
20649 10176 14081 16901 28459 11419 19857 12514 22698 22322 0 19172 10618 13169 11454 13408 9686 25936 16258 18314 15021 7136 10308 12497 19215 11808
13951 19566 22044 12153 21148 19188 14673 10187 12152 19260 11827 19785 7183 15424 19331 17734 9300 22091 10893 13904 8049 17834 5068 19780 21696 6461
19238 13442 8382 37871 20380 14596 18188 24023 12388 20921 11698 18741 4493 16085 10630 15847 14467 22259 11343 19709 23924 9407 8887 7002 14195 10597
15683 9879 15401 28099 21262 15083 19830 11603 18946 15697 12888 20042 10868 16069 29569 13631 10859 15724 20981 13516 18917 10960 5766 16151 12715 1167
20872 20883 16743 28273 13837 15120 19583 20396 20958 22749 23072 18392 13916 14195 32739 20185 20054 14978 17547 19307 15150 10170 9866 25838 14726 10077
18394 19763 8304 16610 21718 9437 14946 15323 12130 21760 15751 21785 8392 20310 15150 21240 4404 11282 13982 16526 19233 11176 16431 14181 19195 20058
16184 14777 8814 27449 27364 8046 20295 32118 11893 24887 9062 16720 9331 20791 12445 16665 7150 21153 19726 16470 17410 13081 10814 17824 21889 2501
13079 22601 10071 5276 28190 19702 16770 21473 18303 20991 10568 17240 13006 16295 26606 13159 14851 18084 19067 17347 21434 18826 12150 20420 12193 23436
18911 14965 8109 19404 14609 12554 22239 11521 18551 15888 1747 18194 9720 23346 23714 20020 8290 9358 16970 19310 15937 13235 12194 13794 13467 17799
12251 16615 12416 15766 3410 5215 18120 17048 14810 17402 8260 19619 11601 19680 31583 18333 13851 9577 13856 18114 11213 23455 10094 19947 25559 3939
18877 18322 13129 18397 21730 12164 12955 21871 15820 20758 21706 18314 10627 13714 26128 20104 7964 21149 19731 17786 2294 20040 6819 14552 18881 14451
14084 10683 14593 13847 20795 10163 18931 15254 13594 17771 12163 16927 10933 18520 25772 17772 12305 17241 14534 17162 5351 17464 9702 28291 17219 14116
20097 22546 13100 26467 14412 8734 19287 11087 18994 22265 15654 17931 11652 16199 19189 15951 10802 23625 12378 17614 0 11060 13039 18638 15761 2240
22500 19430 10311 22774 16466 20445 21033 12144 13739 20270 14869 21242 12099 13783 19501 22978 16304 13622 12462 15263 21774 18083 9014 15663 14757 10403
21275 14643 9584 20503 25049 17816 21893 17562 16177 24456 13179 17737 13182 16829 20443 15168 8719 19007 12732 17209 12991 9779 9499 27670 10138 20334
22130 26628 11039 21656 25215 16830 21427 15851 22289 19723 6711 17487 11366 19305 19473 21592 12883 12927 15422 16576 13937 8450 11872 18988 14743 16949
20741 8848 15171 22838 18047 14603 16936 13366 17792 16926 5687 19812 8981 18959 13186 10889 15135 27289 16542 21342 12247 12760 13504 20242 14077 9576
9566 29104 12921 21924 19984 7457 16518 15479 12447 19504 1047 22601 13143 12629 23495 18055 15378 14701 19258 15389 17928 11581 12720 19884 18390 15241
24550 23074 13448 20495 15070 6442 22994 26257 21039 16814 1952 21524 14736 15673 27786 16404 11854 14825 16557 16835 17552 12582 9828 23871 13279 5675
15928 14127 12531 15440 13147 4341 17445 18512 7929 23682 10158 17577 13546 15309 16491 19696 10940 16332 11887 20526 4796 10643 6058 24108 12380 12480
19203 19852 13212 17550 19016 10379 17133 12408 11644 16862 14526 18594 9599 17309 13233 16536 13862 8879 12116 11025 22384 17439 11175 17091 18544 3786
17711 7798 9936 24015 12240 10213 18419 14989 21462 23885 9717 20824 13488 13340 9680 17023 15845 17205 15384 19845 19738 16768 3201 24106 21244 19703
24129 30794 8159 19900 22675 10499 22716 12256 21978 23634 19021 15565 12872 20787 11331 21496 9522 10161 22994 18039 14821 7244 8419 13297 12702 16634
17767 8501 7030 24220 11970 12774 17283 12869 19465 21432 8809 17979 7805 15197 12346 12451 10424 8851 17925 17372 13706 7718 5895 16874 12581 13139
19989 19714 15303 9961 18033 19120 15614 18500 14576 16970 16742 18473 9580 17243 28125 21510 11438 13915 21354 16212 7791 5883 11259 23678 19462 12113
25919 14726 16014 16766 9946 10519 23348 14345 20957 18307 13166 17613 11324 20264 22519 16202 13973 25136 20049 16893 8569 15690 14982 18614 19934 296
13521 18858 18558 1177 18659 15337 17467 17939 15643 24090 2986 22659 6683 22911 19924 20055 17740 20196 14274 19464 19825 16193 11381 24273 20403 14232
17632 16986 12890 17244 26382 11153 16545 15404 21825 24988 15267 21921 10623 17676 10066 13139 3654 14902 17117 19572 13049 9926 6942 24573 11633 16798
14161 33880 9508 35708 18818 10771 21488 25131 15394 18156 3255 17711 10397 23884 17781 22948 11212 16707 15348 21707 80 18179 9428 25145 8195 4720
16646 17373 19811 27474 26240 14322 14832 20343 22292 23904 8896 18037 8939 12410 14866 17870 10255 18428 19711 18143 8525 24695 11077 22111 13036 19896
20025 33083 16357 24841 20008 19759 18016 22516 16771 21059 19866 18224 9882 12935 7701 16408 9005 14867 16277 17969 13164 16280 10611 10598 17715 17958
17792 22858 13198 19544 29698 14090 19138 20002 20825 17695 11446 19700 8623 13695 18537 14094 8820 14341 21213 18647 13163 11292 1368 23209 18720 8644
15600 10961 19727 21878 27077 17066 17876 18057 12812 15680 14566 24450 10102 23176 8825 19276 16393 7571 12370 15912 1609 13345 7193 19017 18278 12179
20706 28941 14336 19807 14367 13287 17248 14467 17454 23800 14689 20182 13551 14686 20532 17175 16597 26370 14462 19508 8945 17469 9726 22310 17047 12756
22495 25406 6230 12395 24116 17203 19450 13181 22101 20649 5573 18001 12146 10929 19180 17724 7836 23133 17519 18399 5051 1431 11372 14731 12710 6648
17683 4798 7155 7384 21698 14485 19915 9779 13366 25546 12753 16087 9661 19178 28782 19532 13721 4486 16695 14564 19024 12098 13226 20079 18603 10483
18567 24216 10784 19898 24443 25485 12404 11529 22822 23077 22770 18703 14632 18186 22627 23128 13224 9034 10864 14988 14319 16119 11680 15623 10990 16155
14922 20951 8906 38062 14383 9760 17566 16184 17378 21948 18671 19189 11311 10461 33399 17716 11467 16947 16055 17359 11467 22098 14282 19897 23258 12386
19954 4590 13291 26196 14448 10716 20046 14169 19819 25268 14945 19409 10970 22896 16984 18874 13832 16342 17672 17754 11627 15019 11361 17608 16622 9468
12277 11901 8346 22860 20153 21322 22342 14568 18531 19723 10746 16498 12037 13132 11700 17400 5792 17466 18460 17763 5667 13501 12406 14748 11674 15305
16257 11423 18783 21451 11461 10756 17428 20391 14978 20333 13898 18456 10926 10921 16818 15018 13311 21670 13625 18977 14547 10634 13772 20450 18110 24989
21372 3460 9265 26941 15973 11157 18110 16119 16062 22137 16981 16925 11029 10398 11887 20633 12625 14469 13373 19726 13095 21106 13809 21990 20819 15418
16116 13166 6369 20267 15582 19943 20835 12659 13335 21211 16631 17419 11805 19718 9261 22686 10300 10106 22961 16826 16971 13060 7584 18099 13525 12047
16098 14408 4951 26576 14475 26780 14900 19031 19527 27850 9537 20193 8270 15961 28353 22469 8747 23677 16779 17190 8458 3722 8527 24583 15331 11759
21009 25337 9248 35276 24255 12620 25978 14490 20964 17672 16450 21002 8703 13964 19591 15336 13282 15267 13499 18221 0 11271 11125 25884 19272 17070
25966 26960 8766 20851 11955 11800 21833 12660 12835 24482 8046 21639 15151 13262 27890 22331 11043 15434 19090 19383 7446 15165 9755 14410 17898 15428
19500 16749 15543 32469 16734 28315 16534 11212 15023 18832 6064 17690 8968 9456 11379 13748 8974 20646 17195 16440 22289 13479 13239 12404 15912 11582
22959 7726 11201 12264 25661 21241 20498 13710 14155 15196 22226 21867 8688 11078 22251 12419 15465 15509 8861 18982 12153 24151 11405 20343 16700 5912
21450 24381 13248 18914 24351 14632 18170 19830 10499 15595 18552 18716 12308 20706 19051 15098 7952 24056 17660 21187 19228 13115 9538 13820 20532 14054
13404 8859 4527 21505 21900 12552 21758 10061 12457 19733 14463 19704 9586 11979 14809 15466 7906 18432 17201 14567 18970 21952 14627 26806 19615 0
17288 6953 6911 23813 23500 12587 18419 21367 15082 20415 13686 24087 11625 10893 22046 24819 14924 16104 17401 18237 19729 9467 4616 22620 19581 15187
17591 15022 10660 12816 27305 4880 13667 7935 16213 17392 9298 21622 10506 24321 5089 18072 4966 18326 15176 19923 5715 7195 8786 21666 15911 9987
14492 6268 20639 25661 24672 18978 17909 14175 12780 18229 12530 16967 11574 22138 14689 14403 11007 21524 11387 15902 13499 17313 11367 22584 16264 28355
19544 26091 2207 19833 14626 10515 12394 20643 20389 19239 1069 17145 8697 13388 19191 16911 16842 16319 15097 15824 10046 16547 13019 14054 27477 4474
19592 20616 15897 12868 19710 20666 11128 9169 18313 21646 14692 19275 9407 12945 28865 15434 10615 5121 16566 15699 2815 17170 8050 25110 18701 23793
24129 21719 11487 24890 17585 15843 11195 11032 17697 21161 24238 16797 4063 28017 12226 13407 15127 20232 16637 21928 7813 18213 10085 15653 17364 20097
11951 11683 5822 31146 12983 6733 13789 14841 12631 21150 2281 17875 13350 23726 26362 12644 8476 24871 15324 16761 16740 8578 4893 15228 18937 8864
17566 14344 13177 21969 21825 10826 23774 16564 13296 20315 12365 17862 15706 10639 12004 20103 9662 14659 21106 18756 904 0 10187 16825 10528 10517
19995 20430 7207 15089 19648 4435 16229 18489 14160 23934 13632 20151 10520 21969 27204 21423 17507 24101 15591 14901 6453 9997 13878 21827 14287 11653
16446 19936 11386 19562 17585 25547 20377 13285 19203 19725 6031 15712 9280 17523 12837 16249 14161 11399 16386 17528 7900 13104 9632 15241 22484 16396
22236 15602 13318 493 20148 10583 21599 25063 10347 23641 8510 19637 11488 22989 8679 16279 9533 11935 16569 19968 23521 12782 9997 18049 21012 5717
16304 21167 15076 18139 26949 21986 14512 14157 24756 21537 9919 22207 10336 10780 14565 16399 15672 26909 11187 16902 4343 8601 6284 12371 17677 2215
17816 15916 15711 16566 19415 8527 12674 15217 21760 22549 12797 17220 13060 15328 14888 15635 9095 10020 14531 18040 21556 11622 14420 19116 18676 9117
21456 10306 11797 14687 20883 13205 19715 12053 20098 20308 10570 15123 13042 22934 21551 18209 15640 18098 20322 19738 13871 17739 14864 23526 8293 13605
21006 9757 18298 20762 19910 15050 18773 17972 22473 17772 11774 17650 11109 20158 24999 15311 12627 12587 17411 15917 9944 13936 15167 10687 17548 18392
20107 21123 11208 28697 18027 19765 16022 7970 29844 17753 10115 19227 9865 15266 28796 24249 9344 19823 17414 15978 17699 16239 1716 18579 24253 0
20395 15879 17045 26621 19772 13444 15612 16282 18083 19230 14433 19636 12682 20495 13225 16444 16454 9621 13744 19373 18416 10128 12165 20125 15135 22787
18665 24559 14138 18118 23312 7319 20305 13722 19798 20465 8509 18785 9575 17199 14483 16038 15168 12920 13409 16878 0 16614 9831 17918 16385 17424
25128 16369 10474 29449 23733 5609 16457 15839 14156 13806 4926 21409 12077 17108 13954 23328 12071 14181 20549 18538 17777 15025 6284 25431 16306 15346
20755 13080 15623 28708 18188 10097 22367 7854 13764 21393 12552 18413 14807 22882 15690 17049 14141 9709 19957 16847 4881 17641 11559 15398 16068 1442
19477 7734 18594 29959 23030 14945 19262 14731 12565 22655 2155 18290 7195 23090 22651 17200 13595 21582 12690 18011 1961 17851 13541 20776 20597 24319
7673 10074 6653 6801 15604 11347 16096 15166 15793 18887 20313 22340 11576 11724 16175 16509 16468 13118 19810 13420 15308 8686 7267 11946 15751 11165
20088 0 6792 30539 12995 12230 19390 17390 15596 19646 6133 19057 10580 10735 21734 13034 10344 19964 19873 17464 0 12556 8021 16445 10508 8810
21616 24089 10189 11245 13735 17889 16454 18999 18308 24272 7018 16695 8821 21858 13220 15363 11420 12334 20109 17394 6930 12469 9462 22732 17021 12475
18878 5157 4090 8974 26263 11258 14689 16190 21883 18692 3747 16395 10661 25209 9023 19084 2736 12755 15349 20267 3492 13335 14464 21272 15001 14900
17267 11940 12166 18580 17436 12143 14216 21692 12842 20392 1193 21912 7927 16861 23393 13955 11874 16122 11665 17561 18921 22364 13008 13289 16522 9768
12015 26145 10143 22948 11545 13071 16408 20880 17310 21132 12021 19298 7134 17777 24911 24635 9181 1214 14536 17769 10183 11546 12837 21018 18366 4700
18378 16740 11582 19524 19061 13575 18380 12582 19723 18220 11342 16970 4498 16013 16476 17145 8739 26283 15507 19560 7764 17627 5446 13316 11059 11335
15870 14558 11517 10839 11083 22107 21956 15262 12721 21457 4877 25768 8029 25864 28703 20177 8866 25800 13021 13957 12681 14446 12346 16456 16175 2577
16624 24866 12410 16596 19861 16654 20397 15769 17398 21057 5826 18936 9951 13383 25569 23809 6659 14890 19553 15045 7913 19894 6934 24953 18738 14275
22903 15462 8935 11037 13672 8584 17846 9777 19753 20009 23250 21735 8255 19424 23807 10813 14309 19919 19022 17134 14819 13142 11451 10246 15444 7657
18914 12693 10959 18754 12274 15301 21477 12527 20481 14876 11923 21993 15062 22656 16296 11684 14552 26702 13692 19561 12703 11116 18078 28780 16243 4022
21540 18596 11360 30815 18320 14845 18807 18417 29325 27235 16912 18951 7653 12817 17378 25253 7941 17662 17677 15075 13021 6461 11479 23913 13017 15823
15963 24937 15441 24091 18104 16892 17682 14062 11201 14696 12145 19981 7077 12285 11798 10908 15185 19633 15125 19278 0 14793 14179 9799 15384 14102
21073 11565 3504 23922 18480 8510 19127 15535 22070 17002 5803 17244 11752 10659 15967 14574 17158 27451 18637 21554 9808 15746 10830 18583 14351 16575
18652 23148 8780 27991 16605 17522 21665 10627 23891 22279 4895 18003 9586 20246 13999 17034 11415 21921 18683 19180 13035 13441 15928 15061 23634 13789
14112 13866 18446 15069 29936 16464 17887 18070 2710 25650 17887 19870 9096 18333 12456 10973 4670 13800 18451 22422 5353 20079 12404 21147 20059 3621
16768 33412 5751 19673 16467 297 14291 16561 20205 25762 6850 20129 11517 24148 15391 19882 5644 19042 17032 15644 5195 13155 9352 15889 14686 11710
14161 13451 12156 6873 17367 7830 18906 18546 27211 25554 15077 20381 12924 20144 10571 18816 12936 19082 22144 15036 11200 9313 15282 24348 18919 4861
16177 22341 18572 9047 23302 0 22864 19373 13783 19599 14734 20017 14164 11478 19004 13902 4301 7531 16273 19343 8522 15112 14487 20587 18426 23745
21209 21775 7086 23825 13752 19108 20847 18196 26752 24029 6032 22184 15046 12837 9950 13863 2671 8192 18763 17695 17243 11078 11226 27478 15452 11753
17875 20682 19908 12482 16533 13433 12638 22131 16785 22853 9066 17590 11905 18918 27761 14823 10567 30022 16986 20390 21104 18222 4699 16877 13320 13757
17876 11732 15266 18805 18770 8098 19655 17626 10252 22555 15516 21044 14830 11843 27574 24345 13366 17530 14608 17695 10240 15788 3156 16478 17063 27192
11111 13741 9839 22171 19364 9098 19806 16766 13162 18053 7703 20712 8892 23761 21840 17282 15881 10592 14069 17399 7478 15450 10705 18714 13031 10243
16298 28151 10689 15110 17234 24602 19029 15652 19966 22181 8619 19930 14349 17458 15337 20566 17687 16263 17626 20453 5281 19895 9152 26122 18065 6129
25393 19457 22639 12972 24629 25561 19300 12164 27829 23106 11983 22360 7915 16703 10924 19076 9511 22807 21731 19356 25838 8142 12415 23635 15760 12450
15899 25434 20296 24907 16420 17022 20084 16651 17700 13776 13131 16137 9803 16765 8690 21423 13809 16747 20535 15916 17592 17663 9398 9051 18740 8543
18845 11201 22434 4856 24751 9587 19187 11853 26998 17229 15433 21098 6712 16741 19843 19646 11490 8227 22318 10940 4380 12058 17836 17397 14274 19112
16749 16335 11972 17092 17812 11280 21609 12881 17883 21240 7506 17077 9629 19522 12098 21493 9669 22017 13579 19378 18050 18448 12289 13669 23464 9397
17669 12159 14893 15823 18887 12964 24267 8419 25788 16134 8272 20093 9340 17608 13083 19188 12144 16127 16257 14731 10868 13852 13476 27009 15791 2888
12973 6106 11445 25967 18774 11661 20340 20016 17466 18919 15824 21139 7955 21494 12743 16058 8965 23148 12260 19744 13606 14535 11996 13804 15081 14096
22142 20168 11271 24908 21106 3124 16199 19274 18027 22036 5034 20064 11945 13740 12279 17928 17717 18001 12851 17523 6234 9900 13739 25294 12308 22406
20386 14094 16210 24998 19266 12165 16309 17419 14972 20904 19596 19464 6775 11891 12707 13868 14429 10424 18159 17555 18002 10099 12774 23432 16465 14258
22694 15359 16717 18422 23109 13302 22355 16029 3537 21717 5259 18564 9772 18362 25315 17896 11125 14071 17667 14944 17064 12285 9032 22448 9794 10806
16563 3256 13055 20475 25277 14213 18890 10655 14350 17187 16333 20843 12719 17490 11813 12734 12165 16625 19406 14637 15459 21913 12741 16875 13161 7955
20716 14113 9676 21434 12909 13579 19115 18065 22505 19254 5712 20277 4748 15552 24875 19646 8039 24557 15673 18876 11983 17598 11199 24754 9352 24954
17826 16110 12742 21670 18141 21524 17519 21586 12769 18564 3378 21631 8637 17679 15292 18814 16546 3570 13160 16314 4591 8271 4198 21171 12543 35367
24253 27752 21544 23655 15719 12965 20634 17172 17782 20711 12259 19326 9708 18803 19650 17884 16608 15225 21281 17819 20996 11106 12160 16148 16170 27857
16392 11257 6685 25454 18351 13165 13967 15873 9592 21755 19219 17453 9225 13794 11418 17721 13359 16037 14511 16436 7084 15609 12807 24085 19477 13517
18516 17279 6479 12639 18698 15368 19773 10891 15708 15612 3682 20578 11806 13559 32258 18451 14782 14978 19329 15580 17220 5267 9039 12789 16222 16299
20681 17005 10693 4437 18578 7017 15023 18009 15886 22183 3408 21205 12944 17458 20247 12954 12730 7619 16007 21265 2861 15167 10512 24610 15902 15949
26469 14467 17816 20353 22147 21680 19332 11182 17309 19907 14611 19314 17275 20035 24360 15168 10594 22714 17451 21025 23057 14326 13771 25813 20457 7932
18455 1659 12708 39566 20808 7695 15452 21197 17332 24004 10619 18171 4073 11020 14335 13832 16372 12723 15081 17123 8071 19509 7927 19560 17143 16215
12140 19943 11467 13890 14516 13606 14857 23000 22547 25243 19359 20678 10933 25657 19375 14540 9575 21355 12092 19488 14732 12289 10526 12208 16240 13531
22716 15119 13089 11389 14196 13203 15024 18986 11021 23058 9122 18560 10218 11406 36535 17624 11671 21163 17750 15755 11914 13660 11228 17805 13134 12770
19444 17574 11584 17695 22273 17602 10332 23407 13196 26038 10057 17478 6688 11614 27071 21023 16346 20059 19335 18583 10156 19307 4575 5303 17269 18121
18202 17909 11631 30147 17189 14136 15675 10174 16513 19057 1218 20698 13379 16837 24906 16261 12186 8017 16009 18115 9528 6555 10229 19362 16913 9357
17709 17307 13541 22105 23802 11657 20222 18766 18417 21784 14310 18161 9961 14329 16066 21548 17882 18708 16586 16654 3674 11132 4367 15004 12164 11213
14729 16018 20291 33155 16234 18808 14700 15012 11168 20407 16501 18007 11273 11442 5070 14549 12070 15515 18538 17331 13924 11227 13871 11989 17831 10525
19726 14811 4149 22740 20715 15586 21246 20450 14660 14768 28095 21055 6154 20305 23439 17541 13653 21359 20783 18497 922 18211 10133 24081 16624 15606
22912 8335 14089 28327 24567 16977 19240 16918 19945 21458 6284 21651 13454 15873 7521 20248 14647 12683 23294 16724 8561 9635 12036 19401 9484 8837
14476 26964 6606 28425 15084 10937 22422 15568 28236 17804 16033 16374 7028 22953 9872 13190 12645 10647 11454 17249 9701 16767 15459 25027 13940 18522
16984 10489 12614 17685 23658 11250 17806 23920 16650 13846 11664 16666 8296 3309 17764 8853 9071 15273 14264 17609 5707 11457 12894 25390 18419 2828
10953 15003 9177 12588 24077 13410 17083 24917 7440 25385 13529 19210 10118 13992 30905 16198 14776 18467 16412 17201 14231 11768 10917 13873 14440 19692
9948 24581 10210 28831 15452 20882 13441 12379 19524 19061 4184 17360 6272 14430 24040 11989 12406 12872 15066 22905 17385 18764 10074 27600 18081 7674
18200 22456 13518 22805 19402 8488 20317 18217 14284 20968 7390 22568 9440 16490 16190 17051 13572 22874 16869 17368 7204 15282 13053 16839 14922 19213
12456 8111 15842 19133 15161 14253 22126 15197 21247 12489 3832 18356 10779 8962 23979 24645 14958 3968 15611 14583 16748 16233 10010 21436 16472 18702
20177 4444 11198 19525 20813 15873 17254 17769 16012 17433 5277 13591 9735 11745 28247 14632 10905 21988 18317 14455 6544 14869 15010 24010 10747 26167
14728 19083 10140 9059 8267 17279 20787 13305 18953 16645 18586 17863 6086 11771 16453 16278 8065 16284 18266 20072 0 21600 11938 19399 20743 17240
22163 8042 12823 13699 26971 11488 19302 26784 15961 24534 11512 15465 8716 19075 28076 20847 11291 13061 18364 16775 22063 8933 14521 22786 19197 3954
20750 24854 10420 20185 23128 24227 17598 22915 8782 20063 9519 21678 6778 13955 12935 18137 13705 20893 17434 19293 19980 15846 8211 16675 14212 5938
15922 9482 6225 12693 18157 19503 18860 14821 14370 20997 10433 16916 11115 25400 31864 21551 9849 15575 18753 18332 17954 10978 8865 19340 19224 13890
19786 7349 13193 21494 15637 11029 18019 18651 16798 15668 6105 19456 7167 12079 17392 19255 5876 11886 11356 18350 0 7534 7593 21676 13751 18932
10560 29118 11644 8541 18369 11498 17451 9499 21270 18852 7959 17567 7475 24780 31823 11401 7077 14429 19195 18193 2479 8588 7424 21152 18951 16312
14532 21889 13997 18858 10532 14570 17063 12524 6395 22115 16775 20851 11821 22915 20966 16658 15964 9465 23046 18415 18568 17179 6847 18795 13671 14699
18524 8232 10747 7868 10972 13809 21438 19208 18206 22394 16215 17748 5704 10027 19138 19946 9103 14378 17320 17935 15139 7980 6300 25477 18018 9608
20321 18025 13010 31826 22054 17662 19923 13345 12345 19623 9716 20584 10917 8501 19058 18724 13735 8543 15186 16080 9554 4217 10252 16768 13920 18063
21497 16339 0 9987 21253 6312 17986 16113 16388 15919 16240 18836 9816 23008 15682 12419 13328 5645 18931 18282 14249 10685 13102 24300 21287 6349
19646 13858 11705 11686 15519 12693 21530 17693 17556 16935 20640 16846 11043 22024 19398 16640 2820 19537 10437 17818 13489 17067 7409 20619 15895 16196
16212 22790 10498 20533 18121 12944 19876 12090 24087 21690 10913 19634 14967 14834 21192 12325 9507 16602 20600 17575 16519 15277 9274 16783 20130 15692
17121 23489 16440 19272 22060 15831 15586 19566 17805 22069 561 25632 13689 11947 26318 20201 11326 18750 17866 17260 6459 11509 12372 13271 15609 17325
21109 16907 20102 5556 17154 18006 20522 18032 7529 21215 14315 19377 11257 17430 13574 22933 9695 14819 12849 17855 15433 8426 10933 26990 9244 14028
20389 3746 4609 17211 19482 3286 22614 11327 14232 19113 24350 19845 6238 19218 13728 14563 7600 8867 18508 14381 8963 20876 13012 17948 10926 11696
17128 11160 11453 31767 13173 2591 14062 9369 13485 9603 6404 18006 12121 17703 17056 21017 11751 9829 22870 16325 23232 8194 6203 23990 13594 21865
11506 5536 784 7181 23918 13615 17600 19617 19332 21426 6349 20832 15399 26412 27672 15196 16335 13151 15589 18670 13520 12758 12247 22042 18049 924
22119 16057 10040 15736 29180 12443 15490 21716 13386 15558 7710 19074 11710 16420 20323 19943 14356 12373 18188 16561 8017 15312 12568 20499 15272 11040
20262 12144 15189 22370 13645 21352 17872 20352 16891 21786 13775 22815 10008 25432 21171 20054 16221 20852 14331 20415 19008 13576 9845 19464 18807 18159
27687 30760 9673 25908 22510 23968 22242 21382 11809 17141 5242 21338 9544 17145 19604 11674 2999 16011 20513 14351 8687 21524 10723 13004 22232 9785
19077 20025 9205 27344 17695 13205 20473 19064 14977 24917 14708 19760 11674 17160 11830 19891 8186 20562 13726 17863 20197 13191 11855 13888 16576 8353
13551 7271 17813 22437 22303 12989 17690 10718 18242 20151 16040 19834 5524 12722 24560 15960 8412 9648 16310 15927 8019 14052 8095 15948 19246 6533
14484 13083 14842 26190 11959 16415 19398 23146 16296 19057 12673 17379 16259 21786 20529 16078 14046 22618 12191 21518 22602 22192 6618 21428 23509 95
16353 22731 13154 19086 11765 11942 20798 10431 20185 23692 11165 19181 7250 18613 17285 15698 16512 15175 14027 19096 9122 9059 14394 17482 20507 29221
14701 18949 13116 22500 12816 9419 17409 18693 11634 24861 14548 17761 15657 12855 16914 17354 14798 20957 15041 17930 14000 5655 9776 25877 21691 20542
18912 31707 18843 25605 31497 10234 13603 13818 12376 19487 1542 18282 8597 25506 10856 14985 10848 19680 17939 13926 0 8725 8619 15012 19803 11889
24419 4933 12240 14620 13064 8193 17291 10585 18973 23731 4612 21685 10941 13611 10809 17184 8971 9124 14850 14062 5936 17537 6715 15575 14035 20410
15674 16915 18978 16015 25321 6220 23899 17964 15446 18407 12221 21364 11053 17451 25487 17502 13601 16542 20929 17501 21747 12208 8185 19333 19346 0
15962 13344 15537 16860 19027 1876 18663 9679 16929 19705 13534 18058 8674 17437 17838 21348 10208 27839 13995 18625 6213 13294 9511 18765 17612 7906
14371 12895 9335 13432 16764 11038 23337 11018 10477 23042 5078 17509 12630 17613 17019 17310 17214 18011 16489 22666 28249 14789 7430 18191 18532 5997
26935 19228 5140 23933 15479 15040 16409 18885 24758 15957 15114 18643 10979 16102 34215 18574 9823 16008 23475 21413 13790 15410 8415 20570 14551 16920
11251 14610 10315 7761 20688 13517 18791 13298 11922 20191 12714 14733 13310 25488 26552 16341 13405 27122 13054 18337 10347 17713 9653 9393 17234 13201
21474 10201 15263 15342 8376 16087 16597 16899 19712 15155 9929 20772 4216 16415 19550 22338 14860 9490 22079 16448 9060 14645 9510 16822 14016 19556
16953 17970 7817 14511 22942 5544 18819 17589 22347 17087 14330 19241 12291 22802 23021 9668 13320 14176 13926 14878 13815 924 10648 24108 15741 22021
13891 9623 12727 21121 21158 16295 23222 14232 21973 19282 17842 21017 5501 24194 20340 12360 9666 12556 15558 16442 9891 14458 10926 9690 13327 13900
18822 20862 10475 14444 24724 10716 16295 12221 24287 26593 10647 17156 7287 15590 16988 24593 17288 7637 8940 19045 20102 9815 12801 25696 20896 16645
16687 14469 10023 8389 9306 9998 16412 12033 14782 21402 14196 17486 10218 18801 25586 20060 8654 9518 20370 16995 10910 15450 9334 22784 10329 17454
21281 15232 15232 11916 17057 18045 17544 18230 12121 18870 9744 24634 7022 18323 20165 20682 13460 23551 18960 22485 6164 14448 8576 14368 16490 15246
20934 29269 9556 24560 19311 8175 16876 15812 10052 22325 8702 19005 8739 17279 27371 18505 9930 8600 17768 19065 13221 16773 8128 27292 28318 19878
12772 8433 15451 22175 20761 17780 16879 13937 10403 21019 11624 15878 10357 12821 20839 9481 16090 11945 14294 20022 9466 15258 14579 23920 14965 14617
15458 2443 12902 15140 13625 6893 18624 4736 11953 17946 23810 21076 8572 19150 11688 16189 9229 16980 19396 16737 3059 25096 7013 17680 19657 22933
20565 14782 6620 16730 21194 16681 16537 20689 18493 16355 14001 19143 11308 18014 19528 13023 9031 13504 20621 18818 5630 12691 17701 12253 16754 7400
16958 18340 10597 24974 18040 11245 19722 12870 16528 24896 7570 22423 11366 21451 11499 17906 5860 22485 15318 18158 9706 7125 13607 13054 14898 12173
12960 9969 10038 23522 19179 16459 14643 17527 12675 20154 11204 22087 6602 20901 11137 15974 9629 24009 12510 20185 4917 17958 12317 20635 18621 6147
17251 10666 18193 14426 16183 13064 17639 13313 19759 24057 14582 16602 9682 14288 25083 14120 10587 19157 8233 17036 9022 10681 7077 14286 14573 23095
11402 32796 12113 25289 19641 9821 19294 15714 10490 22917 15731 20358 7773 13565 18885 12414 9316 17139 22025 16009 16709 18299 14100 18872 15744 8999
21898 8745 16164 18832 23564 17335 15713 15087 10848 22707 11592 16092 9214 10671 15642 21051 9934 22043 24203 15791 16568 26792 6763 18150 16848 16775
18345 9813 17752 15840 17602 12617 17045 27701 22892 20136 1982 20054 13937 20942 13585 15672 8986 14082 17337 20597 12831 7441 4478 14748 21104 5858
19758 9322 6490 22613 27665 7919 21971 21734 19876 19662 6121 19263 13936 18115 19965 19281 16490 20726 14445 17196 10963 15411 11249 16956 16545 6101
14827 18117 16600 11709 18302 15653 20693 10077 14431 19515 9545 19776 16540 10859 26648 21275 15543 19885 9919 17903 16970 9472 8046 14397 18056 5438
12050 18100 263 25880 18445 15327 24542 18621 14274 23429 16044 21012 10790 13733 16662 18358 15692 17758 19180 18347 11345 14345 10544 17972 14397 15107
21238 26883 6027 22652 15920 15464 19021 17009 18739 24672 8886 20038 10733 20408 21547 23652 14442 24669 21841 19126 18718 15133 9157 19251 15887 255
21415 24191 11597 17416 21502 15351 15891 14382 18704 15194 480 22519 8727 23836 6787 15467 8193 0 13052 18579 12498 12363 10405 18028 17704 23641
13351 16528 11171 18631 14441 15792 19686 14464 12026 21645 8529 19367 6639 16184 21933 17157 6959 8990 13859 18639 10795 8864 12464 13820 15754 12821
19146 1775 14243 17634 20557 4194 16374 15857 4867 20324 3017 21489 8590 13903 22929 17509 12537 9683 21019 17512 11499 14215 9229 19912 24604 947
18161 5583 6334 29422 19044 23477 13862 10850 12625 22333 14012 19605 6162 15604 21622 12581 9355 25519 17859 18618 16657 24027 8008 20595 14019 18777
17522 18579 11431 31206 19458 18977 15809 12487 20964 18445 12274 20641 13377 17876 12616 13812 8629 14017 15595 19306 13298 18498 11222 15024 26284 10569
18318 10101 13921 9662 20953 10770 18552 17455 24944 19282 4198 17392 11788 13088 29442 21121 12030 14762 9018 15650 13636 19949 9863 15097 11659 11690
18000 26695 13442 19565 19496 19445 18166 18049 19822 11876 8833 19867 14473 26693 17066 19995 14546 12040 18282 16699 24495 15401 10129 16900 22153 2703
15777 17194 18017 28829 18940 9070 19004 12575 14269 21182 11361 18249 7873 15128 13334 12151 3582 8998 10720 14755 16899 9572 4620 26417 8855 17862
12968 14529 15166 29842 15423 18316 21444 8051 6562 21922 11065 17978 11417 19740 29462 18102 8509 6189 15913 16959 15709 18437 16162 20912 14894 0
18025 13724 11425 20051 21683 13049 11837 19311 12450 17143 5179 22612 16196 20694 20141 23796 11054 11509 13110 17606 14340 11938 16006 17312 15779 11276
20512 10730 18751 17684 23550 18262 19832 13452 14518 19752 5882 20738 9673 21685 19435 17470 11459 12495 13525 18190 8842 7528 10040 25228 7631 13395
20798 18899 11199 23166 21773 12056 15107 11469 18200 21569 4242 21926 12302 19719 16113 30278 19369 12442 22272 20012 14685 18247 12856 15686 15854 8584
16731 5172 9819 19743 23853 17094 18301 12343 12092 15876 8000 21043 8816 17743 31434 12248 11015 19289 12673 15114 14772 18901 10521 25946 17633 9804
16162 13067 26942 20259 16633 13317 18072 13175 7698 23008 0 18554 7422 17700 31214 13597 18145 17858 20473 19067 2057 16778 9790 25517 16657 16405
13447 9303 7564 18276 22216 14937 17127 15219 15792 17087 16659 19532 11174 12337 27049 10404 14536 21936 15553 16582 14157 14300 13922 20552 19588 9681
20178 10009 14986 29621 17731 21855 15715 17973 20965 22273 10330 21498 6000 12251 26098 15074 12664 6152 21635 19437 13216 13649 6283 20455 16535 8715
20022 11152 14654 15769 23815 6351 13427 18847 19380 18845 13421 19137 8522 13361 14961 20059 11755 17278 13965 18674 20116 17288 8700 18191 16194 10174
17925 12390 13943 27140 27984 20745 19076 12631 23688 17033 7324 19088 13990 13086 22884 16473 7985 22537 13725 20278 21917 19256 12823 14964 17642 3632
21428 23088 13830 13092 16711 13750 18606 5413 11625 20394 19590 20263 11951 18963 14915 21259 9793 12450 20538 19749 15246 13172 15377 17873 15403 16543
17684 15416 15254 21158 15386 17098 17736 21561 15484 13272 19279 19991 11047 18215 10345 9374 18170 9816 18518 21729 22577 9794 11726 19024 11941 14115
16307 7839 4451 23730 15345 12635 16146 19794 12612 19789 7935 16103 9165 23942 14173 15256 9567 26951 12797 15081 7856 8907 12106 10798 14922 11789
19232 23424 11006 11891 18603 15928 21483 19083 20249 21403 13589 22411 11325 16506 21300 18643 12179 15844 17615 19717 15442 17130 9204 20395 18678 12555
22149 8684 9447 5653 15975 22466 16585 20295 6258 23770 13861 16859 8205 24691 30428 13060 14298 13391 14395 18917 11078 24584 12700 16153 13521 17854
20176 17062 6412 35915 18062 13667 18492 18465 18198 23894 6712 21780 5161 16721 23886 21686 10051 16443 19120 17681 6948 8612 15994 18190 14793 11552
20446 3799 11310 25274 26346 13762 18329 22770 21385 23172 17373 17948 12303 10687 17062 16744 7864 17430 20425 18587 2854 19724 12818 22165 12916 9945
19349 8555 8543 29680 14573 6430 17426 20331 14602 14742 11550 18971 14716 18779 22698 14940 11089 12927 24294 13939 5945 11393 16989 25733 18813 19963
17695 23158 8747 12464 13474 21970 13711 14863 10032 13713 13137 18813 12236 14930 24164 17308 12601 23450 19875 21926 13363 11699 13857 14867 12615 8818
17707 13848 6058 3621 21973 5408 19260 13227 16390 20349 20399 19306 17106 17164 24680 20623 12337 7180 21299 18619 11494 10483 10235 13969 20506 14237
16882 16156 6984 22925 29347 17802 17941 9388 18238 17254 13150 16477 9392 19008 22993 20230 15338 21726 23791 18281 0 19864 12961 19394 19081 10367
17761 20932 19981 27249 18584 16979 20421 24121 14964 15805 16348 22133 10483 15631 20545 8186 5533 5495 14872 14524 9420 9783 11771 25026 19624 9748
14988 12544 10642 23493 20099 12587 14654 21799 15853 21909 7158 14006 13053 13812 11519 17949 10448 27982 13990 15988 16104 12291 7595 13773 6597 16519
15094 14867 7767 16192 12938 10018 19987 16419 12559 18091 10707 17184 7053 22682 12947 14984 16383 15183 17275 13929 18357 8389 12747 16471 16451 24986
23027 26497 11994 1754 23295 21927 16949 19300 17013 17485 17121 21313 12100 8230 27847 13765 14540 24933 8746 17808 16042 21996 6592 13521 17152 25171
13959 22351 5841 31639 21559 2963 19498 6088 18523 19073 6192 17854 7642 20228 20100 9591 11968 12360 14482 16971 12537 21000 11247 21064 15900 2786
18937 33009 11029 18979 15366 7217 20265 17309 13397 18061 12965 20183 11111 12615 16972 16062 8665 12849 15207 21605 8171 5695 9584 21324 13322 4507
19025 18898 17491 11658 21557 20230 22993 17270 13449 20500 3849 21896 7223 11265 21281 21172 12551 12739 19038 18273 7942 20683 10745 24579 16199 21645
19958 21160 13523 27075 15002 21018 17517 14207 19534 17652 4539 19863 11362 12171 21676 17904 4880 11742 13404 19769 5991 17013 7314 27681 14028 10401
20737 13201 10938 27630 24451 10983 15862 18614 21995 16490 8201 18042 10112 17736 18709 18532 8619 0 16973 15503 10217 17159 12590 26331 13814 11098
9873 13240 11796 24221 21791 16517 21710 17213 14446 25165 18448 18440 9564 15224 19330 18416 13731 23658 16448 16357 9219 12924 11794 24526 15652 9888
22553 21555 16281 22178 33136 9379 15308 19610 17099 22008 11618 20305 11854 18441 8614 16047 13337 9745 22311 20210 26722 21256 8504 14233 13468 13469
23796 32513 13980 21431 18870 16371 7979 16763 18053 18611 1705 16219 6082 5021 21303 13232 8987 12165 13488 20973 6806 10633 9963 18938 17424 3285
19481 10927 0 14138 25413 9273 13264 19991 16347 21440 12534 17642 7823 24326 12159 19930 11203 27733 14641 13892 1180 18608 15460 14679 16041 22435
14807 23311 17660 27587 20089 14769 21186 12051 13849 21022 6997 22157 8287 12435 15916 19145 15467 19943 13249 17015 10489 10923 7778 23570 14826 11313
17390 1746 12957 23981 16760 14189 18373 19243 17994 20827 18861 14152 10332 17275 10552 21329 18369 21022 17273 19503 11777 17109 6028 21671 12346 16293
12674 9565 15155 26554 22904 14600 16887 19650 14428 18422 7058 16699 9628 9724 30873 18452 13922 10698 16226 17655 7294 21895 16034 15694 15519 18852
18376 29644 9010 16298 20441 16391 17064 9311 22234 20350 13180 19797 7895 15836 15985 14711 13255 13120 13170 19117 18153 9818 7275 22404 13308 19566
16691 18870 7359 15758 17530 14856 16171 10995 27780 20821 6465 16033 6116 14873 15024 21911 12745 13209 17955 17770 5065 11523 10455 19422 15471 9364
18336 14330 17630 25250 16627 33573 16560 13297 21200 22116 9567 21181 8701 17057 22889 12344 11073 15091 9843 16692 14669 17518 12036 19127 18584 21008
9245 32226 16540 7867 22123 26280 18171 9738 19639 22150 6159 22404 9593 21029 17370 18230 9303 23283 18109 17202 16485 6502 11418 19293 10095 17576
16785 17414 7510 14116 21845 10055 16155 14720 11280 21119 351 19813 8509 9590 9836 20912 14674 23734 18485 18973 11967 14153 12732 23986 10539 18797
19342 11544 13152 27134 22594 14246 19755 16929 17335 9807 7750 23422 2500 14207 15978 18511 7604 15761 18918 19427 13692 14878 8111 18227 22847 9339
18292 19875 3591 19740 10577 13153 13943 18568 20631 15884 15121 18946 12575 13188 7521 11908 12235 19789 17659 19035 16852 25065 14532 15529 15668 20708
21907 17108 17658 32500 14689 14701 19682 15656 14312 19949 7515 18558 9405 22570 20943 11778 5740 7972 16809 19876 8029 18416 8592 12948 14001 15811
15194 20542 9931 22673 15096 1606 17386 22052 21174 18729 7943 20939 7635 17061 30702 18833 15511 26548 14874 17787 9712 4955 15062 15116 17632 8414
12363 15159 14114 22299 15107 12104 16922 16395 16022 19152 12928 17759 8923 18579 16884 18811 12052 18778 22464 18334 14383 17208 10979 20547 10063 14220
18653 17195 14243 26789 23813 10591 17432 23040 22688 20988 5011 19152 9341 21185 21992 16547 13489 23535 17708 20130 12636 18463 11877 13916 17147 0
13685 28077 6467 19058 12990 17823 22841 16710 14153 18397 9769 17658 8024 12622 11292 19222 2775 18745 13636 17678 11285 14455 12309 22636 17784 23247
23660 18238 7234 14332 18042 11867 19661 15614 15300 17250 13053 19767 4732 14964 17620 14856 11981 15636 17471 20560 15671 25712 7349 26253 21786 12595
23119 20003 14180 24329 14131 12123 15604 21610 12247 19169 15251 21746 6502 18917 22839 22252 11345 8135 20708 19274 4213 9612 11129 23357 17774 15787
16939 21591 14805 20469 13048 12628 14275 10801 14845 17808 4029 20249 9084 19211 21509 21457 9738 20558 9317 16752 9425 9297 8742 23263 23618 14676
13571 7095 18472 12275 17698 10725 22542 16211 9038 15368 13814 20466 16749 15950 24497 16083 11839 8698 18680 17725 24160 13235 15617 19149 15894 15626
17073 21438 17580 15600 19398 5844 15482 15664 22807 14452 4308 16848 12530 19470 15494 16565 3966 21041 15431 16266 5170 10601 13868 20284 16103 17674
10217 23613 6878 15967 21546 10819 16998 13003 19982 20895 20677 21295 9377 16192 21236 16281 7814 21072 16819 19096 2737 11317 14006 16552 13431 13578
14871 9132 7933 13234 22308 16923 20012 22223 8494 21090 6789 15729 12045 7156 15830 21335 14393 8764 10849 13783 19837 11157 15566 16307 16399 13159
13669 9918 8673 20145 18625 12726 20769 21368 20510 24291 13023 16109 16415 13062 27476 14921 21176 2664 19984 17819 11342 15507 10829 12822 20803 19385
19161 21664 15590 18171 15138 15098 16241 14883 19513 20809 17461 19798 11254 21885 11377 15871 6080 19745 20903 15128 6840 8079 9964 19566 16617 6981
20622 23933 9003 30507 20688 12019 21235 8371 16603 18309 8539 20249 9277 6029 18696 15891 12869 17869 18504 17815 6201 15462 10691 14777 19385 9063
10578 25004 9086 10328 23597 24487 18764 8237 18282 16980 5808 21235 8036 21532 15414 19803 10665 21993 13695 15562 21826 9597 8338 22645 23078 3740
18451 7845 12981 19851 20915 12814 14792 17870 18620 17725 5028 23333 8354 20813 20755 13913 13942 13436 14365 20273 14642 9572 17922 17791 22496 21712
17231 23656 15505 19570 25141 19826 18255 11661 14787 15717 1464 19977 14456 19019 15895 21406 15171 9337 17058 19040 16370 8459 10422 12599 12705 11317
17487 24429 12353 17282 10891 17498 14230 11324 22201 14821 12247 17664 9187 7367 21714 17990 11401 21569 19575 16427 12367 24004 7329 19171 16638 7925
17949 24485 12841 15026 17183 14018 18537 15757 4121 19017 13497 17608 14472 15848 26549 14754 16274 19486 17314 19530 24962 16833 12912 18674 17809 16620
16888 21046 15792 27399 17621 10507 22633 15709 20683 16859 13064 14274 10305 20200 20292 9577 11855 10473 15486 17919 5428 16023 12058 18726 15433 5832
18639 15867 11152 19239 14911 8634 17988 24014 25438 24752 9536 16763 8898 17231 24091 19220 13540 7624 12697 15024 11879 18565 9000 21747 8683 15343
18313 24274 14678 25462 21777 12604 20756 20486 16051 18050 8145 21968 10845 21253 30381 22193 9453 18259 14957 17055 21914 20224 5010 19371 9560 2655
19544 13553 4350 3889 17789 9829 18191 6917 21015 20730 6091 13594 12680 15986 34282 24462 9035 20887 21740 14745 7960 19487 9075 19811 21634 7655
24943 24471 13993 17475 14347 9033 20338 18740 13355 17892 9955 17027 9264 14970 16050 21205 23486 12282 13537 18144 5628 7722 9446 14543 9986 11716
20325 20904 4404 17064 14743 14649 20549 13352 12587 23440 16551 20150 6657 5423 19507 18395 13223 25596 15828 18505 15352 8345 9119 14750 19592 21816
18195 29475 6442 18036 27695 16386 13708 21713 17437 20187 14224 18602 10240 17682 21059 10595 14554 14310 16873 20426 18872 11844 13190 7642 20282 12167
21487 18728 4352 28237 9859 13651 16324 17173 12749 11666 10012 20687 8352 15336 33077 11718 16304 18296 21416 16255 11507 7818 9558 16536 10669 15726
17675 20689 8212 20991 26397 15256 16856 17931 11320 23580 4018 17454 10424 20769 7902 12951 14020 19059 13120 18331 16243 6860 8338 14574 20673 10528
11239 17473 11177 14338 23630 18274 17766 15055 12247 18620 9759 23325 10197 14957 21615 20823 11525 26437 22062 19064 20271 13575 11217 19681 19391 24333
19752 17968 11978 20100 16699 5273 15079 9012 17145 19327 224 16274 3532 14606 18880 20149 12518 19709 11610 17031 13840 8150 9497 12484 15557 17812
20766 13645 11363 28683 23857 24225 18043 12357 20283 28608 9434 23944 9367 11391 13061 17806 11550 21432 24992 17196 7335 20402 15084 15449 24022 7315
15637 19274 21031 20962 17799 19782 19715 17862 21425 19199 17455 15425 9428 10861 18549 22357 12799 4059 16352 19626 8052 10457 14714 18380 19508 9669
17161 20029 18107 10920 18768 9712 17848 14471 15016 21439 2858 18277 13027 14855 11140 25698 18607 18457 16411 15969 19093 20242 11035 20668 20888 13212
24901 7884 4070 38062 18371 14896 19942 17976 13326 21281 7580 14598 12640 19512 25771 18195 12839 17425 13276 19863 11443 14482 10108 14339 18671 13848
18048 14051 14446 21317 14455 14111 16037 11498 8517 27107 10304 24168 9742 14885 24228 13832 11421 17079 11840 16465 12267 16552 11080 18861 10621 5677
19771 21046 16339 23016 20897 10045 17634 11606 23097 14934 8858 15444 6778 15024 25074 19564 7203 10847 15387 24038 23813 12538 11832 22432 15121 6050
17400 10627 6549 21447 2572 20451 14622 6313 23150 25046 19485 18588 9270 11359 32847 11030 11769 25869 14945 17014 12905 21674 14527 26032 15035 17493
9570 16388 8579 15654 17594 23435 20014 16379 16674 20159 13909 20705 11305 25646 26978 18488 12075 9155 19453 16466 11584 16846 8704 24080 17008 14162
16563 9370 7342 18340 17458 19082 18910 11240 19104 14441 8097 24100 8602 20783 23830 25602 6802 14837 10912 16625 11490 17122 12850 23829 16027 13739
22867 16231 18879 28517 14381 12030 19533 18987 15222 20450 5933 16294 7081 15519 20749 13490 12496 16943 18094 19018 17498 13971 8751 18400 19385 12894
19144 16933 13838 14944 9719 20696 19062 26912 17259 21322 16257 17326 6421 13303 23563 20874 11212 19902 8663 18578 14748 16347 13601 16365 14781 30389
12206 21324 11917 19254 11746 11730 11482 20410 22496 22262 7639 19850 12637 19573 23717 14740 11152 7947 15591 15358 9306 24747 7277 13444 9478 17191
15999 27207 13831 21707 19013 10092 12960 23386 23409 23833 10637 17772 6641 12895 15094 15481 6200 23481 12945 16921 23828 20490 11357 17503 22436 18383
17274 8009 13840 9638 19761 16930 18248 15112 13372 18925 14657 22343 15244 24273 21795 16126 14400 13194 16307 18818 9878 17526 9131 20969 23453 12824
20154 16894 14366 25863 20133 10957 17154 19214 15206 26296 14054 16355 9707 14193 15196 17788 12696 17948 11124 19687 2473 11897 10742 16621 7739 16583
18079 20702 11840 14190 19011 23880 15301 11071 9350 20140 9522 25729 4438 27374 22485 17153 5493 15521 17516 17693 3322 19006 7445 6616 21599 21737
19243 7605 7242 27414 19484 21718 16980 20893 17738 19978 12917 19520 13128 20480 23388 15689 15532 21580 20091 22499 16985 11826 12341 23196 12130 17730
19607 24190 19678 14823 20822 13249 24629 13511 18830 20463 11622 16367 11705 15004 25286 17754 8404 10925 13014 16183 7531 10317 12327 22524 15372 8961
20340 17654 3120 16952 25369 22917 18371 16740 17254 16817 3495 19474 12944 17209 23830 15615 6596 14153 18339 19011 4811 15890 13629 13795 16942 5974
12212 20807 6393 22020 26073 22137 13571 14823 17610 15509 20414 19756 14415 11911 18139 18392 10360 17915 12444 17773 16988 10442 9299 24785 23147 14098
20239 25572 12302 13155 21893 24626 20749 20872 13059 19774 5638 21439 10676 11328 32250 20511 13590 19804 20202 16122 8272 10404 10701 20598 12828 16682
23941 14755 12782 26463 12146 2863 23231 13319 18867 19161 19456 19580 13434 17724 24748 25126 12816 19383 14749 13082 7715 14488 3735 23893 9356 19789
18096 10031 363 14039 30035 13066 17235 19831 16172 23191 24693 19699 10865 12857 25295 23231 13838 24894 13489 18964 8225 14494 5554 15321 18382 14490
16623 11348 16531 18054 23728 8956 14873 17493 22619 23632 5435 18015 13630 13774 31549 18870 11853 14525 11221 15116 9522 7870 8971 18966 15170 16606
19068 16062 13784 14265 17350 22848 18374 18873 17299 20478 10161 19083 11630 9569 29636 17425 12160 16498 18276 20743 6213 24000 16769 16081 22551 13698
17709 14776 14683 5359 19568 6626 19327 12620 25323 21110 12490 19596 9272 11624 25553 15233 8696 11202 19196 17199 18799 13637 11329 25506 14400 4138
20017 14746 11455 11508 23329 13238 23495 19140 18936 20733 7939 20673 13203 22886 28350 20166 13880 1740 19269 16829 7370 21837 10051 23457 14104 10521
20593 28042 24753 23148 18523 5017 21006 14657 21952 21426 12862 21781 10166 12801 6155 17069 13043 12492 20052 16301 12532 15718 8781 20819 14883 20657
14529 12212 14497 11436 28000 12418 21300 10402 15310 14724 8917 21679 13855 21687 18459 14968 13366 20058 16196 17112 15000 15544 12201 12899 20065 11286
25183 20917 7184 25004 27166 14850 18954 15612 21411 20832 1943 19172 3877 17601 16802 17963 16444 16178 17422 16687 21488 9492 8899 21483 22709 13790
15179 27212 21068 29977 16410 14697 17975 20882 17783 20471 5611 16622 8220 10820 21555 16515 3544 25674 21531 16631 15694 13053 13828 19722 21991 16327
20007 11882 8411 22825 15245 13456 18928 21072 18869 22643 5164 24127 7051 23481 10788 16684 13553 22874 17791 17533 25252 13213 10973 21907 16604 8017
18699 4932 11795 16988 6115 19374 18229 18655 19791 18916 12789 19028 10780 17382 14991 21933 9094 18056 20686 16429 9426 6790 4170 24096 26004 11414
13468 18437 6010 14636 24389 12312 17603 13677 28974 26087 6632 23173 7696 11880 4901 20183 18153 17365 16231 17376 10357 12335 15355 10106 14378 15753
14969 17780 7971 13261 16107 14629 20135 14688 12172 17360 1911 25346 10047 21790 26523 21389 15584 20345 21750 16152 17653 18874 12091 19966 14953 18032
23260 13870 14868 17250 17142 19430 16735 10058 22079 18109 14326 21762 9219 15948 9992 18831 14160 16157 16150 22568 11106 23748 10053 16287 19562 8627
19605 24070 3781 30297 23247 14215 19025 14413 21287 20212 14177 22334 11052 15922 21408 18034 4308 19636 19188 20296 10236 21037 10252 22822 13748 10852
16001 20280 10489 23725 24118 11621 20705 9517 18222 20122 13838 16677 9033 16099 12385 18754 7889 12939 14328 15248 29085 19256 11235 20852 19888 1418
16391 14417 10912 11105 26129 19330 13869 24630 18311 14887 22682 18553 9228 14159 18178 16445 9735 20083 19798 19849 14287 11822 11464 25945 11759 5790
17938 22947 10083 21048 26100 13447 23030 18488 23597 21322 7935 24060 7911 8963 15140 25127 16583 20377 12095 17040 12860 0 10940 12829 15144 13119
18915 16422 25199 22327 14127 5776 16796 17546 14326 20950 13674 17546 10487 15592 23740 18435 13290 17484 22409 17514 11435 16049 10809 24201 18153 26399
16203 16460 13774 18712 14560 8383 18149 14655 10336 25271 12149 21008 9070 26378 20473 16223 6086 0 23282 17621 9086 17697 11983 13176 19434 24011
19767 14604 22693 12032 10490 24309 17158 10945 17331 20008 14948 17299 8950 8653 25103 18946 12051 20146 16529 17583 10782 7146 12181 16118 11999 0
20950 20591 14092 21254 20697 11569 18150 17500 18080 24546 12785 21555 13755 20447 12560 23121 12201 24156 17508 17906 13841 17551 11191 19275 16455 6345
15212 19584 8916 24697 26120 7930 16620 15359 18085 23236 13821 20447 8375 15756 15038 15532 12613 10811 17035 18381 12593 12035 9026 13682 15214 16190
17691 2771 13274 19377 19321 16106 16149 19943 15698 19255 7692 20116 2662 13453 7928 18237 19385 19990 21613 15626 10067 10790 8675 19909 10342 18790
21299 12804 11969 15676 23007 24173 17924 16902 13599 21741 10773 19537 9122 12517 11229 15046 11934 31531 15993 21552 21751 15295 6333 27099 18240 7720
13044 20160 14284 14558 21885 9950 19925 19181 12188 24536 2126 16073 11695 24084 23489 16590 16433 14842 16903 18989 0 15380 8544 21068 18687 5724
20327 12928 21816 3992 20219 10022 14359 12054 19994 17514 10643 18004 9529 17359 10914 8721 10580 16782 20758 15630 10465 20811 12088 23044 17424 7125
17577 21988 14138 20532 16710 11948 19488 14714 15659 22411 18572 22925 13516 10088 17269 23818 12193 21655 18463 17930 11198 10659 15658 19115 17435 15031
18601 24374 7287 13094 19393 8403 15798 11558 12116 23754 11419 19023 11191 5020 6417 12146 14732 9458 19539 18280 9546 21685 5829 20930 23015 27714
17296 14944 8201 30611 13621 14687 17619 8034 14540 19072 1195 17058 7401 22985 23693 14955 14839 16481 18376 17604 10811 12366 11559 19548 14302 21795
17939 25499 13126 14378 17843 0 17802 15200 22078 16180 19049 17176 7337 6829 18176 10873 6096 13625 11589 16154 17773 11799 8005 19178 9679 13738
16668 19200 10502 32494 24782 17356 17648 12147 23133 18356 7291 20487 20024 16032 27667 25296 13610 10677 12694 16866 0 17247 13612 21160 15002 8623
14403 21597 9768 17082 13725 16002 18991 11625 20438 20087 10095 20041 15180 18099 27473 20869 9992 10874 22359 18842 14600 13986 2210 18254 19576 15676
15977 22932 15399 8978 28218 9911 11862 12524 13248 14561 10018 17483 9744 17136 19443 15502 11119 12235 19175 15644 16597 10621 10008 21325 10064 6160
16301 20838 13365 19676 6062 11637 20322 12148 15154 22885 16376 20964 11706 16717 14663 20622 7707 4954 20031 16269 16899 12380 8823 12540 24311 11024
18922 21459 18108 15676 22477 8646 17210 27144 10854 16849 14052 19790 7148 11233 11062 16890 15048 3826 19052 18802 16996 13888 8019 21294 16865 17796
22922 6965 9759 18763 17225 18140 18438 7555 9382 19183 10700 20841 7821 19375 24568 19149 16903 23693 10133 14311 10361 18290 13815 18789 14706 11519
12132 17117 8747 12499 16770 11471 18959 21811 13177 24774 15636 16557 8888 20588 15407 16110 8358 6547 13388 20623 10881 19162 10880 21157 23237 8688
25427 29554 7968 20859 23438 11273 22792 21254 20589 19498 18483 19894 11546 8554 26241 12094 10615 23725 18476 13453 5756 17034 5615 18945 16723 5527
18740 10079 7657 15833 23065 9500 19870 12831 15754 22212 14861 18730 6734 7744 13736 16229 6514 13243 21365 17172 0 22416 9852 15361 16808 11476
18213 15797 17873 28966 15764 17485 16471 16577 18729 16732 7325 21058 11539 14619 17811 18899 8973 21684 9906 21309 0 15921 10046 25113 16413 15398
14398 21627 13985 12160 21272 11510 16226 19136 19067 17829 1010 17487 13878 15105 16677 20918 11635 20855 20459 22634 5516 16866 9275 18387 14454 16847
18923 24874 10715 14213 17185 20738 19176 20376 6651 20294 8562 21784 14520 17860 9844 18403 8377 18164 14207 17054 13648 14552 13414 20539 19520 13965
25963 12669 5292 15860 20617 16425 18435 17229 25468 18200 9502 18500 7096 14989 20465 16181 12478 17261 20547 19534 16511 13788 10886 28368 19633 8912
11405 15598 3827 25679 16765 4898 14955 17687 12998 20939 11151 19627 18471 15215 33255 15854 11476 12601 21173 18506 1484 14531 16671 15882 23075 258
24133 11874 6358 21125 20540 17630 18555 13655 13884 19691 8661 19312 7477 27261 21116 28941 8964 5091 19666 19932 14412 8765 9510 22295 10319 13541
17469 17468 15754 13807 15753 0 18493 21127 11584 17337 3986 21362 10184 14183 17206 18671 16954 20690 22308 19487 10420 16531 14483 26883 9564 18966
19911 19084 7923 12161 17107 7044 17343 15826 12359 20502 4577 21773 12685 17821 17596 22301 16272 7564 17040 13153 27138 16516 16773 9957 21763 14117
22869 21781 20745 14429 16860 27825 18645 13413 15093 19919 19350 16386 15521 10160 17599 14574 18070 10656 10191 18606 12474 16349 14630 23599 13224 13577
24467 18894 12190 18787 16772 3506 17228 17303 6420 20801 11011 20645 9602 18764 13408 15089 6765 6998 13664 19595 2092 17164 10819 19879 12986 21300
19346 2937 12286 20783 23105 22412 15416 25675 14303 22208 5678 20577 9466 19539 18880 10711 13234 17587 20873 15945 25486 12196 14881 28783 15663 19234
17050 16712 19829 14056 10792 20918 21010 17816 9967 17270 12111 17491 10879 10322 18615 13712 12953 11031 16802 18854 5908 4822 7688 12947 20402 13980
19365 16058 13553 31149 20345 20363 16652 14213 16053 25881 5994 16706 9752 11744 13739 20654 10683 5361 21481 18639 12741 10437 12557 23116 19309 16889
17528 18329 15745 26173 22425 13440 13163 18380 19376 19396 8454 19254 10304 16189 14160 16328 6014 21171 16016 17361 9747 3961 10738 16172 13396 10051
18753 23571 10963 18396 13284 10256 17774 12514 27648 17240 7793 19762 14913 18937 24880 16341 9522 24839 17635 17706 12135 9757 7472 15721 15141 10932
21160 10965 13517 21815 13738 19126 16328 13685 18494 20447 12729 19032 5321 24011 27767 17498 7315 21433 20598 19250 18504 15146 13135 22967 22865 24450
7808 10846 16267 20467 19749 21523 16178 15608 13068 18453 8357 21964 6057 16294 22259 15836 11901 19566 15664 16090 4101 12745 13223 18053 19536 14314
22300 14835 9704 28828 19783 19620 15760 19836 16876 17190 9300 17920 8016 14078 25972 13480 9626 17386 14677 17363 10075 16159 11374 22309 11921 9662
17518 17703 16164 5178 20015 17451 15125 14329 9286 20400 10350 18429 10688 15613 16714 14327 6826 16497 12143 18007 13886 4998 11862 14262 17277 17638
17176 21968 10559 17416 21389 5512 16768 9991 19940 20199 9027 14226 12086 15315 17536 20657 10456 16012 18064 16602 10755 17439 4725 20825 19730 14402
21568 26459 9416 28860 21433 20674 21449 10643 17062 17894 8983 19558 6565 14139 17046 14676 3433 11028 15034 21068 4962 14953 11981 8200 17323 23894
18632 19694 4526 18621 20145 20303 21361 23746 3996 21178 12692 17279 12297 15663 2383 20464 10668 10464 16684 17794 8615 15781 12647 25088 14737 12928
15353 17870 13027 23758 19447 20079 21009 17861 21242 26342 9757 21335 12962 24184 25169 16392 9873 12240 11971 17508 19263 13666 13830 28425 17716 25315
17369 10035 7552 24875 19060 8004 12734 23162 27248 20735 14007 19664 9609 10027 24286 12135 10093 27863 18540 17283 9759 22246 9731 20504 17136 9181
20648 13008 22600 9319 11471 10145 15808 16647 19524 20811 10614 17522 11163 16657 23221 19718 13591 22734 19939 18872 18289 18726 12777 17703 17589 18732
18668 19792 11642 20987 18385 12302 18186 12441 14053 22736 13063 19763 6588 11235 14884 15774 12838 9748 16935 17214 0 10961 10410 14726 13540 21358
19336 5837 10106 16708 18292 8588 17502 17407 20307 19909 18634 18805 8107 12500 26058 11807 14812 14882 17965 15950 17686 11914 12552 15939 15318 10905
15037 13782 6235 8633 22132 19962 15699 16303 24331 20461 12369 18916 11391 15820 22087 16632 13122 16690 21148 22091 5260 13339 9614 17257 13293 19458
19203 15698 14853 10178 27617 19940 20301 12504 13726 16436 14059 20129 11119 18036 19669 19345 17615 16815 17898 18894 150 15899 8804 18293 12293 17129
14640 11780 16022 23534 16752 13439 18097 6661 17290 22143 4108 17438 12935 25092 12756 27375 6425 9582 14334 21506 11563 7889 14285 19706 10539 15591
