365
85 1 32 55 79 4 84 47 75 38 33 18 94 76 89 100 76 63 90 87 44 33 34 94 62 31
17679 16627 10893 5811 21187 18916 14312 15815 16906 6579 11377 15721 21050 13751 10003 18958 14496 15237 15073 24687 19309 17086 6427 12904 12408 16643
18150 19230 11332 9506 23471 18021 12897 15258 16435 11796 17969 11702 12840 18269 25455 14168 16582 5848 6694 7514 9617 9664 12637 4240 20838 21014
12484 9587 23710 19686 22924 12184 3869 12198 16724 0 11805 13308 16873 13915 1167 30057 19554 14897 19904 18661 17193 11939 14260 12784 11876 15799
12701 31160 19552 19502 23722 29679 15772 16756 12457 12515 9510 11575 19020 19412 8608 11428 18272 23470 19157 11519 13544 7264 9583 8191 199 15172
15381 13459 27978 11628 16350 20098 9727 23525 21956 18151 12107 548 15465 15690 3778 17496 20584 10855 13190 15262 16401 9929 3646 11418 16854 8938
10907 11215 11285 7904 13059 24207 12098 10070 16230 10787 15760 12469 20304 15246 7082 20035 18627 10994 9713 16917 20844 9378 9640 10752 12413 17459
14703 21373 13785 17749 29614 16963 10348 22513 13924 9319 10521 12102 16988 17514 1489 23503 19579 23044 20823 18298 7819 12212 1239 8431 19194 18720
22921 16414 27381 11393 22663 27452 9284 24865 15528 13219 8699 15596 11311 15582 17064 16012 15304 13726 17742 15148 16215 14357 10654 10142 14883 15278
19822 9026 3108 14551 10105 25014 8993 16313 14280 2093 17992 21789 7724 18048 15935 11632 19155 27401 12898 8561 18578 12556 22149 10989 13188 18573
12388 10400 22699 9024 17947 12192 9423 18855 21729 6562 16870 12792 9908 15847 15836 10089 14276 23142 20398 2388 18857 9195 20012 13523 11902 17600
13075 21195 18690 17394 18559 24630 9117 17934 18375 19769 6384 17778 21596 17347 4697 7863 20835 13641 21434 4378 9925 9070 19895 14261 3981 20710
15300 14585 14040 24918 18626 14277 1875 19092 13721 14579 11268 19405 11015 18818 7428 20808 14501 18676 7282 13652 8733 13383 18228 6928 14474 14518
15760 11082 25988 24739 17688 17123 14620 11253 20509 10549 5586 3335 10475 19558 22913 20339 16765 21426 13681 10373 7358 9821 27161 13011 11684 23863
13377 17552 29292 18455 13211 17878 24544 15290 18714 15317 13818 16176 19194 14225 11564 19636 16314 24823 19657 12971 13906 12615 4814 12073 12646 20233
9309 22060 27092 16503 20943 18034 14079 15131 17767 12016 7245 12182 13102 16152 10635 12654 23195 9685 18434 12522 15019 14216 17641 12033 17781 14313
17223 5820 20422 24180 20912 11552 9897 17117 12016 14008 8116 15739 16771 16268 13780 21631 16454 18863 25204 12493 7400 6631 19497 8858 9642 17319
16077 9050 19720 5881 20893 18768 13130 19664 13480 16443 9550 8105 2902 17563 14354 21185 21793 13316 16983 9313 13231 10212 14676 11701 1485 8414
13549 20998 10498 14457 24611 20612 18933 25286 12035 19447 8563 7555 19740 11907 18129 15831 23447 15349 15720 15792 16124 8984 4559 9020 6694 12622
16246 12978 14927 2218 21582 8674 7001 11248 8979 32198 13117 6330 23068 17328 0 16750 21735 18129 12294 9900 10183 11026 21167 14682 15965 22769
16651 15324 16494 18780 18849 22821 15162 25085 12857 13795 9586 12701 14335 17218 6134 6748 21686 9002 15080 7977 17079 10882 11847 8996 25356 12491
21386 12168 10271 7196 33038 18581 0 17423 9672 15558 16302 16758 8575 16047 20745 19434 21493 23992 22714 14890 19130 10729 0 12644 15381 22526
16826 13622 7690 13508 13997 24995 8982 14119 11055 6239 6767 3862 11468 14507 8069 9043 15214 21541 15873 10106 13403 12263 15498 16399 12738 20165
21508 14061 19720 13417 20033 19497 18115 18512 25385 9755 11074 502 14080 17143 22626 7840 20208 0 18348 15825 4634 16920 15490 8374 9889 19602
14835 723 26660 10404 14277 26041 16491 22716 21883 18211 6545 14400 12166 16988 11489 15078 29053 9251 20676 8172 11879 9454 6526 9936 7653 18453
14638 16997 12075 11227 15964 29123 10519 23272 12618 8853 14125 18110 9413 13406 17920 7096 18271 25244 16369 9707 10067 12216 11669 9438 1661 12393
15877 19953 16857 12976 15803 18005 10503 21942 14630 11694 14514 14831 24779 15190 28810 10092 14179 23316 19556 9105 12316 10056 13798 8495 17013 16991
10928 11333 14682 13626 18032 25882 16295 16618 15819 10106 11217 6408 13756 16707 16361 11025 18313 12627 19967 14464 10466 12367 20451 4775 17719 10227
21225 15722 12192 9560 19252 19051 17727 19083 17515 4906 2860 6758 22504 21389 11813 9614 26299 22820 21756 12040 12467 15510 4255 9366 13219 19944
15070 21122 12906 0 14702 26597 14307 11600 19009 19152 6617 9622 11298 15294 14638 18083 15334 22128 16866 12500 18074 7124 20601 10796 20274 12826
16754 15147 16545 17426 14531 21895 25064 24919 12000 16396 9982 10815 14138 11261 6344 20987 15970 24761 15251 12890 21297 13026 387 12783 5773 10481
13742 19651 24941 4806 14872 15668 20492 14531 12274 16122 6920 20552 15515 14564 5598 14326 22320 13443 16999 11190 13887 12412 22805 10119 12561 20834
12746 12658 15992 8489 13805 13547 16806 19452 15045 8597 13304 20060 16064 15767 2123 19433 24316 29915 20726 16422 19451 10694 10109 11861 13722 14289
13894 14624 32335 7570 23627 15256 14994 24142 15756 6643 6495 8685 9520 17189 17547 20139 17415 20852 11439 16931 21618 8341 11537 9636 10270 25357
12669 7988 12515 5930 18095 14649 16069 18909 7746 14736 16864 12946 20749 15595 9642 14196 26689 10530 18436 10257 18477 13807 13369 12524 14384 23689
22771 10446 23266 7170 11516 15707 5429 22297 6799 2799 16670 9048 19124 15155 11303 22740 17035 15801 18342 15219 10014 16409 9419 13894 19128 14658
12458 21546 14540 13302 23610 12245 12344 17897 23048 8056 17221 22228 13617 12602 19240 15890 15289 15848 17123 9292 12391 10408 9801 12518 6912 28295
9771 21050 20083 7338 30456 18178 20719 22430 17515 15619 6136 19079 24589 15535 8940 16198 20322 24388 19881 11195 0 12674 5160 13482 16647 23237
12142 16409 15428 3171 18966 7065 25844 19007 11046 11498 20435 7378 19619 15719 14123 30818 14336 20817 20917 6986 4728 14830 6800 13321 9156 9625
15961 14644 20231 14506 24485 29606 12942 17276 20231 25233 24730 1885 15616 13957 13386 18072 17281 15670 16760 16887 9320 13552 18816 13985 13292 10841
10210 11646 12332 2173 21862 18617 10549 15874 14995 21055 19640 9869 19016 15713 13548 8072 21384 4353 16316 9035 10412 15560 6229 9242 13086 9357
18119 17000 17798 606 13724 18815 14203 17478 17427 15814 11432 17119 19088 16135 14512 17928 17163 19816 17171 7669 10326 12890 9396 13626 6891 18951
14162 4446 10593 9758 19421 9135 12425 14301 15811 18023 11591 9498 8435 13056 12363 19702 24164 13934 17123 11113 11183 10096 23280 15139 13833 23926
15998 11240 16433 12304 19584 20772 19993 27025 12765 5834 3444 20939 14258 14732 25331 19927 13780 23121 15212 17995 10551 8375 14725 13982 7211 30798
16985 13843 18766 7882 31339 18239 15484 28351 11358 12525 4939 9331 20516 18264 5935 17847 18582 21169 15496 5189 10085 8302 20349 890 9058 26269
13846 8271 25464 18223 13651 17905 10815 21519 18563 6023 12376 11346 16818 14123 20016 15777 25354 14290 11533 19942 12430 8702 10952 2820 19494 7446
19292 13256 18237 16126 9940 10383 18122 24248 8562 17894 14033 9138 10630 19744 17239 14901 23547 20337 17907 15340 18797 10076 11536 9560 10251 22999
16179 10954 16236 8165 17068 16844 1482 17354 12246 6751 13200 13129 22590 14996 1194 23259 16865 22915 17612 15044 11893 9787 23298 9704 21301 19274
25283 13905 12843 12136 25811 12558 21016 18520 19441 9141 19701 4757 22574 16855 16303 13637 21840 21375 18911 8492 14102 14138 18022 6954 18047 14894
15074 17161 16664 13379 18474 23704 13919 25987 15761 2530 16066 0 19904 13108 10491 20390 26411 18345 14284 6661 14209 10733 20622 3542 15123 19222
19079 15421 29998 13942 17609 15816 21205 20141 18556 17880 13276 21996 15520 16526 0 21517 22015 23529 13258 18474 22604 13243 17821 17495 9375 11801
11400 7672 8368 14839 15674 11881 14312 18263 13829 10297 19905 16596 14435 17011 6123 20219 19207 18156 9851 12910 15104 7955 16494 8717 8015 11081
12840 14472 26430 17321 11150 13039 14174 16448 7443 4583 20458 10523 20395 15752 15529 9739 17530 3286 18425 10893 11908 13935 18093 6634 7672 19038
16030 19483 13075 16143 23511 28822 17310 18544 8488 15939 8348 19818 25211 16481 9736 10765 21065 15938 14255 15873 13192 15621 8779 8502 9096 14016
16169 12975 35689 11968 18238 19667 8205 15966 15938 17896 14680 18748 20894 15903 12005 25167 25343 25599 12413 10292 8628 10834 17360 10957 17166 25647
20037 14076 22003 26681 25818 11691 13661 26123 15322 23952 9656 25373 20363 17057 6736 13498 23699 15297 16890 18502 9013 17960 21883 8249 22708 5459
23055 13120 18952 6732 14524 18449 13777 19571 9885 4865 18007 14874 13832 12445 1797 14932 19682 16523 9623 10282 9152 12972 17983 10062 16704 12200
10589 14542 31623 2736 9788 14859 14455 12217 12115 19144 11077 11087 17440 15336 18307 19331 21785 1985 16889 6841 21008 11768 5378 9718 15373 11032
12496 13558 26308 11660 20455 19373 15931 20928 19336 12419 12860 9814 22420 18023 13616 13253 21746 13768 16167 16508 16305 8566 9549 13270 3924 13597
12492 11762 13413 6127 14590 21026 15414 13144 12564 10522 12306 3169 16669 15433 4940 16340 14399 14622 22890 18329 2428 14334 11742 9617 11353 22186
10006 8665 15564 13085 12052 26033 13541 18929 18831 20122 12790 6481 17734 7930 8442 14638 15180 6351 6315 14446 9879 12190 13008 7307 7989 14681
10582 13779 20100 1347 16285 17335 13404 18526 15715 1963 21602 16522 12498 17405 17996 10528 20970 23057 17171 18998 14776 11261 18279 14136 11362 19521
19179 12509 18596 15556 27723 31559 11050 8456 18429 23245 7738 11764 11128 15303 10307 9196 15731 18360 16950 12177 13097 7175 11447 8250 8069 7087
16236 2493 20833 2673 28916 23591 5192 20383 22002 19154 8197 5847 11496 18631 16758 26426 14625 15437 20198 11016 11692 8442 11518 6820 14415 25555
12059 24382 23063 8989 18977 24842 12444 20596 21028 26568 5753 8100 18102 19370 0 18519 24039 2158 18149 17485 11882 11085 13334 10673 15785 15863
14374 6934 22238 5313 13481 15956 14012 24324 20097 4212 16242 7988 7112 14333 9459 17342 12456 17569 16597 7018 6744 9110 553 8431 3518 19307
17174 14468 22406 13765 17299 18489 11383 18338 12942 12782 16857 8541 16623 15207 0 19108 21779 30618 18223 8883 15952 10447 3134 9951 10694 11830
20586 7084 18845 9134 10566 17700 22053 16946 22683 14591 15559 12644 12364 14764 5791 31460 14269 23597 20027 16050 5106 9379 14098 12983 15037 17152
20496 6642 10393 3960 21275 17844 23111 20949 20375 5475 12929 2927 28542 19801 11445 13744 13892 11316 13552 15292 7001 9328 2910 12480 11305 20309
14079 18886 17628 9424 16354 15445 19377 19464 10244 7464 18982 10189 9601 14008 7573 20766 15542 8455 9668 13186 10353 14875 10712 14296 16845 25505
17652 0 22789 11188 25332 21108 16171 19333 13083 14274 7292 21167 12303 13703 12535 0 20252 17864 14831 23408 14266 14165 19213 10864 24430 23069
17864 26322 17731 12611 36832 14362 17250 17844 17314 21443 16509 9596 11758 11327 9779 12499 18697 17706 17580 13073 4454 15210 7286 14964 10665 28127
21215 22733 17837 24778 18889 5155 10441 16227 8471 11093 8902 16455 16662 18103 3316 8115 18628 19360 10612 6327 10777 11818 15159 7266 12201 17041
19493 20860 18257 12173 12319 25680 12846 18841 21018 5403 9351 9453 20667 16188 2930 18991 17370 23344 15109 16087 11983 9777 15356 11474 5697 9539
16079 19207 26213 10447 17847 13431 6872 20126 17496 14919 9265 17719 13558 15544 1166 16571 19440 11731 21095 10509 12341 8174 29507 7033 15731 20361
12893 20247 24803 19599 32578 18544 13253 18855 17982 20938 11410 14856 20354 12964 0 15565 21351 16281 13972 11253 20325 10468 19594 13232 20528 12909
12308 18975 25759 5591 22245 24109 13565 17829 20774 14594 10793 1507 21974 12544 8908 20572 24957 6889 16741 14962 14119 7715 20698 7142 29606 16477
13696 15738 13004 7874 19938 10178 25811 21637 18631 14540 11001 20013 16664 15081 17646 6654 19986 27246 18031 6732 12360 10692 12072 12978 11862 22254
8142 16085 0 17555 13834 18872 24054 17706 23733 16193 12243 11963 16762 14587 13315 0 19552 20803 18018 12265 17362 9022 11533 12056 24570 18072
13176 20264 18254 1282 19039 18342 19849 15162 25170 12919 7393 7183 13059 19098 11756 16399 16693 2025 18681 15598 19504 6683 20581 15108 17840 14686
11407 6222 14232 12808 29394 14388 9952 16939 17799 14947 11481 9892 18138 18154 17276 1340 19580 14577 21125 15101 13119 10615 14367 9712 11782 12281
20818 6188 7031 19053 31962 16090 7092 14097 15810 22181 12394 19736 17127 12763 10421 14706 14418 18372 12555 8254 14042 7059 13676 14602 20632 16834
11424 17612 7902 20106 10018 5547 11574 15789 20432 17974 4020 20102 16100 14361 21173 8801 20485 12989 14437 13568 12808 9337 11973 14523 9149 19291
11680 8957 28769 1516 24438 19375 22434 23321 17051 2923 6751 15553 14392 12195 12936 20057 16958 5548 17279 11263 5394 5493 7212 6350 25518 22426
15275 6244 13537 11002 19817 19712 6743 19072 16515 17352 8692 4733 6324 13577 21407 11243 22407 10576 8297 2576 12237 10399 19791 7966 20529 15437
11412 12042 21935 7588 19057 18795 17622 20186 17923 7357 10676 7003 17101 18256 7365 9638 25946 16804 16375 7282 15503 8258 16825 4067 15018 8226
19310 16491 21510 7668 23629 21875 8313 14904 19956 22516 6654 10304 16173 15188 13673 17532 17681 15653 17911 19693 14101 11851 13694 8971 12824 10009
3235 25736 27430 16274 22821 11262 11947 15753 12427 10028 9552 3917 13154 13051 17090 21203 15902 21582 13481 1426 14642 15762 18598 12080 10574 13594
16654 10918 13501 15508 24191 22604 14751 22339 16504 3845 7924 16531 16197 16102 14175 19977 13039 13341 17991 12520 8649 12986 14954 11283 11566 11931
13432 25833 24812 10512 19960 14042 0 18144 15275 14723 14018 10313 8881 13152 22454 9878 26304 21901 16873 18563 5115 14663 10758 9332 2102 10395
14972 4600 8937 5341 19465 28617 11978 14008 15193 15209 6895 13043 11357 14484 9350 19590 16738 26576 17441 15840 18258 13115 17940 9132 14852 15790
13990 11794 19426 10110 16557 9489 11035 18294 16412 7293 14905 20647 16777 14225 16095 25130 17957 26750 19930 14199 22920 12375 0 8772 631 11964
16073 26445 32168 7520 15173 20981 9464 11595 14041 2068 10154 13150 20035 16451 4630 9744 20604 12148 13081 9021 11621 12056 13244 10757 16222 16208
15430 10980 15711 17562 29770 19539 1418 18095 14671 8784 16439 25398 22012 16307 6948 20481 22241 14867 15033 14514 18598 17791 3578 12954 8455 13151
15809 11586 20522 6192 20003 19005 26350 14808 16671 15396 15130 14399 12140 14099 7162 13902 24814 10526 12189 19134 19726 10526 6875 11784 8862 19122
9973 16169 8238 14202 17413 17792 20813 20974 14705 4916 8752 7984 21397 14706 10921 24850 12992 25405 19552 9836 12705 17179 20706 7722 16925 21903
16563 11026 12616 9930 30640 17802 22782 14945 14494 9351 9641 7736 8275 17745 4701 22074 22575 17007 20591 8617 13807 8099 3328 11056 14914 9104
13635 6272 19884 21890 18061 19981 20494 19789 14215 16644 13082 11116 9291 14244 3856 22732 22439 9456 12844 595 10241 9045 13560 8146 15888 21933
18856 14120 15562 10755 12886 16426 17200 19118 21885 13631 10839 7335 15608 20195 16860 10272 18053 13491 24146 8224 15654 14559 17874 10210 3143 7991
18711 18588 20297 13621 25187 24793 14928 16490 15568 1320 18603 18802 19705 11953 5036 8531 17763 6149 17658 7646 10317 10466 10300 9129 9790 10861
15366 13051 15948 9588 11500 21997 3793 23270 15631 18138 24002 8020 17012 15034 15302 13719 24607 20824 12478 9494 10913 10238 16955 6410 4279 13843
15387 11882 21854 10291 14740 14425 16598 18204 22964 9002 9396 16010 8910 17304 14199 25068 22630 23563 15499 9892 20285 12043 12715 11510 2348 5895
15987 17094 23717 13898 12271 25657 11187 18942 15934 14633 8365 9872 18028 17601 4592 14061 25580 25375 24806 8335 5522 10562 6120 13617 9004 11153
16501 19743 21186 8870 16205 23282 13986 24988 12976 10082 13962 15369 12506 14419 16236 16556 20291 14998 15342 10574 15064 8452 23304 9818 12420 16176
11302 8219 23194 7876 16011 23228 15357 20055 16381 9757 12424 0 10290 12881 2695 9070 24376 20601 17487 12154 3590 7155 21803 17072 15049 7977
19546 15526 27014 19813 21933 12614 2872 19941 14406 19107 13389 19291 15921 16157 18628 9269 21693 18524 17578 5646 21714 14521 21630 11476 15927 25432
9897 11794 18982 17023 17442 19838 9910 23648 20979 21126 14681 9726 18641 15729 3794 21666 22285 22529 13912 1492 9792 12841 7162 6951 13350 16750
14061 13580 24006 15666 13375 19441 6909 23507 7430 18286 1825 4889 15180 17499 13637 13747 21678 26224 15021 16360 18480 14320 9047 6993 12707 26567
10380 0 19336 7189 17495 27198 15696 24087 24021 4415 11718 0 15525 16543 9207 21560 11684 12434 23582 14436 8678 11846 4747 9473 6636 10640
14530 21420 17299 14302 15903 18961 18394 17809 18856 14890 10961 9602 19584 16605 16064 1819 12766 20119 17387 20075 5646 9486 16224 11231 9665 24417
12198 3744 16472 17579 24161 20007 1346 13133 14336 9437 8138 15413 14497 16344 15520 12834 18896 20895 11323 11032 22278 7463 25106 5543 11123 12520
13490 13316 19010 4727 18141 11291 11280 24130 10830 14040 10392 18076 24360 18172 12444 14837 15246 19104 17651 20020 12690 11476 9108 10660 6992 12446
14439 24554 22806 18951 3805 25008 21008 20014 17734 2357 7498 15751 19390 15064 13556 4319 18160 10646 8490 19302 16344 8024 15675 9412 11385 15734
16219 10671 25140 21263 21991 22177 13113 23803 27308 22830 12068 11576 8587 13994 12884 21985 18843 18582 20224 12708 7799 8968 17636 9369 11149 12655
18996 16285 19490 7404 21994 17732 6408 22880 17177 13351 12351 13274 12714 16839 18723 23338 16429 6259 18759 12311 20380 10402 19000 12970 16658 11311
13479 6066 26497 12835 19869 20948 18406 13234 17004 6335 10000 17804 13713 14874 4569 20929 19981 24319 12824 16261 24806 8772 10062 8321 0 12244
11675 19294 26879 2586 27500 14542 15896 10850 18068 13199 12465 10300 16909 14854 5496 17110 16979 17296 15473 23484 12375 17797 21355 10862 14145 7459
14212 15959 19852 8640 4906 23441 7510 20682 16364 5325 16684 6977 22936 11021 6887 21025 13993 23100 14386 11530 7503 10690 12977 15384 11506 9495
14112 21139 19936 15297 22016 27870 11450 15188 20801 19033 13665 5121 14835 16864 5680 8456 18629 18455 15701 16749 6644 14896 5929 14973 17931 13132
12321 20200 14960 9534 14095 24392 14421 11748 17373 10146 21772 23483 13696 19487 16535 12201 13808 19389 17566 4671 15411 8057 12867 10486 21358 7235
17273 20793 24422 17713 19714 18870 1228 18467 19556 4149 9229 15732 11860 10180 21610 20792 19372 19440 15522 11928 13504 10914 6976 9444 13298 10695
17230 13461 11632 18013 30628 15829 26044 19315 19468 11659 12115 16274 24323 12255 21588 24836 13316 16348 14156 13565 9825 9736 19050 13550 9510 11048
15768 10721 34733 5707 15695 4751 10274 16947 14829 7383 8190 16107 8697 12569 9252 28987 20870 27539 23294 7936 15182 12219 13929 9223 16156 28829
21369 13120 12694 0 21734 23905 16060 24785 17211 6643 15825 13761 16675 11267 12591 12025 14331 24044 13424 13304 11850 9018 7889 8221 11677 13177
16011 0 29175 13516 15577 20674 10571 17692 19971 14367 7535 13491 2603 18229 9311 14222 16156 30429 13128 13475 14484 11298 7444 9816 11024 7456
19104 14514 15563 4459 21058 12198 12422 17421 22554 15971 11081 9508 13981 17909 4479 23852 19873 18017 10735 21247 4638 11952 15960 11392 25913 28890
15482 9806 14654 15825 21643 4979 16274 19655 21179 9405 23052 7938 14606 13431 7620 13934 19411 21338 16433 7508 14159 8192 8026 12249 20259 13805
14673 13975 23122 11697 25804 25209 16708 16760 16411 14787 15425 8244 12467 15458 22109 19423 22096 11341 17367 11751 8840 7197 7417 9766 7481 7441
18023 20112 17176 6442 14748 14116 15668 19532 17457 21947 13774 6481 15086 20816 10753 19964 15913 21126 15277 11181 13415 13881 14737 926 7095 23465
20345 7490 15603 11048 13461 10168 18782 11032 17348 4939 13325 5171 22754 19708 8764 14167 18036 16457 15745 12345 19323 14310 7415 10052 9652 16032
14950 1828 13621 18339 19410 11707 14059 20877 17570 13209 8942 0 21789 13423 25385 11353 12286 9970 16000 18331 10111 8992 5920 6193 19392 19660
17631 16602 25368 9393 11510 18166 12774 21742 8564 15122 16450 13649 8149 14351 17751 13143 19382 13534 19214 17363 15883 11246 11009 11951 27939 15598
14838 18539 9889 1469 21985 16322 10637 23069 17840 15258 14608 13395 19050 13350 12773 11029 20703 14888 21451 12482 16650 13806 783 11172 9259 18038
17937 22585 12373 5086 24583 22374 16052 10483 20726 2713 10566 15169 14423 16128 14804 21394 20609 10112 8690 14468 12638 11968 15293 15512 25614 22763
12618 19729 7052 14888 22950 15488 16304 13593 10090 4975 11546 7462 14086 15960 11314 22080 14624 28675 16550 14928 6954 7699 9843 11305 774 10403
14700 17472 16358 16382 15530 15043 10185 18913 15414 15684 12164 21444 18568 16945 10613 15154 23565 14317 15947 18536 8660 16957 22891 8660 2067 6082
13857 12337 15908 12532 16512 23879 15609 20111 9332 11328 10995 24510 13923 16882 14161 12594 16033 29137 15900 7936 15520 13995 8809 13856 18865 16803
14313 10033 15169 0 19838 19253 17165 19212 17970 4215 11988 16992 21217 21456 8418 20950 15708 18922 15973 19930 13883 8033 2208 15989 8805 24984
15023 14507 18650 7324 23173 18099 11881 13462 16798 9410 5349 5576 18927 17468 9850 17393 20532 16123 11797 17690 16744 8625 8028 6428 8110 21639
17382 22127 10801 13424 22159 19444 26530 16880 18194 20768 12552 12448 15018 18862 10651 14632 19231 12154 16923 7450 11013 9019 13787 4920 20203 11211
17302 13549 7277 13697 12799 13831 10529 26627 20793 12374 11398 24890 15559 16765 7278 17397 21754 17082 12342 13123 9166 14067 13684 8152 18534 21336
17889 8213 17289 17266 23121 10292 16030 22301 16569 10191 19537 8082 19080 11575 5800 13459 20025 7093 11602 9058 5560 16995 14948 6582 24174 9746
19232 14282 16436 13042 27149 7098 11384 14208 10315 10913 17313 11569 15519 19064 20201 27915 15975 5437 10377 4061 16473 7825 10742 10617 13659 23403
15825 9224 17021 5998 16982 27672 10884 18939 11670 13373 8697 22684 14713 15829 10454 15824 17747 8441 16326 3364 14032 10868 14944 6485 8291 13148
11670 0 20628 19583 33278 16778 25289 17570 20971 3829 10755 13617 9887 16107 17738 3716 17922 17736 15051 15120 2838 6980 14129 12224 8385 16082
13935 8787 19751 23082 22994 15640 7586 18090 13403 15889 9938 13328 11787 17079 14545 732 19643 13196 14804 16353 10308 8287 16801 6106 19008 10449
18993 21044 22289 5493 26180 32641 9763 20632 14684 19409 19234 9014 13021 13188 5740 6678 15371 21505 20615 12542 8316 9623 4955 11573 11333 6378
23180 5600 16601 6915 21533 13681 7538 18892 15258 16551 10289 16119 17865 17164 12332 15888 16677 13051 16558 7222 14142 7420 30236 11419 6644 5987
18060 18371 15114 2130 19294 18004 17140 17192 21217 30258 10227 18201 14397 15789 9657 9850 22995 18666 21210 14691 6667 7394 14481 8375 10537 12806
14467 16994 5854 2315 7938 24282 21096 18082 19744 9326 13308 16622 21862 17217 3346 4766 21308 15912 14582 12249 19530 6798 14690 13541 28349 14135
11939 7214 22479 13073 18946 13695 27521 18842 16403 10813 13281 13246 11114 14628 7367 16968 27892 26364 15643 12917 11317 9986 19095 8441 14529 14387
19523 9784 28262 14002 34427 19541 15493 15875 8868 11594 16910 11732 16051 17262 17322 14025 20279 4220 14742 14444 9306 10972 21057 11114 20696 18082
12497 12838 17052 15811 23494 18980 11753 17177 22809 22200 8161 9950 16676 16624 10673 16970 21420 20821 11104 10556 6608 12677 13618 10262 2871 15202
13613 0 20269 19066 29964 19889 7111 17261 22750 17191 17148 15417 12532 17266 10377 22103 16226 17858 18451 20611 17947 12041 19069 5213 6341 16801
19973 11470 19713 27279 26826 15050 21471 22240 30827 16133 13209 13700 19344 15929 12149 14200 19042 24465 16449 9804 8915 15427 19680 8668 10025 16982
18941 16962 7879 16487 15812 6720 9395 16689 18089 0 9692 12030 9962 15693 17786 11402 12815 24031 15924 5853 9316 7331 20877 9995 5773 8428
15487 9002 22406 9974 10201 18410 15583 5964 14790 4803 6906 19685 20193 13403 13621 22295 20062 5766 12179 13237 10444 12042 11565 9519 13649 16462
17432 17068 32468 9473 18810 22415 22989 10378 23310 10839 16834 5297 18651 15548 17941 13568 18153 20739 18749 17196 20350 4450 19970 13698 8590 14306
21833 8951 22506 5549 4125 17129 7026 24954 5858 18399 4676 13880 14872 12445 14499 15118 15537 19497 13755 18152 8290 8765 10850 13805 13400 10025
18331 23609 18560 20773 27278 22765 12761 23461 21991 8123 7884 17357 16687 11075 1615 5369 19344 19862 17854 13709 14708 12242 9468 15680 25430 10483
13315 17543 13084 8224 8734 26191 23608 18880 18563 4282 14515 17450 13061 13723 16424 16542 24177 12073 9743 21677 17341 11335 14013 13070 4928 28264
14606 9938 25169 13947 13384 12764 18822 18030 16175 12017 6562 8461 14628 12631 12179 13202 19289 12614 15923 12924 11886 11390 16643 10892 11701 12105
15789 11271 17824 16402 24677 24525 24344 13970 17563 4381 14298 15223 16241 8450 2749 16244 19608 10620 19497 12889 9399 8949 22298 12717 21387 21466
13806 15292 18397 7039 12277 20418 14984 19415 11133 13390 6581 13057 17825 15392 10717 16210 15728 28731 14138 9633 15896 12064 12717 15675 15688 21231
14177 7026 7026 9646 18187 26405 14561 19219 19284 8835 9391 2129 11761 14102 9173 19503 20557 22819 20619 13632 14325 12934 12048 11231 11829 13837
14982 6647 27696 14625 23709 29166 6033 10423 17467 18719 19551 19385 15122 16629 19688 9874 21802 21995 11619 10212 15706 19212 16541 10250 6272 23288
15916 12986 24941 16251 18735 17315 13556 19866 14605 9348 9335 6585 15905 15660 16639 15292 21653 26124 11656 8604 16453 14311 18168 14597 8110 17089
25059 13211 33586 20190 19455 20422 10752 15398 21366 10676 10097 9736 11052 15267 6999 11736 19253 18737 19202 15232 15718 12548 8618 13918 21355 13841
21571 5648 21625 0 23731 14846 14622 16849 14373 15826 13585 18216 21075 15362 10417 13282 16356 17296 20550 2630 14634 11302 17590 12449 20066 21147
12181 8957 20172 957 21264 22561 12030 17049 5992 7246 12654 7905 12776 17723 16338 25492 23689 6478 14846 7647 13099 14311 22719 8202 11673 17706
13287 16122 19757 13318 20922 21399 12643 14587 17103 7067 5177 4960 5242 13210 5714 26136 23029 13139 12878 19199 14821 10999 15621 7611 8447 27377
20982 14298 19642 11716 16234 14428 10943 16638 10143 7873 11035 8591 10736 16272 15662 23525 20579 5307 15772 18379 10643 11990 11140 9516 12822 21810
20692 10991 26029 9337 15489 15922 19359 12111 15441 24152 12892 11344 20577 18756 14429 12877 12844 5749 16380 8160 10156 12539 14971 9388 24316 25972
14038 12014 14434 13965 11653 16807 22780 21696 11828 14802 10622 9109 19937 12824 1312 22016 17988 16528 21738 15273 14488 13654 6903 12954 14999 11117
22718 18419 15897 13198 10797 20319 8842 14932 21072 13253 5447 10845 22229 18325 10120 13791 20977 18049 16679 7977 8436 13332 4586 9860 21083 4934
14011 3755 22227 7751 20171 28408 5355 9306 21545 7787 2531 8325 9815 17575 13489 14169 26068 25685 12190 13519 9461 13827 5831 10045 16907 22171
17883 19166 23488 13390 19973 15386 9950 18493 17893 10996 10691 5596 12243 13379 13157 8741 19998 14375 19202 11361 15518 6403 24068 10878 10899 5604
17648 17347 21227 13002 25205 11196 12683 11700 19762 23319 18113 6462 14048 18896 16957 22382 16735 16118 15620 13083 21004 11396 21184 9261 19922 16369
10688 17360 7518 0 24209 23745 10034 21617 11724 12578 11557 18679 23230 17298 20094 9682 20432 22717 16223 8365 11310 13351 17365 12236 23639 3626
21424 18338 28090 9559 31459 15939 14508 17043 17251 8729 16056 1672 20238 16401 1683 17353 26650 9984 10139 5937 9082 9910 9705 10506 17009 13096
15267 14495 16184 7440 25092 16676 16703 23183 22627 11192 16927 3870 7628 15866 12514 22028 19607 15083 10937 14679 15703 12269 17244 10209 21710 23302
10226 8709 18998 10459 21339 15041 15515 19639 21220 18806 10492 9652 24047 13182 5047 29365 20318 21272 19423 10596 21302 14125 17946 9761 20972 16728
18415 14761 13642 16975 24703 22396 20740 14073 14146 10835 7966 17711 28859 16176 16203 13080 20144 17126 15557 9278 826 9782 3566 8680 28551 10986
22246 16193 20504 14806 14518 21876 15041 11491 16014 23050 10098 9364 16712 15919 12554 12700 16005 17799 19878 9914 15137 12891 19654 14656 7619 11725
18263 19448 21025 14161 20896 12200 19510 12796 17746 16334 10643 13583 10059 13610 11297 8145 20447 22026 14419 8268 11956 12407 12767 4871 13736 15035
15523 7109 21463 5344 18635 19846 15688 15689 20248 21277 16279 11972 19263 15140 7323 21433 19444 11297 17589 8273 13826 9781 14372 6332 14462 27334
16610 19643 9068 3343 23581 11885 21571 20046 14429 21318 8873 11665 20411 15473 0 7158 16263 11614 14926 12605 11554 11064 6513 1987 14335 20210
18601 17192 20496 17705 20554 14010 14287 22934 14093 11431 20619 15672 19352 12897 14661 17778 17980 32573 18220 5681 3998 15181 0 9981 11242 18312
21232 11962 12867 5037 23908 20142 10128 23246 22541 3054 1248 9554 19014 13757 15518 13245 11018 17281 11092 10527 3052 7992 21830 7675 11977 22328
10771 14008 28614 7280 22831 26002 11214 17738 11619 15645 11806 1998 12660 13670 12392 17230 24434 18099 18122 13552 14080 14303 13418 11114 16588 9092
13484 12437 28351 5046 20978 4812 19148 19264 13431 12642 12771 16659 17053 15309 15022 19945 15543 16996 13036 10132 0 15126 14300 10360 27551 24762
14729 11140 19394 250 16662 10895 12954 22399 12738 10994 10929 5712 15436 16313 2731 15376 20136 19167 16469 11326 7055 8985 5679 8191 17965 18530
14654 14416 666 6696 19773 27824 9639 14141 10130 15135 7178 13455 13770 15066 16791 15723 26128 21012 16309 3075 17364 12416 6266 11728 5809 23024
13891 13627 33540 9130 18950 19998 6742 21842 16645 8485 16356 9195 12936 14190 20525 5325 19716 11467 21243 16566 23551 12352 5127 13937 14326 11721
14993 13242 19033 4585 24067 17187 13311 20610 18422 19334 9521 1132 20212 13285 14993 15488 12641 19655 12865 9475 9958 10544 8783 6487 22351 15036
16734 19640 19008 8580 25097 17086 18924 20920 15318 5274 13954 20860 19229 17799 17993 5744 21079 24017 19137 10411 14034 12330 15705 15614 20237 14257
11768 22609 19244 12035 20588 17712 16294 18047 16813 291 2842 10950 16203 13916 10650 17387 22907 14949 21371 11334 17503 18510 5832 15576 9292 30077
16766 14666 13481 8178 19208 29035 5529 20970 18374 15089 9627 5354 20780 13240 9481 12012 17932 8181 14890 9532 10132 4932 11661 12807 18614 24851
13159 4340 12768 0 20500 28483 4508 18119 16533 2569 10696 978 3269 16991 24761 12377 24422 10574 12417 18542 20391 7059 0 10754 13123 10033
17063 23550 11216 16305 16649 19064 15717 19635 14668 13703 20604 15121 20505 20876 10102 14022 18659 19254 15611 15824 23505 11262 12001 11201 4100 17883
9411 13319 4214 3615 18509 21071 11232 20675 25218 10560 16642 12826 13717 16960 19757 2567 26043 19223 20511 0 9745 9635 12320 11747 20266 18095
18512 4358 21486 12407 22517 20958 13558 22238 21810 15723 19264 0 20141 14885 12619 14401 19832 16217 21426 13786 11199 10975 12802 8157 0 13963
16474 13363 23737 18421 8020 19813 12717 22453 27721 19609 21499 3173 15570 15994 22383 14733 19831 17677 8677 11732 2738 11159 14515 13562 3943 11587
18777 23795 24717 15369 24518 16866 21932 22485 19826 14198 11746 9534 20615 11649 19526 12134 22380 22555 20660 19523 9485 8675 6117 13973 11147 16368
20252 20299 19776 4511 16356 22445 14931 18417 17282 28977 10638 16792 19935 16534 237 14811 21305 25389 18597 14595 16356 11349 0 13713 11183 20261
12345 22353 25124 10924 21568 13958 8303 18789 12170 6387 11065 15633 15105 16664 11214 13712 18293 29520 14466 14762 16789 10101 2036 13910 7900 20044
11637 11582 12812 14635 11436 20493 5985 31991 20823 3997 12990 1651 14832 16334 8689 17418 22929 21157 15876 20283 7031 12596 2596 9872 10155 16470
20004 9386 24755 11520 18946 23135 19058 16942 9440 15092 12049 16460 16536 16448 12311 21897 17917 23135 15002 13744 10309 12527 7367 11130 13449 20037
16693 20127 27981 20187 11482 15789 2370 15152 15562 13408 10988 8951 5051 17247 12714 11376 21834 19037 11004 13966 11043 11179 8329 5892 11183 22540
15901 5169 20040 21348 20565 15589 15409 15026 23958 5038 5089 9722 14070 16689 3109 13475 18066 13420 16136 8427 7879 8620 8618 6624 23998 8757
11428 6551 15765 22015 24261 28165 11737 18171 19684 19899 17347 13820 13239 16931 7547 17613 25817 17884 19062 13174 4162 10409 8046 11898 15505 20867
6804 18353 14395 4623 9487 18149 12030 16865 6995 9325 7532 19324 16629 16999 13354 10565 20769 25481 15161 14304 17693 13873 1887 14315 17839 19371
21756 8933 23089 10960 16550 19250 15635 21792 21039 16369 10652 13798 15731 14880 16543 5445 15545 17170 17080 12742 13063 10228 4370 7131 12551 11494
13493 2227 15661 6375 22027 15140 18073 18471 20398 8707 8029 8096 14423 12054 14464 30198 20007 31245 13091 8467 2956 10981 18888 15062 3909 12785
17812 6630 25154 10978 17917 30060 14379 19414 15577 9441 7348 10660 15777 19003 12598 18536 25676 16431 19370 21283 10946 9371 16775 13403 14255 9925
17378 8232 16166 14696 23523 19859 9262 22012 14899 10848 13220 25855 15559 14800 4336 9830 22721 20716 17665 11577 19243 7530 13945 9028 12846 27504
11812 9616 17216 5608 12612 21328 24617 18179 12429 21396 8253 4852 17535 14476 10676 10430 21362 22443 22095 9911 15578 7001 0 6941 12989 10469
14283 6476 11451 11213 6665 23249 18790 14972 19699 6727 11940 14880 19125 17084 14177 5732 23240 621 13693 11641 10701 11173 21151 13348 11130 21545
20408 10656 19965 12778 19618 12826 23082 14732 24376 16199 12014 13468 14625 15350 5445 12731 15127 12225 19896 12816 21870 11326 0 11727 13155 12389
16493 27405 15509 12060 13650 23026 11956 18181 16893 4125 19580 14313 12747 14430 13695 17216 16457 19130 16438 9196 6279 8278 0 12849 19573 10763
19006 19814 13534 2914 9073 25415 16021 12160 14085 2128 9382 12140 16756 14279 19194 7114 19986 12685 15169 7828 11377 9298 22777 10454 18261 17504
15291 7170 8062 15695 19232 16512 18686 13844 18852 21675 13369 4951 13492 17303 10537 16242 20701 34349 21674 12511 8674 13017 14842 12812 16406 18819
13873 21471 18759 19007 22812 10436 15864 13287 21127 7072 17695 7058 19395 16007 26737 17549 16269 21232 11838 4021 18868 8638 8481 13604 7413 10243
12339 21470 17617 24265 17140 27008 21577 10485 18274 9684 6837 6779 18693 15494 4129 17814 18858 29714 18101 11793 8358 13917 15904 8387 21364 26158
14508 10910 23536 14007 29489 13904 2739 15677 18360 10453 11691 8688 13570 16275 10048 17237 18953 14291 11966 15229 14970 13407 21601 12501 4017 15474
9260 11254 16178 802 24172 17976 14502 22897 15194 26593 8121 9186 15579 14184 5753 22365 19864 12945 12735 7264 14897 7209 14543 11312 7515 13702
13087 6442 19663 10633 23960 25737 18090 14703 21486 12784 8910 21993 15303 15060 8846 5653 19475 6123 13822 9517 6364 15174 9232 5517 13250 11440
12819 12384 19192 596 22529 15805 16924 24951 12593 6957 11647 19530 11176 15139 3578 11204 11578 23294 18560 15891 17586 14625 9762 9669 12064 16650
14543 1954 10590 4880 17370 22773 24476 22620 19134 24522 9371 14409 1756 14150 16880 18286 17648 13301 17615 14763 4609 14399 10859 14141 8094 22795
13761 12692 28155 5538 22002 20608 2430 20279 14736 16444 7505 13864 13365 15858 18955 27413 21264 12867 11480 17296 22329 10204 18872 8259 19840 22796
17616 13222 14789 17176 20666 10428 23811 8782 18145 12753 7776 11236 11538 20526 6057 19012 21822 22076 13442 8727 18310 10229 15073 6589 10173 14038
12646 18834 22253 7740 21885 24188 14714 15482 22634 10457 13710 19696 15993 13572 13770 11006 19619 27859 16493 14198 2439 9222 12059 7060 11409 18166
20698 18746 27473 9292 26368 27236 9736 20444 16204 11450 13452 18923 17423 17197 14756 14182 30809 12126 17656 10067 13899 10666 11210 13460 16515 10602
9428 23362 12448 6315 22996 11225 15920 18165 21576 6150 12129 13144 13391 13527 19496 19803 24958 16353 17799 11356 12154 9708 1648 8776 23093 19267
16883 9376 12368 9960 16714 21138 20533 15700 12961 831 14554 8909 10131 17541 14862 17103 20226 33274 9978 9173 0 15364 20291 13052 15750 8228
12174 14065 24997 23999 18686 19006 20667 16332 19138 9649 5641 6315 11098 12259 11221 18681 22118 22075 9916 10160 8312 11296 7025 9413 10296 11853
18541 7573 21506 0 24976 25638 4494 17117 16434 19501 13308 14253 19847 16800 0 17100 19530 21933 16285 3364 4438 14458 15003 8527 4144 17164
14951 6589 9018 12212 26604 25125 3417 20361 18473 21036 12114 10862 10990 16408 10920 5281 23097 19776 15339 8647 15189 13296 0 6596 17435 13037
15143 13615 20766 8497 22384 20154 12991 19598 11831 16111 11334 13246 19071 14410 8861 18079 22522 13221 15745 15234 4999 12336 13390 9189 12847 14021
17535 26629 19628 6476 27217 12147 10564 20981 16527 8924 13214 13731 16718 15603 13642 8473 15406 23432 19360 8599 19540 7605 6556 13138 16369 15027
22454 8964 8896 16931 10338 13098 20921 14695 15824 0 4578 16723 14611 16725 10552 17177 19610 32045 13384 16662 21165 14253 20744 7049 21836 27012
19351 17007 11204 10966 12272 13572 17032 22006 22147 19745 9947 17762 8728 18446 14461 14418 16250 11223 18867 7461 20310 12372 15063 13655 8282 17179
8569 22769 25975 13225 22591 5956 23269 22187 22110 15005 14500 14903 11697 14359 20045 11417 15958 20602 18476 7419 13633 15790 19075 9263 7986 17053
18295 24588 25455 8759 17291 16803 7441 20106 12670 15229 12927 10208 17044 16873 5590 15355 19190 12983 22023 12261 15607 8665 8144 12743 18212 16081
17153 4926 23831 20047 14781 17561 19012 25556 22046 5072 14742 12195 12154 18388 10954 5948 16612 18378 17891 12055 9564 6457 4291 7833 10759 18164
15861 12605 13905 7677 19448 23536 21867 16335 13457 13145 9422 9493 9050 17700 5088 14690 23866 9660 16642 14045 18256 12724 10676 10094 4123 24246
14400 9910 5737 10781 10738 13263 10311 14163 19957 17048 8400 15087 19616 16113 10304 10496 17056 18022 15390 11417 14070 9837 0 9376 19557 9189
13566 15243 13154 17567 793 13141 18412 8743 8490 16403 9068 8009 14257 15053 13041 10546 21741 21517 13709 3109 9600 10595 5102 7452 10568 18726
19225 21551 20283 12464 17326 26487 8777 22161 12880 16118 18602 10856 15988 18989 7406 22512 16566 275 13441 6763 13368 8909 7251 9743 6934 21807
17797 13904 24056 15201 18931 20095 6465 21170 18009 17656 7272 10439 14122 16651 9002 11290 21392 8303 15230 15476 13846 12100 20536 7021 19929 17131
11955 11559 9536 19107 21471 18810 19566 18041 17837 8988 6503 14194 7069 15145 18833 16208 15555 17281 6597 7229 0 11547 17144 11721 16287 13670
14937 4133 23060 14194 21951 11985 12511 18306 17723 3684 14140 0 5021 15940 7323 17627 24631 19007 20319 13880 17735 12043 15704 11681 0 20040
12664 8371 13396 7951 15742 27361 13307 20946 17908 16902 8681 6564 8413 15545 7017 10951 27155 7827 23301 16808 8671 12934 9630 12569 11304 17898
14951 19109 22183 11932 21288 15485 11271 14260 11728 10173 17490 9436 13268 12091 3045 8061 21065 5902 22916 16314 14287 15025 17188 16456 10676 29753
15429 13493 28722 13042 23539 15246 12614 14531 19398 18374 9080 0 18560 13862 4345 11881 21441 15268 16361 7475 4649 11934 12050 3270 17267 11982
16507 15326 27219 10029 24704 17819 5257 14860 15213 2938 5944 8379 18203 19903 14166 20574 12711 21836 20074 10875 8961 6919 15592 13396 6548 13849
16998 14067 29556 19725 16752 18191 8027 15347 17927 11911 9384 14708 16255 20953 14175 19676 17096 17106 18863 8520 12119 12344 19867 10329 11811 11918
16675 22414 12220 16023 14742 23777 13918 15825 8745 4434 15829 22874 11913 15311 12588 13454 26600 25423 18265 14738 8238 12253 9737 8018 7161 9462
11412 4463 6101 21727 19358 14644 9796 16902 20547 8134 12651 5100 17222 12736 20571 13876 18745 21881 16285 11249 20684 11921 21334 15554 22613 17258
16357 19694 16371 8489 17569 14635 17706 8186 21897 0 16803 12681 13722 16638 17039 12780 23989 23006 10231 19134 18615 14804 6600 4309 3256 19435
14334 17025 17052 25567 24784 26349 18774 19551 12761 15591 12226 16787 10686 12525 12632 13633 22711 22034 14656 9681 8789 11202 5510 10249 12019 9377
17069 12304 12959 9493 14326 26552 6240 22995 19485 6566 9279 14490 19701 16434 12135 10841 20722 16552 15246 4040 5602 7012 10792 13595 16018 10491
13019 4225 27686 15706 13676 14191 7722 18745 17255 14554 12374 9544 14197 17017 7619 14168 20080 16856 11922 15752 8437 9477 4600 10906 12176 14452
16597 12578 19728 17800 28030 21583 4069 22392 19853 4052 12249 7538 12722 15646 14265 22088 19413 13271 17494 8660 6928 13195 21981 4745 9084 13663
14976 10208 19539 5909 20736 6815 13745 18669 17263 15777 11780 382 11840 16578 24073 15862 15479 24527 8368 15053 3325 10420 5125 8177 14370 20836
13052 6602 28233 10755 16749 19887 21854 11902 14773 13217 11311 6353 16229 18595 9286 22032 23921 4580 15937 7442 18278 14359 20089 6691 17564 11381
14079 8429 9872 9821 19045 34883 9885 19937 19957 7937 5770 10088 19343 19557 12847 12144 16153 13236 17189 6448 7331 10568 4622 14587 20865 14192
18843 15962 4442 7210 25948 18237 12528 17494 17103 10745 8958 4001 12838 17037 6959 14517 24322 12977 11371 19408 17106 11371 13893 11240 10425 5171
19726 12271 31012 0 18520 12289 6006 26155 8600 15545 10771 4160 7290 13272 6570 9556 16419 13725 13682 12252 4062 12385 9892 7087 20089 12161
10202 5651 14312 11984 18609 18125 4540 14491 22509 8238 6292 19248 19903 15412 15352 20412 19225 5514 20940 8022 12116 7818 20555 9231 20502 15503
15214 6753 20492 1096 14220 19052 20828 16182 22162 9096 12352 15840 18890 15581 13402 3803 11502 28010 15950 6543 8484 10080 15878 7604 10184 20830
15866 11623 26821 6007 25033 18111 7864 21658 10775 16637 11893 15816 15114 14268 0 12692 16352 16573 14852 11447 17271 8835 13706 16044 12572 13546
12925 19307 26232 18233 12878 10079 18569 21182 22537 6652 16673 13735 17617 13368 11124 7201 18608 11135 16478 5365 11809 13813 11330 11602 6519 23094
16754 12528 9566 12356 22311 24074 14114 21657 16647 13929 7675 0 20291 17638 9953 14536 15385 10409 12426 7168 10149 15526 12800 10019 12091 33032
14746 17340 28266 10434 17724 14461 7352 20589 19028 14317 18709 17160 10435 18244 13481 12412 20479 21394 19892 9987 12900 18251 11523 9670 12351 12740
14262 7684 11347 13458 13587 19648 13421 23990 8742 13981 18288 4913 23112 17508 24627 15876 21352 21133 15972 14712 17230 7964 18523 5350 11265 10249
13117 17414 16400 10613 27062 13434 23839 23994 25947 13183 4505 194 15018 16736 0 14180 22818 10779 18591 13980 9479 9376 2473 10905 4961 16994
11950 14003 16785 9919 19289 9970 19358 11242 22769 15452 12720 13030 11727 16075 7223 17982 25904 12454 9945 15238 12373 12775 4049 5847 18154 24073
14544 9104 20132 7719 25092 15688 9728 28774 9976 16701 8557 7052 15565 16310 6605 8309 19968 26515 19757 5678 10079 12085 13084 13008 8501 22314
13196 17367 11485 11031 21884 18922 6143 15102 15332 5608 9364 10764 8824 17321 12284 18079 18820 17022 19285 14775 6741 13915 9158 16407 30951 7257
12180 0 18657 11312 16916 16523 6656 13456 15704 26251 10239 16792 21970 11265 7756 7892 17059 16155 11621 16515 7035 11954 22106 6797 17731 22453
17050 6030 17755 16802 20096 24977 22385 18695 13782 6104 14818 11502 11993 16720 13310 1894 19098 8511 12524 8899 17580 10828 7434 10846 5308 14208
16321 698 32894 18538 28596 10764 22637 18766 15805 12744 15753 8752 11246 15504 0 19726 12622 15066 18179 17253 14101 8379 13842 10138 7034 12264
17190 20395 14964 8243 18359 13576 15953 23121 20786 11928 10436 15393 6171 16828 9596 13222 20075 21418 16223 6412 10365 12596 12502 2282 10089 21636
16057 14909 30998 12634 30249 14789 7275 15929 10269 9051 13431 5332 15819 17488 9399 14633 16537 20404 15449 15089 13886 6476 27202 9667 11215 22666
11259 16866 17198 12948 12488 12269 21794 19413 21350 7760 12055 18296 18136 17919 17638 5865 25394 6593 13346 15039 23155 18348 28660 11324 16920 13171
13008 12133 16253 6951 25035 15246 4320 23675 13244 10999 15241 3382 17156 11973 17342 11771 18884 15677 13866 7101 13613 3926 17571 11970 11698 29430
17409 5346 20866 10875 20356 13950 11136 19202 14536 11416 15458 9439 19995 18216 12337 12450 16479 28348 19942 15872 13718 13351 10646 9751 8785 24795
23055 3774 5278 11849 16136 11802 8920 11975 13967 12028 14011 11141 16072 15033 12313 19678 14379 15472 13583 15762 22026 11279 23033 12991 5840 7503
17629 19814 15512 10228 13711 15359 7064 15656 14264 11377 4344 7300 7691 13571 6631 12238 19708 16106 13902 9452 5150 10683 12983 3957 13182 16269
10708 4681 25905 0 18307 14952 21066 18679 13135 3699 13519 5461 18617 15901 29035 10643 18329 24851 16160 12578 15128 13282 8481 12940 17510 5435
19177 10165 6763 7667 21466 28581 27638 19676 16637 14675 11437 0 16897 15396 3115 18803 16320 20231 15132 15965 7734 8998 20455 14407 14839 20951
12386 22438 27601 13617 16358 23794 6896 12258 9810 6154 7259 16063 17040 18062 15097 16004 19731 20983 29064 10670 3589 11501 12958 7417 17374 20063
15799 19190 15252 14127 15638 18415 13883 19256 17275 12074 15198 10585 18938 18923 15452 15643 9761 17809 14223 15325 16341 9868 533 8777 19318 15190
14684 28027 25030 19015 19375 21232 23932 11760 14280 10045 10176 13403 11026 13757 12729 3152 20845 21493 20138 18473 11606 12835 5446 6075 13946 10797
17615 6229 18826 12857 3748 14908 18365 14252 15704 8840 16006 5569 3643 11872 13483 19037 12770 13317 17274 13820 14123 9640 17862 4347 9697 16734
19985 21505 15924 11423 6834 26501 14290 18069 9761 13314 12966 21920 18945 14586 18063 12036 12842 14521 13724 13370 15877 11707 17255 9847 21460 11994
15826 1954 23897 0 23348 23120 11399 23308 18203 14934 27135 16280 14416 18131 22113 11526 19017 17261 15792 20002 5660 10630 7481 7459 13069 21951
19926 7388 17362 12868 14294 14827 16069 16268 20895 19951 22438 4729 21779 16904 7608 16011 21566 9503 18669 15456 7146 11149 13178 7571 17885 2770
16385 14184 22172 14180 26470 21006 13529 19838 20225 12236 10748 5945 14883 17613 23996 13425 22733 10316 20342 14977 16043 14879 20577 10168 26111 17206
16965 11569 25182 10903 16947 15681 9632 13547 8745 14008 21170 12421 12542 14845 8668 21855 21481 21514 9697 11947 22564 13932 10842 7170 6747 30953
16806 15400 3105 6227 24248 20402 9844 18503 23852 8521 15008 5259 19398 17877 19884 8068 16847 2440 5845 4267 12237 11314 14172 11940 12172 18539
5322 11136 7776 7224 15956 17281 10291 25816 21141 7577 17610 13956 12469 15303 13069 12006 25238 7424 18941 12865 13053 15367 13801 10883 12161 20038
13194 18820 22374 23353 11535 14982 21108 16284 15207 18546 17884 7362 25347 9181 9521 13639 19756 29577 17805 3370 3744 11012 12587 12597 15149 15216
13305 22253 13911 1190 14632 22429 3925 18541 15437 10479 8651 15917 10425 14634 12737 22744 19102 15846 12608 18908 15990 6103 16591 15184 9555 14743
9118 26141 20136 16626 18556 5417 16800 15157 23461 2280 18889 2985 19166 18544 18845 11449 15236 14796 14079 6968 20998 14972 11150 9708 26884 18813
16813 19060 21182 0 18899 13303 21832 23074 18152 9431 8159 16633 18874 17870 14670 14736 18733 15514 13678 6838 24214 9451 8606 13250 10281 741
12886 21878 22525 0 20636 14095 9677 21962 21130 7944 9975 11880 23283 14813 12566 8740 21775 13422 8986 15512 9429 12009 5711 8854 2840 14330
16377 9460 25363 11517 21095 12181 2023 16738 19394 6258 11096 1733 21033 20446 16451 26575 20899 22172 17379 7341 14577 13289 9121 12237 14691 21474
13432 16703 27618 11110 17867 9525 12180 10471 22706 14774 13738 6459 18967 15542 9822 8258 20946 21827 10577 14237 8206 11444 15117 11411 6463 15916
13060 7494 23642 12770 4473 11423 14853 14873 18170 16630 14571 4860 23679 13854 13614 19473 18187 18708 23203 6927 10090 9305 16023 9127 17122 21505
5874 14426 14789 10518 15228 23065 10434 21522 23898 16374 22691 12739 10331 11749 10696 10296 15415 7366 17073 24971 8059 8929 6042 11680 33527 11606
7626 24226 17962 11928 15037 18716 13135 21770 12323 4010 17063 16845 12572 11670 22465 3241 15769 21328 19126 1956 4980 14831 19661 11137 28915 22057
14492 26438 22346 13046 16172 20777 15364 22976 21362 13296 14623 20844 12336 15264 12352 16491 20783 10837 18328 12438 13541 9435 325 9275 10629 19175
17818 15248 14967 6462 21185 19674 24173 10293 16118 7211 15711 16061 15288 17799 14719 17815 18141 22140 15763 14727 11161 13231 25523 16210 16302 14995
13701 8074 12026 11979 17269 21986 8378 24590 18384 14064 10911 4637 21099 17501 11756 17976 22889 15550 18715 14660 7106 10599 15022 9393 16707 8498
22769 23412 17405 22794 13133 18358 12188 21703 8057 6749 15438 10875 7517 12480 25765 10752 25391 18962 18730 10434 12488 9849 17578 9858 8664 25767
11813 26275 19161 0 23254 26873 5953 20170 8973 2359 17652 20655 3261 16086 7658 18506 13879 14209 13407 6081 19753 14894 9744 5335 21497 9291
13865 20230 11771 19849 2041 20880 11255 17249 11050 8613 12777 10465 13425 17918 7536 15857 26376 15792 23489 8633 7275 11431 8003 14438 18610 9586
11740 17331 11808 10920 13642 20265 21691 21108 15814 8682 56 5096 9398 19255 10100 14186 15852 20665 10325 6178 5763 8433 9091 6216 12331 20569
14630 12705 17765 7037 16790 14456 7742 20607 10179 12802 9992 17769 6506 15443 0 16465 15530 16296 18425 16790 14929 13520 3630 8590 8029 19794
10222 14424 15938 2434 26644 17387 4628 18194 20662 11081 18764 0 23218 16392 17591 11390 19829 24791 14694 9034 6615 14329 19712 11588 9724 17043
18821 6392 25811 5745 24364 26379 10535 14507 14910 9849 15316 8200 15320 17819 20114 10128 15947 18218 14088 11353 13879 10951 11035 9262 8298 7398
16375 14611 16356 13100 14519 3681 14600 10433 7620 11538 9830 8773 14707 16387 11650 17544 15987 17090 14294 11976 11487 12584 2548 8581 8501 15741
14174 7049 26399 13915 29026 25140 7531 16770 14696 6138 12379 17219 14121 17915 23655 8331 18689 23257 7610 8942 8284 12247 26083 5506 7346 24450
14680 280 28972 11332 21309 10755 7163 16972 13644 8784 14977 4980 20380 16821 92 18383 19788 25871 11011 11967 3035 8649 12786 9148 10157 19115
12120 9748 18680 5958 21386 25228 22577 13444 20635 5387 13811 22849 18152 10032 7591 20283 15088 9430 16384 5843 13001 11208 6869 7768 16744 17659
13707 1362 10025 10796 16169 20500 17100 17892 14601 1401 2777 9809 13803 13813 21505 18241 15082 16724 23138 18623 8967 8442 10577 8796 4541 14228
19887 4219 10067 13997 19149 13292 14349 17387 13794 14840 11709 10772 14427 13795 16810 15777 21009 26581 23401 12987 22468 10590 14811 6928 9560 16523
14690 9700 18985 23625 23529 18209 11645 19159 21322 15926 12268 13268 11274 14325 17734 12631 11879 18571 18196 12325 13105 11703 8074 7260 19035 12993
13852 10695 13317 20457 19735 18224 18686 16497 18667 20853 13181 6252 8281 15215 6262 8284 17826 37438 11275 15558 15358 9631 11512 8757 10892 7031
17471 15517 17287 15372 20159 20139 20571 22238 14643 6687 14932 5252 21807 17203 11842 17808 11450 21221 21395 3271 7362 13947 8771 9206 11809 11347
12375 32383 18151 8164 9053 20087 24236 18892 15567 3613 18295 3019 13246 15077 10313 2782 19005 16761 20423 16795 16006 13058 10859 16089 18580 24140
17767 14205 24027 17136 15589 15044 2160 17036 15763 3488 15450 8499 13628 17662 0 19585 18422 11870 20011 10707 8342 9391 26172 10995 14312 21160
15445 18241 30658 11023 19329 24753 20066 14059 23440 18941 4451 8190 15615 16972 13299 19958 20362 10411 20495 2270 18373 11623 6236 5776 0 13210
16174 13250 13161 22127 22681 19187 3023 20192 16171 1132 15000 12794 9456 16578 23417 10742 21114 14193 10187 8936 4204 9732 14613 10602 5422 11463
17226 13242 4363 23139 17007 17304 17360 20857 23224 6232 6102 763 5739 11186 17880 6278 20925 11025 18278 18943 7890 8131 14360 6741 0 18942
13652 27157 18968 15554 15950 27650 17630 20555 10577 9819 6463 8536 11677 17723 8039 18708 21251 7967 12644 20346 14486 15870 18913 6982 7099 7408
11375 22426 18709 13556 22206 15733 20705 22727 23982 9700 10655 12728 14052 16761 13358 13560 22761 16573 12879 14084 19365 10856 11743 9115 16521 16989
13545 12964 15242 12809 21274 8047 5294 17345 17654 10393 17139 9956 20307 15225 8854 13390 16865 5428 15275 14171 16039 16884 9605 10298 9408 17956
10719 4815 23081 12712 25050 17753 9825 17738 13560 10908 7226 8136 20736 18715 13369 19158 18947 31447 18237 15673 12215 11482 21136 6367 0 32053
22417 4518 22067 6131 15061 19262 5510 16999 18969 11638 10107 13580 21489 13816 9813 12992 21094 21259 16698 15035 16249 7205 19131 8233 326 20647
18018 8224 26668 6199 21236 22731 12138 24608 16718 14906 9837 8782 12750 16003 0 25856 18435 18765 11295 23079 15469 14656 13933 15932 15120 25089
19090 17536 13838 999 11740 19275 18070 20143 15460 16985 9207 14945 16484 18638 19174 5483 24859 6127 12283 18164 15808 9063 9471 15000 19808 20572
8836 20049 22335 19328 17352 25806 15752 18017 19850 11714 12285 10103 22917 14523 9054 6309 22811 17716 26525 10728 8088 13976 17562 5741 30133 20692
17674 20160 21119 6582 20967 22366 8982 15828 14659 5650 7495 15416 19314 16030 19936 8578 23218 12663 18897 11347 14858 7538 13072 4957 16766 16135
18924 9774 0 18075 21716 13685 10269 19504 23595 3244 11970 3562 11102 12420 8077 4390 15949 21645 16926 8246 15326 12965 9332 9397 10581 15347
9344 9952 28447 26007 27573 14366 14630 17675 19615 4437 6841 4539 17341 16560 4484 12057 27092 18057 21589 14671 11939 12185 10147 13047 12225 16347
17245 12277 15091 8729 17451 18362 10444 19449 13221 19764 16079 16333 6060 19024 15917 16575 22096 22213 13311 4390 15247 16804 5352 13034 11921 13667
12668 13939 10475 8216 16180 28859 3789 17202 20088 13744 22639 8379 19025 16007 8297 17024 19807 9035 20092 15683 12199 8616 2980 6401 18546 30406
15826 28115 17118 7875 19727 29504 9676 16594 13876 7595 7208 10056 15161 14839 14103 21309 21891 15685 19246 5822 9899 9467 21108 12354 14889 19985
14604 6480 18311 15560 24241 13808 21912 16562 9612 11291 14118 12985 12089 15192 1791 6733 13784 20693 13846 14189 11957 13609 9367 11802 13727 16432
15335 9022 15143 8883 7233 17986 14020 22252 17359 10722 5910 4828 26446 13897 15287 21379 20728 30812 11618 11384 16309 11216 7515 7833 13541 17696
13071 16154 20627 24068 13664 18787 18518 19981 13569 14766 7875 13079 12247 14588 18786 14848 12364 17670 8391 26129 10520 9630 1979 7201 7290 15175
10354 11371 14699 6795 26447 20943 17672 28896 13061 16072 11489 16792 19177 16105 15255 14094 18263 23873 20214 12783 12089 15625 5120 8976 8310 20572
10890 7672 20955 10003 35973 27612 21692 14951 24199 4649 14269 2596 13608 11670 20113 21945 20541 20656 6616 13210 18074 12962 0 6646 12501 22175
13934 14799 33386 19194 27568 18954 16893 20861 18497 16993 12600 8693 14691 18950 23109 12257 19676 17242 18953 9027 7146 11206 9136 14370 8530 17628
12917 19543 5299 5493 7783 21263 4615 23737 12749 5706 20283 0 21033 12030 11376 11563 20187 13210 13205 17958 10476 14779 3912 10659 16957 24089
14010 11537 11809 5988 13456 18448 13649 21080 18040 5795 21295 12074 18797 15602 15274 17229 17747 20947 16916 10490 19895 13417 14922 12050 6569 12637
15830 27037 17398 11355 4492 10535 16819 21132 12368 13552 13606 21398 11124 16263 17304 22708 18381 19358 18384 19156 19036 13266 9817 14603 9985 13575
15771 13315 11923 13651 34196 21618 5518 23136 14404 3479 2334 12312 23538 17464 8680 21077 16017 23067 9283 8661 9541 11013 21220 14142 9341 9624
21040 4340 19065 12282 17179 18243 19225 14348 12906 15461 11819 10651 11981 17212 8489 16035 26845 16253 4583 11514 11107 17267 11228 10202 12243 22032
21534 7247 16573 16904 5237 15253 16063 19034 16048 18120 6936 9921 24182 14892 10268 11055 17013 29665 14373 9895 20438 7305 15691 5886 14816 18638
17049 7291 40293 9124 19131 15449 6821 18987 17728 9308 13664 2456 5342 19197 14576 20409 17603 20011 16163 13378 19279 9609 13523 11473 16673 23075
19412 18184 30879 14082 23816 22923 12556 17439 17879 14303 9377 11017 22127 13838 7356 16630 20622 2948 22318 5646 10252 10914 17221 9889 17249 16560
17101 6135 25865 14857 20712 14758 18101 11232 18708 7134 15292 16602 22511 16927 9716 20891 18228 22425 19920 17740 11908 11950 25694 5736 20263 15744
