365
2 94 92 54 54 33 33 95 64 50 77 49 16 65 94 18 13 55 70 39 42 89 11 20 22 12
14589 19565 15248 11346 31322 0 7568 11781 7591 1782 11085 18222 3311 13980 16317 10630 9167 7714 11930 9867 20554 3156 16480 15488 13255 16652
11106 22250 20230 4186 19025 27344 12914 7919 15737 16073 12428 9667 10554 24463 15335 17563 17861 16284 10376 12792 9994 17952 14048 16954 14475 26143
12607 14678 27109 26372 15736 28465 11805 11983 12286 12340 7087 14952 11052 22008 17133 11567 20294 1948 14535 14404 6973 5018 14059 23745 14586 21846
13502 32057 16416 24046 20767 15697 16581 9999 16889 15121 15154 22844 3425 18783 16202 13095 6408 15895 7685 25796 19619 28393 11630 22987 14601 13239
12527 18019 19145 17113 20388 4304 11242 6157 15150 14723 2344 21958 9781 20944 10771 20185 21724 11952 13462 16575 6144 12594 15234 14056 24000 22185
13133 18976 33165 13344 14037 23926 11655 10657 15167 22471 13895 22536 15236 21310 10829 22179 13769 11640 10020 19579 10358 32301 4112 14842 13889 18681
14247 18752 24365 14793 19852 8504 11834 16710 14821 12926 16404 26154 9964 20673 16094 6960 13340 17173 12419 17328 11660 12852 8694 19051 11345 18222
15128 14348 20234 7225 16799 14590 13635 7920 16938 11073 12837 22241 12513 23884 19502 21174 17150 26049 16713 18647 16002 26525 20050 16100 21089 10553
11381 21980 0 15916 18100 9356 9523 6932 13010 11270 28806 30049 16714 18597 22388 14300 9453 16681 12233 16900 0 10357 5287 17467 11416 12930
9658 18082 21554 19336 11937 18073 12016 14876 14214 11348 5287 17146 5924 15959 16493 15903 14710 16313 11450 12607 23148 20983 4263 18801 21676 10897
10226 23721 15962 3899 15053 17125 10198 5093 16732 14250 13025 20325 16221 15785 16187 20490 15349 20871 13984 22982 19631 14584 14286 16568 12993 19997
11037 19686 20754 6645 19617 19060 13737 6658 13492 16595 6151 18972 11843 23102 16709 21914 11921 16263 12032 13754 17601 20700 10273 7608 17798 17637
11400 16754 19346 16920 19830 28517 16268 11841 13756 21467 12284 12752 5526 17872 15830 11744 13490 0 10059 17993 17252 19060 8976 10071 17493 28420
9529 21407 18177 1326 11296 8698 12793 8174 19260 10918 24735 8817 12006 18295 16434 20239 8946 13537 12632 15315 16006 7544 6890 19387 21972 14443
16409 25801 19562 16928 21743 26488 13106 12930 20511 13962 14362 17537 15740 19278 10985 9050 14633 9096 14675 18909 19538 5926 15817 19446 18469 17538
14808 11944 18040 7869 10895 27560 11930 12083 15843 5591 12579 18095 8721 17498 15686 15987 15997 5243 12779 15536 18006 15066 10263 16561 13697 21150
11561 17284 13130 8423 21005 13843 11181 12007 16529 10141 15335 18364 5062 16361 17885 11143 21042 25890 14477 17198 0 3514 13498 20997 13973 14131
9001 21046 28663 2118 25563 10600 13734 3236 17569 16448 26249 20826 15234 18153 19208 13359 20565 16614 12069 12897 14913 25566 0 15112 14470 14172
16284 16100 13679 16008 10078 10772 23206 9238 11606 8805 18132 19277 4797 22653 16445 16285 10022 9837 16034 19722 4708 24379 16538 16354 12928 9449
10892 16086 26818 16450 16528 11607 11241 10756 17723 13513 399 34114 6862 20006 12557 13698 10725 8619 7247 19035 12168 12447 13124 14431 22080 13388
11777 17223 5315 8789 21952 6582 13563 11272 17627 11915 19199 24315 9635 24520 14163 19305 21740 13530 17645 18494 15573 18476 6468 13724 14480 15909
11364 14290 16021 13186 15618 11412 14316 16778 15932 14528 11045 17872 11102 21935 16577 19046 8864 25488 14517 20305 16241 5633 3065 9771 15144 13599
18909 21771 25415 7414 20132 7597 18033 7889 14639 13094 23010 29431 16752 25753 12122 18863 9306 15619 12364 14709 6684 22851 17613 22612 15359 22299
17907 10668 22405 14481 21289 19972 14937 20314 10216 21936 1300 22613 7750 15758 14185 18027 16815 8970 9448 16777 16187 25162 16259 15676 16018 17936
14819 16922 17296 11101 16861 26085 14883 5142 15674 11319 10634 9697 10822 17412 14702 22954 21109 8395 13562 27346 6421 27430 1448 14503 19531 9127
10232 11473 27631 7363 19846 13397 13359 15100 15459 13047 19099 29674 13289 15698 12149 17162 13644 10582 13830 20944 7439 19248 19756 23239 18031 21417
18559 20602 3003 13794 23836 23655 14256 17606 13561 20793 0 10960 14482 20047 23545 13938 12929 14756 11286 14965 21554 12986 14415 14284 15998 29551
8067 15572 35139 9993 15032 14100 12014 14450 16732 13470 9271 31459 9165 14563 16433 20230 18180 18891 12080 18011 18497 16941 17425 10889 22661 12384
12582 22086 20725 10774 21886 27771 16366 8637 17386 13233 16150 13424 15380 18469 18990 22277 10767 11906 11298 18196 8496 23573 13597 12679 13484 14651
9001 19627 27327 4876 20795 19955 10521 11027 18162 14457 14177 12820 15460 20087 15427 18556 18423 7983 13967 16868 6866 20435 16735 11781 18225 13430
16701 19689 16818 15366 19946 17656 11647 14145 11538 14959 13189 26238 9449 22245 15390 13804 23089 9702 11745 23850 28446 16587 13182 28100 18320 19324
8628 17157 26336 14132 27582 8308 12039 15969 16142 23462 9125 13797 16817 17170 14647 9395 11448 18736 10668 20185 3636 7712 0 11623 13826 9418
19149 22691 19097 15354 20099 10489 11758 17643 9901 13220 1874 29813 14204 17544 16254 15925 13302 15251 14435 16348 23287 8946 19357 18859 18377 14099
9779 17552 18818 17953 21735 7873 14305 19229 19901 15799 3361 17868 7984 15138 9753 6575 12062 14880 12285 13959 4231 7893 12537 13675 15716 4417
13116 19012 33516 12456 26203 16663 16788 14268 17543 16188 0 23050 15052 21385 16814 7223 16773 11265 13095 14150 26041 11393 15583 15336 12797 17711
13390 23799 9182 10657 28500 24728 13518 12409 11471 32662 15645 24598 6700 22328 20241 6538 17377 15230 11804 24374 25633 10803 14516 16182 15447 21625
12621 18054 22353 10026 24648 28527 10356 16501 18012 25470 6584 21423 16167 15633 16565 26453 16248 13892 16611 23412 22474 19130 8169 17615 17857 7625
19088 20641 23748 16782 21218 6008 8034 4539 15249 6906 4032 16691 23851 24171 13135 12771 14027 13083 13348 11240 10975 5033 5305 16379 14967 13645
16979 17556 27208 15907 17590 9908 11673 6948 15216 12355 11018 13312 11252 21661 15133 14214 20075 15579 13599 13776 18127 16694 11749 14302 18911 9754
9609 19604 35860 20450 20221 14221 13256 12262 12543 22018 23590 29694 16779 21389 15645 13660 11851 3826 10234 21043 19877 8341 2724 13493 16283 27886
12172 15427 10904 25205 26853 18619 22054 6789 10548 25909 15983 17661 21940 20819 17342 5169 23512 16360 11706 21435 12743 19619 8509 11695 15221 10461
13320 12236 16531 13807 16608 20040 12590 12086 8369 15120 14862 8055 11565 15626 16499 21734 16727 16433 14434 20196 16917 13262 2447 12760 15870 10254
15120 20516 7847 11256 21834 17087 13881 15003 13402 15013 0 10225 15626 21082 17179 12006 11736 17952 13391 23441 19281 4652 11228 17008 22195 9342
13059 18088 4435 9103 29987 23743 12198 7920 16751 14649 11625 32245 5172 16446 17952 15581 7958 8939 9529 18303 17074 21356 22295 13979 20379 21768
18005 18918 18164 34033 20031 18173 7633 13066 16139 21390 2848 20379 15394 20878 17041 7998 15785 7292 12609 20340 2873 18006 12940 23589 19710 16591
14279 19532 22154 16135 19733 15502 9435 14846 11888 18259 451 13484 12149 19640 18945 20955 25044 7051 13224 15744 5899 23557 6328 15260 15593 16963
5921 19589 24066 13152 22169 22871 16151 16351 16890 10324 2183 20084 9964 17793 12725 23290 12685 22743 12537 19728 20480 11733 12397 16842 12710 24830
18441 14703 16721 9800 13112 19890 14237 11694 12411 16403 0 21459 10635 19084 14496 17100 19866 9122 12642 19217 26940 16757 15289 22447 19269 7655
21224 14711 22434 12985 22668 19624 14458 17974 16916 16476 10567 17263 13494 20536 23750 17374 14597 15551 12156 28620 9156 7145 8324 12150 12615 14371
11904 9370 16880 6426 21159 21912 11262 20153 22918 15667 11254 14922 8991 17188 13357 12247 19673 12923 12852 13846 14051 12222 8041 13564 17094 24739
14850 17158 20530 16026 20285 18614 16567 8422 14097 9442 8188 21622 3810 19452 14418 18198 5107 23803 10609 15768 18022 28127 10488 14407 21846 9891
11320 31026 18158 14108 25571 24317 18143 9393 17255 15208 11690 26173 18392 15378 13393 11562 13907 15469 11164 16413 18287 20037 9799 10834 15715 25343
11929 16081 40452 3288 20036 15159 17967 8651 16759 13820 9629 23614 15230 17908 20793 12019 14955 22768 7364 21634 5267 4711 12128 9670 18826 15000
15373 19872 24306 5732 24667 22186 11326 13110 13752 12938 8905 19174 17563 20590 17059 21174 17212 12689 15450 16860 15236 24629 12894 14982 18076 31214
15001 19884 19025 15993 31917 27112 14306 16228 18223 18279 3447 21439 12170 18571 15447 16862 15458 13244 15349 17295 23040 20419 15951 8432 19378 27900
12349 15283 40111 3078 27752 8411 18400 14514 16598 26847 3917 33813 12790 23700 19627 17013 13139 17269 13587 18775 7583 23848 16703 18883 20182 11706
4886 17241 35815 29544 19376 21038 8295 10676 19295 14813 11356 13763 17890 21453 14761 12970 15600 997 21513 18103 20531 19257 9503 12722 20783 16176
17126 19150 16542 23704 21076 19167 12472 17743 12199 7577 3698 29552 5191 16008 15652 10907 16960 3165 13249 13837 15827 21371 13364 4083 21611 17693
16204 19171 37505 21564 23622 15304 11884 14075 20498 8192 22447 15321 8639 18932 10958 16202 10262 16896 9945 17509 10699 15971 17988 11858 18525 18053
19168 22924 22251 13258 19412 14263 18103 13744 6976 17245 12572 25702 9581 13610 20359 17628 22580 21136 11140 16259 25255 13975 10732 9397 17052 11510
12699 12421 16481 20484 19388 22942 8275 15320 15350 11101 12856 28591 6939 16778 13848 15601 11171 12652 15666 18819 4703 7974 8837 21081 17157 9229
14822 13841 31778 3127 15017 1681 13979 16436 9530 14149 16475 14258 14749 21697 16927 18096 11839 9194 16034 17392 7541 14871 0 19039 12879 8730
8717 20882 32183 19238 17488 22784 11433 16511 17431 13159 16991 18903 16811 23357 11531 18431 12505 15095 12440 18579 16948 0 7977 16372 16512 5407
2951 22433 7919 17337 21013 27147 16275 8623 13709 16130 0 18834 15727 13703 18054 15293 15905 5640 10533 20128 10326 14109 5219 22665 17909 21739
15785 17504 38920 16940 13128 6573 13566 9407 8031 16623 7052 11078 17980 17598 14922 9100 16381 7369 13451 24459 16066 9080 12138 16680 16345 12388
15904 19921 26246 21259 18668 20327 12149 14889 14635 14080 1677 19748 14067 12241 9860 24496 24298 11774 11807 15999 11391 14206 7777 24625 18035 17701
15672 13145 18263 11604 28676 21990 15062 11088 22478 15989 67 17095 9648 17051 13122 11108 5156 22922 16162 19672 0 27510 7010 21371 18528 31519
9450 18018 23296 9852 14410 8763 8301 7781 20946 22315 10749 8233 19174 26788 14192 13456 18059 7359 16092 15055 13936 23971 9236 3644 21762 16647
17426 22350 3052 19126 18372 11983 13756 10758 7407 20913 22710 26880 11752 22646 17382 15668 19707 18288 14281 13759 22010 26128 12139 14035 22311 18301
11457 16896 12456 10266 19105 17746 15393 12497 16011 24076 10041 16331 8779 20782 12069 16634 12023 1227 12509 24107 13232 10844 11208 12649 15975 15255
17728 21776 17662 13563 22115 16952 18500 15105 12800 16279 12054 27021 13342 14548 17903 17589 15339 7784 14827 18264 26603 7254 2239 14782 15655 9416
13520 14090 15158 12800 16582 7752 12331 18117 20199 27304 14289 19395 8245 25051 17313 20355 10207 17872 10922 17036 33363 15125 0 19439 18730 11229
10939 19881 9821 21625 19254 13044 11375 18641 14308 8367 11093 17219 7833 17190 13570 20426 14343 15649 10432 11167 0 14902 17005 16857 17037 23445
11990 23019 25038 14020 16968 11481 16147 12275 14861 7532 0 19624 12325 19399 17112 13525 19200 16667 12642 12296 6543 9091 18126 13233 16308 14307
11425 22744 8125 18230 19779 22283 14377 10521 15914 19321 7589 15080 12017 18339 11206 16743 20278 16147 13601 26845 13134 14917 21006 17582 18620 6170
17659 24981 29122 18638 26759 13703 16255 12367 9649 10175 8876 15913 4741 18614 10640 17102 13593 8079 17069 17601 24161 12002 9293 20079 12615 21906
9084 14026 23458 8343 24361 21486 16955 17143 13924 5345 0 21856 17916 22576 12502 13851 18455 8572 13629 23877 10369 17841 8796 18995 11294 36585
14396 18541 23648 7683 26734 23682 10000 16765 12555 10868 18430 16218 15250 21737 21356 24236 15736 4848 10976 15397 19705 19178 484 7107 14437 16496
9909 18961 17092 13962 25542 11299 11483 6572 14747 7983 13164 17999 12151 20008 13561 15776 19632 12277 11487 16797 14838 15330 11783 17442 12726 10835
9551 16096 14749 20502 16638 13684 15461 4037 14034 15513 7998 12418 13489 24217 18284 16692 11190 18931 13679 14149 6352 15706 15292 14153 17806 8541
10861 21724 17041 10315 11331 20489 8787 20911 14069 17529 22483 19337 7773 20543 15639 21684 19624 12406 12497 15985 14190 18875 0 20900 20422 19941
7212 14812 22288 20333 18044 12433 8684 14311 17140 12699 9687 27336 13916 28374 11987 5912 18092 25244 12844 10378 12352 11906 0 9398 16036 17758
5743 24197 15770 10279 16800 12006 13759 10917 17481 20668 0 22739 15965 21767 20430 14341 14465 20173 16512 23160 7265 11635 7394 8361 21077 26348
15852 17924 12755 13508 24451 11254 15826 22396 18405 13111 8412 16822 19139 15388 11022 16483 14605 14374 14491 18143 16123 14825 15036 13797 17765 15767
15283 26759 30173 16958 20677 16347 6542 11671 8274 22062 10982 19710 17031 24117 17533 13456 16605 12373 17294 22949 18080 17094 13820 11069 21539 7501
12149 19049 24404 7021 15897 19932 9034 11647 15446 11511 5506 25496 11759 24239 16737 10119 11888 8132 10351 22390 19055 16544 10607 21198 17972 18843
15330 15307 27153 8652 17489 21228 12147 17628 15976 7926 0 16425 12300 17474 18589 21825 17597 10476 10758 18807 10019 22635 9287 12214 15506 17599
8575 17160 20187 5747 10559 22555 3299 10284 10591 17505 4131 23121 14967 21755 13078 21566 15683 2605 12787 21670 23879 10834 15186 17027 18100 10376
2130 11345 8248 16914 20956 12012 13424 7179 14976 9522 20140 16950 9275 25125 12243 15434 21925 9802 12688 16931 22963 12293 15266 14379 15547 16276
8784 19912 34789 14600 28689 20974 9720 19433 11028 10929 5273 16381 16733 18660 16139 21567 15166 6252 16361 25249 10741 16584 13435 6843 13833 11900
19520 24447 16036 6451 16876 11348 16331 16450 17354 20491 16864 10179 11120 15429 14608 26579 14015 9829 14561 24525 17332 16186 14917 16600 16376 21783
8692 6413 22381 18284 13616 15405 14401 15939 9883 20002 13471 22651 15607 24420 12801 6756 11082 29297 12849 21750 17363 16544 3885 14488 17564 10721
9316 17739 15792 15875 29299 13856 16606 13414 15827 14369 4248 17284 14188 19768 17324 18151 18428 9366 12732 16967 19422 15782 11190 10234 15945 10285
11555 19452 12769 6417 17927 32514 12968 13288 17462 17644 23872 30701 16810 20713 20246 7729 21406 7429 11698 12139 11075 0 19449 18820 19200 14773
15859 19104 13759 14467 22760 19482 19113 11348 12851 19066 12919 26514 12821 18788 17629 20005 13725 3704 11245 17047 4860 17406 16381 7922 16412 20039
9758 19933 18472 14265 18275 22955 9502 8233 17774 16810 27683 17255 7436 17673 21069 18951 23599 13970 16162 17137 21203 15238 9329 7996 11454 19945
11378 24752 29038 12887 24396 12241 13052 9856 14459 22578 12590 20649 14831 15587 11058 17291 13998 11500 12639 20596 21245 14636 12193 18676 18663 18048
7885 17655 20888 8948 25336 17797 13082 7850 16964 8794 0 20489 10877 18819 16048 18842 18451 10695 9594 11408 20237 21316 12472 4800 14128 20889
15925 15344 18189 20370 20244 25583 15267 15863 15746 19928 14907 17074 10302 16165 12275 14293 16490 14791 12948 21396 21839 24158 11425 22289 24085 14298
9448 24349 15581 12363 17840 15224 17282 16612 13322 14747 27296 16590 9995 25394 18416 13647 19070 1533 16544 28658 12318 9436 7476 15468 16974 14852
12205 15164 15657 7942 26100 12387 11144 14642 15013 9265 14581 24478 13405 16603 20165 21256 15603 14771 14068 16711 26623 13939 11441 14103 16917 25011
15539 13437 17902 21227 24081 17197 8469 22268 15964 14863 17484 12780 12981 16169 20728 7725 15313 11027 15726 29108 14330 17695 7699 13157 23094 12452
4632 18372 10403 7642 16763 5013 12827 16494 13504 18655 7771 25398 11443 16774 16267 14067 7300 13557 11850 21446 13452 9597 4015 15933 14467 26277
13584 15963 14649 7821 15713 25933 18258 16357 14476 8377 14268 17461 16558 18241 14411 30634 5084 10041 11735 20384 17497 17194 11004 27302 17869 10745
18982 19073 30934 11756 23235 24255 15960 8244 12800 10235 14959 16851 14357 15438 17279 25705 13473 14790 17353 22237 6591 18665 9079 8060 11131 22402
7160 14943 24891 9342 21568 15293 7076 2719 17149 5421 26535 21975 10249 17088 13960 19314 19277 16208 7698 18519 5439 11075 8377 21830 17410 23270
13967 19187 24636 394 19995 33782 16014 14356 10625 14573 8885 21423 12317 16246 15325 26375 13026 7035 12741 10998 3510 9164 10221 21402 16124 29187
9974 13279 26148 10743 19048 22031 21624 10479 12531 19189 6020 17746 17780 15424 13442 23216 16415 9833 12487 18562 20756 18675 5241 16049 16731 20473
9059 20612 9957 12853 14277 9210 13615 16606 16457 13193 29019 19369 10372 23580 19330 24717 20124 14968 12908 24379 15733 23536 4713 5812 17385 13430
13442 23483 6654 4341 19427 24721 15571 8845 10447 13825 27817 17245 20805 17873 14697 8908 14848 5035 15167 20959 8809 13473 12254 6822 11993 19323
16532 22862 19559 19729 21617 12823 9364 13420 21787 17436 15290 28857 9900 23099 14300 15545 17904 18029 18614 9774 20163 2859 12963 16632 21739 14086
12085 17956 23589 5815 20496 18279 16902 12423 10474 18747 18582 27380 10311 11894 15858 22960 13289 11816 13821 26766 21798 20929 12234 15796 16089 15250
16227 16981 16648 20496 15341 12902 11621 12001 13298 9604 20439 21771 12638 20452 17036 23719 16465 11151 10743 13874 12129 18970 3739 11843 14032 19375
14271 20024 27662 8025 25879 32023 16599 12892 18495 30250 7440 23392 8646 17904 18323 16617 9758 15501 13906 26732 10099 8769 14758 12596 18684 20947
18050 13111 10254 19205 26085 17768 18995 5917 12407 21569 5567 26254 12597 14085 15370 10505 14848 16660 11068 13455 15292 13246 19498 14014 14989 12945
21386 15891 30992 11727 19093 5001 13801 17719 15089 22663 33907 9289 8217 20367 15399 16277 19762 25351 12616 16616 25143 1922 18907 17926 19860 15729
19204 15587 4962 16686 21054 26525 11909 10175 14701 13202 19367 24856 13746 18742 16794 23957 9560 586 9851 14549 22628 14953 14603 15143 19799 14127
9306 18327 13998 25094 18779 11386 10789 15228 13988 4962 0 16427 9780 16847 18732 24102 11021 4596 12451 15948 12841 6283 14260 16082 19672 11981
9072 16180 23457 18122 22600 0 14330 8025 16332 15313 18859 22645 8200 21201 16662 17464 23547 4894 17289 15533 25556 25272 15673 16252 17014 14349
17858 14586 22425 11097 26242 26569 10295 16028 16024 19011 13062 27174 16043 22234 13009 20424 17695 3898 13432 17358 13677 16033 5780 8375 12139 20206
6383 19924 15725 16936 20438 19363 15812 9627 23940 20635 0 25652 19284 18510 21503 11510 13745 0 14689 17089 14555 10928 6702 9204 18907 15863
6435 18630 13501 11662 20762 14367 21768 7557 12805 23244 11351 4127 6697 16039 17076 7403 15150 8969 13007 18017 22006 9988 5311 19286 18007 12237
20202 26285 21952 13384 19070 15025 9427 15569 18476 2124 4369 25384 14425 28155 14255 9591 13863 14700 9413 18197 13368 14016 11461 16430 24335 24716
16710 18243 24762 15742 17362 9080 13595 13981 11788 23447 0 14839 5701 19673 20794 11889 18393 1521 15415 23969 6970 10956 10195 15941 21768 16447
7949 20081 26000 9525 18415 15978 19637 17531 16575 26504 9297 22940 10571 19079 18391 14659 9123 12134 17884 14170 12232 12410 12532 21103 24024 18243
7503 19461 17399 2494 19990 5407 15570 14417 13725 16158 1863 15008 15173 17824 16382 13330 17753 11573 14817 19014 23554 17216 13913 10518 13340 11614
11437 18455 23565 8999 24927 22844 8679 9425 16424 24849 20758 22251 12175 18188 20600 14952 10631 6050 17758 16477 9246 25844 14423 21623 16245 12591
12334 21933 24952 9746 22935 17274 16270 7389 12602 15822 16349 10172 7287 25484 20305 17141 15151 6791 10895 18066 27369 16626 14456 9942 9095 24976
16716 18791 26309 9864 19141 19597 11867 15275 15088 12728 6317 16055 11570 22226 14817 17651 19089 9879 13753 22066 31752 8111 18815 18603 21081 26552
9438 17172 24689 8514 24419 21913 7723 20844 16819 13040 14260 30188 22426 20358 14760 18641 18719 16587 16765 21890 12228 23588 11379 12772 18997 12715
15931 18323 26426 9220 27225 15145 17118 12339 14507 27990 8680 10933 14473 17836 11722 16380 16356 16166 13661 21702 19151 23585 5390 5556 17611 16481
17314 21521 28454 11661 23024 5015 16790 4636 16739 13414 24823 18446 2469 19584 13577 8202 12701 10804 8776 15124 10006 0 14471 14403 17854 13000
17121 15909 20699 14854 20725 17485 16944 14180 14794 15950 9062 18096 13785 10060 19088 12747 19676 17057 18586 24554 24590 20637 13603 13838 21568 24018
11222 22672 29039 9053 29329 8949 17814 16687 14172 14403 22968 14280 6968 15835 11652 13530 14658 14303 12140 24420 17242 8707 9536 20797 17372 19948
20040 17197 16511 15184 18878 20828 13831 8898 12811 20365 10533 24343 8856 23987 18803 12100 21964 237 11665 22122 8976 8390 12032 7939 15312 23515
14603 18420 5691 20898 18684 15621 8458 10680 6003 13831 18286 24331 9561 16926 18451 10999 11019 5388 10089 25905 26271 9615 8891 23949 14060 18898
10471 15223 20290 18507 18164 12442 12342 14436 14015 19977 3575 12354 22900 20528 15970 12383 14658 7439 18401 18180 30416 17908 13255 11691 19404 19762
16192 15736 6289 12002 14659 8491 2793 9910 12353 357 7414 11906 15756 19660 13704 6680 5533 15710 14293 12058 8708 18502 5951 10685 13940 20986
11901 23662 10760 10627 16034 5151 16457 18964 20961 3246 20071 13276 7712 18539 20632 11854 18179 26341 13863 19943 10790 2422 9530 19203 17475 23079
12608 18596 20593 10459 19383 12494 12340 11539 20473 7400 0 17083 1414 17698 11915 11159 15468 18327 10888 14609 22878 16281 15457 14603 9935 24752
15913 17466 1458 14035 17027 23791 11750 12921 12778 14179 15957 13940 20584 19300 22005 16223 9981 5094 14980 20540 10967 8187 9659 17130 15289 16814
11802 19568 18754 16452 21229 14500 14609 9848 14248 10568 8153 23196 4921 14551 13188 10726 15036 13127 15220 13047 21507 19086 7306 11268 19528 13528
12757 14859 23132 24297 18798 11155 9427 1157 17668 14671 4459 16812 12644 17224 13515 15545 10292 18496 10135 19215 20701 20963 13027 20573 14698 12498
16664 14892 12885 17474 19303 16012 17361 11268 20665 9925 18241 5958 13411 14233 13695 18251 13416 13921 11342 29592 8549 27797 5450 16892 14786 15989
5304 22466 26218 5688 18883 11956 20504 14220 15337 12094 23133 13508 9044 21763 18048 21738 12652 5554 9887 21294 26322 14780 13628 906 16234 10346
8045 16720 16658 7505 18739 23981 19656 8860 16371 19112 17967 18839 11150 18256 17333 12374 11385 14989 15348 14340 20383 22999 9363 12230 11359 8112
17079 20649 20896 15588 20265 22482 12712 13864 13931 21929 0 14626 15229 11701 14229 19414 20784 12612 17427 21494 20341 20367 6009 15040 12548 21096
12442 25487 2688 7685 19753 13401 11158 12602 14805 17129 6604 21401 6081 17029 9982 15347 17429 12677 14192 22664 19364 19925 14911 18378 17743 22663
12481 12079 24367 19925 16123 18581 10333 9347 11673 21169 15527 14263 16224 19613 17032 19549 12198 0 14575 24598 23550 20885 13626 15577 16821 11765
2737 15622 8657 0 21266 6188 15264 10493 19712 4207 9875 30138 21844 18932 15734 18074 14262 2731 14496 16847 12573 15438 16378 15023 17349 15889
13098 20113 25736 19265 25066 15442 14414 10383 14555 15942 9582 14905 12742 12512 13186 16728 23519 20875 12048 13115 24033 13061 22532 18080 19253 22430
12943 22145 16445 17266 22480 19003 10679 14249 11327 16838 21554 14590 8749 15231 19218 13890 14384 15345 10467 15049 5337 27701 8004 8386 14117 24454
10979 19922 11649 22693 12801 18159 7346 8141 14077 16195 23681 19314 11017 25844 16358 19383 13686 19028 11606 18022 21746 12311 10510 15390 21158 15014
14892 16472 17742 10979 27410 18809 13328 18602 13022 3391 11246 20588 8924 19578 16211 11953 12239 16243 15524 21759 5539 16364 17571 9727 19198 22410
22377 10204 10306 14556 18525 14482 8734 8874 18606 18868 6849 27324 10027 18428 13931 22374 22297 7659 10487 19057 10302 20056 4756 15713 16747 12966
13646 17349 22228 14651 13965 18534 13527 13869 16189 16743 5225 19510 10441 25253 17947 17734 15612 0 15823 17836 20084 13609 8267 16744 16809 18531
11775 23959 26970 18539 14734 13861 18012 10594 19483 15596 5939 17707 11930 22518 17997 14720 22732 19442 13438 22611 7477 18553 6045 19963 15462 22267
19141 20934 13911 6641 23898 16794 11569 10956 14695 20809 12843 13692 11616 29774 13642 17127 8279 22879 10803 19609 24963 16800 2084 5611 18873 20018
12973 21629 16732 14075 20405 12838 17016 11055 16697 22319 11042 6940 18015 24750 25165 20443 16958 22786 12261 18100 21439 13860 16477 13560 15182 13019
13245 17510 17609 10867 19341 21236 7500 14445 19156 18634 8392 9975 14716 20968 19482 22317 17323 22183 12254 17949 21119 13167 8910 13703 16392 14186
3441 15930 2338 19430 23886 16344 17522 6885 12092 12108 2920 26317 7220 19658 15873 16792 8693 338 11239 14456 15410 15089 5471 12671 18275 20292
15306 29429 17176 13495 16414 25897 14259 11115 19600 7623 0 8691 11601 14266 13593 14579 18507 23680 9464 17420 5737 19081 9722 13073 20173 26942
6739 15298 35854 22355 19273 24242 15054 14097 17240 31153 10118 19302 12207 19232 15217 0 7241 15999 17360 19532 22759 17091 7191 8340 15873 15575
23640 18621 22581 5683 19013 12761 11290 11468 10869 8458 6935 13440 17789 15178 16126 16783 15888 7943 12412 20182 22136 17467 21723 17082 19072 16755
12309 18223 32899 15240 24670 21937 6742 15260 12088 17960 16560 20702 9964 16876 19143 14025 9533 7796 16776 24844 23985 20571 3897 21310 18445 7764
12771 16693 20214 11804 22232 26399 12458 7005 11937 10571 0 27713 15819 17485 7890 21145 6008 0 15977 19360 9517 12796 8486 17401 18079 19438
11378 19107 2452 16289 20280 9042 5137 3880 11737 13746 7497 16519 5467 16591 18408 15296 9090 17846 9624 17270 19198 8797 7242 15957 20209 16436
12563 20831 17050 21202 28052 37643 10599 11792 15235 17020 24572 20044 15137 15884 9386 6938 9712 11426 11154 11140 11976 14975 26109 17480 18358 18787
15660 16599 17769 12613 20277 22683 14082 18484 10895 19214 8927 13572 8731 21650 19182 16892 11306 24203 10557 23267 11041 15849 8555 21340 23174 15197
6648 21096 15382 9327 21831 14569 14135 6532 14463 20703 1554 14607 16658 20686 11494 16254 11127 16129 20732 19433 10084 21562 5070 12229 13017 17506
12320 19866 26190 16589 18123 20433 16700 4992 17543 18452 20416 18939 14112 13068 14783 13698 15547 12218 14217 18565 12588 12520 8952 19728 16437 15189
14249 9733 31619 16244 15860 17940 12910 19224 15443 19648 10068 24192 11816 15915 17265 22860 19032 17707 15746 25998 15021 13942 5095 15422 15950 19496
14351 15275 32474 5224 20062 12594 11660 16785 15181 20661 8236 23244 15261 15988 13697 14170 15308 14645 12895 14335 18430 18335 13069 15875 17880 25451
14590 17288 29756 9850 17955 15304 16118 11854 12872 16336 10314 18149 5645 21577 14629 17321 12959 15688 14789 21269 16158 14729 22324 14571 19222 27185
14851 25615 9058 20844 24027 20678 17278 6487 15984 16134 16814 34556 9100 16897 14390 14696 18816 22163 11456 18184 13416 6609 15648 24367 12602 16984
6046 24198 26618 16357 25238 12453 14533 17889 13689 11327 16078 22382 28114 20566 15064 14932 17406 13677 16194 21116 16210 25453 4643 14310 11902 12291
6010 14408 20375 8510 18960 9817 15840 12575 9949 15522 16231 21010 14407 26251 11779 15057 14576 7463 12260 22708 11707 20878 17106 17685 18235 32803
14396 16639 27001 7748 20200 27026 17384 10887 20689 11916 27670 18671 12705 19181 15142 11383 16978 6593 10721 16699 24752 8116 4901 13337 21504 19018
8755 15252 21495 24818 19641 9813 14673 9671 7920 11074 10815 13114 21185 17184 14866 19505 16489 11692 12682 26627 12833 18598 9033 17026 21839 15461
6916 22455 25307 17719 17626 21501 11190 12375 18043 26652 19871 27626 12184 19569 13164 21903 10768 15978 13590 20113 13838 19316 7162 13502 15185 19526
21011 21159 21065 19431 24451 10487 8316 22527 14413 23768 12674 30184 0 20707 22607 12282 15442 13858 12618 19464 10340 2032 9626 4781 17654 17572
21226 17380 18639 18866 17981 21110 18011 1143 17455 15910 12250 12125 23196 19276 21803 14521 14542 0 10984 21875 12518 10647 5912 10406 22806 13458
13818 18430 9709 9535 26169 16147 18894 3523 18495 22344 6492 22248 18535 21313 18197 25340 18946 10588 10343 11549 15416 13732 12374 24978 19298 19203
11041 15363 12221 6194 20363 6815 10000 13483 14515 14116 10374 29398 8780 22610 15860 24780 21285 10259 16702 24878 7989 8688 12460 8463 17250 16119
10997 20188 25041 1818 31486 11265 4908 14687 13275 13506 6226 20500 3680 19909 14132 24228 18690 14625 9766 13666 13777 15893 12218 19419 17245 23154
12011 20208 16571 0 12411 14214 10677 17436 12368 19899 15084 18924 23007 10827 12637 15009 11560 6171 14615 22538 20956 12709 11350 11370 20497 24042
7002 18680 16854 11214 20529 26441 13681 18769 17297 20001 12218 24342 18833 22643 18625 18312 9031 14711 13133 17928 12490 9686 10710 15811 11438 17496
13506 24865 19565 15262 18513 12673 19317 9942 13260 16727 15921 19638 12538 25154 12704 13922 8373 24220 11660 16890 20595 12044 5970 14991 15998 19943
11736 18115 13293 17401 18636 13538 7422 13277 14499 22709 12540 20010 12888 23172 14246 18464 15847 12563 11724 16568 17807 9754 12973 15236 17302 8743
10231 19028 4914 20931 10332 7173 15183 11463 11169 20502 24470 26087 10575 24698 15447 18116 15168 14928 12949 17998 15488 14784 19530 14841 18917 18361
16956 17470 23670 8620 21092 17976 13711 20751 13747 17431 9259 23910 11334 23196 15702 10607 10295 3595 12769 14736 20226 1379 1368 12381 20785 18426
11817 22897 34978 2460 19551 15531 11896 10206 16275 15422 24520 28875 15825 19092 16638 13981 15478 13872 13422 15384 32262 20864 8301 18244 13289 22293
9627 17535 17394 5887 11836 18150 14233 14055 12191 7260 7928 23701 11141 20800 19284 10984 10658 3703 15574 17340 12108 0 9280 13308 16277 22107
8229 15864 23185 14945 19631 20119 15497 15017 15478 29752 17212 7142 5728 26534 17476 14227 16669 18516 13571 18616 16171 8691 13356 11495 16903 14939
13793 20096 23739 8573 18542 0 8529 16825 12172 16525 2103 14353 18616 18275 12182 24592 15551 181 12076 20436 17808 12779 9402 19431 18791 10593
19577 16594 22028 20163 16113 8394 10703 16840 14145 15818 7349 13308 7687 17332 15960 18193 9498 15760 15736 23568 23152 12997 11835 14998 22387 6780
9326 18790 30686 16758 18947 10172 12195 10732 14940 18493 23254 20042 12486 15419 14196 20498 12804 14809 11459 21624 14185 12190 12792 21369 15349 16897
7035 19634 29571 8679 18671 27676 11634 16838 16220 22817 10264 15856 12822 18452 17657 21718 16557 16936 10727 22293 12187 18437 6258 14740 14642 23322
13266 14127 22123 0 20375 20108 13761 4908 11613 9604 0 17362 15365 23943 22110 20316 7054 11932 14866 15938 13218 11528 16283 12069 18202 19777
14387 16248 14418 3409 23961 35317 18013 10439 15171 13630 15947 14568 12028 22049 16780 13011 15889 12518 13908 16630 15649 13338 5581 19772 20131 12037
15525 17804 18491 8355 20941 16593 10083 20115 16494 27241 14969 18978 14755 19325 21879 18718 19018 13422 13224 22716 18669 17158 17990 17520 17395 14822
14031 15370 19220 21110 22567 19789 14462 13101 8733 9554 20885 15292 10280 19200 19053 15997 4326 21276 9276 16202 22542 22649 6042 14254 19401 18397
8053 21222 30302 5440 26224 7280 8255 9710 11763 16755 0 19928 15189 25130 15915 10568 16494 20934 8904 26894 31173 25287 22837 15974 12914 32933
7797 23260 25486 12773 19060 7392 14095 18355 14179 15781 15731 20313 10483 17141 17407 22547 17889 12116 13576 20249 11020 25161 10371 18248 18903 18573
17634 19881 10823 14516 26703 8232 13361 13088 11838 14687 0 17712 4091 19462 18242 11273 11131 0 14436 18943 9271 679 8328 13139 17485 17405
18048 24473 18255 15789 19716 20953 18115 4606 14399 17425 12184 15624 21241 23579 19179 13524 17896 9388 10931 19922 10558 11121 7333 19759 17081 16758
16488 17944 35833 7801 22903 18942 12629 12375 10606 12919 8611 18018 14780 18443 15529 21313 16061 0 12369 19696 17263 10483 10461 20073 11774 11493
11755 24482 23455 1926 22531 13733 6077 9601 9286 23603 10226 16572 8011 19205 15760 10412 14995 188 10152 23420 17984 10725 8289 16722 16107 15427
14171 20147 13803 12189 20086 12569 6417 20158 11613 19381 4318 33801 19326 19114 12468 23086 17234 14555 14422 17310 15953 9018 13292 13275 12853 17307
13769 20054 8719 5734 20641 17970 16247 21109 11024 10642 24515 20153 17980 16609 13770 14602 14201 13681 13669 21103 13462 25720 14872 11613 18102 20676
10235 19503 20490 12781 21194 14177 15401 8061 12162 19943 3022 11743 13086 23543 13342 10896 8968 11316 14775 19943 17763 16660 8548 9411 18423 17571
12417 14055 19895 26576 19697 5462 20611 14199 13422 12362 12354 14989 12364 19637 12132 13918 13873 22000 11729 20672 25306 0 17643 15820 22472 25968
6311 10350 20877 25472 24506 17289 16920 13053 17467 23416 11345 21778 10146 27487 18870 13771 16232 6470 11599 14109 9159 8592 13236 13668 21636 5599
18834 22346 16627 20968 27477 22216 8189 14122 14983 22859 22601 16195 8748 21438 17067 13293 23059 8175 12465 22371 9921 21096 16557 13532 18954 9598
14559 18960 39022 16344 19127 21977 10384 8122 10702 18066 9286 11498 10199 21235 19249 13043 18702 17551 16194 18362 9110 8195 11675 18619 15295 20251
16756 15686 21091 5805 24107 17814 12495 1762 13466 11158 4888 23863 6022 24275 19358 23190 10985 13533 15463 16172 23139 5414 10205 19224 19465 11208
24008 21342 14362 7317 27710 15869 17504 15089 16342 21686 21835 12985 19635 22292 16094 9131 12696 24446 9797 16827 8293 3237 9299 17245 14712 14907
11524 24211 15070 9260 18623 6495 9514 17443 15687 8476 17978 19114 11632 21115 18318 17289 14474 14441 13743 21109 29836 14790 21438 16471 18757 16677
10650 14897 14366 16471 13708 17512 12884 8653 16089 13662 16255 17122 11909 26877 12678 21556 7052 12960 13417 23068 21765 14494 9249 13876 19229 18559
13135 20754 26721 6478 25486 12563 12159 13281 18614 19530 11358 19589 12286 19316 18703 17509 13704 16704 12532 19168 12506 8977 12639 17021 15533 24007
9872 17544 25457 15116 20534 10109 11558 15068 13053 6111 11628 9801 14071 19000 11304 14760 13390 16544 15068 18404 8812 17786 14984 15065 16596 18841
7983 16629 32274 15974 21078 12911 14059 15724 15164 20030 0 21878 7295 19628 15780 15326 23200 10849 13189 25131 12349 10897 16770 16163 23286 15475
8822 28353 14436 11001 16435 16123 9595 19205 9809 15116 3382 21497 12674 19407 19025 14066 9459 20220 12480 21212 10076 30432 9784 12368 14568 13130
18900 19680 0 4516 20789 18260 18012 22742 17310 17236 23575 25404 16572 16121 13858 8263 10317 0 13276 16243 11556 10432 9331 21236 20972 30972
9809 8082 32731 15572 12355 25215 11073 11087 18971 21205 8981 18565 11910 15128 14950 17392 13100 3853 14434 14191 8763 10618 4594 14706 15635 4022
19270 18861 20756 20294 16372 12614 10446 21300 14653 13919 26549 28064 24030 22660 14753 16610 12802 12451 15106 21516 7734 31095 8555 15082 20325 15396
11197 23590 23426 7306 16844 34338 20508 14034 18538 18536 20464 23918 10623 19820 13386 9410 15020 8384 13172 19891 15414 22441 5857 13274 20612 18649
10938 12953 17661 10147 19633 18522 13292 13892 12113 19772 15177 22164 16304 22051 16638 14597 9135 10487 11860 11933 15328 14907 14390 13474 16830 22846
18456 15353 12755 20331 19927 29318 9848 18130 17918 20113 18 21257 13137 20734 19124 15477 4039 9004 14405 22415 6720 16814 591 10152 14841 24389
16350 15063 32329 9312 23323 23719 15866 20926 9447 13745 10100 15490 15240 15091 17616 20274 12860 23640 16107 24161 7369 4804 6993 17740 15198 25335
11136 22293 8124 10946 17046 15134 14867 13175 16271 16646 19925 22191 20848 13064 19840 10994 21116 10358 14096 16635 11921 13434 3289 15286 17265 14025
9101 17304 19706 25493 24821 19538 7953 9862 13658 22253 14421 8384 10383 21833 17189 18247 15870 20370 14268 21529 9402 8985 13166 15898 16657 18487
14362 16082 28212 11662 18067 12635 24441 13585 13798 7375 12615 15303 6686 27989 17218 20304 15632 1664 13195 16455 28350 8549 2589 18132 18967 12707
9444 12934 21506 6036 20501 10961 12761 8946 15988 13173 19572 20005 10397 20108 15398 18050 17799 17532 10230 19162 17502 966 15442 20140 12149 21561
15416 21221 24473 17732 13022 9550 14005 11735 13081 19938 14365 22132 11380 26308 16681 19261 18328 5071 9490 19071 0 15655 17730 12405 18836 16818
19193 16143 25501 14485 27180 14394 18903 15139 13568 13073 13592 13276 12251 20520 19023 17350 14305 10118 8981 22324 22119 20016 0 13689 15584 15200
13735 17742 1577 14840 14855 14417 15463 15102 14804 8667 16220 21589 13164 21286 13873 8251 13819 14821 12970 17205 0 19781 7197 20372 15708 13282
12858 9793 22612 22449 17321 16662 18358 3207 10769 12167 13450 16340 7716 21152 15378 13478 16746 11722 8145 14111 0 21310 13254 23227 13332 15923
15067 13735 9931 5838 21732 30015 14018 9426 10592 6514 9240 17446 10640 24490 14892 20154 14832 913 9275 21263 16193 14454 7744 5372 14792 22201
11579 15631 27355 16241 24272 18949 12791 16162 6781 15020 1989 24142 18101 14996 17345 18239 13860 3707 11794 12609 3344 11622 7206 14641 17165 16403
15179 21233 23382 5324 16465 26094 13663 19366 11662 15257 9320 23876 13910 17189 16364 16231 15777 6129 12999 17523 6199 25379 11339 11438 21101 12574
9480 21386 21718 21905 26722 16760 10042 16909 13717 18101 6716 11134 12357 16999 8229 18199 12982 19158 9416 14937 15020 14487 1586 13497 11338 12092
20002 15932 23247 33668 27290 18066 13369 6237 18266 21268 21544 9501 6414 20445 14230 12333 13835 7099 12695 20352 12751 15233 16579 20523 18857 23958
9444 18192 10904 17362 24820 18213 13372 6705 17282 9728 9562 7425 15767 16894 13249 21076 10564 20391 9084 13815 17759 6785 10524 11175 13301 22206
18209 13887 26007 19054 20370 18857 13720 15907 9846 10799 3725 13962 4566 22267 17673 17581 7106 0 11979 25334 10247 15037 18776 17935 21453 21340
13611 14918 9645 11644 16160 12946 14309 8514 18860 9043 18665 17086 18100 22205 19594 12694 8286 20818 17712 14052 6290 18086 4818 15923 11345 16303
18834 21285 21281 10901 20633 26694 10981 12875 13680 26202 0 15027 12143 23012 14355 13898 15032 3517 12978 26195 13858 12348 5757 25139 13416 0
14246 12965 8344 0 27819 22443 11433 6044 9691 11163 20822 14726 20921 17130 17832 18171 18174 15238 11909 17369 7870 0 862 10081 18020 4936
15738 18977 26888 22681 25694 16053 3999 10847 15998 11255 0 20849 8882 23021 16860 20365 18658 78 17549 20916 9862 11918 22363 7761 20881 14603
15726 15949 7654 9088 20637 26044 13145 13471 10536 21826 14443 10254 10295 16031 17175 12426 13228 15606 12356 28400 17651 6975 13216 26591 19798 18296
6317 15001 10676 5875 20858 22461 6864 9955 18375 9722 2358 12364 23274 14821 19755 11532 12509 13208 7599 18924 0 17581 20522 24804 18274 21180
10835 15629 3151 2171 17549 16845 11822 12775 15228 21340 22329 25245 14736 20961 13693 17077 18441 5118 15697 17415 20222 14104 13557 10457 18592 26167
9384 23543 20266 14613 15000 15437 11149 11160 8838 16963 11601 17433 18480 18707 12725 18771 16243 11957 10722 14523 12650 0 13544 12104 19645 9113
16747 26440 17537 9661 12471 6581 11660 12454 16522 5637 9633 23613 14380 17764 15147 22884 13902 3277 14484 22600 17819 13483 15277 17259 17152 20077
17394 21363 7212 9027 22473 15117 11907 9932 15282 22965 0 17262 13264 21208 14993 10461 13589 20546 14427 20995 7449 17863 8651 14714 15906 8470
5836 16494 7255 12844 17706 5600 17319 16199 10402 20929 18388 28598 9904 19768 12959 21900 18448 15702 11463 19479 12171 21830 17990 11330 17992 15115
12763 17671 7131 9840 16635 9614 12473 9117 15976 14008 9054 27165 13000 12534 15188 18426 11980 13863 17324 23415 17897 10848 14257 20949 16547 11703
13198 15175 5448 13527 22788 16274 12065 9720 14243 13637 14644 12483 10392 16836 11904 24449 16980 12839 11648 20233 8382 21206 8534 16759 13412 23052
6325 11541 14314 15325 15079 13428 3827 8574 9998 25630 17440 13718 16787 23257 15187 14916 11894 17976 13427 18975 10253 6098 12622 13776 15573 15550
7541 11081 20474 12309 27139 16825 9785 15025 16219 16396 10900 22204 9996 19637 16393 23326 9891 17151 13624 20693 9563 15915 11612 17540 18276 21225
17044 15255 13092 9839 17324 15596 7668 24442 17149 17869 0 12913 11546 20242 17500 14032 16431 6719 16211 17883 16110 20472 10852 12575 18416 22513
1477 10454 6178 12016 23694 17911 15677 8922 17887 21163 5899 34274 12409 20568 9893 21062 17125 9290 15127 19122 19992 13785 10691 18030 17249 12737
6443 19228 12544 4886 18782 15731 22172 12490 14940 5625 18635 22861 14680 25391 17383 14724 15137 7712 15411 24408 24980 7846 15838 14327 16617 22665
15411 17454 15959 1910 21213 17813 16396 12814 12231 19993 6703 34268 20987 19023 16505 14732 14599 11728 14504 11804 3509 22758 5248 13699 13135 15255
10277 22174 25431 2951 13278 16565 16465 11200 12827 19046 22444 22656 7993 17187 19585 19573 14825 13717 9228 15627 12193 3385 9505 14611 11223 8196
14590 17875 34279 4146 17522 8266 12332 13381 19625 12426 20557 24913 22701 17332 15657 18162 10281 14375 8225 15775 19294 16194 10858 19683 18913 23476
18142 24156 18611 9762 18557 18171 15461 15308 19567 20119 15719 14664 16090 19488 16074 18632 13218 9543 13222 10904 16330 26691 23646 15892 19407 20591
12718 15049 19255 2601 24148 15888 12742 10982 17017 9768 2333 21049 18469 16290 13084 18437 16771 17161 9647 15281 25212 17529 14035 15641 13217 23800
12367 14146 20807 25729 18950 6410 11854 13265 18652 13136 14294 11281 4481 21559 9974 20902 21209 2210 14558 19472 10408 26369 6674 19654 14848 25383
12754 15724 14892 19495 18363 8143 17405 12378 15450 4661 8325 26032 7566 23096 17192 17936 9828 10226 15989 8769 11041 6549 5625 18670 18867 14957
11341 20021 29834 19573 18328 24015 11540 13330 16883 24030 24516 16356 12415 21091 11912 11634 9787 32803 12131 19843 22972 4039 5340 15293 13150 13079
11089 21344 15406 12665 21737 15826 14820 13963 17946 21595 12531 14028 9108 17167 18314 13239 13718 8883 15759 12842 24243 10419 11731 14363 12520 15154
11761 19245 14564 9229 18170 12285 16111 9609 17783 16187 14173 12987 9470 20805 11198 24856 17302 20074 14208 19571 17601 23029 15538 21280 15703 17645
11038 9303 23446 27616 10066 9823 10764 15657 17021 14122 15084 17396 4266 20204 13528 27697 20768 10557 15820 21936 4827 7956 10334 0 14653 15884
9910 19293 16531 4388 23793 1984 13497 12289 10384 12891 15181 14220 6072 26658 18811 14683 16744 10316 14377 12495 30266 9021 7827 8066 13907 11407
11143 12621 23694 8716 25037 20569 15155 11516 10034 14710 9849 20554 11801 29308 15025 19284 19567 17844 13395 14172 12822 8036 12762 15715 12649 21319
12006 20453 16815 15094 16052 2561 12337 12990 20859 22511 19725 21051 9209 19221 13706 18067 11204 9457 15842 22507 18244 17580 9192 10259 13452 21620
11794 13578 11215 16533 13165 1125 21213 19490 18464 15958 8193 23206 9115 21009 19199 13655 22445 8171 15497 13820 9665 18131 7407 11636 23792 20719
4586 26254 18640 9780 26397 6463 9827 17096 12060 12659 10644 24527 11202 23645 20666 20792 17182 4157 17963 15532 12906 15080 13053 14082 15144 18741
11544 16687 5747 11392 16106 18161 15562 19601 12417 17459 4917 14145 7401 13671 12249 16971 9139 8280 12637 19834 26577 6994 4141 14964 17521 20306
6589 9205 16360 22623 19610 21751 11734 5699 17736 22256 8026 17083 7499 18173 18953 16342 19112 5182 16930 17658 19314 12792 6515 19164 19798 21730
17111 19648 27270 6848 27006 13689 6761 21611 17154 17560 14872 15322 10046 18430 15915 12543 18071 10204 18087 14484 21198 13995 11829 15455 16251 15079
9866 20657 22189 16967 25712 9081 15368 15434 16282 16069 406 11901 18372 21412 18507 14469 19189 20722 11065 13847 22844 9794 11298 23523 12665 14852
11007 17870 11251 22435 22010 23446 13978 20164 16364 15274 9087 18121 16511 18266 15766 18782 11237 10643 14572 17923 33052 15148 8995 15261 19048 10494
6535 20698 24521 14374 15839 19119 17059 10846 15589 31752 10879 6415 8194 18920 14096 19503 9960 12251 7349 19952 11377 26388 6431 12795 10731 24997
11402 14649 22474 17446 21003 16006 14387 16334 12181 20826 11213 21788 7185 19469 13939 15735 12591 21339 11993 15054 18665 16631 13498 19527 13679 26358
12804 16207 19082 21159 23535 12439 14453 8895 12587 17599 11900 21446 19561 13172 12237 17526 22144 20100 16208 24006 180 11127 13416 22549 10234 22792
10748 20275 28702 11979 18128 12254 15847 8661 14513 15688 3872 17163 10631 24033 12488 5176 19968 11127 12909 17491 5016 23859 9399 18506 15541 14585
3366 19402 31667 12922 22722 2417 18883 20786 15034 7593 6474 28668 13135 20394 11427 16305 9558 17635 12934 23094 19279 10137 18302 13394 14523 7112
18609 21379 12716 18320 15199 2070 14062 15579 13595 17642 13164 33188 13132 17203 20709 7950 29349 15891 13877 19313 0 14371 11108 16046 14634 12437
12498 15293 20105 23015 18192 15306 11311 10938 11502 9525 10582 17772 14276 21579 15178 16182 8938 11202 17818 25038 15893 19635 1799 17567 16767 25177
16256 20181 25298 7249 24347 14095 12785 4910 15418 12537 16276 29968 16751 18159 14731 26607 11238 12177 19089 18883 23917 10796 12225 14260 21308 21289
11352 10517 35892 17954 16554 18607 19611 16828 12520 28677 23318 17301 14700 27737 17578 22984 17956 16375 12268 21955 22327 17551 15060 13144 16680 10795
15082 20057 27694 17600 21863 17409 6760 19284 15556 19247 20473 14425 3960 23115 14211 14365 13904 11642 16358 20335 8318 13535 3204 4541 15340 6855
13774 23375 23910 18724 19246 7323 10159 10528 17356 22877 18753 18414 3943 13960 16953 22706 14888 8964 12281 19802 7113 20308 20117 18717 17090 20628
22827 17661 6554 16717 24955 21585 16162 10283 16725 26984 17661 21514 13886 19181 13921 21369 10808 17929 12062 13993 14924 23221 4767 17805 16153 27953
11621 11322 11387 1877 17968 7243 7738 8143 14481 8925 15283 13343 0 25116 16130 27050 16762 12571 9948 19822 12430 15169 14915 12251 16419 11644
11906 15065 15657 23069 17627 11913 12535 4515 14407 13728 8607 7459 6815 19440 13110 19670 16487 8666 10298 21582 23209 1865 9385 12338 17216 9993
11726 19346 23467 11246 19350 25414 10651 13654 16665 21459 14380 20462 15916 13603 11401 20386 17507 22674 12699 14189 21028 7328 13275 13235 21054 15939
19420 14758 10436 15761 18354 15236 11911 12544 14365 20076 11336 11351 10504 21708 14259 19206 13895 16041 13266 12990 19772 13637 12545 14757 18946 13219
14492 14417 10754 18900 26380 6118 14570 16059 13954 13529 18672 25418 10171 21973 13488 18445 19331 14125 11823 16854 2950 16356 12770 14850 12005 18123
12371 15047 32992 8973 17034 22448 17406 11521 13063 24692 19558 8836 11492 18671 15008 19165 14267 755 16586 20408 13322 25495 10716 6585 17588 13991
8583 17412 16327 3309 26712 0 12007 12435 14623 18194 12226 24851 13437 19626 16183 25444 24018 9085 15797 18403 23406 10291 8539 13397 17111 18977
13972 16272 21953 21232 22857 13270 13203 17571 14191 16728 3540 293 1443 24511 17321 18185 12757 5123 13408 23623 11614 16359 5497 19883 19739 21260
16408 16596 30214 3790 16989 21038 6228 12752 14921 15044 0 9911 17831 17601 14362 15779 14196 5466 16342 16118 13981 20235 17502 14693 16745 5785
10282 12311 28036 17857 16783 26759 15759 18545 14823 21602 14969 21663 741 17788 19367 16524 16848 12931 14281 20941 4646 23863 4312 12329 21251 26959
13795 22871 16827 16164 25915 25855 11209 13037 18746 13029 22987 6972 14810 22866 14482 19070 17954 10240 9454 22318 22232 5444 8879 17640 22037 9435
13155 21629 7038 11344 14937 13314 14804 11751 9012 19938 13388 21466 9700 21561 18161 18830 10745 14254 14292 18400 23651 7473 9445 4367 17393 20372
14652 18054 17617 15531 14838 13894 12552 12443 13970 20802 17358 21278 11387 14809 15166 18079 15349 12272 12891 16177 17536 20212 6817 14922 16951 18845
12117 15873 31037 11483 20638 19252 12989 12235 11568 15856 8979 17328 12411 15863 16275 14319 22769 11566 13576 12670 10676 2694 18865 13989 16257 20658
8260 12890 19123 5516 15361 10634 1065 18268 17071 15235 3353 20233 12432 24389 15496 15925 15175 13746 13843 21420 9738 14949 8899 11680 19569 8920
16427 17744 17481 10731 25898 12812 12210 22388 11489 6708 20899 20412 19552 18901 14332 15949 18997 19339 13922 23229 10902 0 7220 16276 17644 12943
15681 13475 36134 31523 19500 13012 12689 21732 13739 20918 9968 23959 8172 24779 18106 13554 16006 4128 10577 14200 11179 16816 12377 11010 19676 22966
10484 13381 5169 3000 12155 7695 15300 5390 11426 21342 6509 13743 3512 19855 6213 13029 17610 6366 11093 21067 12169 20146 13442 22701 14623 13196
14765 26122 29009 14497 20673 17129 13911 14668 15011 15430 12962 30184 16798 17428 10148 18004 10154 13128 13284 14216 15592 20170 7011 15305 13678 29058
7779 21908 6022 20361 16355 9916 15378 12164 13627 9584 13268 23173 15493 18011 16327 20453 19265 15287 15014 10259 6265 23144 16473 23320 15326 20470
14256 17082 23583 16142 17241 24063 17420 13652 15207 19084 4673 20967 9697 17989 11607 9602 13859 15394 12584 20885 21755 19777 11080 6066 17478 17243
8662 20294 14337 2538 25247 25668 14610 8139 17432 23619 15226 20574 8650 19650 16693 29974 18384 1020 13398 18142 23785 16235 10781 18472 19816 5980
15689 16580 17829 12585 17013 12998 17915 12947 14185 17856 19602 22569 2968 17299 18068 20828 12496 11949 18030 18090 13317 18321 8270 6961 19185 19561
7208 17372 20482 8446 18669 26733 18031 8805 12804 15495 10976 22187 10559 22720 14551 10878 13400 18549 10083 19519 307 11305 15927 17922 19615 13253
12662 22974 23239 6181 23857 12788 15657 13369 16315 25302 14728 26534 9308 16542 14905 12789 12945 26320 10718 22183 3730 25176 17581 6984 21781 20376
5679 21903 17353 22593 15456 18831 9252 17308 13145 25361 13147 20589 11157 18472 15329 15126 11090 21338 12622 29326 20992 16275 413 11588 16655 13378
12636 20089 22908 13689 23373 18397 17201 13483 9420 15884 25567 16268 17838 19537 18170 12351 17082 12842 13735 15567 9862 31215 13014 17867 19701 13520
24483 14206 23390 9615 15597 10817 17984 14775 12043 6971 7639 22515 10343 24426 14765 13592 19125 5343 13325 16135 16372 11548 11776 14677 16005 6998
19406 17463 7198 8334 13597 7817 17168 15870 9010 16336 1933 20061 11749 21154 20230 9180 15433 7237 11825 21124 9768 18060 11849 6632 14864 14652
5254 27005 28691 17864 18359 16964 19352 19804 18274 17793 0 11299 8808 22737 14091 9163 15417 13311 12323 16052 21082 12361 15727 12628 17901 22313
15484 15388 25993 20486 15727 20237 16191 12700 10787 20155 3311 23480 15043 18548 17404 23563 13629 9551 12861 18334 19298 14236 13263 25346 17548 5284
10810 16647 13077 25973 16098 13740 11602 12617 12210 4032 11581 16404 12321 18351 15927 17536 20065 16902 15824 19986 27602 19154 8084 18744 13696 18172
11302 14055 29063 5380 18340 17680 12116 2597 12126 18139 9758 17498 11881 16897 18722 21244 18247 23800 13136 15190 8086 13099 4964 22819 17231 14106
15434 25109 14451 3072 24137 11051 12312 13508 14756 27642 8340 15979 11821 21563 17093 9216 16262 28573 14943 9448 1779 17849 12806 18345 20297 22648
13643 19947 17704 8646 18046 14480 19372 0 10006 14391 4632 24590 18064 18425 18752 21893 18331 2083 11582 18914 9848 15309 2806 14214 15636 26458
20508 13301 29615 15732 15429 30375 14804 15239 13310 11148 2200 20096 11320 16043 16146 18751 18143 12749 10732 19133 13207 15247 14732 18305 16550 14140
17600 21871 18521 12228 29069 26253 11004 12628 15255 15715 15214 19397 8216 17610 13461 5065 11983 876 17834 20432 19063 7017 12516 14611 16896 18695
14942 17500 17689 22611 17023 13942 6207 14121 11457 26955 24518 18474 8995 17948 16190 11454 6955 14449 13304 15252 23755 14318 9635 19600 17720 17749
12409 17710 24640 3577 23426 20678 19340 10358 9359 16458 17465 22823 14386 20994 14430 9643 13035 10017 13509 23114 14705 5265 6124 13954 14495 9381
15209 17319 24730 20269 22899 3248 10509 15823 15428 20192 16027 12399 14449 23190 18042 22145 19733 11980 13341 15413 15939 3707 19026 16705 14515 14506
16266 28039 10096 3246 24035 10737 18601 17195 9849 11381 14213 9187 11441 20466 16468 19903 18998 19288 8002 7146 18965 28377 3565 15534 16996 24313
12544 15800 16358 1888 21305 15689 16179 16398 8507 18617 12048 16682 12414 19386 15707 12748 9355 12576 13881 19274 26459 3395 2733 14607 18632 22633
15477 16003 13992 10796 18078 4706 13459 16743 13730 21740 7231 14912 6798 22176 15130 13704 10117 8846 12506 22970 15365 21809 22360 16620 19748 24274
15007 21988 13426 14020 18407 5994 14857 7601 10653 17653 0 25061 12532 18522 14175 17023 17854 1177 10805 20429 24583 19259 6235 15115 16935 17331
14091 18363 21333 5516 20735 6317 14285 13644 11794 17004 0 9599 9363 20724 16636 19589 15677 10509 14134 17946 7031 10253 5877 18931 18494 22836
15354 12247 10148 16373 20309 12410 10021 14006 15933 19317 18932 13409 12347 19177 10546 13753 12018 2511 11151 19660 20664 22971 3497 16391 21828 17413
8269 16529 23095 18005 17109 20476 13334 11533 11026 21070 16284 14818 13733 24471 11959 17288 13829 10283 13091 17756 21725 15826 14447 16728 22889 27229
11919 17651 20028 13179 9625 19231 8789 10552 8843 14914 6997 30592 13136 23604 19939 15493 6332 10112 11025 20282 18943 17587 11923 16227 20436 17682
10914 21155 11784 21890 21972 19243 16056 6452 9869 23244 8302 29477 13135 19610 16444 6062 19615 18049 16229 20842 16517 11377 0 13386 15143 12010
11749 15388 23464 11454 19258 22450 18891 11301 16227 13291 10255 5905 10343 13697 18918 14111 14933 24249 11561 16136 21192 1800 11539 9051 15771 13593
12769 14213 20740 16495 17885 14864 13911 13697 13618 17421 12830 26734 8466 28078 11998 17921 10345 10091 10100 17730 14222 18822 15338 10389 12876 18675
8328 15460 16902 12804 18687 13545 16495 11787 10790 18055 7330 19088 16491 15931 16366 13849 17402 3574 11316 16491 8286 12731 5796 21297 17701 15642
14341 25238 21079 20806 17061 12317 9906 17054 13355 18890 11184 19451 9387 18639 15483 13571 9580 11781 11267 24505 8475 15492 14777 9380 25851 14964
13016 16076 21281 9260 13534 30491 12692 21077 14482 16134 12186 15125 15526 23070 16313 18206 14414 10465 15134 21668 16717 16081 15980 12979 22391 12685
17173 18615 7592 21776 24002 9090 14179 12691 13770 5949 3615 14364 10359 13509 16719 22457 11766 9060 14575 18181 7524 13764 13041 16629 15898 17565
4645 14490 21624 13982 21145 9557 15059 11520 11387 18676 18399 16927 13045 17056 14281 15434 15252 14070 12756 12420 2717 16417 9141 23584 16867 19074
8525 8879 18903 20228 22299 1081 12937 22437 17822 13336 9473 18535 16301 21145 13082 12742 13566 12421 7092 18983 11877 11036 18127 7999 13037 22648
14863 24604 13488 16347 24671 15268 11676 18426 15211 18295 3603 22518 13745 23924 14971 17146 17108 7636 16193 12865 15560 14273 8225 18474 14557 16322
16567 23219 15995 1883 20321 21673 10052 11404 14616 20022 0 18710 8600 13798 17720 15194 13374 9616 16077 15546 24962 14731 14767 12361 14319 18186
15924 12729 22095 12652 19075 15233 18048 8085 10656 8608 17891 18210 15706 19545 17746 22914 17981 10681 12643 16535 21872 3291 5824 14121 16320 19426
18193 22859 27309 8172 25825 6501 17088 8986 10957 14455 12192 19747 8343 17039 12676 11808 16181 7386 9795 22469 19721 15308 10419 10877 19336 17842
11680 17428 14847 12185 22155 19922 18788 14535 13058 22432 15213 11226 5714 24426 13372 15433 14548 12077 15761 23632 20531 10576 10147 21813 13703 12256
18111 22515 23872 18602 21398 0 15651 13250 2957 15279 522 17445 14182 19621 18277 10581 20057 6544 12951 15953 9437 5723 4337 12761 15693 19527
14336 19421 18086 1696 15962 14949 16646 12083 13874 15362 4325 8157 8028 18293 16316 16280 15743 5994 8740 12742 14118 6329 15468 17731 12442 6304
8846 28891 13186 10703 15856 25047 16739 18251 8438 16956 14102 20423 4689 20289 14383 17579 17208 6163 16039 20146 6592 15226 10089 10800 13843 24867
12880 17459 9447 11902 15402 21263 13185 12085 9614 27104 3380 17291 9765 8558 14820 18893 21361 13445 12173 18014 8023 26567 12595 17820 12167 14200
7834 15215 0 8013 25932 17378 17795 14023 14155 11276 10748 12380 6449 19416 16115 17813 7174 14165 8896 22460 15127 13012 6376 18686 15279 13752
12950 22660 15867 16990 14928 17196 11353 9542 12784 9966 23413 18240 14493 21263 15179 13933 18800 11278 14452 12196 26256 8659 8537 15323 18321 21187
11650 23169 27460 7795 19848 14903 14049 10660 11540 16411 17134 22805 9677 24890 14198 13238 21015 0 9442 14948 20000 10411 6434 12785 13816 16887
