365
56 46 52 58 50 44 11 91 87 36 63 32 3 63 97 16 35 70 36 44 44 6 55 1 92 21
19559 9779 15913 8701 13943 23587 11267 18915 21661 17163 12284 29182 4695 9694 13392 17987 17568 20835 15722 14055 25328 24803 4325 21489 10653 19142
6688 18627 14219 7240 13431 20548 12577 17022 16698 22813 20694 15768 25305 12961 11685 21674 18294 1344 17030 10191 2152 15423 14686 17170 18720 20796
21040 17893 17166 12459 14959 21322 10745 14034 15439 24920 10126 14167 19455 12997 17938 22047 11467 22378 13544 11601 25383 6482 11840 9947 13091 14184
33529 16977 15661 11815 21756 19000 24680 13843 11855 16784 12366 17595 13252 13411 16076 22254 16455 14939 11444 15987 0 12936 7595 10853 11645 20009
24589 22532 16515 10979 18456 21532 15008 10242 14567 17599 8451 14984 12517 15112 14316 21703 21293 23750 9569 14167 0 15751 13949 26923 14670 18122
14596 11895 19489 10250 20788 18380 13627 13856 14064 14940 15061 16253 27372 16715 9943 22380 17394 16695 11219 21550 20512 21468 9485 13870 6238 22382
18192 9883 18159 11076 15373 15045 9624 9088 29879 15699 16504 22658 14554 12993 14611 18211 17762 18599 9483 7858 9664 6560 8353 21500 16268 16871
15340 9261 17722 10543 11264 19164 10071 19126 24202 19459 24728 20554 17109 14643 15303 15608 8439 19350 12304 8994 9689 19317 13448 27252 2742 25474
16470 23400 17931 10272 12394 17298 9831 11676 21345 13120 12571 21383 15505 12959 15497 18199 11806 14577 10758 10570 6132 12541 9190 21576 13480 16755
8735 14829 17316 7258 12404 19130 12262 12056 24296 10117 20552 22299 4900 17059 16151 16913 12870 12154 9816 21268 11439 17796 10635 8243 10164 18807
3199 26995 15914 10320 18073 17956 5183 15292 19927 17150 6214 22293 17097 12531 16284 19213 9856 9985 10439 9873 5002 9689 12664 10129 12812 22512
18086 23345 18968 7168 22109 19781 19640 17800 12947 26403 21752 23358 8046 14794 14352 21814 13272 9212 10956 0 1577 7053 12580 13620 11958 19585
7789 19114 16521 7230 14543 17773 9937 18885 13067 25057 14957 20467 23278 19122 14545 19760 18481 16271 15114 3985 13539 12017 11941 17327 5417 12931
11193 14072 21681 10878 13048 21240 12463 15994 18044 27629 3201 18496 11788 7429 14800 19389 23658 23619 9472 11403 15371 20345 6543 13657 17635 23843
9483 18918 20305 11030 16629 23020 12886 13745 10346 12602 12571 25101 16736 14597 15102 19398 17308 18221 9681 15663 13305 6846 8517 22707 13646 17196
8691 21247 18180 12900 16316 19816 16743 17341 16440 4496 16000 17423 10905 10519 20520 22311 11167 13051 11621 25520 4279 22614 13707 2852 15615 18508
22132 11383 12760 13118 16564 17285 17268 13416 17297 15154 17407 19855 12920 12046 15417 16205 13967 12746 9803 8777 14049 10665 14670 20340 18334 22236
10996 30135 15544 6884 16650 19156 6481 14434 23963 7721 13471 23693 20989 14956 17424 16148 12342 0 14597 12026 13994 10854 16140 14064 3033 24235
1892 21466 12285 10338 14470 21436 17105 9996 15194 18162 14145 21743 18970 10725 13396 18401 10194 14307 13916 7674 9072 5284 13115 16249 12511 19225
8894 26086 18609 9100 15800 19835 4037 9713 11629 21372 11082 19035 30389 10606 12257 20454 13539 15069 14566 5870 18742 8251 19750 24167 10434 15600
15408 22391 15586 8095 12333 16899 11376 17602 15448 17011 15683 13970 14570 14229 17280 19612 12553 16865 10114 10570 24610 9905 6650 7279 16345 25829
26792 16207 20384 9188 14422 18765 6047 14686 20796 22365 11328 23660 8744 10184 14762 21534 15355 6256 9698 14675 0 15858 13462 22525 7982 19526
22858 18906 17282 12807 14261 21509 2111 11436 20804 16320 15065 19263 16770 12449 14480 18145 20103 20008 12519 21883 5090 10827 21010 17899 4287 19681
23722 14626 18210 13607 9897 19829 10610 6486 12638 17432 8582 16796 0 12446 15693 18946 18127 16498 8245 15557 13808 18107 15789 19070 8518 19061
13070 7580 18422 10854 9319 19472 6864 17656 9077 22224 16770 14001 7690 10049 11926 18786 20926 18446 10297 17392 24316 9661 8905 15636 7892 22273
8592 26824 22626 7118 11658 18819 9369 16362 24978 15591 22064 21537 14811 11146 16407 19612 22300 8519 14453 4076 6030 9618 13144 2305 6086 17358
7695 15518 16352 10585 17801 21978 12365 10452 23772 10593 19092 27479 18006 8817 12176 18847 10618 13781 10549 6382 17681 13224 15451 12421 16721 14090
7551 21812 11466 10810 11676 18223 16636 15977 12700 14016 16567 16427 14800 13336 11675 17483 12474 6045 10746 18718 16328 11954 5098 14376 15235 26473
0 21839 18681 11686 14647 22259 5503 13377 14084 17128 715 17741 18390 9448 13227 17244 18313 16248 14811 5755 24059 18567 10210 23536 7946 15731
761 16228 15654 12786 21003 18933 1305 18547 19273 21020 21399 8220 10374 14489 15453 20515 18850 2045 10415 3222 19118 14619 4970 0 8261 20624
13825 20037 17650 6392 22844 19289 5294 12683 21628 9970 10996 12605 16487 7783 13770 14459 16708 19505 11534 10019 11686 5043 12156 3940 15708 15272
8228 13271 19038 10885 10254 22790 9878 15038 22467 26852 10773 20783 14554 7724 15946 20627 20629 8217 15165 6815 17801 6358 8235 15679 16501 19366
10494 8033 15663 11724 19536 16830 12157 14537 28372 10580 8969 21338 19651 10464 17701 19504 17246 11324 11164 12707 18411 14066 16484 16973 6896 25230
5570 26864 17211 8826 17538 16355 11462 14395 18275 15008 12787 17148 12222 13728 16805 13681 18950 3601 10666 9739 10431 16344 6678 13156 8319 15729
21729 19023 19692 13484 14966 18148 15938 18346 13353 12941 17536 20073 10238 8999 14869 17566 11139 19591 12125 5840 7824 13195 15202 13159 17813 18214
18472 15260 18024 9270 10011 19261 9091 12013 14107 21157 17347 20657 7650 15787 10022 21663 14834 14330 10533 12346 21448 4327 717 14197 9222 15034
14065 16288 17955 12600 14070 19099 1200 10882 20907 23099 14044 14370 11728 13342 15764 21732 7432 20527 11065 8811 6537 15509 7748 0 12756 19129
26824 17798 19326 12288 15109 18900 5785 19689 24046 12491 12170 16034 9969 13255 14719 21746 9701 12292 12117 5527 20859 12237 12075 11140 9103 16345
11511 26763 19601 10730 8382 22966 5285 13014 19437 7642 9317 18027 10343 15178 12886 20346 20444 9970 9030 12523 19565 15103 4002 13790 14250 10795
8280 18276 19124 14794 12676 17483 11118 19623 19931 27393 12351 16828 24819 12067 14297 19029 16337 20351 9552 20130 15920 11833 3749 16549 13607 25176
18957 16582 16435 12172 13052 16884 22286 12979 11045 18902 26975 15087 10216 9449 17411 19948 14153 10562 15587 24369 11286 9851 1215 14143 16869 20623
19954 12080 20892 7872 18194 17701 18281 19386 16856 16214 10211 28086 13007 8475 10325 19355 14891 16961 12457 5157 6555 11043 13549 15548 15211 18180
20412 24984 17204 11006 25179 22604 8383 17561 19433 14963 11839 18428 15017 11914 17110 18768 9252 21510 13367 4518 6757 17087 14034 17936 8699 14609
14809 24761 17898 11805 14046 19435 9300 16705 20653 23725 14062 17404 14917 10415 12736 20047 12727 17800 13818 5932 9988 11016 18385 0 10464 16569
14488 23824 20098 6882 17402 21907 5419 15190 21616 5178 8041 26228 18597 9614 15023 21418 15279 12236 14861 10069 15083 14934 10021 0 17463 20764
17796 23157 21752 9438 22557 18980 11586 16601 25105 14660 9048 16246 10904 14493 16631 20968 16836 12990 13151 13307 2583 7493 9087 16473 10145 23827
9245 29177 19823 13054 17550 23965 4724 16465 19282 9913 20579 16016 985 12769 14094 21627 16177 6089 9528 17200 7652 13162 9619 6167 18392 18267
26698 9643 17292 15221 7784 16937 11507 12945 23181 19940 11886 28927 19575 15265 14662 21450 15712 14450 10557 17108 19782 14853 18530 20112 7627 15610
8835 18145 16715 11596 17804 17465 20399 18045 16831 22779 5845 29444 23492 11462 19453 18104 18563 6297 9547 5964 19580 14997 11691 8115 14215 30068
21484 15371 19977 13280 13115 18165 6546 16045 18607 15619 21228 18320 5111 8129 14261 17171 18106 13505 12173 0 11194 19380 11039 21468 16357 22826
15155 12194 14421 13139 21710 21873 7159 14710 16288 26069 13283 20930 9897 14127 15821 18155 14558 9624 7499 19542 14698 11771 2026 3577 15319 23493
10251 13984 19410 10898 15458 18579 1858 11330 27587 15850 21383 21608 11336 9037 13287 20520 13268 13765 6854 0 9193 22589 18016 23564 19935 19833
17318 22960 16309 7051 18456 17336 16248 18043 26749 16501 13232 20601 15378 2407 18369 13241 5829 12470 14168 9864 24559 20123 7830 13274 13570 26521
15325 11837 20833 8780 22237 19439 6135 9448 21170 17305 12115 15978 14512 10855 15689 21299 15724 21812 15919 31117 17645 14572 28356 16464 7981 20218
4443 22031 15165 13750 13538 15210 13271 14520 19428 24296 17585 7977 12336 11621 13166 22288 16188 19275 10178 4957 21997 7963 4793 11393 9322 23901
4362 16757 15642 11447 14359 14719 7326 17127 20837 15431 10726 11803 10541 14726 17196 17309 11352 21240 13189 10221 18704 19728 5718 10939 7647 20063
17889 24670 18560 9264 11526 21065 4916 15043 20554 6789 20000 20431 16843 11516 14073 15960 14830 12554 10708 720 17168 9203 23784 89 14425 24169
12285 14952 18241 14404 17111 20278 12410 12823 18102 12373 14776 24232 17219 9726 16293 18409 15612 9241 10784 23383 20114 12409 13732 10215 18352 17136
15348 19980 18936 12901 9219 22401 17542 17856 15836 11943 16761 13653 13995 11379 12898 18926 15270 3577 12999 7122 7142 16232 5469 21475 13033 21246
19734 18142 15370 10242 15228 23921 8879 15355 29354 20104 17543 8340 20619 7844 15923 17033 15552 24967 14477 12209 21149 9105 20032 0 16123 20892
18788 15889 13313 12374 17517 19819 9552 15221 19851 23335 4443 13071 5788 6858 14667 19335 17668 10633 11228 3449 9126 10890 23432 7610 8191 19535
14714 28950 14640 12110 13413 17777 4503 15998 16460 17436 28577 4909 17446 11147 16258 20868 18913 15510 12521 0 14036 13336 17032 8087 15214 22179
14216 13752 15491 12426 11310 18652 6530 16881 9927 21211 21433 8034 10932 12115 13543 18838 15393 2147 11926 19709 7302 17159 13427 27493 4335 18427
8914 24550 21012 8751 17754 20156 12822 9643 10315 12334 19467 20975 19870 10523 11096 17843 14983 21004 12612 14545 11705 9779 10681 11428 10281 11063
8061 15080 16461 11231 17997 17850 0 14934 24854 22504 10132 1747 4023 9814 14850 18890 14287 11156 11505 18411 20847 18148 13432 15813 9020 21100
2795 12339 17026 9572 11111 19799 10205 16545 15454 16685 16771 13696 13456 12302 18102 18977 14229 29092 11178 20802 12245 7603 5354 19923 20914 18511
21347 12946 12250 9733 13571 18380 5120 15337 22513 17333 11076 27348 20104 11125 13817 19025 16368 9285 12238 11430 25128 16104 9542 13074 7511 16208
8774 17458 14322 10896 18469 17168 8772 12731 20288 6630 17657 21584 16910 11038 12000 20296 11318 17270 11707 1118 14858 7849 18393 29787 12136 20429
21428 10033 16720 10192 15260 16989 22158 18796 13552 21541 20081 17563 13722 12854 14940 20336 10642 17360 9364 15285 13093 17949 17384 5635 9377 15362
23984 11287 15351 12821 18688 20288 7987 18728 28335 24352 10571 33672 15370 8281 15756 20669 13167 14592 13815 18813 16181 14647 6803 9594 10594 11690
8779 19011 16735 7104 10162 20663 20666 13768 24790 14464 1928 14594 6426 5652 13594 21221 14945 2685 9001 8342 0 14661 18170 13600 10155 17406
23998 14343 14346 13577 4609 18988 21043 14471 18538 14199 15949 21006 16762 10291 17513 22332 9745 20689 12527 10112 18411 25313 20356 6030 11926 18442
4793 17675 15908 13150 13415 20805 5970 10415 19468 22352 8978 10072 7501 9817 18802 20007 13452 6615 9595 8784 22457 19022 10340 14947 3396 22945
12640 9745 20532 11751 15447 22034 8732 9973 13316 13451 17640 14156 11202 8092 13209 16063 13120 20158 6338 10054 4205 11969 11499 14288 10015 24236
12805 15118 13970 8315 16775 22972 18185 16874 21012 5978 9452 25646 15065 14190 15450 16628 11524 19411 12977 17822 11890 14767 3477 11977 6744 22461
17818 18812 13794 15034 17892 18662 15808 18313 15370 19033 2463 20406 31339 9722 15577 18218 16876 9660 14178 15055 11852 21154 7919 19567 8710 20192
14169 12707 12860 9416 14732 21007 16 11784 15587 9886 8814 32030 3446 11272 18656 16412 12355 0 10373 16278 13814 13305 13270 15708 6763 12503
10257 18734 18149 7782 14719 18263 7068 11233 27351 22433 14967 13839 4501 8862 14978 18602 9265 6356 12221 8973 17233 20621 15374 3435 16967 14288
7449 18630 15359 11902 19371 17597 14349 16319 16329 21809 8557 14583 0 12707 18221 20765 6458 22495 15257 19330 17928 18675 15324 10078 13786 12074
15880 13749 14841 8939 8354 18127 8925 15477 21148 7442 17504 17250 13145 8225 13536 19760 15387 23343 12273 13902 12786 18536 6698 17326 17196 15070
11116 27816 21866 8351 6160 17906 15218 17329 25877 15890 19848 27382 12070 13764 17288 19288 10232 16462 9262 12069 8861 18628 3703 5222 10473 20427
5124 18386 14318 13467 13794 20548 16468 14071 27791 21396 17073 12707 15717 14867 13953 18319 17265 14945 13220 16084 10602 9373 22052 13057 11682 20706
6672 19438 19021 4852 10375 20164 9843 15961 21435 22838 14231 25365 13495 11344 17189 15175 11405 23090 14449 12722 11387 17696 16037 12672 9838 21816
10515 10874 21125 4504 14960 17211 12511 16289 21049 14427 15688 20539 7677 10476 19177 18076 13106 0 13268 8981 21470 5501 17552 19976 14049 20267
5804 18530 15813 9765 11792 16665 12123 16077 29517 14100 20209 20367 11285 10177 15003 18576 16988 11611 8957 13303 14021 10740 12315 8642 9363 13573
13441 15780 17394 12897 13992 21256 8278 14114 9442 29243 17141 315 21186 13899 16601 18285 17790 12228 11990 15976 10857 16759 4463 11996 18009 24192
10113 20218 18429 10570 12253 18287 12045 13735 23692 12740 3031 22116 6144 8643 15665 22474 13301 10160 15177 0 9150 14166 4925 8759 17932 14947
17220 18178 22041 9922 13862 20726 7290 15215 9401 15600 22224 17369 15829 12250 17105 22940 14327 14511 6824 12130 24920 20733 16783 15514 6908 13599
23174 28276 16495 8980 17740 20209 5655 14767 6776 13135 9516 17350 19811 16003 11929 21738 4594 13859 12219 0 7140 12716 10259 11813 8032 23481
6198 22877 23215 10782 7031 17762 4950 12108 25854 14650 9084 25607 13985 8976 16765 19677 12308 7684 11316 14984 23090 9447 10126 8765 15040 19786
5927 9521 14677 11615 18939 18832 14256 10291 17160 21889 14486 26126 20356 8000 17187 20071 15837 13190 11392 8456 21487 21946 6402 11635 1815 22344
23987 25410 19553 13664 18309 22005 341 15160 17768 14568 4702 11378 14700 13288 17927 18913 13690 6971 14715 0 14266 23054 9704 4658 15342 20831
17942 12002 14768 9227 11811 18200 9143 14282 14100 14000 11155 7057 12797 10748 12787 13243 15714 4585 14065 2133 15983 21449 14494 10058 15521 22622
10487 13997 20421 10524 11396 20190 8524 17087 31535 14210 17362 23034 20594 9355 17976 19896 12644 13404 13247 17488 10521 16812 9000 19475 8908 15523
14031 11173 22690 14499 13403 15960 15598 17400 18470 18015 8150 17506 16499 9952 10221 17272 12571 14727 12730 9728 10911 8484 19663 7858 6089 26072
5925 19834 17928 7749 21659 25282 9221 14082 17265 19069 10051 14018 24058 16805 14852 19635 16368 7643 12819 12321 24348 13757 7448 20038 8421 25556
19235 13181 20810 11953 20260 21470 9964 17365 22268 15167 12563 16161 20564 11427 15135 19826 10963 20161 14291 6281 17323 15347 9321 12158 10087 24042
3930 11036 18381 5752 17582 21042 11979 13447 27544 16366 20417 14186 12954 12733 14993 19325 12378 5741 9107 14080 16514 11550 16413 27114 13064 16395
15702 18860 19112 10154 15752 21379 6666 14168 18581 18992 14225 12269 9330 12030 12881 16978 11892 7131 9511 0 11657 10435 13326 18128 7641 9346
10752 17221 19289 13634 19668 19801 8246 17489 22245 15297 19487 27225 16665 12791 16598 22318 16175 17076 10490 13378 8248 6505 11375 13080 13701 18959
8627 21662 16411 9142 14401 19090 7927 13695 29977 11781 15179 20752 6233 10243 14917 21709 20523 23967 11858 15338 12227 12068 22228 18001 8252 16652
14750 16861 19850 8183 16694 22487 15202 14109 16180 8425 17659 14768 18983 11605 14471 20335 17942 20510 10003 6009 11870 13638 6761 13020 9403 22183
10227 23882 14848 11419 18593 19693 18729 14170 29886 23611 11457 40093 9273 9065 14183 20836 14302 16782 12297 4831 6306 17808 0 14697 9404 23629
21434 12246 16557 11870 18493 18907 14917 18005 25716 27884 21170 15354 982 14360 13935 16417 15982 24170 12871 12747 31822 13965 18007 18015 8408 23309
28925 23307 18768 12357 13028 21283 5445 12295 17656 19768 13349 29916 17991 11278 16448 20726 10291 2999 11203 17495 11520 7926 5967 14102 12594 21551
8329 19845 15647 11086 11685 20993 6068 14359 26215 9732 13903 9435 13754 17294 14905 16569 19679 18721 11497 10110 7137 15232 9202 4776 10818 15560
14193 15513 17965 6639 14185 23295 12879 14635 24285 13324 13662 15983 4587 13907 16840 21480 21514 25677 11152 8158 15513 13302 17749 10713 12270 15402
17214 11244 19043 9173 21202 17354 5370 16707 16179 16074 16605 23705 16012 12586 14246 18887 16923 14854 15366 8743 26325 857 0 10139 15683 18416
13552 12511 26582 9977 14870 18528 11631 16666 19562 16564 14254 18261 7099 14223 12854 17945 10636 5765 13356 18499 17391 5119 22073 19622 13459 26587
1283 33684 23638 16350 12365 23055 14101 16506 17461 6083 10809 18165 28543 11287 17990 15932 9599 19206 11126 4707 15524 4614 7358 15290 17821 20145
15783 14686 17763 9645 20394 18141 10777 17598 21279 17864 18971 19075 19972 11299 16112 22013 17537 6893 9827 5187 14544 12764 24384 12837 20318 16007
16169 33505 15701 9724 14913 21003 10249 19742 19579 13054 16820 21386 9609 13556 16959 19848 16313 26932 12290 26545 16038 3016 1784 8981 3603 21177
23678 22973 17487 7280 15118 13040 11500 14115 9722 20857 10183 21219 22481 11912 12417 18891 11969 13895 13111 10008 22767 13618 4125 14375 12378 17619
10738 18058 15739 12939 18189 20974 11408 25375 18405 15431 10462 15015 5401 11278 16195 21527 17161 23729 10661 0 6457 6555 10018 5602 9316 18040
16411 26412 16089 11888 11150 20406 6356 12093 21051 4039 13861 27256 10969 14691 16077 17486 16127 15861 13516 8739 14614 22313 3598 22531 14555 22098
22600 23218 20611 6984 10208 21756 9257 6483 14895 21879 9482 11839 18714 10711 15575 21855 16103 14330 13478 15222 23255 10365 8682 13433 17573 17135
14659 19870 18019 6830 11999 17336 10118 14190 18551 19267 9368 14965 11944 8942 15616 23763 7739 6252 11356 8567 1638 1875 5813 10800 16558 20624
10332 6400 12166 14373 19944 22223 0 15023 19665 21128 17704 20819 21876 13116 15844 19495 16485 8279 7655 19410 15158 11325 12100 16062 11125 16841
14063 15155 17136 10366 22378 20897 17368 18936 17558 9844 4579 14472 18995 11633 14930 22352 19398 12900 8916 7930 5922 15837 8197 18246 3622 15597
20259 19682 20022 6641 17915 19817 10509 12691 19093 16839 18427 19178 14256 9396 14205 19144 14771 5780 11497 17244 16248 6338 5229 16339 14190 15038
14899 10531 19231 13494 9518 17467 11729 13552 18034 21116 9682 19091 5544 9015 15955 21587 17466 27223 15657 6821 0 24210 10197 4210 16456 17561
6783 25348 13381 12233 13383 17614 15221 14135 29687 21501 16827 9643 16829 12712 15900 17883 14364 19318 11696 13244 9275 15662 18850 23297 12838 19346
10077 13009 19549 13624 22466 20429 7196 16147 18508 15440 19708 23160 21009 14278 16094 17573 13655 6175 6935 15763 3684 7963 16529 17639 2310 17184
17153 25322 13371 12550 19038 21664 4511 14689 17363 19386 14403 25721 5723 11589 13852 22178 15231 15194 11844 14998 7124 7778 14464 32292 22582 17398
13845 24488 19231 5756 9592 13341 7970 13595 5097 16755 4347 12650 24557 11853 16884 18909 13605 10889 15671 11468 28395 20335 9547 20052 8316 17936
8205 22253 19255 11650 21340 18856 11460 13677 22104 20162 17898 16893 14803 9372 16839 17516 12756 476 11297 20198 10663 16499 14182 15604 13493 14991
2061 16297 19725 6840 19291 17943 12554 16867 25016 17515 4349 17621 12698 16390 17635 19115 22504 17744 11131 17434 22812 17526 16036 6075 20816 23508
6707 16424 21021 8384 10301 16756 1089 11518 19042 18421 19764 13733 0 13478 14164 15920 13318 6476 8751 15429 13151 15358 3000 13235 14308 18652
7133 22966 17745 13159 9497 22942 11664 14060 12284 15972 6053 15184 10259 7808 17354 19869 10665 11029 14950 11184 20842 13882 11685 4442 19363 18084
4638 19732 21273 12310 13202 21515 13801 17706 21646 24433 8875 19154 9615 14991 16546 15722 22419 8663 12842 12054 1242 10705 19722 18351 13568 16770
13321 10240 15445 10694 8984 17841 21737 12784 28403 14346 16482 14230 13881 13401 10830 19139 12668 12777 12555 14862 6303 12413 16052 12569 14042 21018
9921 10156 20105 12208 5193 18968 8130 12236 20049 25117 20233 22395 15679 10996 16223 23591 11801 10490 11505 13250 8606 5259 15412 7770 11456 23223
16508 1922 18438 7883 17461 24606 8049 15967 18215 10723 20475 25976 6775 8056 17006 21102 20161 16231 11961 10614 5831 12345 6737 16462 13629 18926
5800 18693 16071 9187 16292 19982 4066 14822 19539 12106 10264 17543 29236 13354 17525 19871 15348 17154 11955 5154 5895 18878 8315 14838 11744 20791
28102 19305 15578 10860 20282 20826 11955 18659 22847 19730 10800 20179 3637 10305 13880 22281 19509 12744 12180 15850 10060 5182 7522 18465 7698 18366
6083 17063 13580 6453 18187 19275 11255 11008 13420 27479 12919 10190 18961 14990 17410 13891 12559 3831 7616 7489 17919 17145 12744 17172 8013 22502
17429 16421 18880 9504 11558 15872 13880 16590 16143 14345 22223 22597 8862 16781 11858 21861 14653 18733 11333 0 12191 18666 10345 10867 15891 23862
10964 20170 9497 14865 18194 23698 13198 11516 23920 12110 11026 17418 17576 11896 16544 19323 10730 13350 11793 18298 23537 11821 0 8239 7946 17226
14466 12537 19954 3853 19465 13469 17216 17690 25196 23183 19965 12476 11589 15590 15791 22395 13135 17012 10954 4341 24769 12360 9644 7557 11279 20240
19554 14188 18325 12587 18234 21316 13006 10671 24457 0 13427 34910 19734 11414 13743 16041 13397 20342 11375 1356 19470 15151 13682 11216 7959 21723
3880 12407 20770 8878 16649 19450 15763 20191 11952 12979 14248 17690 7645 12304 19814 17526 17478 14033 11666 17263 17330 15694 9163 15700 19342 13265
16755 20650 18003 11353 18928 20356 21184 13817 17934 19959 14781 28765 13878 11961 16374 20176 13707 12536 11666 5523 22236 17716 15034 16501 12956 16018
15832 21047 13213 10052 11782 20532 15495 13419 23551 14660 16947 19018 16612 11153 13158 17996 10833 13537 12961 11037 18090 23603 7755 14385 3920 18408
18507 13983 21956 14264 17392 20054 14818 15056 33039 14260 20131 17222 12823 10064 18522 14548 17479 21529 11996 5155 7047 11792 12412 18323 12306 18631
13372 17099 19818 11659 4423 22028 10670 8158 10769 10639 6833 19629 27078 11489 13533 14862 21547 18009 8953 8686 14946 11940 11691 23285 7761 18996
13215 33748 19700 14421 8943 18928 10594 17365 26931 22539 8993 15856 21999 10049 18143 15990 15600 7451 6182 6599 14052 16164 13470 16931 11747 18361
0 13588 21574 12529 22211 19974 6170 15166 14367 12311 15868 28178 15342 10606 16835 18920 15117 6386 9310 9109 14451 16116 7663 19242 5064 25682
12575 18344 14882 12277 11723 15892 9705 14697 26284 14602 10487 32514 9794 9126 15702 19133 15315 0 10969 17887 13631 3569 13713 8413 5118 18313
15886 25999 17055 11757 16001 20163 8071 15144 20555 25781 13856 12898 11822 14008 17169 15415 17851 4576 9845 5719 18974 7267 13010 8788 8414 17584
19233 18809 18951 10009 21450 18785 20504 8813 4636 14022 12831 22249 17019 16079 17438 19338 10846 17992 9876 1926 11346 5138 7139 27338 13510 20003
933 19292 18736 5938 16923 20812 9510 15607 18379 15385 13813 11381 19882 6676 17121 18328 19657 16755 14085 21847 15704 10788 25497 18039 18803 18232
11006 16350 15271 15491 14327 20328 12075 8152 24567 8711 26724 26289 25069 10833 13968 20319 19297 19620 11303 10642 10292 14462 12864 12636 10426 21143
16386 16971 18720 10638 16123 20231 6869 11261 17514 28116 12913 15118 6135 7519 11208 17875 20286 1685 7110 22678 10515 14159 12903 9803 14795 19317
13789 13762 15673 11598 10974 20802 16693 16198 16470 18589 19609 11268 15435 11456 15890 17256 11749 12703 13061 13296 14185 7817 6472 14436 12385 16693
14735 22464 14708 11473 13563 16313 19586 11944 19982 17598 5937 19558 7221 12411 16273 19523 16884 16429 14452 11692 9162 21029 17465 12563 8082 20606
13131 18064 18156 7345 14808 19597 21537 9923 24385 8664 13884 27134 10828 11061 17477 18479 17579 11254 11693 16123 13448 13653 13246 11615 12180 20589
0 16877 15746 15366 13492 20825 5936 20306 14552 10871 17049 32142 14859 8410 15156 20421 14583 9754 13838 7519 13129 25606 6021 12705 17504 17793
13552 6608 21635 9953 19598 15053 11222 14794 19084 13315 8703 16831 17452 11975 13746 18870 13565 18760 13249 24400 14060 12298 15493 12753 7560 25184
20455 17413 17734 8709 15888 17695 5598 8967 9818 7759 6385 24966 4216 12254 14713 17045 15636 5936 9835 14423 21979 10394 8530 15695 3201 21624
24130 17152 19612 15288 18697 18547 17747 17064 28428 8691 16290 33979 20706 8940 13519 20190 12914 0 11454 0 6741 9647 16658 17273 14847 19842
12249 2745 17231 12922 15535 20133 5278 12744 24447 21215 12058 20126 14826 13619 15703 17734 10040 8411 13995 5511 3036 14270 10688 9808 6170 20766
4473 16632 16293 13877 6000 19515 8505 14163 30466 12863 18057 4786 12753 10164 16194 19038 18666 12759 14621 5844 2531 5852 16236 19538 675 25841
18633 8466 19308 10208 17762 22055 10848 14107 27951 20469 11176 19040 13995 12036 15528 17216 9726 17213 11289 1385 28248 15549 14169 9061 797 19362
3817 17161 15744 9179 19259 21925 9573 17476 19839 11296 6272 20049 18940 8346 18576 21414 17837 13520 10069 13411 18325 21990 16180 8219 8377 19731
19456 20964 18319 12184 15489 24454 9801 12654 26406 10665 17964 31516 23474 8804 18936 11572 12665 17493 8248 2148 12210 12763 6749 19665 4315 13352
6769 19083 14058 8863 8514 20377 13201 15585 11454 12657 8420 28119 21275 13309 13886 20728 21656 17421 8629 4659 12451 8710 14297 17852 1823 21713
13979 21562 14871 10939 11253 22331 10574 14109 22315 17989 2028 15981 12851 10745 13128 14261 16013 4095 10830 9343 16766 20430 20186 15532 16147 15315
7012 23432 17802 10854 9953 22691 12036 13307 33096 16446 13299 23423 11373 12062 13876 23919 14877 14522 8793 13968 10890 13334 19075 26327 6540 20861
10863 15950 20990 12217 13134 18687 4621 15968 19083 15024 16671 20542 29098 10294 12658 17599 17153 22464 7807 21889 18030 13506 10072 14075 4822 24487
11898 22132 16854 8345 17552 18956 5152 7245 29768 17083 12722 7758 11554 10916 16428 19074 13231 26818 9225 18960 3146 13880 30613 6140 10410 8697
26579 27384 18972 13339 18794 21439 22706 16489 11605 20729 9764 12135 13830 14032 14166 16274 15894 14192 14285 8548 11664 14822 11449 9660 12775 22631
16523 8913 18207 11455 13421 19821 10717 16147 28786 19089 15389 22657 4799 9800 17901 17293 20950 28667 8835 20368 15680 10615 10305 21513 12023 19814
5584 23281 17120 12547 20670 18287 11322 22054 15347 4042 11766 10192 10330 6629 11104 19311 15316 25991 11896 14734 0 12659 3303 16941 15887 25284
11416 21257 18401 14300 20374 22686 10353 18604 11018 12833 15474 17208 13636 10942 17330 19967 21158 23110 11263 17628 13569 15555 14353 12537 3102 26503
10609 16141 21125 11551 16023 21444 14237 20447 19067 14846 22825 24330 10304 11905 18997 21688 16163 13685 11307 10388 14937 25372 5556 12289 2658 13983
486 30354 17286 11359 16276 19134 11208 14467 17337 19252 4266 15556 19674 11856 17478 17808 17514 21751 6913 5784 10104 14335 23842 5709 16672 21997
13900 19053 15229 12660 12955 21115 10152 16145 19660 9221 12276 16972 17097 13587 15940 16186 13484 10851 11896 12382 6890 4711 2402 19855 6814 22160
12115 11520 17317 17171 17045 20161 11545 8318 18043 19642 6298 18802 7174 11827 15478 19157 19843 12612 8258 7323 19786 9608 19592 2133 9156 25470
8674 10216 15058 12327 6515 18135 0 15791 16562 18339 3956 16481 24369 14443 15499 20720 17615 10261 10035 17756 18116 2484 10529 0 7130 21974
10340 14067 12159 7349 18956 19427 14395 19364 29035 13785 12869 17129 17609 8633 15882 22905 12333 11223 10266 13792 12960 10142 9117 29990 14248 26101
17482 20370 18163 17668 13904 23500 10903 10442 31043 18268 12746 18155 0 9202 20156 18310 12443 11768 16405 28542 7224 17917 5255 0 4048 14983
6560 29545 18165 11030 16152 23934 18050 14620 9949 14563 8796 13096 16487 12288 13015 20080 20617 9267 13632 11670 16882 15655 10319 4509 7458 11824
16686 15976 14563 11758 10842 23252 17076 12628 19777 16553 18305 18472 6676 13223 14911 20306 11683 14511 10858 14187 12621 13459 25146 11548 9871 18873
13429 12376 13817 10704 13629 17048 10623 16528 28481 7420 23119 7572 9290 12640 16807 20676 13688 22872 10774 724 11001 8846 19878 15283 7621 19422
17360 14691 18739 15353 18016 17627 8854 9753 13905 13838 17233 15221 14304 15778 17610 18046 10851 30214 10649 9127 24060 8107 14799 11995 9259 18978
17518 12131 17921 12760 19751 18903 17863 10762 24784 24299 26723 12001 11321 13758 14051 21545 15007 4305 12555 18000 17126 1780 14758 3131 11845 18571
3788 13841 16707 8464 7321 20220 10540 16097 19634 11679 23259 15495 21458 13290 15347 19751 15957 8767 13972 9264 22903 3768 9720 5263 12418 20596
20811 20875 19280 12455 21274 21045 2355 13184 25290 17502 15646 21744 30488 11785 12939 17914 13406 11186 10071 11062 16510 20822 20640 21782 15598 20501
24219 19120 18420 15715 21358 19478 10787 11599 19853 13201 11650 13282 21024 11016 16501 18071 11918 3126 11294 9484 13280 18803 13092 23830 9334 16579
19740 13473 17305 13370 4683 15784 15982 11744 17023 12326 10669 20104 14342 13710 16428 14209 11747 14290 12326 0 10485 7960 5778 19879 16954 15820
11096 26385 19979 7275 16273 19473 9894 13280 20378 10273 11596 8480 8192 10033 12497 20422 7478 6582 10417 16519 4424 20501 22472 6221 11223 16881
12840 16016 17090 12913 14885 17008 10629 19468 13705 21464 10903 24728 17310 9705 16189 20790 16259 9845 11374 24096 4567 5225 6342 7742 7234 19528
9406 11912 18070 10344 12193 21220 12315 13847 25885 12980 20919 25759 19371 12558 14073 21854 13083 18471 13492 6214 19065 18522 14664 13710 12780 15818
9134 4540 20131 8740 18909 21220 0 13309 35138 9481 14488 34633 12679 10682 17236 15329 12684 7770 12375 0 15700 20918 3532 20293 7987 17241
14039 16464 23159 7712 13508 18983 15283 12473 27736 14475 11581 22974 19471 14211 15492 20501 16421 7306 12822 13181 15852 14471 15533 20030 10442 10247
20424 12135 16268 12547 17791 22946 21682 18922 7079 15524 6990 21867 11040 12375 14913 25006 14957 20215 12203 6847 3511 13481 12342 9274 18759 16257
0 23461 20969 16230 12740 19718 13123 16844 20751 22258 20048 3544 6699 15533 13214 15692 18367 29292 16197 9551 15450 16198 26305 9703 9492 14123
7360 12611 15679 10690 10175 23007 8211 12012 18086 9884 5171 10835 3732 10339 14880 20649 19059 749 9716 7478 19760 6971 18110 16564 14656 20290
26614 20750 14433 7556 17312 18766 7025 19373 16297 13123 12959 16526 17786 7705 13810 20298 13476 15270 8439 5563 14714 18476 9051 5596 3116 15277
4663 18188 16803 11674 24679 16776 11948 17336 22269 21397 10385 22525 12633 12150 17579 19080 16567 2070 13399 14766 24562 7294 14303 26796 14120 17678
0 18777 22578 11437 9808 15673 2091 14280 23209 17378 12448 32413 18595 10405 13083 12880 18718 11772 7693 14539 16968 7447 7739 14814 18332 21805
13201 20637 18950 14185 9990 20039 13584 17780 11555 12363 7479 13359 14672 11905 14468 15874 21735 11434 13122 14156 7338 13700 4789 21012 14961 17470
14031 24177 17880 10039 18193 19409 13579 16905 30185 23918 15080 18883 10693 6643 13720 22211 7930 25480 13812 2934 8270 18790 9344 1798 4744 23514
14417 20160 19748 9007 20414 16484 10569 8490 15196 22638 15284 13810 7681 15647 14409 16194 14467 0 13434 14334 4346 12584 23364 12665 8446 19455
18727 27777 18121 9236 12652 14583 1307 21541 21271 12028 9210 31156 14574 8219 12293 24701 10112 9488 8971 18432 18909 8537 6445 18152 11342 22446
6236 20002 21588 10967 21248 21644 10679 11621 14736 19206 15988 28748 22377 9694 13021 20300 13268 23242 8065 15394 10645 4319 6757 8940 7930 21225
28339 14524 16351 10234 17718 18748 10136 10395 15668 16418 7652 24104 14756 6718 13236 15916 10061 11451 11089 21444 17316 6876 7347 1207 19214 19971
17996 16817 15860 8513 24242 16814 12079 13401 11817 14270 9629 21982 9125 12867 19295 17614 13090 15096 13940 21592 5887 11264 7218 9355 11122 19936
10341 21674 21881 10460 15558 20869 9004 15929 21857 27166 13185 18505 5932 13075 17498 18372 15369 17842 8463 4232 20215 18535 16772 2910 6751 20248
11374 18983 19276 8570 14486 24007 12090 11330 21198 15323 16765 13150 15381 12118 15151 19364 8929 24187 12102 11396 4822 5224 13765 8397 16123 24391
20994 14925 18384 7695 17112 16344 21839 18449 26972 20290 12852 20378 12997 8592 16429 23592 11149 10118 11106 15531 16824 22689 15384 1338 9589 19559
17062 18528 15943 9795 11102 19952 6963 13477 22908 16271 23694 14948 14705 10459 12276 19633 15646 18463 9767 2871 10931 15370 10538 28183 19989 24838
9642 11264 17508 11006 13859 17815 12923 18602 14634 21681 18498 18422 6299 11189 14300 16734 12265 15365 10114 14086 18158 15951 18479 16550 14105 23504
7794 5514 20015 11098 13856 22379 10374 13942 21811 9866 10628 17775 13681 13285 19119 20908 12648 8046 13789 10619 10494 9835 20862 15685 1898 18041
21119 15885 19466 12539 16883 16337 10571 15619 16403 11664 12765 10845 0 8950 16258 18047 14051 14108 12149 9627 15082 11354 8323 7327 9014 25013
5312 15932 18664 13277 13419 23542 17473 13428 17281 19230 19766 13424 18081 13742 17158 20120 17903 6741 10116 21466 21128 19787 16046 19373 9401 19446
19952 10426 22338 7769 15827 20619 3269 18045 20007 15806 15700 22788 6202 11314 13488 18649 18309 17579 12585 10197 19570 11807 11335 21170 10756 22149
13310 14624 14452 11891 13365 20794 9153 15426 18669 18707 18752 15606 17885 13288 14679 18968 17308 6325 12282 13371 19297 8553 6391 10534 10058 18090
3888 6090 18837 11789 13402 18860 7588 15965 26632 13766 12855 22795 9713 7805 17508 20384 12598 9755 15135 13055 15244 17889 17484 13897 10086 18679
18133 22210 20513 8566 19892 19265 7834 19694 12233 12143 17155 25781 13701 9822 18624 19190 16891 11254 12072 4343 11361 11106 12751 20393 12075 18575
5748 15903 17497 9750 15434 22211 8774 14352 16416 14779 16970 26881 12388 8437 14078 19979 13214 17694 17319 12220 19670 13878 9993 0 9883 26714
13271 28817 15458 10854 18005 18683 15530 12900 18014 16051 8763 22731 22360 11770 12391 19015 7381 0 10616 5382 23842 13899 17046 10948 5442 19846
7012 19490 18698 10397 17513 23127 20816 11954 22639 19032 26593 31748 22173 11414 11322 19215 21591 18833 10068 5841 15249 19111 14143 20207 10362 11330
19524 17406 8879 11100 7923 22367 6316 16533 18839 19505 12810 20334 20453 10907 20021 20730 14627 11646 11474 9690 18971 16544 9439 5252 13113 26174
15955 10106 16238 12408 13470 16858 21214 14160 8652 12866 19017 24582 25726 11145 17390 18342 9065 12516 7772 21071 20297 8831 6999 10185 18551 19577
7728 23351 17201 6619 10959 22274 11610 14687 21667 15175 16282 17657 22294 14857 12662 20882 12427 12138 8792 10008 22453 9298 15878 25274 10979 21485
21113 16454 18045 14470 13189 16950 915 11082 19131 17508 14255 7490 15517 9989 16625 17195 16650 12167 15082 6299 12271 8673 13019 17080 7446 24001
21733 28201 15119 9734 15030 23568 8448 10876 21908 20715 14958 19587 4308 9225 17063 19772 18463 20346 11060 12961 13197 13276 9225 14096 15569 17504
14516 16669 13315 11055 15845 22608 9829 9643 22027 22527 14950 19877 5035 9141 17272 18445 14941 24339 14801 12788 1180 7915 27548 15332 13650 14126
14967 12183 16440 11732 17263 19508 4013 13500 12980 12212 6210 36905 13708 9738 18837 17371 17766 15705 14675 9679 4528 9063 8020 14431 21358 19300
15525 17843 20806 7888 17011 22048 10068 12451 22399 12333 15464 11259 24703 11462 13425 15272 17241 15243 11352 10261 1035 4387 18126 10070 13946 23531
4899 25115 18731 15279 13711 20679 16361 12694 9149 10543 26501 19463 15016 10441 18141 19425 15038 20025 10024 3512 18577 8123 19789 15193 7651 17316
8860 15566 17076 8593 16912 23632 18563 16789 13103 13274 14346 25384 12273 7237 14384 17499 17226 2795 12188 12510 14678 22854 12525 17358 13013 17874
0 19577 21978 13514 17986 16381 8093 13826 19295 23299 20343 29015 13283 10107 14485 20524 11037 23653 12577 17197 17890 9231 23488 6224 13781 21658
9277 21749 18051 12129 13187 22558 8081 11541 22818 3418 19894 23051 21983 9289 14565 16404 15364 17914 11810 7707 10630 23132 8329 7731 14399 11895
10768 13951 18340 13916 19333 26265 14073 16537 19791 10202 22774 20830 11137 18334 18116 19183 17954 8712 10710 20456 5760 13656 20480 13061 13875 12494
9906 21752 10248 9233 22989 20409 17031 17945 4296 23384 10696 20047 15633 13061 11649 20767 11719 28844 7909 5219 16427 11646 14508 21803 7856 18629
15159 8085 18897 10183 15976 18063 18301 15446 8913 22112 7758 15255 8007 12978 17720 20268 11498 26415 10328 2190 24634 15726 14106 5543 16970 15112
9618 28030 13875 14405 9467 18397 3786 15185 11359 13764 10295 25951 14842 13035 14272 18796 18452 8565 12190 0 10391 17275 18949 7122 12226 14970
20711 23522 22428 13007 20686 21580 4611 16597 18887 14360 14882 10360 15636 8714 12422 19722 16633 12997 12191 918 12941 7178 15239 12064 8514 18983
0 15315 23573 14661 11191 20896 13207 14341 28930 17699 7820 14593 17983 15232 16128 23355 18377 12666 10123 15177 6400 17050 0 17637 8391 21664
8558 25136 20795 10746 5548 17020 12135 14461 9773 15055 19042 14783 16323 7974 19147 15771 20546 11224 10500 25362 23533 12965 5132 12972 7570 21572
15849 20937 15860 12255 19844 18905 11420 18789 22525 17574 17192 19841 14505 8454 11807 19560 13502 4030 12022 11393 20263 18941 15330 13101 7785 25279
9649 10945 19854 11014 21319 20686 15047 15661 23990 16227 8879 18085 24117 8537 12634 18628 17744 7386 12723 14773 10506 24014 13581 3958 7267 20746
9944 28563 15304 10489 15616 17838 17657 15773 22330 14244 8515 34769 18636 14743 13978 16911 16931 19630 10445 11815 29233 7650 22171 12107 9036 24201
12898 23164 21913 7515 11423 21693 14116 14730 16192 22258 18256 13063 10101 11756 13722 18867 19575 25848 10164 15402 17316 22784 12388 13548 17240 16683
13502 9544 24711 12013 14774 22554 17208 12704 15444 18638 18926 7620 10236 10618 16192 20433 10862 18680 12140 2299 12114 26594 10341 7280 4351 17039
11576 17365 20770 8571 13060 20756 9653 9529 17089 23419 10248 21880 11970 10148 16719 19737 9067 13044 10501 8770 12001 24919 13902 9846 21608 13403
7219 13097 17262 10748 17523 19725 11676 12278 9749 10722 16345 26767 33690 13850 10490 23441 10052 6959 13614 6813 8705 9388 22892 18249 9175 23615
0 29429 20241 8617 14408 16092 6376 17102 26299 17493 10820 12293 14986 11333 13716 19013 11507 6958 15098 21253 10239 12818 12267 6226 11872 13642
14305 17148 13776 13665 9168 15089 9245 12781 15635 16227 13255 16250 15401 14796 15215 20689 14196 17711 12879 6605 9173 7593 21942 20272 12114 21771
5185 8542 18918 11200 21641 17715 10179 11274 33307 17388 20384 7298 13816 8991 16074 21697 13322 12261 10676 5596 26013 8094 21893 13259 11714 25174
5343 24579 22866 8687 13636 24503 18215 12229 26857 1999 14135 12932 12239 15312 16877 23399 18931 21412 12123 6452 2888 7226 20322 4920 4673 19843
7041 15204 21599 11800 22595 17772 6295 11858 13071 7945 10187 12476 29401 13584 14486 18168 16629 9905 11866 8203 8718 6825 10674 23026 6901 16681
11769 25289 10273 11623 11567 19315 11660 15672 27764 12483 6025 4590 20744 10451 11872 17816 14645 11524 10862 10113 4229 14973 8463 19828 13671 19900
4291 12914 13487 9099 24640 19717 10441 15853 24933 16580 13659 9499 16117 10943 15108 18437 9107 17278 9452 0 13619 25779 21957 14476 17911 24803
9733 14762 18504 8829 15233 20458 15679 14855 19748 8440 8134 14655 15480 10692 13788 19119 16875 17518 13350 13019 22614 10842 2565 10685 8972 27200
19496 21243 21044 11164 10296 19810 13726 16681 29327 24800 8598 4696 23326 9630 13865 17503 13495 8606 10620 4199 22479 15613 9085 11826 15664 19726
16694 18059 17846 13960 17230 17160 7397 11440 14874 19652 15494 17200 14648 11420 16760 16352 15400 16374 10582 17397 15812 11945 8969 27562 4970 19419
15049 20972 14761 13690 18731 16373 10417 6859 19388 12978 11048 19051 3875 10082 13564 18502 15833 27694 12822 10877 0 9929 15498 21211 8122 13456
8173 18878 18559 11625 14289 22399 10309 13576 31120 24296 13508 16720 8982 13961 17268 19728 9309 22480 9510 3138 21517 24999 10692 5979 13251 17826
14256 13601 21332 11877 15812 17944 13902 12284 25170 16559 12564 15011 15918 11017 19966 19602 14708 5335 9928 2030 5713 14512 10527 13997 6767 16889
10826 9588 20673 15398 18057 19417 11439 18081 16214 20095 11679 9764 21686 9556 14615 18227 19724 23627 12688 10145 14990 965 19755 12227 11910 20821
1540 22009 17085 13392 11925 17360 9310 15274 16710 19950 15635 19817 17069 10619 12424 17353 13209 17045 12715 13742 2430 11783 13536 22029 6905 20043
13224 15525 18752 15185 15924 20054 9117 18415 13446 17105 13115 20289 17698 15685 15028 22027 16598 4157 7730 16756 26933 17492 20088 7618 10616 23661
9702 12142 17741 3388 15615 17806 6973 13240 17847 18613 14752 12618 12593 8409 16378 16469 18122 6019 11866 12353 7420 9778 12189 2114 7375 24082
0 24771 21166 12099 4771 16485 6322 7387 17242 7510 15587 12430 21867 7767 14871 21326 15501 15350 12862 11074 27902 14966 22148 14639 11594 19758
0 23228 13954 16361 9352 20635 5715 14347 19870 15852 6339 23489 20674 13453 12764 16201 14946 18852 10465 3700 19758 5830 14269 4763 14598 21874
14968 12080 18673 11127 13415 21145 10918 7896 19597 18193 19161 8178 17445 11740 20302 17787 12541 13146 9075 10711 17430 4016 4153 19812 5377 16981
9937 18846 19204 11737 18175 21170 9338 16081 7211 16130 15552 28137 14102 12392 15233 17006 16049 16417 11824 16821 21353 12813 7001 7114 11578 16176
17241 18848 13209 9701 16673 21479 18274 15051 11669 9767 20240 19862 16099 12453 16006 15974 15556 25052 15397 439 12585 13190 11056 17772 13791 15089
17236 17546 13545 8789 19569 24579 11618 15324 24855 11514 8291 18605 11487 11834 17280 21668 19119 21961 15734 8053 18639 10684 8327 12628 11877 19393
21083 11781 14897 11909 21564 20968 10677 14619 12443 11292 1404 23801 19185 7825 16174 19164 12301 12286 12859 12123 12852 6979 12360 15755 13026 16863
4017 15182 16006 12062 15961 24252 12135 17693 8267 11460 1601 18098 17021 14146 13186 14438 18152 17265 11778 9738 5635 21668 10750 17020 10766 17385
15025 20274 17237 11015 18313 19504 0 17359 1187 18064 7953 20280 29298 11316 14561 18279 11680 1296 9532 18146 9233 11831 11686 19577 7067 22187
23730 22129 14679 10566 18622 18651 10435 19765 28375 8731 12539 20668 30593 9808 15730 18330 13972 0 9717 0 21798 10377 7327 6199 14140 16982
5841 12076 14281 11844 13038 16685 13117 7322 11763 24747 6030 26592 24243 12178 10886 19950 24069 11442 9937 2255 3670 16127 17990 8522 16709 12524
25292 23835 20537 3340 16541 22127 10595 11142 16520 18250 14214 29700 14830 12261 16320 17638 11514 19693 10112 5427 12723 5481 17153 11407 11798 18692
11182 22644 24427 10736 19099 22188 10420 14963 29758 20395 14874 17331 25375 10114 13009 22055 21277 7246 11995 8983 2361 13078 13377 21271 10127 27487
14236 12771 15259 10902 17890 19428 6825 14973 24301 17233 12609 6051 15799 7642 14694 17961 15731 25579 12610 18819 2905 13052 15662 18567 8873 26253
9693 21882 22041 10501 11611 18440 5840 12563 26613 14716 8971 11860 15304 10272 15543 18729 17098 15612 13132 0 14927 10944 3683 15557 3423 14039
18191 23758 24288 11535 14283 18910 12375 16864 13008 16573 16009 17293 11610 8583 14943 17233 12127 24629 12671 597 16776 9688 7535 7313 20626 17875
11799 9265 19947 13399 10686 17710 8391 15252 17302 6100 18588 17385 20605 7726 17432 17231 17309 15239 10775 22902 11788 16408 11259 18226 6482 19456
11116 30825 20770 12952 9476 15924 19398 20948 12655 21173 7206 28471 13904 11889 14080 18453 16415 10856 9216 3917 29760 17167 12939 13922 21406 22767
7391 21360 22535 10554 19128 20395 13783 17290 18116 15150 13338 14785 8846 4492 10801 22457 14281 14098 10995 24341 17201 20360 20231 15573 8356 21119
18640 19144 22180 9685 13251 17282 14271 9932 18904 16618 15055 22875 12049 10847 15982 21127 12001 23547 6531 12562 0 8528 14182 10965 11764 17480
14165 23393 16281 12389 9514 20451 7567 12130 20641 10296 15052 9474 16905 14534 14784 19692 18634 18794 9207 9517 23375 20065 8996 30723 6828 23831
5225 20462 18652 11019 13215 21179 16837 12902 7336 13162 10423 21486 20068 8495 16937 20957 12812 1031 9912 8080 18262 6642 6115 15461 7212 20350
2682 15244 15133 11741 12220 20003 6442 13355 13300 11391 12110 17035 10064 15170 15743 19765 13397 0 13698 1398 8035 10945 14180 7990 5057 19640
11982 17473 15626 14025 16466 19683 11451 17769 17455 13434 3099 12964 10079 13014 14692 20590 16191 5151 8457 1254 24899 20905 7264 0 14974 17836
13606 28798 13636 6052 11634 18978 2490 13658 13157 19541 18510 8301 21526 12162 14669 25377 16503 20700 10961 11710 8479 18804 11966 8460 13500 21295
15208 15494 15205 12301 15201 24258 9264 13327 23228 23124 20946 29241 20038 13215 14474 21981 14066 22671 14313 7520 6919 15985 11725 3438 18165 25850
12306 14554 20186 11428 311 15505 12592 15512 17059 15699 13288 11178 20651 12207 15210 14033 15074 20692 16659 0 14852 16929 6622 11614 12472 14097
18818 18852 18869 12543 13493 23731 16895 15562 34028 18664 14398 21868 15937 11503 21152 19842 14297 17595 10468 8454 19909 4046 18820 19398 6447 16314
5637 16013 12668 9288 13567 21714 23661 10604 30667 10662 4362 22229 13674 9482 16870 21298 18699 8095 7424 9553 19857 18044 27068 10283 12126 25792
9432 26422 15993 7104 18455 21646 11601 14994 13575 15298 10342 16547 15242 7490 16248 22497 17651 15674 11308 14350 1592 15743 10781 1029 9105 24587
7665 27553 16632 11385 16791 21427 5886 15388 15400 11906 14172 7867 810 9072 16585 16910 15479 16000 10638 7980 19823 5744 11084 16607 11905 28172
10086 25846 18020 12838 14178 18152 20309 20137 22404 17094 13886 21918 23074 10685 16107 23920 22111 17106 12737 9043 6546 18974 11659 18506 12517 17784
10595 12698 17808 13399 12283 16697 11177 16470 21527 11864 9467 18281 21313 11792 15224 19563 16441 4079 12405 5597 27181 22841 10027 24072 3968 23694
13293 15554 13491 11133 10688 19611 12945 12353 16011 16848 16437 24130 19728 11101 13978 20201 15874 17581 16784 14272 12738 22155 10662 19642 17697 21608
21960 17823 15680 10537 8118 17144 10364 15610 19166 20553 24866 18116 21813 11328 17909 17926 11477 3642 14078 26188 9946 15036 17489 9109 6916 14239
11561 15933 18525 8614 21354 22015 16648 13719 6276 5356 7026 25865 20147 10350 15945 18725 15656 3961 10824 13937 23619 20055 11652 2528 18303 21964
13737 26346 15188 8152 10152 16513 12273 19575 10090 26731 18657 19032 8683 9694 15040 22811 11861 13813 10854 14285 17979 15379 9139 13614 12422 17805
14790 22478 21629 8202 16821 24001 12792 17425 15587 17780 11978 17788 0 12056 16723 19947 12100 19524 13492 13172 11060 21914 17621 5280 10451 13839
18873 15488 19287 11809 13991 16518 155 14600 32037 19316 21538 8829 15749 9636 15461 22577 18864 20136 9298 13215 8743 16756 17860 17130 11788 23940
9168 19489 18793 10590 20184 18694 6756 15535 15507 8111 8838 14468 19188 9723 15656 14358 15237 23542 7260 5721 21536 3443 7175 21361 12747 20890
19870 18432 15001 10139 21218 20962 9232 17297 30267 13181 16019 19353 12358 6600 15328 15508 15706 2372 8421 0 4699 13422 13015 23024 8994 18538
7929 15309 11764 10651 13321 19308 13548 19507 15652 20593 23766 23119 12426 10884 15364 16639 19073 0 9923 17889 19048 16150 11435 10683 10300 23292
12924 20933 16017 10646 15740 16442 10973 11361 28573 13112 11181 24047 13295 9798 15329 19169 10098 18245 12825 12276 6710 15991 12014 7914 10077 20826
15844 15620 17457 11664 8708 17383 7062 11009 10022 22539 20236 25430 19974 10338 13165 21185 16407 13935 13618 18155 9242 2741 17345 19342 15357 19303
7655 19507 15375 13128 15848 19030 11273 12954 16939 15750 5212 21728 16054 8770 13946 19291 15461 3584 12104 14075 4968 8628 13989 14071 14271 22483
6608 23779 14506 10247 6217 16906 9280 11466 16165 13017 10775 18917 16232 8215 16200 18878 17382 750 12794 16675 22020 20214 15610 16835 11064 20726
11692 23158 20832 12191 22110 16031 18438 15941 15969 28778 8725 25294 10281 5364 16725 15316 14060 15950 13692 13034 17651 14510 18613 12052 1967 20327
8010 9983 19453 12129 17550 20700 20401 13904 8963 17177 21110 24361 22737 10840 15087 21384 13664 10574 12583 16162 16296 2791 16753 18440 9778 19956
17590 5387 17926 8895 21043 18396 0 15677 22790 15930 16905 15870 19934 9279 16653 19923 14855 15218 13927 8258 32431 0 14180 0 13801 23505
11267 10250 19171 7807 9588 16451 4274 19180 16980 16915 15612 25228 10175 10372 15880 20649 12646 14174 10715 6674 9281 7608 17877 22239 5081 19960
17597 25253 13669 9380 18930 21607 20923 11623 20298 18941 17155 28845 5085 12474 16279 18930 12698 0 12322 13561 27776 14643 9312 11728 8595 15040
11488 9893 18896 10213 11151 16641 0 23212 25832 17165 15263 31288 15204 12163 13788 15827 8996 1013 9468 0 7497 10944 15913 2027 8519 16023
16020 22426 24927 11070 15511 20477 12914 13907 17338 19516 18964 21019 14692 13169 14051 15579 15424 15535 12700 12677 17216 17115 16391 6529 12092 17013
11069 9469 16827 11899 14867 21901 12344 18275 25826 23560 8790 23790 9816 9689 14224 21829 14434 7067 11831 20198 23458 9075 16353 18214 9671 13396
12070 24989 13925 10451 15398 17561 6097 10998 22890 7365 13847 11925 24205 8730 13727 18163 18803 14250 9039 10223 14526 9050 11560 4652 1982 11539
10873 22880 19464 8271 13505 19036 9526 12769 19123 10489 11796 27236 20255 12028 14124 18068 17643 9476 10527 11329 30664 14437 15037 6082 9112 20385
10163 18680 17398 10244 13961 17336 3802 19653 15863 14464 17490 16084 22298 11091 16460 20209 7232 23194 9838 8476 20617 20211 17103 10022 18991 18046
962 16953 14186 7977 23357 21145 18171 16765 8033 23096 20228 9687 9023 11442 14891 19256 11102 16322 11716 11216 959 16213 15656 11799 12684 12375
9176 23293 14703 5322 17519 18239 15590 17463 12781 12217 16245 21029 0 11219 14058 14677 15360 1542 12197 6645 5133 9481 8442 21094 10293 29797
12218 17558 12500 16246 11392 21023 10912 14232 26139 20680 15184 20359 9029 15226 15578 19365 18168 30674 12685 17882 13850 12818 7109 9205 10067 17713
14495 16601 21150 12183 7622 23512 9026 16462 11899 15108 20828 20994 13145 12776 17718 17132 14801 8664 13885 15276 23778 14829 11099 24547 12673 15860
16693 15529 22983 10814 12038 19501 12548 13904 10521 14695 10375 27185 6734 11941 11658 20427 14834 11223 13118 13557 5058 10680 22758 14901 18348 18718
8432 7834 19570 8276 17198 16044 1454 16660 15192 18661 12772 16180 0 9550 16943 18512 14900 25264 12954 14007 19440 16455 4986 20846 9462 17718
17775 16630 13641 11384 14049 20022 10934 9689 21913 27156 14793 19241 22660 10588 17657 16684 16512 13297 12496 6003 9159 14130 27443 17214 8287 18999
9865 23669 18021 14297 18053 18360 5282 17808 15731 16829 15537 26460 12434 9467 18649 19980 15236 7654 10278 8314 16400 13642 4464 21960 10470 9835
18332 19295 21924 16310 14280 18699 18199 12490 10628 22683 8501 16721 0 16235 13532 20884 13562 18000 11634 10177 6998 17522 12933 11502 10428 21535
14651 1686 19461 12381 10375 22030 7988 11711 18394 12919 15770 19751 10633 14790 16527 19201 17193 12425 10539 10477 27847 13311 10797 23432 16073 15221
8417 16538 16263 7448 13317 24483 3145 15744 17286 15801 13469 12543 16826 10606 13394 21877 11394 7643 13143 3851 24123 8768 4506 11445 5298 22120
3586 11962 14652 10310 14958 21285 18318 16731 26741 20771 21798 24860 14266 9920 14736 19939 11894 19434 11984 8198 27296 13213 24274 10141 16118 19142
10230 22084 16431 9974 15446 21429 14285 15386 26666 17002 10521 17596 6451 6304 15555 18699 18172 13462 9287 12106 0 7211 14936 21275 13795 19300
15997 26449 17601 12923 15243 18770 5456 10834 19648 18398 13574 23876 11787 8020 16460 18343 14607 17230 10251 18075 14815 15038 13665 13012 13630 18716
1537 13651 15623 7272 11805 22485 15725 16050 22329 13778 11085 26825 7138 14618 19434 16666 20342 11332 10346 7505 26746 18849 8411 10159 16550 17546
22558 27526 18532 12426 8512 18831 19878 15672 14992 18286 12836 16379 16467 13930 19495 18322 18245 20109 14947 4445 8587 16291 12146 15026 8384 19879
5446 18956 17256 9336 10532 19336 8714 11506 13235 22111 16995 8165 8184 9711 13646 19664 13555 3476 11568 14282 23703 12701 0 7472 10553 22883
10067 18124 10630 9953 13124 20978 13136 18233 24282 24278 11032 12132 7886 9238 14025 19337 21749 0 9875 11549 11583 8937 0 12318 5355 27038
20429 19812 22073 11925 24142 21618 9035 14369 22622 18854 15106 13482 9475 10265 13779 19036 15632 10295 11405 13117 9792 23723 5084 10814 9284 24679
9462 9980 15279 12127 15177 21071 12701 16114 30940 21203 14065 18934 7057 7095 15560 18491 16234 23607 13042 15791 14352 9894 14626 28035 2509 19892
13514 17005 9850 11273 12666 19935 13918 9439 28400 15221 28168 18021 5506 8250 17643 22848 20734 9207 11653 7044 28517 6043 2369 25230 719 18231
5462 22240 14182 13206 23143 21523 13254 14217 19793 7262 1321 13405 6014 11246 15673 19050 8422 11112 10925 0 13272 18887 13034 11861 9744 16996
16132 9914 23121 12729 19827 20443 13570 18435 31053 16950 25610 30821 12761 9990 15580 17881 13060 18314 7990 15651 5806 23093 11664 22834 12797 20468
19054 16528 19442 12440 12820 17094 10185 17089 23389 17114 17472 14973 6999 12795 15933 21388 13098 17594 13694 11319 26557 4664 16231 1041 0 24259
2135 16508 18733 15039 13763 20474 10332 10452 20091 13367 11537 14704 14113 10694 16046 13982 18092 13976 10753 9582 15913 15386 7363 10650 7770 20867
3704 21923 16325 8713 22025 15148 0 12532 20538 16001 16544 24430 16396 10711 15392 18754 8148 10450 8196 11658 15972 14710 12910 8738 8830 21041
11067 20217 18254 8484 11930 18590 13776 12979 16359 16188 11411 25639 13321 13458 15850 18722 13116 7166 10655 2080 23715 2761 5093 16998 10941 18000
21917 22304 20320 12499 19173 24448 5640 16140 20063 9381 17303 17959 7729 14046 14143 15683 17588 9531 11758 8455 18037 10727 2489 11626 9642 18531
12866 12768 17222 12891 18102 18729 2633 17876 26777 16520 6853 19053 10050 9574 15150 16614 14649 704 12277 4315 0 18477 11036 11413 7337 23595
21970 17938 22866 11019 9515 22958 6229 10106 9842 9586 21273 14830 19674 11658 14029 18804 21428 8159 14059 3511 14972 15902 10887 23265 11785 21698
9581 15716 22730 9827 23113 20224 24321 16961 30173 16604 14817 26071 26141 10665 14484 22871 16222 8359 13352 15185 17128 16941 5663 8179 12025 18496
8346 18097 20300 9715 14061 22831 15335 12834 21128 7796 10567 6039 6846 9577 17222 13919 16608 14716 13492 0 19599 14103 10422 24764 10607 16776
14459 21311 14812 15494 11120 18637 9234 13508 2421 21410 4293 24902 13801 8775 16979 20068 17663 19810 10337 9677 2917 3541 7123 12933 14015 20370
10016 20427 18289 11648 12887 19327 8262 9959 31047 15325 11916 9515 23453 8471 17439 20862 18791 18349 12737 1635 11843 16103 10486 15796 4665 26215
21318 9891 16751 11805 14212 19989 2484 18732 28307 4602 20055 21540 7471 6092 15523 21655 10521 14534 10270 16329 17646 10470 10756 13023 0 27055
10559 16956 16132 7092 13027 16238 13388 19541 10900 11374 20088 13706 10968 13339 17612 19923 15823 12252 16038 5351 17266 9638 14005 18158 12786 17064
3563 20185 13634 10007 16664 24200 22876 19399 8004 12813 11160 11112 10035 8477 13847 19124 14846 1663 12758 16755 22614 20167 10603 18741 9680 20529
15682 24769 16147 8762 20694 19060 17605 13898 17592 9786 10688 27353 12982 10507 14215 16998 17587 14574 13567 8079 17710 12946 5985 14782 10364 18261
15012 16868 16364 10812 18009 19513 11378 17456 16243 16145 6139 20694 7576 10910 11779 19571 15854 4312 12859 27269 4943 16658 2151 9965 10386 20916
11368 19343 15037 9940 18542 18608 9980 7649 21629 24949 9726 15951 9691 13888 15935 17349 13567 14407 15607 4300 20345 18550 20003 13748 9276 22414
19528 13240 23017 5070 11641 20297 16516 14319 19821 21584 5760 17328 17547 12197 16643 24201 19571 2369 9415 10006 16905 15340 12924 29520 9065 13169
10980 21353 16291 8992 15360 24177 10778 12074 20291 25957 17898 11167 9052 13219 17238 15862 18098 16777 14577 11083 22257 3326 10498 13969 17629 12258
