365
41 16 83 45 6 37 10 72 62 72 7 27 64 19 9 48 75 62 74 19 29 8 66 57 24 79
12759 11985 24410 18515 15476 10603 15643 14689 11211 16414 15429 24044 16259 12670 12516 10458 11644 12773 16599 11443 20841 12117 14847 10480 7138 16289
8478 19541 21436 27269 15246 9797 11144 3552 15493 21039 16987 20384 14478 9163 12998 6243 11470 3968 15159 16209 10790 10729 12631 13900 12947 20428
12159 25255 16685 20404 22426 18016 10528 17698 20909 15674 22115 15992 24396 13448 15789 17044 4222 12044 12850 12059 5490 21193 13010 17158 5441 10544
14395 18550 15474 15158 15884 12920 10564 20373 12793 16716 23138 21508 7072 15449 16111 14414 5854 16693 11729 17712 23110 10087 17830 19766 0 19238
15445 24525 16779 16860 7001 9739 13052 21088 13708 8470 20897 20656 18965 20145 16899 12670 14296 11963 9204 12953 17536 14239 17413 8931 19796 14383
15598 17976 22357 25620 9128 14134 10096 21310 24683 26183 21062 23305 18095 15676 20343 14638 12334 10198 13629 20928 17547 12500 6317 20500 21425 17627
4852 20583 13292 19981 16385 10289 17564 15817 20633 24980 25249 16789 18729 20642 16572 16968 0 24489 15127 17644 10805 20309 20897 20507 14039 15680
12885 23402 15023 16822 13833 15061 10457 18904 21594 15185 14708 18061 25838 13802 15820 18940 8072 5917 19892 13556 20186 8577 10425 16297 25055 13851
15771 21782 21987 20196 9040 16812 18696 12446 20209 15275 20645 21608 9950 14390 19521 12355 10841 7921 11627 22125 20371 14492 13065 16493 33296 19822
14351 30266 20480 22650 17899 11513 14333 18651 20414 14980 11482 18772 16049 9234 19078 18324 1714 21309 13490 15290 14615 9850 17328 13087 17276 18422
7734 16922 24624 19802 12094 13276 2625 9090 15277 13943 17735 18776 20397 19552 16100 25770 13016 26456 8689 11193 12094 0 16705 23970 11874 18268
16212 16872 10813 21995 4820 14610 19404 26423 7184 18242 20502 21788 17979 13472 19527 16190 17500 18028 16249 14080 11935 22193 9110 12245 23301 14152
12221 29554 17219 23974 16794 8258 14842 13442 13455 22864 13724 18204 2702 3218 13497 21664 11904 19886 12786 13811 3253 0 11829 3557 23358 16026
10402 14631 22224 14081 17417 19096 17285 26871 21491 18828 15832 19758 23146 14656 19023 8422 4898 17788 7923 13608 6992 8608 18202 21798 12116 22471
10555 19739 17745 17901 13419 12560 8984 6268 27077 13899 12621 21789 4473 19757 15591 15415 11457 16307 12456 17223 36010 12938 15485 27443 31962 18774
10661 12042 16176 13098 21287 10477 14696 17748 21565 15404 15689 21406 12052 20155 18194 20136 7407 18766 10242 19560 24743 3630 13035 23858 21103 20123
8934 15642 15956 19968 20995 10833 13325 18118 7813 19083 26444 22968 8482 10679 18225 7092 0 26515 13644 19057 29007 22743 18156 16003 10417 17192
10137 24076 21808 24554 19836 14274 5047 4583 19862 17609 17682 17586 4285 16177 15458 14386 8240 31864 8686 13022 16827 841 18313 26523 2466 18216
12140 18025 21437 13840 8006 22024 11741 4649 14722 12578 17737 19769 9940 17162 15735 17430 11743 15092 12941 8766 27886 16073 11701 10436 15796 13127
13976 17618 17994 21485 21730 12639 17707 10977 30997 19513 21634 20544 0 9122 17195 6389 0 16933 8530 14848 21159 12965 12383 19237 9107 25806
12813 15261 16746 20294 17227 21851 13690 13088 12039 16708 17075 20888 14589 14747 19104 12298 15879 13281 12939 12799 17276 7890 19033 3650 18948 13010
14374 15256 19028 15359 20497 15666 14937 28949 22207 16809 16603 17228 8237 13511 14819 15513 4713 20733 13973 16759 33755 14503 11227 13484 16744 19237
14783 31989 13237 13322 15052 13005 9942 28774 16654 17104 21033 14563 15984 5629 13656 13585 17028 15313 8408 20730 14228 0 14513 14320 13367 13006
21292 17672 17460 21053 16687 21495 11452 17126 16347 19135 17047 18629 14534 25887 21849 11737 12389 17526 12372 11494 23664 15093 17106 9551 6152 17357
14235 20894 17993 20333 16224 20280 7754 3533 16075 14375 21284 20733 9080 14113 14307 12562 0 15356 6828 12958 17632 11158 13371 19810 13131 15674
9814 18334 19923 15771 16738 18050 17056 15122 15457 13696 14933 17910 16956 25969 16785 14554 3768 18463 19346 14618 19626 7114 10323 21136 110 22598
12883 25379 16039 18588 16103 14242 14745 24074 22848 19711 17911 19823 10421 12711 20136 15066 11734 22588 17010 17536 33385 11949 9210 27343 0 17682
12661 21961 16605 22747 11202 17807 16488 19415 9446 12292 15908 19383 17365 2427 17933 19594 11190 13314 13000 16036 17928 8387 10100 25254 5719 11703
14761 14750 20496 19248 17808 17703 13343 8592 31449 21126 19110 17798 16697 19006 15494 17693 6484 12909 17062 16037 12385 12041 9452 19104 16427 14112
17893 19933 18015 23564 14171 11828 15099 10053 13352 7664 18293 23515 21979 16062 18337 14976 3974 21905 14854 20672 2384 11022 14051 21548 10941 22970
17002 15562 19645 22216 14492 18068 12094 21659 21235 11236 19024 16173 2836 25291 18436 12953 7809 12156 12444 12317 18243 6091 15482 14466 38112 17433
15979 20399 17275 20308 21806 16897 20457 18904 11752 15139 22161 22805 17950 10063 17922 15871 11198 17510 11939 15524 16512 13544 12613 24338 29038 17623
15051 23203 21672 26788 15916 15300 11729 20387 16189 21330 12949 21150 30561 17255 19278 22085 13583 8428 12957 14779 22208 15665 15646 11344 19386 14875
15337 18954 14759 20713 12903 18313 20788 14488 12328 12596 18687 21946 18799 27487 18338 14112 947 3204 8777 15896 21193 4948 12224 27611 13019 23414
10933 13420 16000 18951 7369 10999 20105 19212 22053 12699 22794 18074 21324 14431 16506 8078 7338 8717 12587 13884 19167 12161 21185 9304 12540 10649
10385 28278 20785 24239 19103 17060 13217 10227 33785 15333 9627 23040 3246 12621 15612 9613 610 15280 8385 17009 11091 12056 15389 23444 29244 15090
6820 22031 17925 18473 9276 17268 14341 25523 10271 17386 21033 18354 5204 9869 18743 17572 13277 15626 14262 18561 22201 8824 18975 24103 14016 20811
11266 15279 20488 17141 12323 13524 13852 23141 26706 23328 5273 19663 18262 24472 15431 15989 14265 13791 17063 15034 13734 21034 13546 19760 15854 21731
17296 21567 14234 21015 9846 8761 18014 13305 20728 12188 19107 22603 11387 16320 13644 12908 21531 20658 16378 13676 18969 6340 15575 8232 14817 16684
13886 21401 25887 10500 17238 17051 9503 3712 25984 18180 20335 24820 16338 16726 17669 16377 12089 21383 13331 18048 15940 13507 12716 26865 5443 23763
13279 20164 17020 17885 17027 15503 9568 22359 13125 10868 20927 19319 0 19982 15428 12811 17996 7250 13587 17763 13729 5513 11822 9732 14251 14015
6352 21062 18819 21138 12864 14809 15091 10171 18666 15361 16791 18980 32273 8833 14348 7792 9008 21141 13281 19135 23673 1973 15424 21747 25781 19332
11940 21093 16482 19873 16478 11255 13085 23385 25126 14101 16639 17255 3599 10110 16363 15604 13660 13558 7120 17537 10642 8185 21305 15690 30855 13958
18073 10847 20289 16265 15533 10260 9959 18335 14260 14645 22169 23200 26694 18067 14432 13445 15814 26885 17566 19066 21247 8640 12491 12021 13236 26040
7394 19364 22241 20083 23594 12994 19223 22059 21676 18995 19200 18215 17662 15623 14455 16858 7989 18274 8144 16032 28666 11375 11377 16209 11622 21686
9678 12955 16929 19076 20722 15497 17896 14864 17793 18578 20845 24150 15617 23999 20226 15480 7175 3556 7842 12606 6276 11654 16126 15857 18209 13491
16327 23708 19972 17173 17137 19440 13599 29297 9877 17046 13861 20739 28287 18713 12691 12609 12088 17382 12187 12185 5225 13548 12784 21124 15939 26842
19426 18559 15729 27036 14955 20835 14520 17457 24096 13936 17902 21719 8034 13823 20344 10166 9161 6431 11992 19716 7675 10774 19343 20212 20086 8596
15269 17410 16789 16531 11124 17464 13291 33491 13982 23719 14105 21186 19942 10948 19490 12601 12171 15868 14518 12598 14582 1408 13318 22694 23234 14193
12664 14266 16784 21301 19309 18130 18776 10469 27338 19637 22139 20154 8164 27213 17944 7824 6740 9759 17417 15510 18200 15335 8431 17906 2254 15209
15644 29248 19441 22352 14715 15098 13225 32829 20319 21543 6260 21622 20556 14340 16852 12260 13482 8669 12946 18728 9067 15516 12110 20805 2412 11108
13532 10921 18702 14583 215 17591 7011 25723 16019 15116 12561 17891 17594 30256 20056 8187 3354 19297 7407 15054 6343 9671 21527 17402 17600 15202
11522 19979 16053 15904 14366 16937 11976 20991 23621 17261 14671 19209 14834 425 17049 19859 15621 11070 13775 16399 7899 0 7056 20478 22316 19756
13902 19792 21315 19056 6815 14021 15687 18711 17252 13362 18568 18427 15311 14748 16085 18928 7555 7611 14693 15186 9327 14667 7829 22391 17660 15048
13930 16472 18567 16987 17156 14916 12987 32682 19685 18492 14307 18941 21355 21760 18925 21123 12538 17900 20761 16455 7347 21396 19550 14967 11720 10901
13157 22117 20059 18561 8477 18183 10307 15879 29076 19472 13543 20746 4921 8013 15465 15110 16143 25505 14508 18703 12125 15751 22555 19840 13422 7211
12798 16117 13145 17416 18575 16028 12134 23331 31287 19994 15849 16758 8634 22498 18532 10347 488 13453 13733 13807 28839 14441 11265 13558 14995 17709
14485 21676 15401 23570 22150 11817 15373 14111 17804 19244 14661 21366 9682 9997 15703 20004 6055 11664 11807 13202 22325 4309 15694 19391 17998 10008
12714 19254 16992 23065 26701 19658 15692 8090 15313 16798 13521 21349 18199 19505 18604 12973 1158 18358 11992 8877 9374 8740 11797 12603 48178 21929
11547 14126 14537 16459 17402 21190 10944 23769 9086 10524 16399 22214 18240 9217 17462 15369 14447 15251 14118 16466 17620 8244 12818 19031 24455 26768
14219 17286 19279 20195 12048 21685 14952 14650 14172 21878 11808 20105 13633 5893 11771 5921 1431 25278 12379 12356 29261 2644 8142 22095 23699 11013
21833 25252 19764 13788 23660 17003 26312 10603 20895 20216 14260 15520 17466 10779 17406 9750 11594 16358 9745 18200 8645 14645 17490 8365 13840 19772
11599 21166 21716 17535 22543 20440 13822 20028 18846 15401 29294 18983 11284 19943 15200 8661 7290 24748 15858 16244 23182 12782 10849 24884 11525 19800
10936 20113 17796 23348 15661 13596 15987 14004 19638 17108 13332 18716 16813 18401 18997 17827 2451 11851 13828 15559 17805 3284 18523 15010 24123 8529
16500 22610 20994 17097 15179 10828 17445 13671 23504 17548 21799 15832 10394 19560 18880 14326 10125 18254 16911 17380 4583 11442 19969 10134 9976 20305
16916 19047 17021 16310 12591 16851 13316 13992 18763 12063 19920 18243 8682 6388 16319 12045 1775 16021 8461 13838 16167 13869 16359 15860 5411 18496
8729 18089 18570 22892 6188 17959 17121 11528 23483 14490 22331 20120 15410 12306 17353 16452 17521 4004 14346 15420 16719 24048 17419 19210 21628 12452
15758 12663 17909 23905 22557 18965 16002 20850 19201 18245 20448 16942 19750 14266 17049 10397 17391 16308 11011 19412 13453 20477 14885 20832 1611 13055
12854 16109 20737 21853 14705 12376 13346 22773 7359 22072 17828 17688 16718 10666 12684 12753 19945 17361 14570 13827 12894 1594 15700 27538 28397 19061
12399 20056 13829 19838 20092 15009 19666 11735 26633 19861 13110 20475 24855 14158 16001 14781 2230 9640 8772 12835 25383 9797 18184 16072 17876 20514
9854 27208 19944 26213 13249 20307 7224 13569 29105 16511 19480 18138 0 14234 13217 12663 6717 10530 14444 20475 18945 1183 13126 16077 12581 28698
14771 9389 12819 22971 18706 14440 7835 32470 24029 18210 17466 17678 14107 6309 18982 20241 7612 13543 14225 13488 10342 4769 16063 15885 13361 16148
9250 21445 21915 14836 16880 18667 15388 22400 12227 9947 20475 15909 11252 25692 17540 4376 12017 20190 14665 22261 23801 5833 12786 19585 3782 20016
11890 21952 12191 22696 27275 15540 16660 14747 16510 13907 18006 17388 23272 9833 21584 21623 3749 17440 12022 11480 23636 9333 15011 16581 10757 18029
16833 15180 19172 22873 21772 12468 16471 18467 18666 16516 21003 18865 4479 13514 17863 14522 18323 20499 9592 15365 14940 4731 17465 14788 11765 19326
21628 16077 21407 22842 6264 13057 18360 12651 24181 13375 11437 20070 13240 19776 14321 10597 4999 16416 7476 14702 18738 11203 16739 13612 17605 8594
17181 17990 16156 21810 17074 16362 14210 3154 25321 15345 15734 15834 17526 32229 21272 15600 10778 21251 9316 15926 21155 13507 14668 16956 19319 23651
13043 23236 21703 20151 21576 9549 9768 12801 13465 16936 19484 22554 16176 12472 16913 21385 14717 21061 6716 11436 10780 27070 17419 20396 18668 12129
19865 21010 22486 20651 16529 15964 13403 25367 11142 17536 16480 18321 14834 15341 17368 12242 16463 20153 18870 16729 20031 18567 14114 8922 26664 10415
11660 13317 20137 16759 10454 16479 16837 30892 17869 21698 17445 20315 14322 17365 13013 12848 10078 17361 15775 14392 15033 1509 20358 6747 21906 17324
14017 20122 17587 17487 20378 7887 18583 20716 13445 19590 17253 21601 5598 12414 17052 16500 11096 9716 10493 17672 17050 19225 13143 15786 23736 17202
8620 23912 21971 28215 9370 13667 9842 18677 13277 21411 26697 16833 19849 15611 17933 20067 3526 22579 15279 17574 19254 6242 14275 12419 16588 18868
12844 17286 18131 22003 22071 11539 9653 9204 14925 10590 17824 20423 18638 19413 15384 13238 12932 15955 11600 16146 15867 9604 17038 11931 13043 26597
11816 31563 18499 24757 16142 11036 13722 15193 9575 13033 7838 22690 3955 12688 17026 20293 5092 17235 13670 15347 22085 2274 15248 12284 6144 15623
6674 27529 21760 18110 21737 6488 15632 24521 15117 21777 18034 20667 10700 8073 17218 14333 5821 5525 13701 13989 30492 9072 16887 9731 24402 16417
20300 22773 21861 17851 19644 13163 13650 22267 28425 20973 24794 17768 8654 20894 20021 12677 16485 19637 17138 15553 31627 5510 11808 18892 20420 15929
11722 25989 16125 19066 8367 15184 16650 15556 19882 21694 17007 21167 16587 24561 19301 11473 809 12065 10020 13985 5827 10653 13564 10356 22520 21916
8135 14798 16276 28749 7715 6094 8932 16006 22102 16484 23742 18532 18070 10505 16579 13887 10544 27172 17785 19304 21029 20203 14612 16853 11446 11727
14103 24185 21036 16192 25259 18324 16815 19738 18204 15805 23102 17415 9706 14613 17717 14785 21706 20900 11404 16994 36427 15998 20268 19205 12800 19353
11452 15951 15539 18478 5821 12989 11796 10271 12271 16719 13447 18862 10366 17532 16737 14225 0 18109 12839 12535 17126 9041 5079 15999 24733 19900
12785 17798 15228 18166 10871 16929 11447 19031 20914 13531 23092 19385 29407 3702 12508 14260 18301 12173 8849 14311 20836 15854 14333 22800 12772 19488
12434 25600 13712 17547 16334 13100 12208 10078 17468 11479 12720 18527 1910 11905 18087 9507 12091 21185 12660 15248 23249 13077 15222 16991 27887 19337
10371 40342 12748 15346 10522 18170 14087 27429 19380 15835 17003 19757 14846 23477 18601 22738 6500 18102 10510 14842 10108 18482 18515 12904 15493 7269
18667 22729 19159 14948 15304 20349 16677 20352 23723 12436 21618 16127 21253 23976 14662 12422 10762 8896 12960 14665 34458 1001 15032 16588 15440 19282
9586 18914 19447 26228 18874 14527 19868 22056 28327 17055 12812 24457 7850 14011 22215 12753 7494 20147 11131 17654 25613 16160 12666 16759 10804 22632
17766 19847 13377 18072 17669 20019 16472 20245 23259 17339 16868 18174 8936 18591 15989 16118 8009 15925 11410 21678 24096 17123 19522 11198 14513 22895
7968 21677 23156 23636 13711 12590 17110 19545 17716 15042 17435 20169 13500 11166 15298 16998 10927 17868 13365 14579 15754 3500 8087 8548 12396 10131
15981 25072 19343 13606 20580 20171 9715 19623 23254 18770 12365 21522 3021 32892 14007 13445 8851 16452 9581 18357 17380 13645 16704 7242 17388 19670
14838 17814 16832 17822 16797 11095 19336 13214 13795 8611 19756 19384 6751 0 17802 15222 27315 16232 11894 17217 21916 12112 13468 17372 15533 19191
14104 18087 23812 22664 25397 14253 9434 20153 15411 9528 25720 16976 9768 12820 17865 9140 8777 15015 11876 18299 17486 7586 22580 18576 23242 10121
12002 20548 22653 18625 22326 12181 13438 13235 19246 16283 18808 19046 20481 13444 12483 12904 6162 18721 11775 16839 15556 16975 11118 18461 18175 22981
14793 24956 13082 25691 13201 16832 7223 12499 9890 15831 15138 17752 18799 21144 22178 14996 1605 16298 10307 17247 12886 10567 6205 15198 15168 27627
14013 23045 17433 18191 7297 17281 16511 14238 30271 17322 22966 17519 0 16212 18006 18929 4998 11132 12438 16092 12724 13906 15879 17273 24189 24901
14014 23551 11296 17908 17605 20430 12076 12570 12393 9233 12223 19130 18197 10941 12206 13028 280 35168 12092 18155 16260 13350 14367 4950 0 16503
14862 22732 17839 16284 17430 13771 18589 14080 11689 17504 9742 18621 2046 14006 14609 20065 13079 15338 13914 20544 20854 10113 11829 16871 4016 17597
14087 17398 19703 18180 19879 15868 15332 19710 16031 22440 20526 20071 16914 2635 19939 19031 6978 21053 14319 19019 34333 0 13609 10380 3356 17074
11078 14446 17741 13959 13599 15533 13869 16027 10689 16686 17259 25199 8680 10893 19672 19476 14185 20449 13684 13431 12624 9861 18211 13409 6472 24205
15093 29635 22931 22492 15356 17035 15491 21491 25053 17790 21011 19296 21367 15736 14592 12906 14622 24647 15230 13229 17626 15804 14580 21685 28567 17579
14577 23139 21633 22815 7917 13900 18378 15278 13368 11829 15389 17973 19416 20976 18228 13031 12345 19081 17351 12252 11077 15621 16958 15687 27244 24415
13759 15287 23198 22902 10627 14743 15561 20682 17715 11997 15006 16281 10052 20612 16070 14379 11279 13906 14135 17055 16423 15600 10636 11963 21702 12634
16774 19248 23371 23740 11756 15483 9075 16541 10155 23046 13790 20718 13235 4880 15282 15121 11077 5785 10784 17711 22149 12620 11574 16389 20889 24153
12692 16287 18694 21163 15873 8671 13073 19021 15074 18002 19870 20724 20037 13651 15721 15551 16798 24958 14333 18157 24126 7599 15485 22604 26724 14004
11544 26415 16005 10743 7750 13053 14687 22313 22186 17480 23557 15553 991 16601 19089 13083 6240 15517 9955 19859 18245 4811 12930 12896 15723 9816
10558 20240 21973 22399 0 16668 3125 17623 22364 17103 21622 18915 20429 12646 18420 18788 8540 19324 17211 13146 4522 11671 11504 13338 26761 15306
12006 24407 14112 12814 17416 22418 21174 24901 13021 14554 16082 24323 23870 31845 15694 10922 6697 12972 12691 19251 17428 1857 17076 16488 29481 16204
13772 17102 20230 21104 23734 27033 12033 20413 14191 25384 16758 21893 16982 13857 19766 12942 17607 12713 9741 22567 11129 26080 14162 14569 12590 19806
11350 21060 21158 16352 11603 17698 15897 19165 28536 15541 18455 23521 16842 22897 20146 21253 12256 12323 11349 14345 18411 11726 12741 16546 16333 11594
15735 24283 18680 15889 8333 14035 16640 18912 16239 17066 21166 19895 7722 20317 19969 20104 16022 19734 16028 16484 10202 5871 15894 12994 24232 8932
10190 23251 20601 27298 10365 19256 14236 6856 27447 16109 14116 21939 14260 19831 15635 15898 16812 16449 11840 16186 22713 16477 17784 11355 11495 20883
11485 22966 25941 24958 10053 15096 14621 8129 17502 19141 15414 22120 23285 19369 15877 16235 5956 16613 14079 16199 19758 20644 8412 18009 12814 20610
13927 28160 19371 17941 18548 11205 24224 4735 18017 8605 11628 16081 19904 16137 19999 10238 0 14200 8562 19082 20574 16761 16065 20195 17177 17406
9367 20892 21001 21271 714 16184 12228 20467 22778 22259 12121 17180 7293 16821 14699 19002 1382 25912 15506 14311 14212 4224 16059 22499 10061 15664
12881 10496 22411 7014 13972 16046 17664 23226 12813 17640 12231 14450 20626 15881 14721 14268 3500 17134 15160 16577 13064 11720 13423 7948 20779 24802
18232 20250 23319 22619 15085 14353 9528 2346 14758 15720 18725 20001 5461 13478 21717 11360 14071 15762 17248 16169 7727 5875 12314 7082 10773 17239
14883 21095 19719 23815 12612 9822 13564 8298 13364 11654 24226 18496 10272 8566 14233 16184 7870 21396 15907 18050 28046 11466 21002 20561 23931 16416
15728 12942 13615 21270 12835 10679 7218 12092 26873 16954 15948 18570 8336 12117 15589 14787 7778 20715 13756 10934 13098 4692 16501 8316 20558 23912
6657 15717 16740 26866 22219 12932 13918 13337 21387 15397 21825 18490 22513 12063 13971 13246 12423 16367 7510 19249 16251 12302 19238 15796 21375 14236
12729 24406 18333 25687 8266 11196 22018 16621 18093 18604 12756 18879 0 21057 17930 9052 10294 23256 13373 15204 13776 20790 13997 12998 7215 15830
8070 22246 17332 20614 15627 19944 15601 13915 15900 20739 14397 18853 17973 8110 18325 19779 3156 23061 9214 17772 6154 10600 5103 3219 15021 26228
12971 24785 17352 25719 4596 15770 12980 26289 19425 12256 22207 20990 14456 22985 19094 17584 15995 13798 11817 13414 7190 10449 14803 14231 24402 20584
16609 20700 18424 18610 17830 9619 14161 31397 19067 17329 14395 19043 0 14614 20435 10504 14429 9653 16367 12472 20251 7330 20745 24778 0 16970
12236 29295 18663 20944 24825 21949 25215 12065 17249 18362 13701 18012 9903 16872 15521 9661 17039 13721 15823 12507 18447 15137 8347 17964 25843 21306
14872 21237 13631 14432 20592 17314 12287 11866 27540 19939 20214 15438 20210 9048 16732 12004 9273 21830 14569 16616 32005 11829 12882 15938 9099 18544
12350 25491 18398 16960 6522 15706 17563 18207 18219 17436 22257 19228 20446 14477 16495 5575 16874 10072 17989 16025 10180 2011 10939 9752 22309 19848
8274 11042 20107 20431 15347 12573 10153 19119 21095 17134 11207 22599 17965 17322 15929 14527 11804 20003 9437 16787 6354 12122 12185 12322 11122 12187
8610 22317 14179 20405 19850 16235 11819 13305 10250 16469 16822 16974 11021 18045 15452 15934 5087 19278 6500 11885 12751 24470 13490 25088 14994 20417
13803 17810 20299 18885 13946 13277 18927 9536 15337 10894 27043 23738 22623 13369 15197 14759 12943 23132 11381 14334 20008 8070 21067 10274 15673 15666
12176 20093 7348 18561 16550 21390 18222 31521 24160 17658 24011 18172 19721 9808 12905 10920 16657 17829 12854 17639 15965 15075 15550 23145 17240 27896
11305 23446 14328 20954 18976 20915 10107 26558 22847 17059 18453 20725 14987 26119 14930 14461 7308 19183 7142 19919 26536 10654 18205 14268 14668 17469
10380 20158 17050 22558 11200 20959 12163 22315 22822 20719 8165 21397 17087 22537 17553 14799 14116 18169 11567 15937 36875 13972 22857 21847 12918 21550
10105 16607 23396 22598 9136 12038 14489 30928 13568 11875 18831 20703 14553 21370 16602 13120 6942 21420 8857 11647 15071 16100 22868 14465 40722 10397
9453 27319 19558 22837 20346 17012 14064 26369 22437 22750 19872 19783 8914 6106 17384 11988 11958 22150 16005 19017 16677 11224 22226 20307 29315 10756
9208 8815 13582 15723 13421 17420 19320 7381 16233 17458 21328 20382 9295 14766 15009 18996 19703 14734 10875 16181 13695 10532 12085 21175 21996 9132
19685 8704 23226 22661 12086 7715 10750 18108 19373 17488 19649 17296 5765 13378 15417 10571 16313 19361 13365 20580 24435 5824 12961 21913 10530 10440
9503 28031 22629 17366 26850 10839 18300 18200 21539 13144 14970 18683 30624 13505 17830 20182 11196 18191 15719 11404 10577 4486 11035 16318 9736 21144
7812 12701 20657 17857 12643 10340 9835 20453 30776 16551 13773 21008 8404 19246 13995 19557 6365 24938 15909 15858 23197 3053 20268 15668 12934 23842
14202 20055 18141 23393 14379 14642 7435 16133 22134 12770 17390 14949 7271 20876 19296 17319 15050 12796 19913 14264 16244 8763 12392 21209 15171 18049
11526 27360 18918 22261 6173 15087 16634 24016 21031 10835 6041 23170 6122 17277 15593 9828 7580 13451 12463 18027 30665 26299 19633 16581 14796 12656
18945 15800 13803 16795 12337 16869 14610 16706 20936 13893 14232 19560 6243 19775 16651 13624 12481 12371 11647 20025 14671 5465 22978 12634 17112 21239
8727 24103 17666 18774 19913 17225 21964 25361 13998 12953 18707 19617 10594 15902 18788 17354 8953 16635 13202 21275 11965 8044 24924 11888 7373 16922
12874 14040 17322 19540 13324 17121 12883 11302 20869 19832 13813 21762 17135 14018 15243 12580 10638 17872 10660 19158 10655 6350 11853 22049 27626 19569
13769 33097 21224 15428 14322 9525 17503 18324 25593 13187 23287 24536 8254 23025 15876 18724 14200 23510 11591 19333 9174 12713 13569 15752 11043 24159
10623 16568 21952 19487 13586 16394 29388 21144 12532 18476 14640 16470 17014 21179 18682 17276 15946 26316 16581 13194 14208 11491 14709 10282 11204 23877
11715 17913 17770 22838 20893 12958 6650 22625 21120 12067 12306 19654 10220 19985 20862 8027 14801 15990 14813 18820 24323 1157 13157 12789 3838 19899
13201 17038 17023 17318 20864 16003 20634 20693 13820 17412 13808 18999 19405 20582 17267 21440 6922 9504 10226 13895 23095 17584 18111 11407 12530 21735
10505 22552 12216 20597 14374 19565 7541 27526 14402 22845 12048 22165 17557 24877 18804 17351 10313 16210 14392 12577 22009 7046 16996 14138 10965 27391
14431 18476 21114 10699 21380 15125 10861 25054 19323 21899 21129 20170 28831 21093 17584 13860 14484 27456 14302 12640 16044 15297 12850 8175 29807 6838
7221 16863 19128 23462 5161 15101 18950 21417 9379 13650 15946 19627 7838 11191 14445 17424 11735 24449 13203 17860 7690 20932 15112 24267 9360 19044
16519 9427 18835 19888 14390 13246 8003 20661 24804 22626 15332 21005 21961 11075 20070 8279 11197 8846 13872 17083 22508 15010 8832 19615 21133 17641
15469 13848 14553 18041 16198 17361 17915 18195 15376 14423 23422 23619 22078 15917 18014 14171 11831 18707 14195 17883 21943 5135 23496 25680 26746 16524
13576 18653 14141 23724 17270 17012 7067 14811 17443 20459 18218 22534 7194 15919 20597 19774 18840 22625 16078 14145 4591 4642 14735 12594 8385 21514
12249 19552 21175 17226 15075 12431 18388 10932 14507 20194 19867 19261 33976 23185 18657 16447 1523 15274 18817 17721 5681 0 17217 10545 14669 17906
8044 13190 22094 25618 3130 8614 8869 28896 16418 14025 14503 18145 17819 13385 15307 16343 3816 8916 12980 16906 26040 7186 10180 16540 20164 21178
8053 29144 20156 18261 20475 14515 13399 13346 23368 17220 15802 19647 2371 17681 19494 17550 16168 26728 14038 14158 26288 0 17900 11134 23252 18694
14188 22053 17472 19774 15928 20444 14517 12020 24808 15848 19833 18674 12379 15880 15158 19262 10262 21079 9433 20149 12066 2129 22396 15412 19996 20306
10716 13682 21267 18990 16834 13618 15808 13650 22114 15199 21150 18209 9399 21330 18293 14603 13583 18242 9254 15072 26682 14614 12861 16259 31578 19639
8917 20919 14332 15008 12296 17969 15070 22169 20779 8110 16987 18852 18755 17113 15648 13640 8585 11227 14408 16883 11470 11612 15253 7988 9722 19934
10653 6318 24569 17977 22591 9398 13650 16335 18234 19116 11878 16674 0 25214 21191 19071 17854 19295 9967 16387 15608 19487 13955 21018 27198 19927
14179 16638 23874 19198 16187 11399 17193 15082 11780 15865 21414 20471 20369 14248 14010 6420 0 17540 3140 21410 30945 11085 20430 10386 13460 23120
15778 17554 20266 20684 18920 18781 13611 11078 18014 10792 18965 15496 19175 17006 18271 18709 7315 12103 14842 18047 19254 3472 11355 638 37279 5956
14978 9220 18733 18126 9312 18982 17967 20071 28308 9184 16048 18099 15602 3915 15335 13533 12477 22374 17500 19807 16020 12534 15585 23789 9464 19373
14414 24974 24498 23579 17609 16052 14929 27440 15890 13901 22099 21907 6665 4903 18330 11376 7574 8429 19682 17866 17445 22772 19262 18042 3235 17843
12124 10454 19652 16335 15244 15084 16724 8754 33333 13320 12494 17555 8217 26223 14640 13350 5342 17537 19421 16852 17863 8028 11116 14074 11066 24030
16906 26768 16555 17452 25952 15615 14283 18005 27230 17682 11720 20539 28950 19921 17466 9954 8942 14319 13010 10819 15809 5664 19221 21700 30923 18923
14085 23169 19239 15998 14717 21465 10949 6089 24597 14536 7153 17499 15713 3786 17747 4929 11302 28745 11479 17064 7069 5141 16487 10982 20157 21998
10619 24958 21208 22770 7183 12701 13182 23645 17590 14322 20991 26051 11680 15070 20751 10967 16704 6029 11127 16836 12477 6898 19168 8593 19760 20870
13456 22976 25598 16382 19143 14103 15473 18389 17671 15257 18213 19126 11919 31177 15777 16538 2646 19978 7676 16386 17579 6235 15937 12417 19111 30313
14137 26040 17308 21350 11127 20054 13952 15255 14097 12265 14656 17849 10691 13601 17517 9310 0 19424 11860 11049 20572 10949 16216 17631 14692 9441
12457 22158 17113 22961 11697 9763 20209 18499 17221 16716 17401 14576 13055 17484 16997 15252 14208 12606 14458 17692 6912 7637 17484 12133 15304 17484
9863 24713 18236 17242 24272 15806 12224 5540 7873 13912 16600 22536 9330 12062 15524 10706 5228 12916 14554 15975 16321 2038 18097 11721 17928 21098
11793 22121 16282 20120 10030 18049 11308 16698 17187 21687 12462 19174 16080 14098 19575 16264 15729 22403 11223 20287 19175 17442 16144 9221 22954 26415
10101 14471 18855 19945 6363 15654 17273 17157 14505 14538 15654 18838 2835 22709 15579 11852 8124 33990 11672 15363 12627 7027 10080 9168 25162 16643
13354 14679 17678 13974 13424 12744 24803 5496 21164 16621 9744 17581 13179 21847 17281 11988 9926 26369 12824 12983 4981 9314 16496 13567 24722 22159
14336 16052 19414 16889 10853 17767 19450 26021 19942 17666 17895 21124 20421 13230 23522 11402 2208 9346 11863 11431 24007 23424 11285 30636 21201 25289
13124 12675 16786 12270 23189 11049 15612 24612 23094 21780 20012 17091 8785 1441 17496 15968 15698 16099 13133 7922 18676 7453 22366 24103 7620 18689
11236 15769 15899 24339 17872 21982 8343 13117 14612 16026 21647 24270 13895 12219 15649 14258 662 14519 12528 17798 22452 25430 12347 6465 16438 13175
11795 11238 23005 24957 18079 11145 16604 22350 27941 17169 13862 15950 0 29385 18780 11141 2725 22318 11364 14883 19027 10521 21603 15228 3525 26017
18954 20575 20376 18169 21721 14968 15063 4965 17682 18566 18591 21467 29944 23323 19730 14275 4536 6915 14194 17525 30057 1695 18500 14241 22808 21208
10755 19920 20756 16729 23697 8030 1091 26211 19473 17987 15911 19592 5714 26812 15558 15340 9720 26714 12558 12421 7679 10506 18071 16954 13550 20484
9422 20110 14076 23001 12554 9457 14722 5364 14178 16659 14237 14892 12747 25177 15591 15313 7352 16013 14872 14923 20662 11557 20527 12170 8395 17894
10054 13174 15906 14500 16078 13153 9172 6407 16442 18634 15745 22574 11805 13923 18741 19283 12976 15896 13750 11990 14020 2408 17669 18453 9454 16431
11396 23605 15454 16872 18703 17984 15545 10215 17758 16353 15959 22775 17953 13571 15917 13250 0 13837 13495 15160 7817 14561 12575 12765 14913 22476
15195 19156 17505 15688 20516 11214 17094 20963 25493 17507 20898 20562 10196 9104 18183 13576 5868 11416 11881 15006 7013 11859 9159 15173 8511 15346
9478 22566 18114 15225 23977 12458 8115 18391 20120 22854 18633 21706 30911 20560 19158 16872 5811 5686 19920 18249 12633 8440 15920 16076 14167 20549
15132 20350 20067 20645 21824 17417 8877 25500 22204 20885 18088 23761 4969 19779 14099 15916 1739 3160 13030 20998 11541 9226 12588 24616 9136 9887
17557 25793 22473 21345 9931 9672 21472 16033 15328 15087 15430 20449 21258 13236 17593 8933 14280 12312 12672 18878 12988 5591 13628 12092 28181 20106
13895 16095 19918 15451 16847 21826 18819 23856 19724 14607 19010 17428 1386 8954 15837 13500 13131 21903 18443 16394 3891 8110 11076 10456 20020 15914
15991 9132 17316 18249 20939 20902 8199 17054 11486 10012 19062 18516 9280 14004 16650 11832 9639 20638 12556 10457 28345 4899 15370 9839 2828 15562
13164 21839 23016 13926 17695 21178 11172 22700 20979 16316 16496 20122 18368 23163 17586 10904 14650 24286 13304 18253 34960 13824 17456 20490 24124 22125
15596 14286 15155 21869 17528 20484 12557 15782 20048 12891 21411 21020 4154 23977 17844 8070 8280 14777 12568 19332 18953 5813 12748 15418 16732 23713
13200 26611 15437 16196 17214 11163 21149 25538 18643 17982 19526 20730 11849 19701 17958 16701 6432 8145 12558 11076 25915 15175 11297 9646 4441 31232
15918 13934 21296 12151 11455 12647 19618 24298 22804 11689 14732 21567 3681 25376 18241 16064 14983 16583 11530 12708 18413 14153 11821 17102 6253 23054
11739 19521 19912 20165 16510 14144 15937 26653 20851 11803 16046 22814 9471 1802 14145 15510 6862 7487 17846 8003 12963 12915 22013 12694 23568 18816
10434 22768 18719 24784 19782 11112 18996 7245 16984 16175 19327 17683 21842 17695 18068 10095 8180 14877 13078 14180 14119 11621 14382 15879 7896 19134
9643 19989 18771 21042 17805 16933 14793 7169 33841 13486 13197 21040 17058 15035 18122 17493 14616 27598 19287 18117 24390 6439 12031 9122 13497 16660
8090 14290 13041 25936 13891 14469 15050 16151 27449 14934 15233 20375 17977 16631 18961 12061 4660 15211 12280 17654 3379 15406 8424 20292 2273 14201
14031 25254 18372 15240 11996 21560 14149 22962 21908 20643 23500 21749 11744 18949 14337 13425 14852 13244 11952 12198 10314 11300 18268 14546 12534 18500
15003 4125 24433 19156 19302 9769 20194 18454 21285 17256 29000 22357 813 19581 16750 18615 16622 12050 16355 21099 24581 22296 10880 14357 12436 18505
10193 15277 16584 20607 9823 23861 6447 10642 21267 15563 16472 16185 15334 15630 19632 8595 13355 16165 13159 14363 4174 15154 12492 16818 21901 9376
13087 24208 15744 15739 18760 10046 12442 17401 21293 15713 14991 18401 29067 10278 15011 17795 7656 10905 12017 9927 16031 0 15178 10049 8939 7849
15353 20884 19834 19932 15884 22015 17332 13097 23022 5687 17556 18648 13632 16769 16633 13340 18366 16219 14593 13105 20287 17836 12284 26781 0 22989
11277 11627 19712 29279 10394 15307 13592 9546 13758 14833 18583 23891 15396 12411 13834 17312 4320 11092 11609 19358 14703 8132 21483 16190 25495 17406
11100 22527 15005 17033 18567 13664 15660 10128 21256 15532 20284 16976 4347 11032 19906 22756 4558 5402 7290 22964 20599 2880 8418 13155 9889 22975
13937 15240 18698 14642 12168 17600 15541 18385 16370 7581 22183 18571 10857 15516 17516 15122 10903 10074 11080 14799 22981 17699 16216 19177 13275 21832
15542 9165 18479 18461 14595 14275 8996 21588 20888 18973 8991 17705 9929 16186 18122 18460 15565 13645 12919 15380 21255 10505 15134 16380 25280 17998
13403 27042 19346 20731 12323 9529 14865 17912 26524 21402 22071 21693 25646 6369 21511 13239 8070 5822 11903 17996 5072 3928 17260 17767 22850 11935
7167 17668 19333 23308 12940 24563 13831 19163 23028 10985 12190 18473 10424 15598 14693 11242 3864 13857 12649 15662 8919 14698 16612 6028 20650 13423
10043 14302 18157 20473 17598 12449 17628 15705 26579 20490 18889 21286 19564 8147 18709 11842 4910 13524 9640 20043 22854 6705 10134 17659 16019 14573
9512 10312 19011 20195 8778 19075 11760 28479 19549 20661 17459 15972 1149 15700 15499 13593 8878 13582 14362 12436 18214 15454 16509 18808 23577 26393
13156 15257 21487 12204 19564 17912 15693 11974 23660 16218 17552 21494 15072 16502 18073 16357 12709 28046 12859 16653 18860 6282 13460 16441 16794 20227
14507 27961 17364 24527 23515 14143 13238 25893 21276 12509 17963 15528 1814 13211 17303 12122 9671 18487 13030 16668 18978 0 9337 18260 16237 23481
12636 23075 14398 19912 19154 11771 19216 19400 15125 17769 16693 17807 7815 26033 19019 19455 8858 15429 18642 18915 7367 11825 6593 13568 16497 13849
15755 22922 15166 12266 12050 22368 16293 9382 18662 14687 12635 19259 20201 10261 11678 12867 9301 23729 13766 6952 4688 24309 11496 17962 27612 11307
13579 15302 17033 16064 23791 21187 8986 10841 9680 18007 13471 17571 16182 16009 16869 15318 4782 15816 15481 16158 12828 5638 18732 7838 30588 19984
6315 20203 16254 17431 16051 15665 13876 18070 22791 15894 20264 15894 2283 10265 13923 13747 3966 15519 10233 16704 22024 12991 19156 5363 16061 17834
13350 21925 20921 19541 15846 13501 13674 14019 19039 20793 24624 18717 0 13879 14766 17070 12759 16166 18183 16571 7914 4539 10168 10666 28033 16391
18832 18762 16606 15259 10571 12063 17246 22754 7039 18972 17151 18471 15190 13026 21655 12155 10930 12665 11907 14900 24707 5334 16771 19375 21841 19431
5280 13884 18903 21101 14962 11805 16546 19337 24581 14768 16419 21638 23261 5855 16617 15635 13836 10674 13898 19512 7425 8055 8366 17714 19602 18199
10478 25322 14515 27038 19828 22594 14744 15168 20546 12827 13613 24682 20766 11771 18318 10385 12020 14205 16063 16137 9264 15121 12749 21629 21860 18764
13717 26608 15471 18995 6958 18344 18733 28960 21268 9151 13037 18914 10917 22081 17459 19200 9805 9522 11010 14949 19435 19578 16266 11452 0 15528
16856 14177 15427 28730 15550 14883 14422 10761 19034 15652 19186 20305 20426 20836 12694 12049 7149 18298 14953 11545 20756 11421 13336 11708 20214 29835
17255 32324 20754 26154 16840 15349 14544 34801 15812 16244 6488 17047 10097 13635 14287 7636 9167 22508 14544 16233 18638 7758 18389 16998 12945 26867
14778 32121 21296 18719 13727 14348 18911 20437 27882 11354 17900 21967 8118 3736 18115 18245 5647 5979 12354 19004 12623 15525 19201 10613 17089 21357
9567 29172 18423 16150 13665 23480 10663 18783 16957 20552 17964 20641 12356 15017 15898 16025 10167 13201 16712 18003 28861 18213 15457 14918 6301 20707
12238 18178 17411 21890 14365 6031 18817 17306 24542 9587 26628 20225 2450 16503 16703 13533 17446 15536 15324 15855 6407 9889 12784 15101 19906 18025
22525 14102 23469 9531 6532 17582 8765 9920 16271 16453 21573 19405 13022 8223 14181 19630 9802 26482 12857 16993 20329 11647 18754 15587 19103 18118
12448 21144 20687 22101 13209 13212 9496 15982 6832 16391 18073 17609 5472 19570 15663 12037 9405 11415 6865 17377 16438 5178 5158 17767 12932 15521
14590 25634 18880 18385 14421 17539 8143 22262 11782 10892 13597 16297 7129 12913 16282 13172 2878 21486 11286 9967 13073 17551 19315 24019 18591 22267
10944 18929 17193 19492 20652 15140 14789 17265 17889 13064 16861 17955 29075 16592 16521 12362 9605 21697 11787 12667 28807 11088 17558 17284 20366 19392
10640 24521 12187 19407 15863 15890 10617 20861 16200 17567 17354 17116 13671 12436 15401 6180 6900 22642 10020 14061 16766 5864 18423 11951 29767 15642
18393 20700 18643 25230 14162 14020 13891 16522 26150 21896 12148 21705 35833 7852 16368 16426 16009 13410 11140 16442 20999 14893 7143 9307 25527 19210
9629 19217 18701 22280 12214 15776 11180 12532 34631 14104 17924 15962 18870 15440 16558 13347 4553 22088 11728 16560 18345 4523 18503 18072 10903 14243
8655 22355 19086 20851 16021 14969 15175 20049 19773 15662 20787 17054 17449 12147 14062 12621 10034 20856 13623 19809 0 2830 17774 9057 21129 21842
12958 14211 16763 19184 15908 16686 14664 5807 24961 17138 16548 18731 24698 17356 16164 16295 22737 18389 8000 15581 25655 14729 8377 11536 12763 14373
11664 11078 18859 18996 13457 16564 18426 26796 19709 19508 23402 19177 13726 16797 14661 14273 25001 17722 12459 14926 6930 24422 16190 15168 10847 16830
9282 17704 21668 20964 21092 15452 16565 7943 23790 16734 13637 16465 7600 9418 17251 11446 4961 25047 13686 16223 18601 0 18937 11369 13990 19023
15671 26856 19035 19288 12074 19148 10846 15343 26688 17856 9052 17998 13498 9599 22442 18652 6813 19262 15055 20188 16591 0 13889 8471 23350 15534
9569 18003 13768 19899 11683 13413 12448 18298 21059 22088 19032 19272 7846 21009 17446 12566 14467 16157 10454 15703 18200 0 10403 7769 21710 18230
15362 19913 21117 20112 18693 16354 14938 7040 19355 10592 19490 19821 24298 21209 17633 15744 16457 18368 10447 10611 17975 9625 14120 3006 18509 17250
12572 25867 17815 18295 10340 13132 16860 11759 12525 17592 16411 18768 13552 20860 15449 10964 9738 9280 14118 15665 5570 19815 10983 10283 16486 17674
8923 23108 21483 12993 18808 19842 10859 18797 18229 13351 16649 20361 5951 33905 14488 15672 5327 15660 8004 18459 11764 9167 10670 29548 21478 16656
6019 32853 16970 21085 16389 16828 17914 8445 29374 17529 20502 14178 12030 24733 16115 9952 11002 6663 13799 15604 11692 6618 19970 8594 27452 21989
10108 25239 19024 14182 4239 12104 16906 26607 28129 17558 12342 17208 22895 18913 18777 22512 8218 16439 11464 17895 16527 5875 6723 16712 23226 17030
8490 25020 14960 17048 14125 14936 10856 12645 16299 12064 19692 17171 12546 23007 17461 11573 4949 10248 11538 17089 6014 4557 14006 13907 10597 13812
10776 16228 17559 19002 14642 19724 7232 22902 27017 14962 25430 19475 8342 28469 18203 13957 8860 16318 11441 17967 16929 16803 14224 17994 19939 18410
10753 14806 13644 20667 16416 12399 10596 20375 25204 16146 16943 18690 18231 21537 17151 14820 10982 8790 17220 12429 16369 11244 7399 25139 4713 18131
12437 13168 17974 14696 11723 16218 17984 22912 18441 16013 17374 20531 20537 16271 17698 15351 6262 18099 13011 17939 23641 6212 14174 9299 18045 13591
14786 22241 19428 16724 13030 14110 17311 18062 27372 13240 14770 17103 7845 23699 16996 16643 7480 7450 4622 15156 13335 12259 15806 13622 21712 13318
12230 18327 21601 20551 20164 10084 10249 23601 19750 18111 20183 19442 7336 18106 17058 14445 5976 12441 17201 15075 14435 12055 15497 11200 9655 13933
6030 15118 20076 15198 13984 11529 14108 16388 16129 12091 18310 23659 9259 5553 14647 15133 8309 12627 13527 10231 22745 7399 16703 11014 4746 20239
16875 27390 21070 21224 20881 15868 15679 16107 22427 13989 17020 21642 13540 12726 21362 15137 17810 11823 12904 12551 22750 0 9905 4611 19668 19029
10663 14881 22488 10864 14567 11928 13474 15465 12883 18444 20544 17813 4553 11555 16777 14016 23373 11827 10332 18887 14280 11020 16409 17557 16877 21707
14593 34443 14911 12339 20381 17367 13035 19205 21437 10990 20795 16668 6571 16480 18496 14637 13031 23548 15620 20177 11482 10117 16615 21019 13910 18806
13930 30814 16966 23385 10519 6861 17804 6169 19508 18717 19515 16162 15517 15228 18119 14213 12580 15116 14842 13106 12861 14241 11409 16082 22867 23901
14150 28224 20253 21022 14052 9605 18688 27026 14127 10744 24782 18531 9459 14921 18421 11493 13270 10029 17133 10883 22043 6008 13179 15050 18755 14827
7611 27248 18122 23937 31147 22790 13114 16941 26375 12574 16538 22743 9713 21584 20577 18442 5204 33081 10126 10059 14093 11661 11533 5474 30876 18701
13757 15120 18884 22533 11617 21113 21846 14775 14976 16574 14576 21109 14749 10273 16353 10234 17408 16357 15734 21946 20445 5360 12276 12331 22255 14682
9785 13582 19414 22481 14853 18674 17285 20355 21310 21475 20409 17862 20095 12090 21113 13080 13639 9404 12251 14295 23649 20277 9033 24128 17366 15334
13551 26383 18978 24950 23365 17743 9476 31685 22064 18785 17697 19459 22047 28177 16363 16952 8802 11207 15672 15481 14301 12518 14689 19267 25981 24927
11228 14678 19398 20064 10726 20364 9652 11024 14534 17278 13796 15132 0 9066 16139 20228 8191 31704 9276 16637 18487 12970 8419 23169 9360 13281
12773 27618 19131 15611 12156 18974 14401 20978 21905 15129 21570 21675 21914 15909 14775 16317 8279 14732 11021 16086 13773 10195 12842 24426 24541 20667
14039 30785 20788 11907 22661 16833 14351 9889 12298 15972 21852 21959 16944 0 21676 16957 16955 19059 13625 10608 25193 3523 16541 17641 21807 17114
17750 21000 20215 21959 12408 11868 6305 5510 19175 20213 14993 18594 6437 20876 15808 5965 15027 25114 12410 14680 20108 8275 14454 12187 17357 16696
15700 20422 18116 22145 5540 14057 15694 23912 14452 15494 27964 18148 13847 15225 20266 13497 5649 7542 12576 18354 16762 3367 18274 19263 11593 22176
9920 21166 17098 22342 22283 10451 17464 17230 19071 14310 13220 18505 6866 15929 16677 19764 6112 18494 11824 8641 23193 5464 19232 6735 27036 21986
17257 13999 21544 17155 12600 20471 12044 11467 24572 16291 6851 17590 16527 17701 18676 11437 10569 2835 10909 19406 29134 13166 12843 20563 26622 16564
8995 15167 15746 23564 7681 9015 16851 20905 14788 13048 15939 20845 12347 5107 20035 12417 13067 26476 13346 18205 7333 3814 12346 21112 3684 25226
14689 22647 19184 19382 5150 8093 15536 15821 19708 12577 15903 14680 8119 11918 18151 14116 16016 18499 15209 16540 20363 3987 16878 20020 15759 21175
15406 21854 19631 20320 18580 14702 13036 12780 25695 16963 17671 22935 9456 9668 13332 13690 11131 16061 11361 19078 9684 13407 18511 17537 12164 12116
17834 29895 17696 21322 23142 12266 15578 14209 18794 14398 23859 23750 0 15454 15492 14191 14730 11249 11897 13322 18367 0 9679 22236 21184 22464
13803 15983 19228 22739 5732 21716 15922 17631 14341 17034 17013 22715 0 6802 17072 16554 12905 11336 16507 16102 16168 12607 21268 14565 13490 15822
18424 13549 14661 16608 18614 14495 10259 11791 15757 18073 25633 19114 6414 13724 13083 10305 11828 27434 12936 15617 24069 5636 10734 13841 23546 14803
11386 6290 19062 23447 20096 12416 14337 32147 16935 22612 14503 20326 12640 102 15249 11580 10382 16053 15906 24162 23057 10948 17859 19946 23562 18151
9989 22039 17610 16549 17057 17173 11137 16672 10153 5191 19448 19236 22518 3182 15627 15745 14167 1209 13906 13877 23394 11569 12861 11258 15174 9364
12421 28119 18464 21760 17131 22055 22998 17543 24475 12548 17693 18681 7909 20932 15603 16569 7043 15491 12485 16143 19557 7839 13758 22306 12383 13869
13323 29598 18674 19437 21153 20258 7818 18795 14017 11694 15011 19882 13351 10208 16969 16207 7407 18078 17115 18489 3108 15886 12652 15715 18524 17063
14580 15840 17397 14145 9745 9531 11249 23577 15968 14738 11274 23024 11638 28583 14850 9402 11367 19831 16259 17097 25928 7215 13913 14182 11988 21726
8268 26114 17342 17525 9753 21426 13265 21219 14110 18482 11727 21725 8533 22112 10580 11753 2911 23584 13618 16108 9418 17112 17713 15174 30269 15006
10630 11788 20834 11248 14077 6335 7159 10453 22913 12195 17410 18591 1243 16174 19884 16037 7150 5112 18260 11399 24727 6495 19792 19845 16336 24778
15706 20158 17768 22097 21671 13832 18311 12372 24154 16239 17618 18812 14462 14994 16062 16922 12963 20489 18379 14105 29542 13476 8447 18198 16809 23475
14344 17224 18067 16091 24229 8790 17567 18431 24306 16609 10977 22972 17415 14599 14878 14462 7865 8980 16388 14124 11677 0 9601 19369 24647 16071
18651 18273 21930 12800 21336 12472 14415 5830 12814 17912 11441 20791 16100 17582 15377 19112 10003 19526 16244 11266 19775 14086 12585 4863 15549 16466
15092 25231 14954 18799 16158 20002 12525 22882 27082 18528 19972 19217 12014 10223 16042 12969 7087 23857 14181 18389 19350 10944 11757 18433 16486 11273
12685 13697 16324 10525 12213 15491 15290 15613 17076 13336 24397 22543 14452 24851 13741 18972 12647 9690 16382 11753 16019 5723 12757 13346 17959 6303
10623 17925 22809 17157 13628 19844 12287 26257 25081 9781 19416 17452 16379 11716 17937 9654 14289 13265 17415 18717 10962 10468 19706 14789 26219 19288
13187 23364 22394 22604 13694 25337 18990 14717 18421 15849 23555 19175 19801 16855 14805 15291 9235 15488 12696 11277 17797 9930 22821 11978 19727 21429
12804 3404 24138 21866 1159 18588 16499 7770 16391 6703 16379 19811 13227 27394 18209 19934 14572 14994 14125 11334 10708 3598 13316 15959 27217 12947
11333 19642 25179 18253 17636 7762 13670 9391 16806 19902 20476 21702 20051 8345 18151 18352 10434 21367 12776 23445 13957 14789 13434 29980 13074 8484
13126 22304 21308 13896 10385 16461 17012 18647 14025 16846 13160 17022 26252 25383 12484 21068 15256 9424 9552 18476 13955 11804 12666 9814 0 20131
14229 25902 15172 19237 7901 16874 19807 18131 20701 15121 16327 17946 13573 17940 12937 18795 18089 10521 16353 10742 20280 8512 6209 22211 13721 11993
13678 14706 15007 14249 20111 16175 15309 12950 12024 21783 18562 21439 21960 9081 18251 17454 10135 20232 14640 21863 13051 11211 17939 17907 2985 16684
7378 17332 16134 18855 13783 17425 19843 34141 20872 12147 13926 18068 11124 13629 20545 16577 7552 24071 15079 17142 24181 4244 15615 16109 17123 19378
15324 26533 16842 23041 6771 18567 19026 9939 10171 12418 17059 20460 5105 21443 20141 22348 13910 14089 12561 24958 8254 8568 13494 18710 27925 19680
7132 29762 23161 22815 13401 15743 18593 9360 17357 22328 19506 17843 7517 10869 21994 16545 17296 10099 11606 13068 13391 8776 23315 19823 16822 17774
13473 26743 23198 12567 22194 15081 11770 32402 11358 15323 18664 20233 22003 16473 14383 12084 3397 20083 10163 15724 11336 5649 19115 20706 22002 24002
15565 16368 22397 17428 13715 15259 16189 18827 21611 13452 15566 18556 14547 18959 17759 15028 1501 22639 14925 13606 19727 29551 16321 15166 30838 23131
15345 29238 22176 17370 17078 12158 16504 24009 19520 13962 16590 23676 23815 14118 18551 13557 15968 17362 13639 18069 19531 0 19945 24186 9686 18782
7845 13549 18415 19853 11964 15747 17139 7561 24371 20480 25955 18837 10211 21861 15305 19315 4213 13812 13038 14388 20142 2425 14848 409 9877 14095
10447 18348 18338 19279 21665 20756 12788 17261 24357 18200 20871 17418 30953 15009 20964 20546 13032 20387 14133 14965 26894 7344 21720 9230 12737 22707
10178 23224 23487 19856 13919 12085 14502 21540 13985 22840 17609 21270 14945 21678 20195 14082 11600 11737 13049 14037 5854 5174 14983 21067 19711 27143
6262 34852 12599 20847 12921 14818 13878 10479 13421 23218 14420 14720 25017 3097 17876 13287 10127 17467 16334 11601 21345 9365 13587 12931 13161 17667
8245 22138 18906 29135 17858 17083 13105 24928 21604 13756 15123 25778 15880 20878 16896 12471 15996 27636 9988 19350 23960 12505 17473 20232 26196 17996
13401 15349 20010 17330 15016 16352 15062 12124 24200 11558 23297 23006 30628 15131 17175 25789 8244 14699 11012 22721 33254 17234 18716 10304 20049 17144
6830 28974 19086 21267 19786 19421 13940 35275 17171 22788 11158 18228 12563 15797 20761 18926 12109 15788 15644 13244 19926 11158 22106 22272 831 11705
10088 19877 21202 19198 10193 12536 17739 22211 12421 15349 15398 25209 9079 15748 17867 15977 11770 16720 10555 18010 11240 11691 8410 30066 15051 13802
21307 20615 15397 17035 9669 15721 17379 16781 23062 17772 21484 20641 937 15806 14398 10117 5026 19558 15347 13395 12637 16750 12588 15149 21732 14916
12650 19669 20972 26807 2704 16309 21641 17597 24425 10866 21284 21376 10205 24843 16356 14271 6524 16197 5463 17161 20412 14180 14769 15873 6510 19853
13932 13026 15841 20988 21436 18461 14281 12522 24560 18372 16454 17002 19931 19382 14989 13019 1018 2342 14421 18813 23008 3890 8171 5927 8909 17993
9601 14026 16369 16838 28145 17298 18503 21674 21736 14275 15370 20552 18295 19268 13410 11594 12256 30965 14118 11907 17501 15750 12954 12922 21433 27113
4014 12682 21144 12940 10516 7608 11296 12636 21774 19212 20275 23668 10049 17045 14505 17975 7263 6442 21817 13809 11793 6916 18790 13521 19993 20986
15257 24889 21691 21786 9819 18874 12530 18625 17993 19372 16110 17920 8553 9005 14005 19069 0 12947 12382 14348 12220 8869 19859 13382 18883 19929
15741 25243 16187 16057 9791 13346 10104 14366 23110 13649 16496 22874 13179 13173 14412 12401 9122 11027 19895 11182 26004 188 16899 25026 4882 18016
9876 14608 16605 13588 25205 8247 17937 21869 23802 14987 16151 17222 12553 8146 16962 17608 10584 17785 12234 15467 18175 2458 14892 23032 17941 14824
17822 6763 25929 13278 15267 18835 17816 25584 18832 10175 17652 19606 23797 21591 22837 16034 12862 18393 13210 17847 18480 9386 9979 12562 14548 17021
14675 15013 14412 22149 17521 20535 9117 27395 19228 23564 15495 18845 21020 20807 12985 18503 5796 14976 17218 11983 21420 18945 13046 19338 21765 30739
7364 24560 20851 18316 24504 13556 14858 19968 16248 20327 16052 21134 15450 16125 13566 15010 3313 17582 15677 11849 19844 13220 17251 22002 19947 22633
3144 11945 21022 21910 11057 25345 19408 13550 7520 13633 16471 21834 5167 14047 14639 10828 4331 19185 16563 13455 18009 19322 14783 5363 9937 24760
10483 20048 16646 19403 10681 13806 9520 28173 18689 14662 19644 17609 26070 9086 15284 10850 13562 16508 14230 8268 16242 2858 13228 5649 2414 22924
5550 23246 17100 15531 20617 18669 17929 18059 27594 16684 12168 19312 21382 10119 17679 20030 1587 19345 8220 13319 16025 21191 8921 4921 23937 11395
10272 23737 18307 16733 22141 17376 13350 10851 14455 14932 16504 20464 17247 11051 20015 16467 9387 9303 9341 19099 23209 24431 21698 16171 23085 19267
6551 27944 17574 21455 15623 20315 14467 7175 15368 16831 13186 18595 14868 18683 17817 15026 14455 10114 13402 10840 25230 19554 21077 26460 25564 22445
8159 18032 20289 24965 10756 9122 20682 22834 19664 13991 18124 18926 9594 15671 18106 9131 26723 18339 19060 15394 18820 16298 17836 7882 7093 22257
6678 11654 19558 24646 22874 14969 13953 17382 32159 21295 13760 18957 518 13853 15761 16909 11965 3171 15427 16333 16615 12140 13144 11407 8472 21152
10058 14477 20874 12684 10064 12627 11896 18722 30886 21701 20715 19142 9330 10713 15122 13618 11621 28376 13324 20349 9104 10345 22660 10995 9505 20835
16429 19254 21939 16268 12516 10209 11284 20481 19221 10948 14782 18900 9463 14423 14247 14704 4617 18945 10982 16113 21664 21161 17377 19746 13296 16151
8511 21484 21685 12875 13807 10623 6714 9198 27042 20540 19092 19778 19729 15027 14972 15869 0 22250 15515 12822 14396 23682 16819 18427 12995 19079
7086 16750 21972 21459 10109 9901 16206 36082 9445 9735 25020 18102 4121 28615 17915 10968 9399 18174 8700 16395 11147 12525 11884 18532 12300 27015
15967 30045 25578 22392 10052 11058 10776 19525 20411 8329 12361 22774 21572 10970 13083 26860 12420 15933 11463 18616 13118 19797 11563 17651 24158 12162
8484 19747 17584 25375 10949 13344 12218 27401 15941 19106 20624 15474 14745 6780 17128 10755 8874 14469 9873 16851 23714 9796 15407 18751 8162 19039
8717 14986 18391 15918 7769 14138 18639 31286 21518 17212 9343 16855 11431 28881 16025 10205 6685 19342 15399 15369 28215 8449 3105 16820 16506 21401
10079 22589 13455 20612 7535 14392 21790 11411 14668 21272 15603 20511 57 16741 20494 10459 6957 11509 19490 15774 17535 3766 16099 12469 16322 22617
9009 18917 15835 30644 14815 15785 16637 25018 14512 13916 17072 21014 10892 17702 16545 11134 10196 21522 16340 12404 18338 1954 11392 12040 15438 15525
14448 9242 21902 26521 18646 18231 16887 16551 10272 24873 13467 19206 19169 17542 14727 12961 11713 20903 13729 12009 22098 4221 19529 18818 7671 22365
10448 25155 15905 20514 18254 14733 15607 10656 25785 17491 14446 16202 3137 15421 21948 14279 17255 5517 8976 15246 5390 17363 11372 16150 9885 24282
11896 27254 16344 26233 21405 11264 15011 5370 18348 19582 17678 22984 18590 26060 18533 20543 11337 26350 16153 14468 25739 17892 21805 15426 14995 13299
8676 11704 15910 22597 15371 19168 17991 1775 18994 10217 23393 18898 20363 26682 17885 7054 15859 14263 11869 22720 12035 16646 13193 17837 12644 10774
20127 24160 17828 18042 18430 24832 17955 8365 19998 15899 22162 18098 11882 20371 19506 16712 15785 11827 6398 19915 9337 9364 16624 24251 26364 22061
11662 18317 21113 27590 14952 10371 12524 16024 24671 20552 17195 20294 20752 14649 21928 14773 9356 5913 9600 15897 31848 16279 13968 18200 14075 12891
14606 18970 20880 24972 15037 23907 16329 13187 21918 12912 14875 21585 4973 21289 15479 17006 16007 20554 14713 18751 14863 0 21045 13822 18873 19467
12015 18440 22533 10909 24096 17348 16964 19567 11002 8893 18220 19815 6129 3523 18809 14668 11646 24989 9441 15462 28562 4595 12108 14352 16261 17485
6520 11065 17191 18856 16298 13625 16713 15484 14796 11974 19645 21537 14747 24726 17239 12357 4988 15573 12681 17314 17174 10570 16423 17496 27251 16463
15274 16890 16802 19219 15386 15164 16290 5822 18677 22642 15659 19853 17067 11894 20203 15712 13363 16826 11110 17827 19134 3705 18268 6599 9501 15213
11997 14260 17826 13471 17253 17497 12120 7560 20121 14949 13500 18353 23736 28615 19725 13941 18452 19233 9332 12017 12982 7950 14103 8329 21467 25788
16906 13599 12157 23730 11686 12598 18199 18963 21928 23114 12657 18192 13841 9490 16561 14572 17247 15088 11399 15495 24431 6877 12059 14858 22695 10883
11393 23282 19349 19694 11073 14006 5045 30887 10315 21410 13867 18357 7455 13243 17679 9150 10737 12742 11727 16945 22272 10364 15284 24017 23532 19952
10038 17464 23610 15956 13925 13027 15716 15216 18394 20604 15920 16172 2040 16609 17558 11683 12390 8951 18909 13613 32331 13100 16520 9383 20876 16787
11362 17211 16771 17028 12097 16432 14832 14449 27260 13678 15513 20720 19520 16942 18543 6618 16427 12040 17421 11575 19083 15175 14140 9896 17188 17836
15351 18763 20812 23936 11114 13066 15515 19295 9827 20193 17150 19186 26572 28804 13768 11542 14782 23168 14560 14404 9575 12742 14207 18095 10656 20270
9620 17282 20254 21945 24871 12960 9962 12197 19308 18679 15088 22666 14533 11878 17058 15411 6775 23197 14156 15066 16277 9780 15724 15267 11730 14624
9623 18017 16301 24352 9590 13450 8985 16111 22845 15154 20638 16703 19907 16426 14602 16119 9076 20381 11004 11012 20075 7361 22111 23099 32425 10623
13522 20239 15913 20449 15735 18223 16318 25124 9765 14458 21226 15554 26879 16713 14559 15888 13622 0 11497 10811 12514 8956 15849 20738 27283 14841
13969 14802 14933 16138 10927 13226 21335 16441 19131 21856 13440 20682 1514 16867 21747 20411 2146 12795 18573 11918 13892 13491 17304 15149 10573 20228
15941 17298 13618 25540 9149 14800 10575 10871 19105 18807 13731 22405 0 17986 16890 16178 1090 32081 13200 19910 14255 10261 11355 17738 6317 12314
20785 21972 21953 18040 14739 18835 15184 18651 22194 20092 22050 16043 23240 17493 17753 14039 11951 26392 12928 8810 20146 11769 16771 8195 15147 16688
18304 13320 21528 20147 10071 22159 14828 13163 22653 14308 18437 17099 18498 7268 17380 10790 25601 18238 13548 13731 22081 8362 14068 23751 5807 19622
