365
57 29 86 18 11 12 38 10 2 17 90 69 60 30 78 56 12 72 86 8 27 34 2 59 97 23
11371 16823 10756 16894 9145 20394 16722 8456 17182 3446 17087 19621 23007 12979 10352 17264 17409 22464 15634 19300 7360 19367 15468 21509 14779 12028
14520 14785 9661 12771 13179 15654 15246 15089 9918 4006 25222 21276 19135 16200 15397 13655 29058 4468 14754 14167 10161 18971 12548 6523 19508 22290
9357 12839 14918 15266 12945 12342 13562 7882 19983 7798 16595 4314 17007 7507 25758 10290 8621 23639 19207 13653 28613 11558 16029 18125 18273 15247
16332 18443 10864 14579 8898 16997 15046 19099 14973 8209 16535 5701 16527 10280 15165 11809 18955 14644 11117 18025 9291 21265 14168 12603 13459 10496
8131 18788 9866 11968 13544 16766 12463 13078 18255 1619 26044 9857 23759 15229 19042 11849 31731 14773 19151 16081 13263 23167 9213 22748 15468 10890
7811 12289 16056 14499 15761 11396 24508 13211 21850 16323 19904 2771 25154 8055 28937 5268 16722 10498 18080 16436 16717 19470 12822 24417 15593 23769
7520 20311 21403 19585 13828 19152 14509 13514 17049 9548 10951 2225 22790 18217 9851 8799 9451 21126 13577 20907 13997 10025 14019 14794 15029 23782
4112 15941 2657 17895 5641 14905 14933 32477 14578 14795 15309 10440 27901 6904 18942 21293 22651 13063 14356 19939 17257 12109 10498 23961 11478 17013
8522 17988 18910 11705 15467 16858 13550 13399 14791 3373 18302 12417 12451 11300 12282 22367 21051 17201 14627 17173 11789 15455 17129 14415 12772 14044
16834 22658 13975 18016 15584 14314 15510 9611 13582 11135 19295 20960 17409 14696 26640 20015 23495 19901 20723 20379 9905 12994 17718 20759 5162 30899
4320 17156 14901 17213 12609 15476 18506 24612 18216 8868 17667 7620 18582 2060 17251 14447 14816 8349 17017 17514 18482 14975 15237 27085 16369 12038
8692 14248 342 15272 7073 13309 12686 9970 19388 16199 24842 8266 20364 13122 25249 20189 22831 33004 16706 15733 7976 15352 13101 26980 13100 22884
13666 16114 17985 21102 13757 19547 16230 21951 17756 21837 10252 11043 14372 8339 3359 18551 16723 18255 15999 16406 19123 15695 12846 17433 18814 10091
6910 12890 11127 13778 9682 9520 7746 8042 7434 13644 27889 19490 11890 14137 22984 21752 15295 26695 9187 17983 7987 17573 13676 19049 16462 23883
10804 14164 13487 16656 6096 12512 13263 20542 10251 20480 16818 11908 9687 12678 15766 19343 20716 18678 10263 16216 19888 15896 15315 11295 20281 12984
8755 18627 15492 14822 11933 16982 18254 24507 15716 4364 10659 0 26550 2561 20620 16391 19785 10935 4599 14600 24343 10310 12115 25247 17017 31110
10912 19892 11960 20471 9574 16415 14916 25955 20164 3180 23334 4268 19567 15519 9164 24420 16492 0 12168 13915 13273 24123 17545 10373 12714 14199
13481 17881 9240 15331 18557 15000 13954 19956 14100 5282 25068 19297 6078 7876 16251 7853 29537 15090 13369 15245 7812 7122 15770 34257 16028 21772
12403 18769 2798 15451 6533 11999 12100 15161 13043 14028 9384 9702 15986 6947 22533 7647 21003 15133 18303 17960 14570 22585 10491 16362 15170 21834
9305 11829 4017 16132 8569 27476 11993 17195 14354 2829 13028 17462 17613 9039 14023 22639 20594 9441 18275 19195 10015 15251 10113 19504 10334 26532
12123 18495 8622 16622 10936 16723 10597 9372 14411 20987 21425 9597 21828 13811 19252 19690 18216 15101 13115 16094 17656 18202 15410 13300 17439 12118
16941 12846 16464 19464 14253 11825 10742 25895 17237 18993 16232 13293 16739 9569 25923 6281 19907 7079 11753 15297 0 12345 12554 19936 15086 26037
8960 18681 10797 18668 8806 11660 13581 9759 17227 22085 19434 14898 14389 8799 22097 15524 13315 16087 10531 18454 25709 19923 13892 24933 14052 16250
13264 19551 18359 15710 9226 18557 13303 14592 16879 13013 14653 8022 12864 12311 13747 19917 16453 2535 11071 14299 16042 14502 12524 21768 18201 16650
8179 15872 10917 17056 4682 13042 14473 30571 15610 23932 23501 22985 18052 3940 14437 11859 11412 13873 14311 17733 21052 17975 16810 10953 5901 22470
13559 16093 14383 14194 13085 13147 13557 18606 17615 4312 20259 7026 28551 13959 20961 15960 21879 21502 10636 15333 5968 16097 13612 18557 13842 19330
17953 18473 17341 18889 10506 19592 14093 23875 14062 28484 23985 15545 18686 11570 23362 12694 21909 16756 19035 15904 28912 13694 15177 27288 14202 16273
14264 15803 15197 16899 3338 18136 14013 21508 14638 13453 19937 3969 8817 15465 16520 8199 16399 10573 18410 18446 19626 17709 13144 22227 15506 8623
8601 16744 2125 16083 14041 10388 14477 14402 18740 12580 21732 11525 11706 16672 25307 17439 15059 12171 21141 14681 16449 14495 14533 23688 17339 15954
7387 14729 11660 16747 12266 18460 16288 17654 22840 5251 15063 8914 24260 8848 11074 11656 15530 15627 10398 15692 9573 12472 13550 17647 14659 16526
11772 8753 13108 16350 15357 15952 15950 14995 18458 887 13630 14451 21249 14136 22464 11353 11077 13427 16240 17510 26844 21733 10311 25420 8915 9528
9080 18941 8678 16279 18014 16392 19977 20488 10987 7246 8082 0 844 12770 26621 20611 12428 19044 9008 14629 9559 17630 13050 23483 9065 10681
12556 13534 9850 16949 11641 20774 15338 18800 19020 21104 16168 10191 18041 10934 33017 21732 34265 17145 10178 17476 2470 19426 15141 21454 8977 11223
5657 19154 17262 14295 10092 18677 12915 22611 14994 11179 15914 9767 10496 8541 20641 10785 17181 15533 16222 16772 6336 18266 14350 18428 12832 14905
4600 15387 19568 18009 10631 16408 12486 24594 15571 6691 14715 5118 23767 9879 22020 12621 12975 10788 15134 19027 0 18929 13874 17469 14067 8884
9969 16586 3676 20050 11719 17960 12061 15977 14914 16927 20225 13555 10883 9790 26646 27206 20667 13306 16838 16809 11965 17262 11349 17152 16505 20936
9050 14504 12045 15481 13630 10273 16586 22026 17024 18234 15326 8393 4686 9751 29164 12666 24821 22572 18174 17507 15970 19152 14518 21689 9476 21432
12142 17350 4314 13256 14245 14799 16083 16778 16097 11919 24881 15279 23925 15171 19165 6375 9176 11660 16287 17582 25497 17403 11868 22133 17346 25979
16965 21156 18876 15377 7064 19294 14511 15975 21792 8877 16775 5680 14650 9457 38811 16312 18520 8192 16877 18267 8689 24076 10303 24047 16170 21892
11889 13589 15679 14020 13567 16885 15528 12051 16780 12064 15563 11280 28257 11426 27213 11120 29579 10420 11397 17464 15218 10897 15510 19137 19701 16463
19120 18412 2530 9162 17617 18841 16347 20232 23986 6290 27815 5054 26673 14373 28614 21262 13820 13921 15523 17409 0 14039 13308 23600 14792 33887
16427 17996 17231 16339 11587 17244 12810 20253 17840 14689 16543 14501 9478 6868 11520 23944 17201 17375 21837 15863 14819 18698 12856 11225 13454 18488
16108 17489 4184 15757 12013 11749 9484 20641 19307 6732 20808 19287 12663 11582 20612 21785 25294 22886 9950 14769 6022 20976 13257 16201 17358 14853
3399 17706 14626 19209 5068 22303 17395 21059 21266 6187 14047 24792 19030 6872 14613 12610 11124 19376 15185 13534 27066 17179 13068 22771 12636 18243
11346 16675 0 16181 11825 13167 11175 19800 9869 11588 20908 13080 15860 12050 19408 9900 21014 26281 21056 16450 23265 14282 9274 21479 18405 17560
7868 15869 7958 16811 10759 21468 16068 20264 16118 31949 21378 4444 22054 10293 20172 7839 21345 11621 17771 14897 6610 21641 10977 11029 16849 17522
4325 14441 0 19592 11110 13982 10816 10958 17312 9435 24748 16794 17819 8431 29635 15951 24074 15489 6458 15839 5076 19404 13409 13425 12182 13541
17062 16738 8965 18616 5503 12370 14530 22941 16420 1567 8514 10719 12841 8888 21163 9848 20189 17937 15479 17249 10215 14800 15420 17903 16009 22111
11699 16567 5824 16404 10296 16502 20432 14091 16574 5390 27120 9739 13729 7680 20825 13518 19078 14837 14641 17871 18185 18915 18389 19017 15897 19892
9027 16417 6552 18009 12335 23140 17282 16637 20533 0 17537 2498 23587 15095 26334 14966 27141 13582 13075 14692 11271 19106 20644 18789 14117 13080
10721 17314 5853 20586 19885 13289 6751 20415 19474 17697 19166 6628 14126 8104 19345 20060 17712 30217 16552 16208 11842 15597 12046 28475 15591 15770
10399 12039 19473 13835 15788 24285 15276 22021 20767 13372 20370 18084 14312 10280 16363 13161 18926 15471 9850 10982 19251 20389 14070 24263 13943 17986
15039 19067 11463 14164 9390 14564 13373 11589 18170 8941 19484 16024 0 11626 13949 18401 26909 11976 9861 20122 19984 22990 12781 24503 15729 5865
10934 13822 5442 20219 13788 10300 11725 19688 16673 11672 22613 2150 25332 10285 20454 19764 14720 12024 14666 17746 3802 19652 13873 21060 13202 28709
14243 12798 3409 18464 9364 19174 21657 21561 14604 555 9910 12926 17921 13008 27575 16564 17415 15548 12477 16285 23685 20007 15656 20651 10115 5839
21515 11276 11557 16084 8406 16310 22240 22127 16681 8168 11220 13481 15181 16192 23362 21085 21158 12432 11351 18571 23422 14822 11610 15346 16136 10584
8261 16758 1279 13482 11009 22111 9751 10863 14674 23194 18425 11520 15907 11705 25899 24960 19002 0 18834 15697 23926 25654 16460 18143 14967 23459
6575 17695 5818 19217 8439 19674 10268 18089 20043 8333 14747 7625 26900 13038 28280 12535 17131 9208 18600 16162 15892 13707 18178 20621 16400 17059
12334 18636 14472 16590 10101 18171 12321 11042 14560 14106 22333 13180 15881 7575 22856 20378 21390 10697 10671 14851 15542 18392 17935 21627 20890 24287
3974 18286 24053 17606 8022 18059 16773 17703 15360 2822 11533 19418 15665 9836 21928 23045 21597 18632 13715 15494 16685 12403 16575 27354 17181 18344
17573 18012 5421 17014 12961 18266 12730 12820 17624 4466 20395 16587 24851 8317 17947 14290 15124 7937 15234 18630 9012 23053 11060 25972 15676 25096
10537 19110 18404 20352 9575 10717 16126 14476 13948 1730 20267 8827 24085 11118 28919 18660 20483 10856 15392 14567 20114 22824 11066 22231 9771 27654
11458 14975 4702 16553 12214 12404 18904 25723 23875 7510 24074 19744 19165 15239 20393 8045 12702 11161 22696 13929 11091 11029 11642 9336 12570 9337
4593 14171 0 16891 8392 15836 19315 22678 18764 13792 23699 20844 8135 13203 21401 13251 19479 175 8091 20079 11915 18398 19608 23688 17288 26000
9148 13507 5266 17733 10757 18470 16141 10902 19556 10945 27071 6110 16340 10317 11075 21421 23302 11555 16912 15020 5671 11762 9532 29428 12872 16632
6489 22183 13380 18684 11471 19610 9307 13148 17129 18717 20063 3797 26678 16752 24633 22817 20574 9030 14703 17112 9392 18667 16782 16099 13169 15900
12856 17201 17333 14542 9378 11542 19946 16854 20628 18944 16760 5190 20334 9643 14417 17994 30550 17096 16375 14618 10200 22054 19719 24250 14212 23492
3728 18549 11723 14314 11417 14282 13926 11881 13509 16006 30078 10150 19418 9099 26166 20803 25491 9172 18684 16954 12824 19633 18895 18604 10201 24548
14992 12756 3776 21561 10695 16426 15587 0 18870 11033 23711 16310 8291 13174 31118 19095 29105 12768 16820 16807 9685 23577 14079 26307 12519 23884
13343 18830 22039 13594 9666 14915 16612 14184 15493 18310 14408 3960 11618 9258 16708 13600 21206 9060 17411 13656 4769 24973 15999 19764 15760 11831
556 19353 14004 16209 9510 19939 18059 13232 18343 14150 7270 9048 6395 9868 23422 13168 13863 12909 16306 18193 4006 18051 15311 24531 13398 17866
14473 17950 0 14497 10907 18236 14280 24275 22161 0 20588 3422 5880 4130 18730 17927 14975 26796 17736 17075 22485 13640 10486 15497 11578 12958
8134 16163 0 16490 9484 16193 12497 18121 16172 9751 23474 23160 16173 9638 13238 22121 25814 10665 5003 13792 14244 17639 13222 27918 18855 20833
11427 15869 7304 15959 7931 12635 24007 19068 21315 13776 20892 2576 19987 10638 9975 13414 20724 19732 13049 18885 7139 15398 11909 19811 14361 20048
14611 21772 12307 17488 10309 22244 11858 9380 14572 17780 15623 14139 13673 1922 12575 13932 37235 13790 13287 19555 7461 11536 19012 21866 9224 18137
18080 17805 2950 19430 7516 22346 13659 26074 17493 10034 12731 0 2237 9470 18662 24188 16598 12081 16592 15146 0 12012 13332 9337 11232 23959
6314 14708 346 14516 7573 16368 11682 22501 11991 15879 27946 15793 28947 13084 31448 5786 14666 18415 17967 15751 6797 17986 9276 20297 16967 30164
12638 16516 9162 13555 6053 16817 19086 6631 15692 10690 18709 928 16223 9205 26044 17854 19102 13619 17532 18502 18311 19693 12419 15724 10219 20921
11588 15992 16099 15239 12668 14996 13035 12911 18287 14876 18370 3205 15115 12761 12036 12275 20618 7335 15933 21792 3527 17915 16009 12517 12154 16705
15206 17733 8336 14754 15221 16369 14658 17819 15202 14460 17748 13812 18458 16930 25532 26374 14734 8616 12209 17259 0 19572 9980 25374 15265 8961
13349 14490 16139 17012 8417 15940 12660 10078 15914 17253 20745 17151 14566 12104 17899 21705 17667 12874 16007 18089 9017 20929 18387 17825 11935 15504
15361 22040 19219 12381 15549 10284 8998 11446 16686 4421 10540 8803 12099 7687 13661 25494 32745 9850 12273 19007 23784 22594 12439 21876 14462 12490
9084 16558 8004 22840 13979 9421 15065 12184 22769 12477 22355 6332 18112 6650 15199 6433 24895 17553 16950 14937 5346 23778 14233 16254 9887 16555
12499 17005 5833 14843 13176 11507 21541 13715 18170 23482 14048 6569 20821 10878 20399 20291 23745 25428 13715 21305 2439 14005 13325 28257 21149 17393
8901 18062 9074 14688 8341 20809 17013 17562 21733 15895 7037 13234 13921 15687 28106 15990 6592 18947 13804 18381 16554 18367 11858 0 14286 23889
9829 17604 15760 18787 7254 14402 15351 10448 19033 12196 20562 15269 15588 13599 15557 11010 22527 18077 13512 19000 13727 20131 18471 22194 19129 16050
22622 15390 16103 14470 10557 20750 11743 18732 14477 12630 19163 10506 8836 7654 16584 22985 16716 2894 16836 16680 16500 21964 14799 27984 11075 12393
11764 18066 7845 19387 11309 13264 17836 17079 16863 10230 11393 18404 22231 12755 27577 8870 14988 26285 17053 13043 15122 13047 13852 32333 19988 18853
12836 17089 2397 19594 14780 7086 17369 12657 10969 27440 11088 20279 19738 8960 28470 13615 26462 3998 13438 17290 25682 26125 12924 29056 17774 18972
15217 19267 2258 19188 10867 13666 16140 22352 14843 16623 21857 24209 16572 14495 15249 24398 25881 15980 12337 17323 19290 17728 14213 30834 13477 13532
10512 16238 9261 19360 13724 16952 20989 15634 21700 0 16581 14155 15034 10784 19634 20678 27661 15113 9218 16477 12332 18502 13126 4493 10205 21733
16530 19585 4821 15180 10319 21660 19652 20391 22797 18195 10711 0 15052 11109 25758 13679 24373 10905 11760 19056 0 11689 11204 20305 19083 23774
12815 18203 17489 12925 10487 13243 13059 15040 20851 17288 24940 21145 19842 12220 34972 18951 22632 20744 13453 16787 14316 16605 13143 26852 17482 15294
19693 15991 1169 14750 15552 11827 15296 14759 12878 22393 25460 3608 22140 6763 9756 11926 27415 11913 10483 18499 4309 11647 12365 28386 12262 17715
2437 14611 6579 14035 7772 16318 18497 25211 19393 14136 13979 10384 10458 13637 16287 26023 25625 13121 13726 14727 12726 17536 13771 17767 17123 24490
7359 17779 11205 21580 9885 14259 12251 20135 21770 10572 25013 8518 12513 9197 23657 19592 18746 15050 19025 18216 13329 16515 15203 21787 17794 8387
8264 15934 5807 14354 4344 19124 14911 13950 18604 13460 6782 12370 20392 17140 12762 21476 12203 7454 19822 12834 21617 16274 11935 22660 17313 26081
8333 18217 14859 20997 15011 14787 18830 8294 8059 15117 23283 6809 22157 15292 9090 19429 10361 0 10056 14668 4005 12715 17372 639 14329 20411
10913 13891 18761 16905 16314 14237 14942 18024 18736 7808 14113 14775 7624 12788 14659 24511 23644 12414 21114 15384 3975 10585 10995 22552 17893 19023
11927 19752 0 22057 12413 17803 15894 7532 18887 14115 22023 10540 24749 3966 22684 20309 15136 10854 13767 17614 12891 13690 14166 15058 8352 30043
9339 19681 203 21745 10709 16155 11882 24419 20712 6329 9425 9135 14774 13756 28350 21754 6735 7899 12152 15624 13327 10505 13994 19671 21325 19235
11577 17593 11704 18025 14612 15366 17630 9442 20475 15868 10367 8130 25785 5761 20773 12489 11577 14154 18610 18071 16968 26689 18293 11801 12890 11506
11201 11677 10335 16954 13592 13998 15822 15163 12327 8932 20254 27172 9227 4637 31093 14960 16834 20723 8397 16986 14706 18286 8410 13639 16520 14611
10620 14113 19712 20444 14180 11190 15871 17004 17977 12012 23353 21278 14167 12608 22079 12790 19819 0 13756 17782 21320 15967 11724 15754 10658 22877
14704 7278 9847 19095 13045 15274 17046 13606 15828 0 22064 15863 22739 10751 28623 13696 25670 15329 13298 14367 4087 11663 12020 23210 13222 28089
16027 16719 11054 16728 12946 14164 15168 21928 18533 8244 17480 5055 17719 15418 18697 12368 19244 13855 18443 20059 12522 21369 11770 33018 16444 15359
17740 20711 12110 18368 15810 11096 17835 27274 16089 18996 21944 10408 14258 13819 37122 14098 10702 6650 7424 16493 0 14425 19050 25649 15349 24911
4778 14195 4257 12748 11712 13419 12679 5769 19039 6530 16349 3075 15951 11464 18682 15210 17823 17068 15967 8906 11503 12637 10917 12706 15168 26254
15712 19515 12272 19925 13401 18688 16507 21022 20617 15176 21022 0 21808 13237 21839 22270 22199 10136 11219 16215 8659 13844 21314 21185 21266 10435
12898 17828 7543 15018 12650 15935 14928 20086 19325 0 12517 15114 25988 12141 7286 15355 16379 19210 22585 17745 12771 7734 16384 18815 12209 14129
11653 12436 12391 17305 12525 17812 18156 17970 13514 10113 10286 25923 19785 9696 26339 13507 22117 20283 13606 16289 11689 11888 15759 21507 11999 16829
5174 20678 12316 15710 7891 16002 14668 11337 20774 18919 17104 11055 20064 13681 7328 14238 21300 17300 17244 16680 4659 15273 17014 27309 13031 14597
5276 20105 6468 18608 10848 20180 16007 16982 17001 9999 14267 7122 19269 15291 27018 24600 18242 19357 13188 15040 24079 17831 21166 21737 11934 19766
18059 16719 14850 18561 12999 18233 23803 9345 17287 3336 20950 15442 16233 6607 26225 23670 14222 4046 12754 19064 6018 15024 8818 26503 14616 20018
9503 15771 9918 20368 8083 15459 13757 21782 22618 10491 26721 11890 13665 10007 20053 20630 16873 17808 14867 15030 12578 18744 15579 21172 17851 24965
18037 14956 2430 15912 11932 20381 14529 9732 19119 0 12437 23816 11809 6035 17312 20939 37128 8772 17050 15337 3522 17840 13359 32189 21506 21111
17032 17096 4513 17833 10045 16413 14275 25719 17194 3281 14477 12574 19815 12563 30248 15011 18744 16924 16084 14812 9578 20506 14799 18969 14135 14906
9611 22071 0 16736 12803 18894 14821 24564 20139 18782 20551 17132 29458 9591 19048 12509 17110 28183 21739 20472 0 18627 12938 23329 21657 13368
6817 18531 19469 18731 9235 19477 17465 17966 22623 16122 23953 9222 13941 8569 16323 14561 20810 14408 17148 17219 11719 20452 16550 24155 20404 18894
11213 18770 16565 19339 13864 19687 16740 16666 22405 2286 10739 11547 29047 15750 12774 7636 30264 13311 8259 15989 13653 23125 16686 18528 12565 21416
14425 17828 14834 16368 8384 19874 13788 17154 21836 9403 22907 6988 16706 14989 21963 12790 22331 8682 14493 16281 10005 19505 13568 17846 17344 21761
11605 10537 16226 16156 14661 15671 18340 19507 18011 9841 23948 10555 11094 15967 20569 14957 20876 15087 10082 15037 4471 19817 18085 17718 17141 19521
10585 16140 11984 16633 7850 20533 18640 15170 14957 19603 22269 11282 17697 11162 20483 9747 17190 16656 7682 19230 11682 16709 14642 30430 12799 26082
16503 13434 20678 18979 6742 21468 17658 20261 14882 5490 23225 15707 23896 11491 23954 21398 3433 15332 18716 14631 17278 17632 14097 10926 12054 18514
9868 17129 13521 18788 14247 16773 16739 14075 17306 9343 11448 5835 20895 14236 13560 23139 19727 13176 16258 18231 9267 18102 15303 20424 16992 20264
17408 19874 0 17816 14477 16577 14893 0 17315 11590 28202 12641 20171 12233 21983 13734 14325 21791 16009 15443 28307 13769 15324 17939 21440 26195
8379 10707 14411 17198 9432 12685 13471 19991 15351 16779 19956 7095 15528 18725 34259 5383 18702 14896 17373 14643 5373 12524 13665 11832 16353 18216
14029 19562 19379 10910 12581 15470 14411 2665 18944 4144 26988 0 21567 9453 19006 13588 18378 4121 15648 19576 11462 18859 13807 23935 15150 14342
14268 15111 3813 14001 12185 11387 14460 19512 19434 8833 14306 4628 21652 7527 27350 24546 18593 24640 9444 13633 16782 13737 12106 17833 10618 10201
15586 16877 20142 16786 6937 16526 16909 22468 19641 10104 10050 8375 21516 8091 16857 13072 10086 14788 9163 19037 24806 13459 11837 8118 12485 11316
2857 11739 21084 15592 13040 17762 14517 18780 12900 11024 26464 14808 17702 11190 11601 16288 25026 6666 11677 18421 0 18325 13389 16898 15927 29551
11606 11662 13995 13223 8208 14030 15339 20844 17207 4944 13687 7073 22308 13849 27681 14569 19245 16604 12939 15233 25225 13382 12094 23695 10542 22101
7597 16316 29201 17878 8992 18326 13423 3652 22342 13645 21954 10280 14860 8318 14013 8724 22463 15393 8073 18450 13868 12654 13848 35144 12461 15695
24105 15138 16938 20406 6997 14725 9142 8395 15492 11442 20144 18897 10436 13405 26535 9502 15870 17295 13040 16225 16372 17228 14460 28196 15794 14299
7301 20368 13169 11966 14937 17002 20401 19787 10889 5602 21231 13385 20280 10761 10169 8947 10181 12404 8243 16046 14710 18769 11080 19499 16124 14092
3612 8871 2738 17557 14906 15022 16567 19259 20303 17033 11620 1045 14872 12864 19462 6213 7467 24067 16820 15674 9788 15209 11059 16296 8545 17437
12181 17809 3508 18744 12579 16155 16625 26854 16355 17027 25227 12128 18742 11617 19797 17885 4015 14270 18879 15459 10691 15351 11423 22551 16705 19359
11370 15313 11925 13582 8955 16662 17344 12382 16585 11111 22505 10123 13605 15297 24109 19518 24043 12852 13393 16641 16677 9863 11214 17872 17643 21650
16010 16057 4200 10982 5265 19542 18113 12630 19241 10658 23548 8840 21808 12751 15145 21546 18578 21421 19271 18233 10811 22523 19704 22399 11816 19886
2593 16873 10541 16002 8131 17581 14311 14914 18493 19894 17479 4067 30779 8111 18211 19865 36011 5537 13978 16914 7174 19174 16081 22872 11043 30707
8605 15970 6640 18831 10177 12938 12496 4706 16815 18944 14700 10610 17178 3142 25367 11941 17997 10240 16383 17692 6735 17397 10542 19464 15896 21081
8344 12671 928 12857 4633 13760 17745 18324 16827 2040 20229 5975 19780 12847 15598 18817 21166 16655 13651 15791 3745 14931 14393 23045 15989 18597
7974 17942 11380 21957 18225 11699 22578 24337 22175 14745 20101 10495 27879 13599 28587 22009 17601 23929 6179 19186 18314 16839 15538 6879 12204 10209
9406 15518 15839 15373 14020 17066 18555 20597 21278 22445 20040 9146 5713 16699 17010 10497 19042 6661 12233 18679 22930 19825 15243 20424 15231 23773
9132 11853 11809 17624 7613 14840 17136 7225 16334 3207 31317 11144 17448 12567 33329 20711 22379 8630 13248 21130 5573 16395 12497 23525 11511 25838
9980 14796 0 20375 8454 21532 13499 16939 12313 22166 31976 2935 24550 14429 30647 11091 18764 17291 10491 14037 11917 17935 12526 19796 10490 11885
4317 15029 8679 18764 14427 18090 13524 12864 16511 6722 21627 4444 16245 16392 24952 17748 15617 12358 17148 17742 12820 13606 12202 19429 17202 22007
12951 18689 4151 13482 7740 15661 15233 15204 13246 10577 15158 10130 17570 7863 25537 11068 21983 27031 17219 16118 13579 13067 18437 22569 15291 14819
20021 16930 18597 14809 15023 18775 13475 20257 15007 3637 10668 6032 23077 12863 18451 19939 22669 17763 14688 19893 12352 17905 7602 18193 14528 16681
15477 17050 13216 18068 7119 15669 11091 23343 13323 9502 20777 12936 26423 3995 22567 17645 25036 8869 15889 18898 5178 18422 17443 24970 17510 15817
23636 15636 18670 13461 8949 14340 19967 19710 14447 12170 21248 13257 22727 13143 21356 17689 12392 13985 14819 14149 19103 23972 13614 21818 11895 14974
8095 16069 6555 14700 7268 13880 14220 24741 24906 18925 16012 14080 18788 18880 23083 22335 21523 7279 9123 16684 9949 21207 14266 25677 12689 11655
8379 17107 7258 15336 12539 23564 13881 14311 14959 18939 17214 12651 17398 14318 11208 15095 16312 17303 13070 17573 14020 17964 15136 20422 13448 25527
12651 14897 15722 16010 10015 13558 13659 27201 17840 2953 20021 21674 7332 17047 21656 13645 17108 5240 20271 20527 15152 17872 12475 30388 14706 24354
1392 13635 4147 14860 7287 14948 14513 17857 15024 18944 25516 10862 14699 9962 9740 18268 12096 7731 23641 19811 9256 21974 6536 17098 17438 19245
13891 19893 9159 17711 10536 14530 5970 5130 12767 14406 20863 8084 22216 6042 15038 20959 6099 28571 18835 12415 31340 17044 15584 15147 15613 19104
9290 21828 4021 17078 15443 18189 19837 14840 21361 23337 15846 26523 17489 13799 16328 24125 27310 16662 10769 19559 13131 20411 10260 19916 22910 25188
5038 18034 19535 13834 10758 9188 11723 5873 21349 8579 11552 6946 29091 12232 22703 13868 14780 16781 16110 17829 11498 16190 13558 17906 14891 19900
13125 11783 16577 17220 11045 14581 18785 19041 15489 16140 15647 21538 3478 11893 26658 25423 27868 12246 17937 18086 10471 23955 15915 27857 14165 30349
16245 19821 13549 18722 13270 19839 13731 9509 16895 13459 18764 10356 20953 13561 15238 11858 19549 17883 16296 13089 19807 17170 14254 15379 11847 6301
11343 16057 15878 20330 13747 15471 16714 13403 16588 5463 16636 8459 24534 9803 32749 5018 13354 16281 14862 15566 14234 10788 9994 27591 19546 15052
6984 14891 14480 16646 15846 17102 15774 8595 15838 10663 10295 10758 12807 17162 18196 13229 12465 9913 13338 14340 14422 21038 13599 20580 11393 22136
8593 12271 13490 22252 13638 14543 20814 20718 17702 20332 28242 13788 25648 11906 15481 18879 15452 1931 10613 20981 27633 15335 16412 4715 11066 8519
9621 15850 8332 16345 7729 13351 14181 10244 24510 8682 21707 10701 13294 7657 25661 7291 11443 4210 15727 18735 11491 22411 13946 10651 13581 12031
11840 12098 17632 19185 10745 19801 15967 20524 17290 7855 20325 10056 23166 12387 24938 12319 21181 14368 19925 16962 25979 18488 16660 24961 15507 15987
10297 17131 14395 12541 10270 15457 13057 15019 14963 12987 21558 18506 22394 10151 26602 14785 22177 10051 15300 15428 8302 12675 13061 16580 11606 24578
7219 9207 0 12140 18308 13560 8188 16609 19711 1700 23243 4829 16033 7600 15833 13548 16553 11338 11414 17851 4556 19660 16156 19325 12638 22936
12743 21070 8045 18858 7731 14896 14111 20996 15872 11888 11467 11230 14395 16549 23357 12504 18188 7424 15088 17363 10407 14891 11404 15469 18579 17693
12495 13097 4497 14819 9280 13250 15673 19997 13843 4161 23759 12857 24190 7276 26266 17614 26396 7380 16507 17575 17887 8034 18549 7940 10426 16952
10997 17844 16859 17251 17741 18195 17936 16336 21992 9885 21053 4790 15049 12480 27990 18622 14720 12584 18923 16182 18043 23732 10775 21832 11261 23711
20234 17157 8159 12616 11588 15653 21765 15647 15538 15150 17370 14834 21603 10305 26635 21775 21113 12990 17013 16843 0 21641 17764 10744 14691 18178
9363 15738 3160 15935 7384 15530 14916 17580 16528 8279 25159 7734 16436 11921 19747 23078 5559 421 11995 14043 9389 20451 11864 20996 17080 19079
9537 17223 10412 14308 11654 18358 15106 12006 15146 17183 22794 4842 8014 8346 23061 11978 20066 19927 15923 17695 13896 20835 10145 18567 11938 14084
10602 15888 14724 16557 10046 16612 16717 14797 18326 3027 19158 17162 23098 6112 28147 7989 14728 16857 11960 21006 30122 20857 12620 16288 16191 30772
18967 13179 10814 20890 13629 14973 17485 12324 13157 10259 22434 25052 26208 16281 19890 20319 22412 24718 9929 17452 19350 16084 10976 22527 10790 26790
15155 15219 0 18673 13946 18051 11699 5598 13674 17650 14396 12943 14055 9562 22073 14842 19162 8374 16628 15390 12513 18800 14669 22368 17578 25812
10240 16856 8661 15309 7249 16993 16212 12805 14779 20680 20723 19341 20121 13747 17036 17016 17589 20531 11855 14588 11572 18693 12965 22046 10890 16374
12919 23976 0 18497 13698 16857 14855 23014 23121 0 24810 0 18342 14507 26189 19941 20698 9486 11553 14406 16449 19174 9301 28448 15952 19334
7852 14969 7336 20676 9983 16060 17074 17202 15168 23009 20937 11498 25326 12248 5080 17655 18921 16374 15066 18573 14939 15124 14466 18409 19130 3681
11365 15153 4495 17919 15005 13801 14322 11676 22088 11254 29319 11259 11514 13473 25101 19142 15473 28961 14872 13092 0 15298 11605 22075 15359 24109
10704 15815 8597 14951 8171 19190 16590 22466 14390 18062 16363 3576 26869 12597 25220 21080 16257 7723 15021 10636 18759 16623 15418 28478 19298 15412
15975 16441 15762 13869 6746 16444 16739 17419 16301 7709 10487 0 12376 7475 27124 15608 18465 19094 14412 15366 17747 15117 15800 20078 19403 21017
11043 17042 20617 20960 14635 15275 16004 19625 21245 9704 18813 11071 14282 6924 28143 22129 21223 9803 9297 16186 14544 15987 15504 23918 19712 13274
7652 16808 8045 20048 11098 15833 16279 19988 13243 9387 15478 12428 21260 17732 26808 16465 26592 12574 15663 17968 7317 14832 13373 21204 14207 21458
10258 16499 3426 20510 12393 20900 20353 19111 22281 14952 15229 10977 26120 13101 13823 9778 17124 18636 12296 11360 29244 17976 13311 16302 14133 16216
9914 14741 15448 18669 12481 17230 9482 5638 17972 6027 19560 10816 24047 13196 24902 20698 20288 29919 14265 16064 17167 22443 12626 15564 16000 16103
7886 14123 20966 18094 21505 14171 15556 8337 17676 5249 28971 17005 23170 16282 34480 14869 21026 19706 14182 17193 14864 18285 14482 29208 14950 15714
8918 14243 18658 21723 7379 10174 12727 15622 16394 21359 27427 14105 13154 11092 10730 9682 24124 5762 16512 19584 8391 14306 10718 23484 13805 9854
10648 17086 15557 17105 11689 13565 18358 16922 17677 6734 22746 15631 24664 6759 25586 18030 21853 19799 21607 20705 11024 18208 11147 22067 12856 5061
12796 11874 18766 18336 5892 13685 16734 28352 20584 16938 23252 13807 18692 14968 17073 25460 14210 24233 12034 19169 22759 15659 11989 25154 15149 14987
5319 8553 19209 17463 7388 14010 18982 19016 20214 21410 8934 4842 1799 3572 21132 12192 24800 23872 15802 17970 15114 22103 17164 12510 15983 9761
16916 13924 20360 15621 13432 16583 16014 9447 15550 9711 12660 9795 27105 15555 27780 15037 17243 31425 18281 16344 6044 18080 20343 15679 11598 18932
17114 16558 18458 18714 11908 17799 17050 10606 15946 15917 35878 14875 17216 17152 20910 15856 14064 25735 9602 19367 14615 14834 14758 21731 17201 14326
11999 18745 9636 18031 12990 17925 17535 6874 14450 11395 12254 5864 18813 11054 9026 20272 5819 21606 17271 17041 12564 9889 11386 31115 15130 24154
16863 17499 2647 15320 10871 18155 15470 17310 9676 10733 15612 19026 7345 5301 24600 17475 16544 19865 8618 15983 18353 7612 16899 11913 13104 21323
10669 16830 0 16826 7668 16797 13812 16015 15797 5775 15675 13410 25032 10343 12728 18659 20747 10709 13878 18943 7112 15353 14937 19918 12189 20593
10178 21950 2001 19936 9840 11494 21997 18899 23117 16359 27468 7808 18838 6502 18967 13852 12822 19245 14661 18956 17106 14251 12418 19315 13548 10690
7992 23394 16380 16289 9478 12135 17381 19619 19525 20302 18458 9045 26371 8853 20559 16786 19439 11258 15587 16702 20781 15483 14343 19862 15158 23189
10144 15560 516 22865 12901 19748 13180 23617 18495 20896 19719 4128 18969 16413 23515 9675 16434 24011 13868 13838 13814 21810 14989 25377 14701 30135
8910 16400 9135 17358 14367 21258 14915 14487 21004 13210 19998 7925 10776 10526 11841 13782 24952 13729 14403 19218 0 15156 18019 25095 13582 12505
6586 18775 9978 11186 8661 13649 9748 22706 13718 15035 27366 14135 32798 10266 18097 14728 10104 11764 11940 19064 5643 14047 12627 6524 20157 18833
9983 13208 10289 17441 15365 9016 9715 10672 16593 13709 22957 18866 15167 12027 24227 21644 17842 29467 15533 18674 3068 11414 17964 10198 14519 15430
18403 13164 8092 13873 12720 9669 17174 20297 16947 15960 16941 2945 20174 13750 26210 18966 32434 14703 14515 17924 16600 17939 13544 22950 20835 22248
9443 16742 17231 16700 15911 17285 14983 16263 16782 18270 15235 2536 4933 10059 20933 22928 26067 14818 15647 12205 13949 16543 16067 15329 12530 15013
6448 15317 5694 16016 14441 22366 14486 26799 14047 17575 26792 11289 8654 12064 28178 16564 19038 14712 18992 16547 15967 11611 11286 21762 12215 9891
14431 17790 0 14379 10287 17020 12491 10625 12024 9388 15257 17411 13685 14281 18243 13063 17310 21345 15747 12565 23894 13475 14015 13224 11446 17908
15213 17476 7497 17348 9612 17441 7706 20282 21606 20746 22230 13724 21412 12800 24495 15267 29612 3731 16619 16478 19424 19529 8491 22578 8066 29147
10110 13172 11969 15995 5915 16928 16734 6717 22617 15114 15878 14795 27601 6206 23809 24306 22675 14037 11040 18212 10903 13557 15048 16708 15354 15581
5732 16893 10277 15371 10019 15874 18394 15232 22212 9264 13812 23115 19047 10438 14255 20369 13007 7348 16317 15897 20631 14733 14593 10565 16204 24132
13587 18575 9917 14521 12595 16572 14936 11037 15548 11036 28256 9633 29545 10632 10594 15652 4975 9345 9050 15658 11057 19907 12643 26808 14478 11949
12900 15632 7956 21154 10257 16391 15927 10002 18078 16619 23522 1104 15543 14140 22513 19768 26614 13870 15369 20144 7407 20817 12182 18629 11109 7793
7169 11341 8574 17498 11235 14000 16954 12050 16271 7493 17532 12485 19860 1737 21929 20491 14843 3345 12728 16111 6265 14860 15386 16561 10516 25380
14438 15239 17669 16151 14615 15053 11104 12417 21349 18324 19673 1220 17743 9319 24027 20318 21388 13113 11254 18018 13710 17967 18259 19291 20212 27477
8079 15522 13397 16889 13184 11178 7810 15255 15955 27302 15799 10591 16588 11692 26259 15564 20655 16285 10652 15928 10394 19546 14715 20592 17547 12264
11900 18877 13826 19499 6154 15275 9673 16249 14779 20789 9778 10979 23807 10727 14491 13963 16788 20512 13761 17528 15615 13752 14394 14399 17689 10010
17003 19917 12635 16528 4591 12482 14216 16223 17666 20632 26817 9451 22980 5662 12928 25072 25864 23662 18600 18259 18136 13003 11056 21092 16106 21710
6140 17230 8100 16150 10686 21856 17431 19222 17827 7733 13944 5721 10260 12073 13120 13217 11748 6773 14736 14576 25878 16750 11047 12072 10824 26616
16166 15880 9907 15665 16093 16851 17552 11680 20032 1979 15632 7522 6799 4776 24816 15274 13567 19801 7414 16673 8562 17143 11062 27796 11870 13015
10798 18268 6916 16926 7089 13944 19108 25786 22614 4526 11076 18995 33564 5353 4716 12489 8659 12392 11642 15728 13568 12752 13044 22922 16678 25798
16611 14126 5179 19012 15157 10318 16349 13915 16821 15842 21540 309 24762 21095 12475 15761 20497 8040 17547 19260 21271 19939 14841 34148 14443 12648
2168 12651 6247 18071 4368 19135 17864 12507 17469 12631 19337 14058 9563 9573 13680 16430 24044 5972 11494 19580 10605 14614 12559 24239 23446 20581
6047 17597 8629 18885 8362 20030 14436 19366 23696 17045 21407 7379 17892 18209 12850 13376 15599 23888 20186 16281 20172 16350 19163 17777 11501 17195
4271 14961 7545 15481 15142 15076 20641 13665 18024 19691 15648 6493 13962 11021 36042 23337 31506 23828 20054 16167 6732 12235 12703 22916 11084 25417
16955 17779 14709 21503 6047 13525 12551 18780 18275 15614 15476 10988 21811 13459 4964 15067 31729 10841 14231 20466 23291 12755 11428 17615 19742 12122
18781 16075 11786 18209 7244 16556 13157 10525 14041 20364 12273 7761 7607 20506 13403 14193 11859 28406 10485 19747 16210 13494 19342 25725 12797 22467
4359 18123 9485 12321 9974 16358 15942 20320 20244 14011 21584 5542 12941 3721 24064 15362 13972 12202 13388 14710 17139 17409 12217 18234 10964 24787
17223 16929 0 18306 7181 18789 16546 18830 17806 14563 21430 15932 25940 7776 9835 15837 15071 28481 23673 15474 13177 23969 13464 15712 12097 18420
8391 17071 16719 17979 9205 18083 18163 19110 16660 20638 19592 16140 25316 12843 30999 16976 30566 12061 11573 17951 1534 21526 15806 22419 13189 19339
3730 11315 7446 14564 13877 20656 22259 16232 17721 17507 26539 10409 21306 12860 15085 8978 25845 17872 8704 19704 20571 20778 13888 21769 16280 14494
15858 17677 7453 20355 10005 14893 12942 15779 17713 20615 18026 8570 21890 7098 17045 21117 21965 16566 11939 15027 14245 13286 11856 23450 11515 31979
11728 15559 8532 14493 11941 17727 15340 19709 21316 0 20483 12609 22317 8762 23434 3603 11249 16073 20420 20348 10354 13884 14119 14794 12240 11337
17377 18587 12489 16409 10966 21972 13335 28573 16794 11389 29926 18672 18336 9470 17926 19176 13074 14554 15364 14664 8376 22736 16821 24042 11786 17468
11830 18902 6511 14807 14048 19322 16818 12151 18238 5088 17281 6880 15078 9778 27405 16666 26346 14627 9507 16141 19981 22507 13534 29992 5446 11770
12029 15009 3056 16706 14194 17546 15598 27299 15144 25955 21227 1360 24276 12315 12957 19000 7329 4886 9200 17598 6275 17747 13274 25570 18580 30190
4987 18806 7594 19797 15309 13987 14804 22846 16847 21324 18779 8739 8652 12023 19500 12237 17884 13068 10108 16623 18303 17576 18454 20767 17066 21016
13262 13238 17448 19686 3953 18811 15515 13654 17135 22193 13410 14989 19765 14706 22176 13783 16394 19291 23959 13998 18826 20987 15178 19486 11098 27982
13038 19810 5789 15910 16086 14337 14736 29610 18458 21932 20721 7329 19942 14900 15480 13956 17162 0 14365 18772 22154 21254 15600 20218 11905 28057
14350 16233 17497 17499 10780 18091 16467 19244 15263 14843 22335 13814 30724 9126 29486 13101 18388 6006 11588 12686 10880 22661 15172 24732 11869 12006
11369 15087 11474 14836 6950 20204 13708 28188 15934 1865 15001 13768 8598 14195 10801 13213 16625 13206 19221 16050 20253 12575 15157 26844 12595 26310
17836 16829 7621 19398 15398 19359 15619 23073 14599 12484 18850 15177 10341 12371 22083 14622 20808 12572 10477 19939 6723 15558 11503 13564 14458 10568
11511 13869 8412 19671 10183 18577 18994 16141 18641 9530 15432 20684 13072 19629 10285 19715 24203 12139 12745 19603 16419 16528 16095 22284 14337 21207
13944 16386 2631 16864 13132 21831 15729 10014 14194 21696 13772 11146 5032 14777 19780 11881 15700 8821 13608 16863 14285 25476 12556 19088 12125 10598
5274 16090 6591 16199 15131 17884 19765 22202 17345 18785 29483 7200 22079 12903 22464 13679 21019 4791 6390 20395 17120 17525 10299 16342 14100 23221
3456 16067 8125 21534 0 13043 14858 20171 20926 19145 32917 12388 25945 12252 21016 15235 12258 14277 17690 13564 16554 18923 14844 21300 19836 14215
3676 14151 12777 17632 12371 13715 18245 21895 14368 13281 18824 11007 13275 10730 19108 16253 29134 2109 13352 18094 11139 15028 15446 16048 18711 12342
12780 14805 14084 16234 7349 13986 13423 24223 15670 12981 23224 13569 15729 11108 27729 21181 20429 10756 16206 20352 14642 21609 14400 21514 10688 19104
7317 16591 13569 15724 12122 15338 8993 12156 14109 12997 36003 8710 26365 11691 30673 12438 9959 10229 15760 18828 20530 15441 14275 22254 17358 15008
16044 9694 18093 18269 8875 16040 15845 21399 18325 20354 15393 9145 25034 7499 15272 18013 16796 14401 10382 13652 4590 14083 9684 14753 14602 17346
12402 20072 12274 16733 12141 12266 9946 17907 22758 7947 14895 14390 16313 10076 15157 14206 13978 14723 15164 20504 20332 19128 17317 22302 10774 16686
9903 13784 16343 17380 8304 20326 17725 19873 19762 23201 21675 5443 14734 12152 20922 16860 16402 17437 11810 20315 16968 9867 15551 35294 18321 8631
13946 16546 5386 19902 14873 21725 11653 19102 14438 10534 13754 6026 17564 10340 11373 15933 18129 23077 12836 20556 28236 12197 14398 13342 19292 17716
5955 16408 11817 20856 14984 14734 9826 15680 16668 7788 21297 4051 14627 11295 18842 15660 12357 2594 7778 16434 14102 15386 8428 22748 11677 24720
18823 18237 14048 18569 11742 15746 15546 13832 12952 20479 22909 7935 10324 7240 14031 17491 16619 32578 8365 15135 8780 16193 12349 18131 17646 15127
7873 10485 1146 16800 13652 18255 14730 15263 14977 8304 17537 13067 12938 9768 14508 8559 17829 19233 9587 15743 17855 17713 10995 19324 18204 18869
6613 17733 19498 16733 6803 17530 17899 14983 17223 8098 21646 5997 18110 11968 22913 20587 30386 13887 15326 18285 10622 23298 13566 23847 19385 15851
18317 16608 10465 17967 11473 12298 14873 18234 14315 15135 16761 6035 21401 10716 19627 13467 24046 15492 14581 16697 11883 18381 13270 18456 14397 15518
20096 15244 19526 17711 8808 19470 16654 25801 20454 18658 20531 11676 20118 13480 26463 19646 19166 11136 14858 19744 21431 20166 13545 11665 8158 26765
15951 16784 18940 18974 8130 12198 12334 16200 16877 11747 16415 18113 24210 7450 10924 20137 12565 8861 18588 14528 23291 20766 12889 21715 15130 23565
10554 14916 13604 16545 8992 16765 12333 12421 14027 17521 17454 18627 12587 10607 38925 18749 9290 17640 12874 16862 4087 14599 14041 18681 7256 19114
9121 16948 5033 18023 13157 15947 14398 26562 22038 4605 26257 1844 15595 13579 13399 26732 21218 12084 18863 19179 15279 16007 14542 12664 7356 22671
13315 13153 16812 12009 9571 13075 11667 21214 14236 18570 17135 1937 9862 10830 32751 14834 13612 23566 12721 19237 9377 16802 16656 20794 12920 18969
10021 15331 16010 18919 12805 20073 16336 23785 15653 11717 27533 18280 20065 11843 17181 16985 8985 17159 12731 18817 7813 11016 12461 22026 8312 15469
12022 15312 15384 19568 14243 10405 12781 18373 21836 12777 11280 5934 18930 11799 13685 12402 19455 19341 10871 13787 10125 14773 19547 16747 17623 24716
19647 15329 9077 20260 10230 14326 12134 13552 18898 16363 15362 8823 15552 9521 17282 20282 27280 20136 17472 15321 17070 14385 12272 20969 11401 18026
3441 18671 8310 15772 9586 11940 13919 18179 21491 7537 17231 6004 23349 9587 16332 28184 23252 20914 17300 16414 10887 9592 10554 29344 15231 25297
6739 19729 7999 18310 13515 14270 15103 10478 15789 12452 15045 13142 18533 12084 14180 16308 25702 19338 12816 16288 14764 13564 15580 16121 18268 20640
15013 12941 11092 21397 13558 23372 15337 28806 10996 13054 24504 7539 3924 11523 9698 21729 20914 19233 12797 16658 30381 16136 14144 21682 15873 11379
5864 14133 10916 17661 9128 15584 16294 12499 16482 5557 25130 4 18651 8419 15689 20259 22604 11856 13002 14996 18244 10397 9604 16006 12900 12142
13622 16301 9304 20563 6500 13506 18449 28240 16295 7568 30965 9870 22988 11431 17064 7578 20473 21856 13388 16929 6060 17221 10979 22604 7882 18081
17918 11089 10810 14105 16697 16678 22210 14955 10713 16366 20273 6786 9626 9208 12686 14336 22908 13239 15076 16048 19407 14071 17006 13370 15442 34602
17011 19652 15892 15538 9707 17162 15350 11979 11483 11900 13288 5754 10092 18747 12276 26057 18114 19120 4998 17065 7851 22259 10350 9625 13152 12934
8401 15998 17432 20059 10152 16536 9989 25107 10832 10266 23210 16706 16006 7360 22678 9047 19689 14918 15514 17294 22088 17172 13983 23076 12080 26417
13929 12453 7476 11535 10418 18013 17190 15988 18179 6176 19182 5313 19264 8682 17066 6992 21701 16963 18263 18036 9060 19882 16181 16559 13162 14673
16468 14227 8529 17995 9520 14961 13786 22990 19026 14055 19646 4846 2399 11187 20554 20847 22339 9961 4978 15956 7541 13315 13153 20581 16540 20102
13283 14838 13155 22276 15801 18171 17574 17639 17518 15107 21620 7093 16049 9482 24187 15958 15245 6828 9110 20579 16991 15799 12827 21474 19539 13790
10238 17480 8150 19611 14841 10703 17845 18985 16883 11935 17831 7997 9439 12799 9062 10822 23795 16147 17007 19587 17421 22006 10980 24150 17181 23162
13590 14899 22499 13677 6085 13895 21120 19839 22175 12125 17342 3961 20416 9537 15889 11820 14541 13919 12937 16861 13055 13306 11562 24220 15561 8021
8516 13643 12895 20958 10252 14323 14858 7790 17125 10196 8782 8838 2276 11291 39857 21191 35791 14291 19150 19573 2222 20156 16944 24974 16036 28855
12210 15568 15598 18608 10186 16704 14676 9563 15140 24364 19969 8675 15540 9741 6593 16506 16022 17398 13169 14480 20595 17351 14301 22756 11185 13289
13548 20243 8147 16608 14117 14229 10256 27783 20766 17971 27335 16855 23380 10190 16235 16752 24736 15272 16078 19787 19050 16722 14695 21567 16228 16685
335 21086 14715 15117 5954 20958 14335 12461 17635 9226 18732 10008 12689 11123 28219 29547 16830 12908 13392 17335 4330 18566 21242 25175 14290 22992
13150 20004 7728 12007 14372 14486 20506 22329 13868 14306 23480 8096 9385 11804 25994 16805 19507 15179 11530 19306 10614 16739 14915 20760 17400 22834
18203 16129 15957 15091 14063 17417 13395 14618 15633 22566 21767 16128 19789 7991 24072 22599 24328 17442 13211 19105 5338 23086 13437 20739 14267 8021
9777 18373 19934 16726 7137 14188 19096 18902 18887 15687 15881 18630 17096 12725 8922 12062 22375 14838 12466 17167 13702 19036 9449 21562 15367 21601
14736 14597 7830 15794 7841 15396 12614 15595 17639 14507 19848 9170 12977 9620 25258 16426 11919 18757 12378 18438 11902 19516 13987 11811 18950 27013
9632 11028 12589 17881 9436 15991 16448 31481 21605 11535 27551 14528 13871 13100 10867 17315 31402 20013 14335 14549 13890 16229 17663 29181 15293 10390
8554 11304 9135 16824 5780 16490 16876 22591 20559 7507 12066 14280 7436 12872 14746 17317 9485 14062 16057 15828 16689 20288 8149 16141 16850 15496
10241 18190 12345 16371 12302 17662 15014 15767 10147 7259 10574 0 20712 16106 30968 20414 9735 18606 18889 18189 7244 18549 12747 17927 9716 10228
16608 17051 24576 17692 8968 14851 15419 29675 20077 12836 22248 12027 14862 11770 17848 11513 17222 19482 18488 17502 13199 17059 13982 16825 9712 27447
8335 15334 5068 16901 5913 14741 19618 15306 18611 2427 22894 21403 18510 7701 21608 24897 16727 10259 12879 15964 21428 15990 19406 10971 14932 14850
10026 18485 822 18466 10813 15347 12585 17520 17357 10282 8580 10166 23306 11042 18391 16552 18110 12060 16109 17029 4506 6945 13766 14607 11241 21086
14623 12144 6070 18783 11151 11900 17896 17593 14155 4366 22083 11636 28608 4657 27978 0 16810 3895 17304 15170 22460 17154 8010 14475 16289 24325
12325 12354 15374 15500 14107 13709 7524 3977 18516 20537 14474 23272 16430 11041 19707 21886 23136 10134 15656 18111 9306 22643 11380 18366 12190 19962
16602 13828 8708 11136 10620 12987 14655 7704 16958 16479 17080 14782 28051 13344 15851 11688 25398 22808 20832 12910 17048 13920 14050 13473 14221 14618
11589 17402 8365 21221 11884 18382 15864 15882 17522 5552 17509 11932 2557 14299 7154 14707 21016 13203 19666 14552 20180 18884 13397 16341 15760 21157
12227 17020 10304 15075 11911 14487 12418 18983 15745 13961 19651 1144 26477 10061 21071 16852 4623 17374 11856 12387 8523 23301 13786 19453 12164 18863
5690 13981 5034 21762 12639 11923 11254 15209 11323 18994 12183 15328 17857 13403 19399 6409 19176 12370 12793 14122 23448 15037 11022 17667 20395 22379
5534 17030 12287 18060 16289 16833 18339 24973 14352 6296 16919 22702 24217 7555 15356 11596 20699 1324 14400 18105 8611 13140 13006 21766 12833 15632
13291 18403 18696 12163 13170 19317 16729 11551 20554 13231 18770 6624 8078 11222 25742 14067 22350 11715 10178 18152 16161 20419 16123 27217 9651 15532
8800 13540 9809 18386 11822 15996 16828 22132 18593 10623 19948 4254 13095 12170 15995 25412 22582 11065 15501 17674 19597 11846 17432 18558 6082 13459
10237 17565 11947 15065 17864 19319 14380 3773 21986 9872 22278 12770 20614 8326 25528 15641 11419 27785 5359 15617 5711 17910 6874 14704 16534 7915
15652 17758 18879 16868 10129 12763 13046 26160 11413 17535 19890 12216 14397 12670 22112 14245 25327 21486 15709 19839 13787 14519 14991 14155 18362 16953
11076 15006 12053 13787 8563 15691 13913 33705 14848 10127 20707 10965 11974 13896 29388 17625 19857 20087 7356 14849 22588 15168 6297 20522 11791 19445
4338 16484 7122 15287 11805 9075 19154 15911 20678 4418 15842 6322 23575 10840 31110 18137 23263 16607 3202 18404 11054 17382 11063 18810 8934 20107
12885 19797 8544 18757 15710 10491 17080 15297 15279 3143 20133 15072 24262 8500 28730 21093 22720 14353 19065 17217 7327 22684 13047 23780 17008 12580
17229 11310 12945 13051 12743 20772 20805 20391 20079 20197 10484 3959 12024 17096 22354 15243 18449 9709 6014 17045 14318 10150 16518 17584 17819 21649
16342 19447 11487 16619 11094 13989 12764 12111 15294 2841 20195 8502 11937 7992 13033 16659 9457 19244 12353 18127 4594 13432 8891 25330 15734 21693
8067 16647 7215 17031 10833 18196 17453 11435 17878 6280 26961 3080 9692 12025 20456 23190 15706 15211 15591 17905 16620 16359 15086 20095 16544 21258
14211 13212 15920 16210 7961 13941 14605 13979 16616 10188 14373 17980 19712 12384 18903 15302 26451 14801 15773 11730 8630 19356 10115 11447 11407 7538
17352 20821 11635 16925 11756 18564 15653 11619 23078 18307 11528 22570 19561 9622 20914 16335 24672 13207 15378 15276 14134 16419 13557 14737 13946 20945
13689 19291 11458 14960 9976 14556 16691 13293 18889 5210 19874 5834 15428 11840 13912 19348 20609 21871 14151 16449 10158 18541 13041 14800 13349 27233
15456 17419 8056 19441 8580 14126 10732 8988 18512 1384 14710 11721 15668 13881 15449 13164 3480 11837 8511 14600 26013 17589 12892 29410 12264 16755
12504 13133 9986 19934 12483 16506 20419 11891 19528 6213 25315 6204 21252 15727 22641 13251 24386 25135 17619 19507 18842 16254 15862 18453 12557 16611
7431 14299 3712 11344 9486 15773 22241 14498 18738 14352 23018 12775 18174 10628 25044 16547 24337 7453 10711 15443 10494 23014 12523 10275 13789 21512
10324 18917 24739 14411 13152 19554 16982 8890 16151 8464 23714 22589 9110 12036 17002 19745 20421 23499 11143 14905 18440 17030 14270 16423 16180 29252
6663 14250 13387 21213 17011 13159 19228 2589 11064 21539 24475 13944 22946 13587 23021 19001 16027 16682 12936 17554 15650 13501 9673 23173 13663 19388
23517 17882 15752 14091 10348 19013 14956 15433 11794 18322 25753 12298 29031 11360 8755 21810 15731 9429 10684 15062 0 16762 16129 20730 10422 12950
7716 18717 12597 14269 17894 20015 14746 20825 16987 4113 19571 18319 7913 9483 21709 8605 21998 17479 22877 17167 9053 20775 11220 20602 16537 18278
17442 17357 12474 13905 15207 23494 11331 9530 19008 10747 22690 6431 15923 9702 20678 16119 16824 28498 17086 15034 24673 12726 13382 25023 14251 18548
14461 19667 15588 19355 12133 15928 17475 20723 16002 22172 21175 11311 19088 12191 23952 15075 9018 16220 15963 23447 12694 22040 16433 17937 16997 20080
13508 12572 5946 20215 7500 14819 13484 18395 17784 14198 22792 2954 12469 10080 15459 19529 10301 18415 11654 19370 2744 19671 10528 13135 14882 20162
11211 15176 2161 18081 14966 22280 11094 20683 15889 0 6678 0 15284 9265 25764 21060 20841 7835 6034 19558 0 16194 12305 25922 13002 10434
7014 19053 11976 17472 9350 11190 12007 11138 15640 20404 17844 17776 25916 5296 16810 11553 30591 23189 11093 17962 8437 16604 15886 13319 17981 26165
9174 20262 3028 17817 14479 17114 15233 23559 18787 16014 12375 15474 15773 10672 14866 25709 17843 29425 16035 13256 12108 21794 14009 18839 14868 18506
14744 17602 11506 18147 8359 17528 15627 8615 16003 15819 11881 18668 21911 5875 23963 26528 23182 18335 3395 17999 12826 16796 15598 9049 11033 20535
16696 20223 11206 16599 9744 15386 17187 32836 17480 8788 6498 12233 24282 7502 23959 16967 10348 20371 20392 16752 19979 12850 17174 16860 19781 25576
10503 16341 18853 17221 10840 14040 19008 20696 19492 12198 19277 12806 8888 16234 19051 24522 18411 7087 16555 18635 6896 22869 17391 20037 16238 18416
5259 14008 7878 15166 12176 11302 16848 16326 20345 14901 27865 10156 16555 14962 14871 13236 29676 15575 13166 21516 7021 26679 15197 22752 17532 24513
7925 15264 3909 19673 12860 14467 18571 11516 14461 7224 21613 12656 15096 16356 19724 20689 25933 12085 14629 16170 12680 14295 14240 17319 20636 22869
6094 17721 10226 17080 7215 9000 16130 16658 22389 15729 15525 12837 18770 10042 19149 17775 27044 24224 16843 20651 12940 15176 12678 17918 12267 23114
8406 16043 1376 14960 12319 14558 14894 25765 15297 3769 22424 15887 15684 6797 20693 23424 9792 25899 8596 17143 13483 18325 9586 24001 8940 18522
8126 13507 15426 20471 7926 16145 12803 12051 19538 11861 23066 16504 21681 11724 13651 8741 26923 16843 27999 10599 7484 15541 14217 14682 11882 11996
8664 16543 9220 15900 13021 22384 17466 14732 22503 949 26092 5893 21778 13622 12223 16992 19569 19938 20004 21201 20735 16068 10385 21335 16332 20148
13251 13789 14771 14977 10687 14250 9785 12348 16997 14168 15484 6848 14890 11186 27446 19171 20302 13828 14241 14496 20941 16393 17348 9507 12668 13806
17707 16688 9569 20165 10405 17272 19870 20877 16993 6982 11514 20444 20186 10109 22337 18996 4951 20282 8734 21202 12067 17793 16324 22429 9051 14221
18488 16075 14558 13571 11336 15296 19124 14147 16894 9280 21492 14265 24452 13057 6324 13058 24119 11383 11410 12942 4487 21296 14126 18771 11104 22962
6569 14107 12258 17769 11815 19159 17491 6241 20911 4863 19359 10586 26046 10486 17538 13037 23151 24198 14261 14889 9610 13762 10758 26983 18854 23302
13595 17728 6261 16211 9994 17806 13420 11517 26137 13950 23804 15664 6714 10476 23233 19578 19521 11821 12518 17836 26387 17733 13200 21169 11732 9634
5754 16637 14509 19068 15669 18872 15769 16390 16145 6673 19074 9247 14235 7922 0 17982 11484 19519 13459 16682 23965 22302 12705 18582 21022 20486
14238 13397 14722 18728 10108 18354 16366 18813 12566 28701 14634 1771 13043 10166 12630 17501 16078 12229 13432 19854 12682 17666 15261 19591 10012 10957
13588 18096 10274 16706 11952 10597 11525 25324 17701 4844 13117 11341 17532 504 14264 22750 14533 7807 13078 14722 31618 11153 14486 21404 10516 17038
10644 22395 12344 14416 11760 15881 15764 20929 17141 2161 18025 8628 17651 4852 20628 24469 12421 2435 15689 15468 13693 22208 18565 20342 12750 20683
14924 16965 9149 12826 17179 19617 15580 4758 18154 16523 25093 16468 22362 7749 17657 14242 12279 15538 14745 16658 0 15285 12821 20373 8201 15497
12092 16501 13836 19425 9252 14605 9547 14731 17234 18871 19680 9526 23036 7443 24744 17841 14567 23391 6620 16139 12296 16233 13114 23067 12361 18303
15249 21010 15159 13564 11621 15473 11375 14510 15535 6000 17811 7846 19612 12866 29234 15634 23736 10492 15910 17828 909 23408 12861 23742 18026 22567
14134 17892 12637 17977 11967 18033 13550 22234 21996 7162 24704 14556 10320 1555 33672 15645 29470 13610 10626 17108 20528 11165 9303 17802 16832 10406
8029 17056 9582 17654 17159 15758 8508 16708 21633 23141 23381 8811 31110 12439 12209 13634 14392 14495 9417 17999 16469 16043 11347 13275 12213 20815
13505 17991 11294 14138 7493 15281 10810 6392 17285 8080 23318 11490 8298 13731 21114 16836 17295 24407 21133 12967 24846 11694 10988 16307 15596 22031
11254 19288 9631 15174 14008 11451 10014 12386 10619 11706 21611 3299 16630 8886 17918 20519 27507 10899 15206 17200 10519 18298 18074 13542 11418 17052
7059 18856 11867 14335 11106 10439 12271 19234 16969 5120 26619 8049 19108 8781 13288 12171 26692 6268 7900 18521 19818 12315 12798 22865 12334 26702
19975 14563 17267 19195 9365 16597 13965 12793 18930 14431 17021 12880 17248 6817 26973 15757 12528 18498 23293 16341 17646 15294 15572 18010 20096 14562
11958 17262 5547 17973 4388 13284 21803 24657 13105 4527 24933 456 18141 12786 23681 13461 16779 5268 12392 15955 15275 23213 17944 23998 13658 8386
3649 14575 10594 14513 5947 17058 20874 23336 15053 10576 22764 1379 25731 10326 25054 13618 24904 13989 13900 13667 15023 21674 11942 22502 13133 21232
13459 12660 11506 9327 9931 14603 20163 27268 19034 13986 18196 5046 14280 8670 18733 26724 18148 21653 15334 20343 15579 12451 12929 18258 16824 18618
8037 16327 26194 12577 7579 14114 14731 18207 16921 0 19235 12457 7399 12920 25500 21552 24828 17430 8688 14929 12792 17184 13668 12335 11541 16068
17215 12492 12717 15985 12008 12908 12627 10169 20009 17558 18680 0 21401 17905 26243 18574 15038 10655 20965 14227 13180 16865 17054 16325 19491 12448
3033 19907 10440 16406 8451 17064 12694 24893 19497 12591 22608 11850 20035 13753 22263 17001 7777 8278 8447 20831 14310 21849 14178 12412 13136 13433
239 20575 10030 18731 13341 18636 15023 15325 20759 8206 20184 14029 16523 11711 15050 16507 20997 22886 16335 14380 22919 14479 15123 23840 14200 25564
16835 17760 9586 12621 8621 18016 13579 300 22152 1951 9532 9116 9767 15099 18232 19016 9925 13331 15657 14200 13136 15375 13887 19881 17931 22178
13577 20151 1508 17534 9081 18564 20892 11956 18245 5376 21070 19294 24926 5998 31242 11676 16995 4940 10778 19645 19715 15179 16338 18765 15684 20335
21392 16690 24809 18506 17345 19457 11334 11200 24113 7138 24702 5163 22181 7042 10779 3514 24132 19251 16668 17193 14853 14655 15216 18689 13306 20393
8518 17631 14030 18140 12565 12809 14296 15048 14670 18860 20514 1371 21476 8774 7906 17088 19524 12184 17763 15566 18276 17824 13073 28734 18980 24428
13781 14027 14936 16686 6022 16675 12011 21359 23548 4748 16307 12477 14788 8437 18220 20517 25030 21943 16002 17686 19653 19384 11919 21741 17425 17533
7994 16563 14330 16386 12738 16227 17200 18151 17948 5550 33892 5586 8857 15676 6138 13890 26013 9663 14732 16093 9706 21934 13232 23277 12280 10820
15425 17183 1880 19216 18536 17036 13873 20610 18765 7295 18572 15869 14703 12376 12352 19093 16590 24265 16891 19795 21902 18670 12421 21271 12636 23327
