365
47 48 94 94 57 63 66 1 9 34 56 31 92 88 20 97 41 55 23 23 6 39 78 40 87 38
26585 9180 19962 16123 3265 21964 14994 17547 19561 17785 28137 10423 23630 12268 17127 20673 14073 18010 24447 8670 20598 16328 26778 13853 17374 18954
14869 14826 20965 20333 10651 8716 14438 21026 12171 7543 11350 13764 8988 12700 7203 15575 24010 26342 21431 32440 5283 19639 23554 18909 14704 15449
16638 19156 14824 17957 3410 19894 11286 19177 20320 21120 19339 21605 28966 14621 16327 11037 16505 19209 13567 20359 12948 15023 13499 18782 0 29685
21263 14614 14244 22501 12503 18611 2222 27155 15509 5174 14951 20943 21583 12698 11923 16331 5555 14403 7361 19286 1772 16954 8322 8069 11401 14989
19143 10037 18073 12492 14297 19138 5627 17036 23575 25604 12762 10104 20821 11729 5794 16114 9399 20246 8668 15338 26906 16015 18187 9840 8888 18807
17306 10395 17398 18556 6898 10768 4861 22664 18802 16024 17042 20016 24347 11369 14829 24755 25212 18836 6722 16094 19714 15070 14173 12792 12188 7850
12724 10649 19442 12283 0 18555 12313 18627 18062 17020 5915 16629 21817 14614 18739 6371 27042 19825 12270 14293 11477 16422 25077 11773 5684 19681
21694 17774 19713 12173 5829 14871 15458 22281 16229 25537 14136 14813 20940 12526 8043 15567 37 17492 15036 11907 14481 18173 11777 6160 9986 14320
14676 19752 15414 16644 15153 18123 7888 20538 14245 22139 8548 15759 8638 13780 15252 15690 17275 14854 6309 15123 11887 12016 11524 13028 15627 5680
13751 22409 20586 20744 18644 9253 0 18767 15482 23291 6712 7353 7546 13899 14146 10474 15237 20887 9890 1991 13232 11091 19968 10487 0 15840
29394 15985 19893 21585 14297 20016 15803 23310 19149 1068 16854 5340 25646 12564 12536 18962 21557 21040 4464 9731 13576 14710 23027 8794 11425 10649
16108 10047 16852 17769 7878 18131 13336 18123 19962 22562 30660 6784 23199 14799 17320 11696 16031 18398 12104 11671 13090 10471 12804 12740 14526 16265
15072 24484 17404 16521 13552 18363 11924 17742 17553 21351 15887 13168 19780 12874 14267 18784 11829 24586 15703 16851 11203 15301 17571 8084 6134 8137
19629 7610 20142 21292 9767 20442 8983 13685 12447 16758 19412 14323 15657 13224 22177 14440 24551 20054 14112 11144 13974 11410 18871 18603 8979 9074
11499 21492 16476 14735 13905 21146 21568 19276 12757 17530 9252 2898 29508 13176 7157 19647 11378 26943 10654 18148 35839 16459 6145 11655 7558 14722
13904 15655 21103 16876 27303 18588 3173 18058 17151 18918 13528 8413 29948 11578 11900 13551 17779 19676 12669 12170 31750 15052 0 13492 0 24958
12837 17480 19331 17877 20006 13710 18256 20620 17626 13915 17315 8466 32285 16585 8049 17576 17758 21754 13099 12578 24327 13846 18220 9374 20995 18121
15666 11878 18204 19984 27491 17341 4755 18230 15533 6528 21323 16155 35122 14137 20058 18282 23560 20237 13611 13459 9237 9928 13160 12124 17990 19013
29194 15010 14811 14099 7317 24117 3910 24096 17392 16429 9151 16791 24920 15880 11649 16857 24063 23254 16803 16399 8385 13131 26298 10260 28769 14660
21842 16229 15674 24989 15307 22420 7660 17108 18031 17142 7492 5872 9502 11599 19985 20885 14447 13222 13167 6909 19494 10850 6295 5898 10404 22022
22765 22283 19697 22025 13384 17118 12851 22285 16017 22591 17480 4752 27856 16702 13877 24622 15661 19876 10786 5036 5323 15327 4727 10848 20301 5492
12419 9455 21571 14295 0 20799 11845 18544 18776 19300 17892 0 25321 12039 18737 17649 27862 15531 15056 15742 10954 8609 6708 14482 17292 16500
22390 14413 16719 13419 12781 21069 14483 19974 21655 8544 9820 14791 22048 14529 13635 25246 13370 23622 10937 17441 14383 12769 8277 5223 12046 14453
15521 23777 14003 19712 20544 11653 10716 22132 18761 26504 14122 14478 16354 16315 18035 17877 18426 17197 15290 25795 9093 18856 13545 12775 3340 20849
14198 18802 22237 8549 4800 16293 4522 16463 17164 7868 15302 14719 15911 18365 16751 17370 3570 13484 6148 2802 13607 14101 7008 13579 11382 7717
5741 13347 21932 19368 860 3456 8518 19054 16223 14985 10918 6290 7303 13074 9487 21397 24675 17854 20083 9538 12194 20276 10533 8514 8074 12411
18349 11465 11222 17732 7747 13606 14887 19337 18495 10223 25651 1048 21954 10075 18338 18560 18015 22482 1244 10824 7952 15240 19684 10161 8969 19670
14647 21986 26210 9506 15322 18316 3044 25823 15657 14258 20999 10922 14633 12036 13306 22625 13968 15550 8333 10469 27245 9943 0 11691 18768 7898
261 11007 13985 18580 24638 16932 12732 22999 17873 12064 12853 4812 17040 10734 18514 16738 1502 24602 19779 22857 34813 15704 5132 13219 0 15485
18986 18621 24877 19539 6116 13567 11559 17850 17501 12798 3819 14172 26598 12998 17845 12570 14642 19376 14859 10240 5531 13639 11818 16945 14363 20261
15262 16709 26891 10725 9967 12935 17214 15564 18444 9261 22924 12739 25074 12357 6575 20298 17106 18314 10692 12646 21293 15783 8984 12272 4112 8307
20272 18164 16773 9912 596 18949 10114 13909 20010 25191 26274 13824 15139 17509 9878 15962 18733 18627 10191 9827 21147 16109 9315 9813 17886 17476
25255 15387 20766 16643 12439 15628 11303 15616 24440 16516 20978 18553 26926 15873 13835 21154 20627 23828 7459 21281 15853 15994 15150 12654 9341 21181
14048 15226 23800 8624 14162 14377 7928 26985 18328 2989 4672 23009 30150 11974 7058 14269 8832 12788 11695 23368 11868 13582 10593 13879 13551 23498
19160 15229 17481 23645 27855 11976 15769 16365 19229 23209 24267 18673 23070 12247 14038 10123 26046 18515 15339 18790 24896 16337 18573 8727 9619 12273
14893 6141 18514 16796 3769 20496 2669 13303 17774 31413 18978 12831 15583 13730 13936 14701 28629 18036 16708 24846 5799 15044 15890 12731 2074 15179
206 9325 11640 21671 21095 21295 14844 12873 17021 17729 16311 10136 18011 14739 12948 12533 18034 11016 14916 8631 26950 14072 9008 15201 6086 20524
16493 13827 13255 6484 5096 23420 8761 26464 17894 20276 15093 7795 0 14225 16260 14182 14534 16175 18165 18033 20517 16122 5237 8335 14477 16547
15964 12936 15048 15351 19623 22970 21371 26774 13638 29901 5317 11601 25666 12215 7297 19988 15717 26780 13397 19401 17661 15014 14834 10194 8662 10101
23006 9991 24193 19430 14833 19724 7421 16739 17034 29352 23053 17589 26170 16662 14805 4503 5097 14911 5755 18821 3246 9129 5156 16405 15060 15524
19565 14143 15127 16063 21831 16009 9394 25763 18347 21204 11465 18469 25078 17524 21793 15250 25585 17615 12540 15069 27438 11087 13869 9958 8398 17436
22858 19477 16892 21576 11723 18842 10831 17807 21094 31366 19018 11586 31179 12113 12855 12015 14432 17133 8083 17998 7481 17353 13419 10035 16352 21241
13858 16654 20553 16222 16208 21292 10006 20650 17302 19120 28266 8919 19473 12676 10344 15753 16177 25390 16087 30298 13313 13637 14929 10054 17040 15886
23065 11798 17323 19941 1753 19568 9730 26351 17270 22677 12048 17897 18773 14932 11283 20098 4146 20014 0 16463 18068 11208 0 11507 0 18176
18528 18801 17990 16217 14062 14039 19845 22613 18155 14484 24451 14599 22117 13765 12712 18471 31677 19563 4008 15359 24810 17052 0 11165 13606 22114
23345 14671 15006 14521 13468 16368 5995 16130 17749 14538 14000 12003 21399 14127 21653 23049 22947 16768 11753 13308 10448 17520 9118 11707 15371 21260
21149 12799 17415 15907 21717 15077 12325 15970 18885 35669 7953 17554 16409 16506 12934 17806 2404 22458 16193 7444 13844 17986 6314 10582 6470 20037
14596 13509 18753 12391 3518 9761 11078 20279 16920 11984 12159 22426 12264 14540 23289 20342 8434 16478 11565 24113 16812 4079 20020 13871 9260 27554
8866 15697 20276 13075 1123 14495 7351 22830 18285 11117 22223 12750 34259 13706 17003 20061 18369 18672 10676 21557 1915 14466 20050 13806 11438 8908
34249 15580 25895 18123 13148 14431 6067 20205 19155 24037 0 9879 22374 19744 11239 17868 14892 19986 29154 11657 17846 16506 4976 10458 17837 20239
16169 21002 15328 15463 16793 17110 15386 14400 19940 21232 13565 7667 25625 14560 3711 19946 16060 15340 11476 16109 9987 9893 17811 11412 0 6859
18122 14391 17440 22119 11838 15959 9882 24236 14280 15276 17560 9051 19970 13321 13217 10829 14691 22604 13516 16951 14382 14970 4251 8020 19375 17479
16921 17628 14414 14689 3749 18036 9276 12647 15350 19643 16224 13160 14453 14201 13418 14587 22434 18952 2948 11196 13783 11119 21593 7343 14421 22761
20830 7777 16274 19367 0 15249 14755 21069 18427 21696 11126 8068 22569 15862 7485 28923 10165 16456 5234 9898 8200 7817 15189 9955 20535 14662
15312 8469 13331 20536 0 14724 13625 16303 17585 14848 10000 18494 18782 8473 12113 12108 31600 24138 4086 14537 19321 21064 11890 5365 10009 9941
17334 17940 11295 18132 6552 21242 2216 19325 12986 21965 15732 14674 9701 15916 15249 10722 20665 18574 14253 18061 22715 16511 9795 10423 4622 15989
15530 20664 17585 12938 7109 14046 15003 20445 19052 14646 18679 12072 11780 15193 3170 14589 8519 16268 14448 19311 15705 11046 3715 8769 7497 11326
22762 13275 24470 10496 11528 16928 7460 15433 18507 8607 14443 1297 30070 13295 17912 3644 0 15353 7876 15566 9539 22991 9992 14755 10890 18399
7810 11994 16534 20989 10849 19830 5965 18983 19333 15900 18702 654 8368 13186 21234 17302 23306 21063 21679 9049 16710 18118 17975 10527 0 24400
8731 18992 17140 13733 20369 15036 2276 21200 17913 12889 13906 16680 15493 11910 9942 16975 17636 28051 15472 7565 7801 18127 8226 14973 11193 15542
23892 15127 14936 18150 8822 21569 8473 25884 22362 10793 21639 5540 12661 16627 7859 16127 2855 15175 20992 5841 16466 10065 22766 8434 11986 20532
19553 21823 20225 30921 10058 8272 6293 18953 15139 13161 11768 9441 13428 16658 16491 14382 8688 24078 9105 8931 9813 14096 9432 10131 14851 21786
25486 20048 15232 16026 9040 18801 10975 19100 17083 26330 11436 7143 14531 14387 14803 11808 13341 12794 7796 14399 20545 16429 5910 12304 9999 18616
17734 12330 21881 16894 17720 15136 9943 19032 18207 29331 12840 12007 24786 15009 19526 15725 15727 22439 8571 34202 11284 18981 10821 11515 15178 18155
18390 7924 21239 21912 11928 16033 8234 18826 15281 20571 7565 7655 13902 14463 12512 18353 23911 19054 3060 22998 22777 7510 7494 10052 3330 19926
23990 8501 17704 19830 11630 11294 9649 28650 16497 27682 10144 18582 27612 16684 16667 10861 7210 21431 15356 17310 4640 16417 16070 16233 3920 23115
9653 22276 17163 19622 22672 21537 3459 16883 19875 13645 8058 6398 23578 16275 3224 13781 9323 19957 8781 15192 14955 20610 20514 18236 14462 13213
15817 17000 22446 12848 7791 24385 9063 23963 20482 20571 16990 8164 36009 13600 15259 16841 4995 20273 2007 25324 27100 16657 3198 9508 14653 22233
17347 16173 22275 24427 19717 19747 12919 18555 14326 17596 11853 8454 16780 13017 17358 7621 7733 14548 7850 13502 25022 21849 12158 8119 5598 11442
35424 20756 20258 18829 23379 11024 13589 16743 19108 24421 6523 17523 24668 12328 18691 25852 16205 18450 11833 21518 4863 16027 2769 10112 18982 16492
20280 4169 22638 20118 13316 15564 8293 11145 17760 22104 20818 16544 27556 11696 6973 13345 16922 19790 6032 2656 14065 18538 16603 9434 4629 17727
23208 17259 26034 12552 5277 16821 11082 20501 19809 24260 19371 8587 22200 14473 6886 11292 15758 17533 1807 13193 17409 17058 25915 7459 5281 9634
23155 5134 24000 15189 530 16448 4587 9169 12267 5303 23721 19665 32519 13429 4250 13765 12772 18789 14068 18079 22510 17250 2798 10949 14640 13422
13467 20433 24653 21423 3712 18748 17518 21480 14818 35248 22233 16696 30177 13050 15134 15213 18477 14620 14646 16547 11141 14762 6973 10687 23470 16901
11867 13452 17253 23348 3237 20715 11467 23019 18790 28239 22984 22443 12774 15994 24215 11534 13545 20928 16629 14386 22048 16133 8813 11651 9618 20448
14272 15257 21166 18385 7481 19093 8417 14243 18547 20611 16080 13131 13734 14677 12389 19028 15538 26086 12092 25574 30836 14196 7483 14776 19547 17587
6415 12746 13509 11171 0 17092 11139 13815 17738 18582 16200 19521 30291 12527 17654 13183 3744 11383 24598 28538 19021 14514 24817 8269 1582 6402
13758 16550 16898 16318 13611 17828 2637 18390 18436 23452 25198 8436 23783 15601 26290 12977 20413 19072 15630 23061 16039 23423 8593 4934 10746 17063
21872 14638 17720 17865 13372 16986 11619 16084 17772 18946 26336 20428 19977 14663 6665 15607 11728 11845 2786 16314 9959 15338 25569 10688 15446 13911
19858 17777 15815 22952 0 21852 14090 14272 12232 10505 6700 4877 20024 13032 4686 19147 14421 19818 19983 9209 8209 18925 10029 17501 11182 10794
19401 9548 20290 13221 13788 15963 3915 21147 20740 21682 14183 14592 23128 12451 11104 16480 15486 15307 6095 13930 0 11548 20219 5726 13489 13076
18124 16187 16866 20082 17314 17584 8805 19064 15421 27255 8684 14932 24200 9542 6669 15181 18958 24810 14608 12069 22925 17029 11691 19841 10036 15160
25031 14190 22948 14304 11638 13592 906 19274 12711 22546 13594 15898 33016 10019 12871 15704 19246 23596 10832 10234 11712 10543 12175 13808 15282 10456
554 17599 18939 17097 6034 19814 1708 17990 20654 33979 20849 6589 24383 13837 8429 10748 19701 24306 11349 22774 30086 13142 11686 2955 1263 19066
4904 23936 19235 19280 20858 16036 15666 16665 12053 15631 21147 18061 15648 17029 17205 15081 17710 19045 11659 11347 16670 12359 11412 15127 9731 14316
15767 5162 13977 12749 6974 7767 13491 20134 17103 17346 15414 17051 21909 13750 19984 21358 15774 19990 15167 17355 18829 16544 1115 7210 0 12561
24212 13087 20975 21570 19067 19659 12592 14766 19678 24726 3199 7040 15472 15777 15518 15302 15448 13677 11506 10715 12233 16698 18766 9636 0 12621
21924 3064 14367 12755 8070 20045 11842 19337 15577 18378 10115 7420 18695 14312 13873 9601 12862 21834 20631 15427 16643 24090 6043 6723 20627 17690
12247 12937 21931 17340 13581 14979 16939 23242 18667 20854 19424 16506 24217 18379 14654 15160 9516 16235 13337 24678 14896 13366 16890 15953 15581 13071
11712 19548 17068 18222 21506 14360 7831 20030 13655 33367 26797 8725 30267 15093 14551 12915 2669 18832 9819 16553 25491 20117 18917 15634 15474 21233
20648 18973 17826 15360 7283 20540 5854 21959 16094 20061 9824 19264 31747 15852 8200 6334 25276 20660 17200 14966 2367 13885 1934 9360 9945 9681
21248 12883 22508 17154 12778 11217 9738 22104 20986 20339 8835 5870 22742 11415 13808 12427 10079 29845 23532 25109 12887 15988 7406 19983 3188 8890
9253 16151 18534 19973 0 17118 2420 20923 13230 14735 12934 10411 19378 10377 12733 16624 19601 19730 1469 18305 18095 16629 5368 4036 7850 24719
35597 12418 21622 16233 11987 27675 2432 23769 16720 14454 25818 14826 27743 16223 25027 14989 12942 17659 10558 16006 15507 19808 11051 15415 12648 24332
1361 16628 20055 12364 13822 16962 8909 19572 17909 22228 16793 15440 31813 12538 9530 13087 17641 26177 11138 9846 16122 16458 30859 13254 11860 15157
5020 10206 16978 21626 12508 20556 13986 24042 17460 17017 9690 7819 15853 16518 12001 12320 12560 21101 29263 4025 14021 16725 13054 15129 26671 9786
6985 23864 16747 15863 19879 10417 7218 21866 20127 12420 12348 19647 28137 14309 19153 23233 12556 17485 9845 13218 13636 11119 16229 10907 22557 17792
12887 17278 14783 14840 3620 13876 1099 14088 14802 33331 16686 10146 10873 13321 16624 17962 14737 20560 4898 21268 3301 15476 6071 15786 23220 13219
23808 12075 18819 19179 17198 15774 14543 25455 19569 22084 21095 0 22642 12703 17536 14985 15363 13483 13425 980 6075 11846 3971 15354 16150 25145
28422 22703 24000 16449 17238 17139 13189 23898 15648 27640 24230 8034 24928 13138 17000 18786 23786 18398 16355 11574 12129 13255 21388 13710 14881 17690
28173 9288 22297 25236 13456 21034 13792 25308 19914 5397 20375 17706 19575 11496 22567 19103 30896 25751 16047 21507 23921 15990 13262 14241 25076 15505
16785 18179 18412 13784 11808 23894 11931 21653 17368 21996 22888 20661 35795 18679 22025 14525 19749 16208 13500 23512 16175 15368 19007 3758 0 11789
18678 11751 18816 17102 8034 15696 17645 20397 15138 8799 5936 5634 17037 15288 8409 17918 4544 14155 6617 22196 17812 17510 24975 12737 15624 19417
32352 13625 12087 16181 10125 16861 13892 19621 20299 13508 12640 22058 27657 18645 11717 20222 11152 14335 12222 14218 20274 15903 6579 13160 26064 20075
17705 16334 12305 12057 0 17075 11862 18953 16025 19534 13916 14605 20541 11162 15809 19834 17211 15191 6865 16725 26300 14235 16488 4685 15819 12999
8345 10307 25747 13307 5863 15143 5683 16555 23789 1420 12077 16300 18604 17747 15763 11050 14228 15607 14903 15606 14313 18078 7709 8987 13496 23912
17430 23891 17202 12898 11583 21809 12712 16083 17882 27118 12527 18928 24823 16112 13328 16329 16134 21954 19061 20073 4244 10214 16817 14092 7239 17401
18460 22045 21050 15509 19726 20625 6168 20182 16595 25942 5131 13731 9877 13235 16601 18043 13008 19171 8878 19819 20468 20420 17199 9681 14376 22817
16423 22916 21488 18866 11349 10693 9380 21787 17561 6807 17173 12149 0 14405 12050 17498 25391 20100 12587 5422 22006 15073 16016 13224 11104 20914
20226 9296 14929 13367 25523 22154 4113 19853 17005 21845 14772 13306 14211 17923 6497 22788 14311 26050 10561 27800 5010 14180 22377 16017 2638 4450
14964 9601 17662 19667 24258 21665 14497 21303 16752 9541 17132 15989 21744 14933 14058 19593 15384 24763 12713 15377 0 10536 9542 6599 8487 8570
9912 14283 20844 19030 0 24812 10779 18457 18036 23900 21728 8332 28083 14468 6125 13995 20991 20227 15579 13825 17541 20251 6478 7215 11015 23062
14997 21303 23142 20066 0 17366 7280 23092 14962 6501 17480 25681 4339 14372 13136 14654 6898 13611 13211 21469 14877 17939 9819 10417 21573 10936
19069 18483 18017 19671 18717 20769 14832 19874 18627 29072 15303 2247 15308 13617 20875 11167 3319 18693 12203 14700 23498 19221 3608 13527 22357 23526
8421 14924 17294 18849 2458 14977 19143 18189 17528 25112 12496 5862 22738 15279 13572 13709 14115 28734 17461 26933 19457 17172 13227 17354 0 12499
9050 15371 15483 17546 7896 16867 11232 21322 15211 23113 21008 12355 24253 12082 3894 18058 24790 13580 14829 2347 135 17528 4803 11957 21899 16779
17479 13351 18189 16358 14467 15725 14952 17849 14641 15779 10696 6482 10064 12404 15275 9202 10518 15706 9233 6044 7357 18576 20084 17219 0 19412
19260 15283 19903 23063 9017 20986 4504 23238 15530 27347 22856 19132 12083 15466 5394 4955 17251 22419 4567 14060 24852 21738 3597 7570 9692 30263
23831 14036 19681 13674 8834 14494 8896 24472 17721 13453 13226 9113 11220 14510 15314 11965 26227 20958 18663 16845 20687 15074 12490 9820 12070 16408
7455 22319 24408 24633 18165 17825 3804 18494 15436 20962 10012 10726 16658 14001 0 14334 15265 21496 18545 13913 11914 16775 5092 14543 15333 8354
22646 16838 21499 13088 11774 17135 10626 28451 19292 9234 14684 10263 8390 13848 16608 20568 21581 14596 3835 16895 12410 13030 10290 17212 8033 27620
13466 16488 22782 13045 12424 14755 6499 26376 17322 19197 8531 8090 19291 14238 22326 15083 15691 8956 17558 7377 15834 10972 9830 9864 20654 21707
18485 9625 21631 14275 17267 12927 0 8904 15764 14941 7901 9752 6177 11120 16162 19236 27637 21046 21391 17188 15859 16231 9024 12647 14962 15111
15122 13873 23653 26362 0 20248 8892 25238 18332 5687 26333 13876 23216 14250 10138 19811 16681 19308 26358 25464 12359 12980 11944 15531 18031 11991
18779 1423 17201 19329 18454 10576 7311 12100 17821 15956 14480 0 19969 13918 0 17721 16746 17781 0 15297 26198 15803 22772 20213 2108 26181
11552 19112 16763 16337 6607 24554 21469 16119 21008 28027 8293 10784 42701 12594 13831 16045 13819 17168 3113 17522 25675 18399 11245 8981 10415 20803
30333 14503 22126 22044 6950 16090 10677 18340 16664 23686 16731 16156 28434 9314 21913 12488 20506 17204 16607 5803 23584 21389 305 12138 0 12080
12081 12265 20663 20296 10871 16344 4472 23350 20011 17387 9440 9427 13200 18268 11605 14062 27384 17979 10767 9807 12686 20754 8300 12593 20855 16832
17410 19122 15304 23395 1795 13957 12373 30053 19230 31898 17294 6997 7311 14264 8642 11776 9293 13307 10352 15165 10068 19271 9100 10001 10148 16573
19696 21386 23384 19567 3602 15044 15144 20540 18914 2368 11684 4682 13188 15734 14225 20294 12800 16776 6145 10641 26996 17987 14457 8910 17812 18883
26918 14228 22942 17732 19514 18581 7188 23606 18723 22121 0 10911 18784 13721 8228 12686 17508 18188 9422 16395 18241 15927 888 10341 23514 21815
17049 7273 20984 13052 14003 20979 10742 18575 11543 16217 6871 2043 30155 12911 8255 26170 14209 10863 12421 21624 18456 13612 15422 11431 0 11803
15231 9857 23490 16779 26247 17290 13672 21024 19157 11107 14575 9996 18884 13273 7885 16393 0 19663 13358 9244 13928 16440 6259 5617 14458 15551
23673 13940 15423 20978 10654 22708 9303 15565 15534 3209 20496 11509 26736 13176 10972 16288 19146 19526 10522 9829 17394 22094 19953 12861 10086 17490
26646 11131 20796 18700 9211 13155 3972 17717 24684 13086 17534 0 19830 12386 12491 13027 11322 13833 2740 13364 29390 17273 10466 13422 11158 16945
11247 7135 21588 17449 36384 12813 13954 20518 13981 29674 14338 11987 30362 14945 18155 9065 18121 17325 9793 7766 12440 15453 8094 10091 14274 20291
16369 5590 18433 13706 8707 11642 19601 17716 16201 19141 16656 10434 21661 13345 4810 22963 3820 19065 17912 22414 9399 16026 0 7677 13406 19160
15522 15152 16067 23016 7285 22532 18749 21072 17006 17319 7363 17148 11613 17362 7242 17274 15370 13400 10069 14963 22401 22117 8007 11475 10725 16696
22496 11350 14914 13426 16054 16620 12942 17403 20936 7599 17660 2901 31748 16351 1525 9260 20635 11472 14362 26525 19400 14597 9283 15243 7737 18096
26178 14810 18354 11663 17393 12530 5751 19054 18753 17850 14157 4154 24269 15621 10060 25272 26036 17301 17271 12219 12345 21120 1989 15376 10532 18789
14277 17077 18026 12716 17045 19862 9572 16123 17499 22682 9340 12480 12647 11019 8878 16840 16727 18605 23342 16691 15258 18262 8154 7028 0 18296
6906 17643 25996 17581 3165 16135 14046 23132 18891 22521 17325 10214 22229 13793 16563 13789 14190 22131 16423 7488 20641 18186 15306 13528 3138 25021
18271 10827 16457 16400 10300 11115 24349 16515 23961 16321 21151 16315 10555 10807 25119 20220 12940 26883 6888 21400 23827 11769 8200 4611 17282 11685
14951 8974 22544 19188 4392 19710 10608 22571 16104 25522 14357 16693 10100 11712 18119 17766 23456 24349 4509 22945 11002 20589 20056 15367 16125 14606
16631 8863 19759 21276 8133 16575 11665 21653 20924 8479 20738 10826 9348 14592 6261 16733 4227 21614 15950 11576 19691 18055 7354 9087 9317 18960
17289 14491 19386 13517 7563 13557 6013 21728 17804 25249 11955 12454 25202 15419 14778 21497 13741 27390 19257 12807 17324 18226 0 18742 27911 22633
20438 10748 26139 19740 5609 22905 19654 13574 14595 27684 14543 17533 27500 13687 3502 14981 7371 12477 8031 26779 17727 17142 21470 6915 3412 20508
21889 8168 10636 13103 6748 17773 9345 20550 17727 33163 15823 6557 17743 10464 10509 12675 18363 15198 16727 13442 327 14149 22220 9653 14373 19719
11391 7383 14597 20940 10919 6312 5761 24717 15056 23192 13415 4790 16501 12962 7190 15765 20565 21569 9333 15280 9901 20432 8203 8033 13438 15157
14768 19260 15018 18899 13642 10145 6236 15554 17656 33836 17231 0 24815 17190 16017 16051 24431 20003 14847 27073 13491 12274 6448 12599 12649 12489
24752 6496 19420 16858 16864 20105 15268 24957 19432 22587 20429 10317 13219 14674 8798 17762 17289 15854 16284 22854 12376 14502 5771 6122 16784 8888
17089 19930 15892 15243 17604 11166 8355 16437 19538 42232 18218 14894 21741 17694 16999 15814 8679 24621 10293 27465 28969 11165 8943 15726 20802 12091
17915 17784 27016 25187 13522 21142 12874 26898 16028 30139 16215 13324 21180 13219 5767 13964 22381 20434 11612 29632 9073 18601 7258 18951 6034 19594
15380 14015 26821 11838 17659 10409 7219 23786 18179 33846 22626 18240 22066 12064 18245 15075 12038 18639 10350 14918 15014 17347 6369 10017 2634 8231
13898 16207 15060 11945 0 16123 17570 24174 18576 33262 14746 7914 13231 13196 13421 14153 19152 14532 12843 16304 13192 16242 14710 12402 9020 13055
18156 21238 22129 17508 8545 13702 3943 25327 13923 26498 11969 13837 22905 16194 12106 17849 18709 22562 14650 7074 13667 9953 11905 7940 1838 12039
16982 18667 17407 12478 6606 13553 14749 26600 17638 17490 19146 22484 7664 12245 11599 18330 17832 13175 11960 17354 21828 16439 8970 16049 8010 20795
21821 16596 22463 20226 7130 8355 15575 19375 14656 13200 19181 8433 24277 17245 0 18346 6921 15536 12890 19794 17546 12677 16813 11485 10750 21763
5277 9124 20653 13356 9011 19164 13625 20409 16119 17116 23624 14444 29502 13073 13001 20145 17740 16675 20078 11065 9921 11940 21121 12542 11392 13971
22494 5089 21084 11147 9582 15659 8039 15252 20130 17021 12121 5114 22342 16388 6162 13483 11448 24895 9989 9342 7251 18486 6010 11614 394 13391
6158 22115 21760 21276 24309 19626 13610 24116 17082 5511 6311 7159 33740 8900 19905 16459 29798 21534 7573 11730 19455 13562 27000 9603 14540 11477
4617 14723 24011 13234 13887 23275 19855 21228 15686 11620 13773 14932 17696 13672 7509 11009 22139 10384 17351 16431 15980 19371 12189 10941 20798 17437
10816 13004 23841 20469 7138 16603 982 18167 20067 11493 19922 7930 16626 14108 19921 15227 11616 13300 18314 6992 14818 19762 24339 8148 10429 15219
10558 7785 21486 21810 30111 14410 8210 11153 15418 11487 13999 12103 21237 11824 11966 13888 20513 16158 13335 24687 12932 13167 10940 8607 8245 7244
17747 12803 23709 12732 10110 14639 7606 15587 18064 15269 22736 10619 19763 15316 18153 16777 13036 12808 19888 7717 17892 14612 18996 9534 28053 23688
26097 15443 24750 17699 30698 20846 14270 21172 20580 24776 18391 6958 30293 10730 15571 14230 20306 21465 16757 9883 20356 14266 17098 9898 5984 18279
17415 18364 19327 22353 24586 17692 5029 21392 19161 14938 17518 7652 9732 13044 14743 16427 19535 13581 17856 24127 11086 16707 12027 12268 0 11614
12649 17201 19626 17085 21189 18189 14769 19867 10952 24964 24575 12406 17264 15692 13785 12327 10428 22867 10037 20412 17809 11513 8342 19653 13421 15397
16002 21056 17997 22849 8923 11724 9957 21224 18136 29577 11034 15111 18338 12493 6150 16809 25800 15324 10244 16768 13721 20320 7661 13141 3335 15590
10345 16461 18626 20682 23251 25266 13172 20232 18260 25625 6776 7803 24991 16092 14547 11697 9133 13378 17919 13900 5449 14744 0 4075 0 25173
7046 16144 24203 14705 4847 15512 8077 19299 11807 3769 16674 9421 10045 14786 14624 11964 14723 21526 17728 7666 11920 12592 2955 9679 5173 22020
10431 11326 13434 28604 17108 16823 14278 14619 15453 12798 7790 13595 14418 10799 23613 8342 1731 14122 6783 5152 8267 16670 17155 16838 4755 8426
16093 15462 20865 17923 14164 14053 11275 28509 17858 6337 24252 16574 13698 12636 12338 15243 37910 23653 15185 18574 23785 15214 23785 14524 13843 14621
23870 21995 13107 15664 22426 20354 9679 19627 22269 14790 0 20108 16803 15080 21599 11553 14654 16923 11396 25695 12615 16436 16489 13709 9912 15180
20890 9082 17356 13541 0 9834 7351 19906 17712 26246 13028 11793 16541 14961 13127 12135 1870 19078 13076 14388 14108 16297 14009 13907 12882 16136
18069 16747 20339 18499 13671 18115 4757 22900 20185 20406 17273 9882 17417 15169 21993 11559 22051 11185 12194 4136 24884 8083 21432 11413 25272 19322
22684 12090 14094 25474 9536 19073 1016 19809 16460 11845 1811 16113 31284 16171 7263 18742 17188 17227 13457 17719 8800 17651 13573 14379 3873 28540
12727 19824 20254 11202 13979 22104 12788 25884 14561 21249 23089 11007 7315 16263 0 17984 19181 20302 14975 31818 17279 14828 0 16223 7404 8590
12964 8825 19990 23862 10143 14430 20031 17784 18310 20146 8419 14110 10096 16166 10756 19631 22207 17799 3599 18601 11778 17811 8611 14824 9183 23660
18028 12154 21567 9449 6153 18192 9155 20421 18674 22364 20833 10107 17185 12388 12054 15223 19434 11622 13119 9893 21435 19029 14944 13058 20985 20434
22883 11127 24825 10986 5360 18710 11245 17647 19203 23729 23964 6568 26871 11033 21442 11367 22504 20521 14040 17022 12811 12032 15637 8758 5528 19678
23728 4092 17418 16960 1874 23319 3685 19719 17104 21076 14903 13217 19803 16143 19531 19682 7276 17031 10157 21900 15014 11481 2798 9528 35926 9018
14303 15059 17926 13115 29276 16326 9447 21837 17079 12286 25509 14471 21531 14794 7777 11376 22847 21444 9705 17775 6443 14793 6847 6946 18101 8133
23972 19929 13537 20118 11082 18790 3035 20073 18429 4875 15393 11307 21788 10085 14334 12019 7595 16003 15255 24848 6921 15024 14093 10954 13502 23676
20358 11759 16730 20308 12285 13869 3525 25830 20526 16065 16584 8624 22530 13800 19116 20099 21104 19643 6909 25727 18590 21117 2185 9056 20301 17124
14575 15060 27565 9964 4653 16915 3921 12352 18165 4563 9523 9599 17763 15540 1689 11513 26314 18561 12315 15486 23034 16921 10921 6769 24044 13417
16041 17077 25628 21886 0 15790 4484 24930 13549 16635 7776 2709 28002 15475 17752 17431 11629 22266 27741 21820 19247 16872 3711 10748 7574 13667
12962 13336 13215 16779 12296 21104 10933 15245 17906 10716 10593 8255 15905 16311 11126 22698 12011 16104 13104 713 32047 11227 3323 19261 9883 18941
15066 13134 17718 19281 18893 22698 10190 19177 20401 5219 7882 18282 21586 17069 13438 16915 15412 21592 9681 9210 10798 14440 2210 15717 11305 15571
9960 9623 27573 17474 12713 26700 9883 24765 14828 16052 25067 4745 29629 16478 0 21369 14617 19972 15618 15227 25315 13192 29713 7609 4940 19662
25684 14554 20328 20139 16800 11117 5951 19123 18780 29692 6030 12067 12527 10648 21729 12659 25233 21270 14142 24235 24898 13224 11371 16218 126 13868
17304 13092 24035 13864 10324 17352 5676 21692 15163 13907 0 19134 0 13651 7019 17565 14626 21023 11603 20756 23608 12563 9346 11652 4788 12648
13651 17611 18809 17436 0 11601 10177 16641 20378 19157 12165 14483 24206 13498 17189 23171 18656 19158 7610 3118 23332 16975 17237 12980 21242 25217
20134 18381 15654 11735 15659 13071 8999 17762 11621 20812 13999 12749 13266 14162 8038 10698 8159 14916 4465 23493 7805 7855 10580 15562 17964 12603
12575 11283 18246 7456 9724 14119 3479 20536 20323 22667 12486 17426 26137 16633 23568 18453 15477 17537 23208 28483 13043 19029 16341 11580 24674 11157
13694 14819 13550 18785 7578 14523 8862 14609 16189 17178 21279 266 27953 14008 18431 16656 19655 18626 9329 22097 6640 20571 1260 7520 0 15168
25200 11139 12039 13870 14807 18710 10524 14384 20473 40304 18355 11385 10194 13051 9786 17079 15526 14747 25709 11662 4986 14451 10869 9783 768 10616
7270 21050 19807 13684 7025 21839 17540 17340 21134 8688 13030 15159 12598 12377 13577 8554 14078 19878 12230 21552 5557 11161 14303 11573 11514 17375
15307 23104 20949 13862 18425 16654 15905 21520 18106 25737 23123 10973 24969 15697 14322 11163 10179 21419 6235 10439 9007 9385 15573 7780 5250 17033
13267 20034 25089 12587 2664 18987 7468 21819 20237 25967 8613 18515 16583 14866 2869 18249 9419 16809 2340 10412 25891 14016 24095 13323 19580 3662
29844 12279 16782 19116 0 19020 986 21115 15052 27681 14206 19117 20333 11453 14690 12100 13245 16134 17845 13660 27744 11484 10885 10606 7566 20599
16991 16449 20606 22289 4715 12174 5641 23896 16952 24577 18116 2841 25034 17780 17357 21048 20859 23481 9007 13997 18250 13067 0 10121 19618 17589
16560 17286 13722 10035 17913 15824 12516 20619 16225 19351 15892 14584 28623 15657 18200 17126 10674 12530 15080 20294 19962 18117 13179 5082 19082 10186
16988 8262 20842 12949 22827 14808 7773 22216 14288 25774 11381 7392 14170 13499 19514 19904 20474 22419 10354 18562 21252 15599 15094 10335 7437 20439
19920 13261 21968 10454 8278 19058 12007 16362 20920 21201 13494 11090 19818 12978 6798 20593 16551 16585 11911 16771 4552 23342 16344 14939 0 16521
9534 15792 12308 11947 12063 19212 7962 24309 17331 20982 12187 15372 34988 14318 7090 10721 20030 14825 3011 16714 14879 19300 18182 13646 30775 14395
19115 13986 19660 11123 17533 11211 7165 20573 20343 17120 26518 11730 17920 14222 20138 16155 32639 12710 6502 16409 18070 20029 19087 12065 10660 16277
3557 2510 13358 23837 2550 18649 8326 20840 9427 10293 15229 8104 13235 14847 20586 13658 19185 15220 9100 14718 24710 19654 23134 8592 17707 24221
22545 11667 23084 12602 3475 29378 15964 21392 19242 22977 17098 13840 13440 13105 27804 9270 18646 24076 12347 24504 10294 16888 19304 10044 17108 18116
15172 18550 19979 12830 6607 23840 12188 19153 16236 22112 19199 11504 12886 12761 13361 18630 1028 19948 15870 10840 19115 17495 17709 8363 13884 9846
14237 4913 26572 13712 9178 20625 12914 10358 18554 23677 22775 20818 17648 12813 14879 16104 13660 17999 13565 23992 21428 17158 23080 16750 2894 17112
16349 15498 14318 7974 21130 18038 6977 14788 14583 30493 16740 15155 22240 13482 13212 17744 14226 9153 17014 11043 10461 8741 26203 12749 13564 23772
16935 8712 22412 12460 5431 14515 0 19551 18500 1098 12193 22443 24967 12907 12853 12431 18332 22251 4623 18002 13595 17129 9486 11795 17417 9777
11722 19975 20810 21882 14284 17312 8687 19827 15911 24735 4563 11599 9704 11327 13323 16296 7424 18853 16220 27689 0 14491 9860 8773 16728 13370
13255 10739 23477 21239 0 5769 6773 23678 17554 14134 11681 15199 16147 15460 12122 15926 17656 18800 12971 8640 14593 12936 6121 14367 15705 11416
19905 11246 16352 18322 12161 23264 7985 23790 17070 27379 9395 12143 38057 16322 14627 10298 20343 17947 16826 15655 25636 23823 12042 13880 8747 24603
20189 18306 10766 13353 11163 18391 9622 19468 13836 26975 12449 7753 256 14110 2416 13741 14948 27541 13008 4067 11802 15820 10166 11994 5886 20328
9222 15518 30678 16542 6445 12144 12064 20003 20123 15830 14215 20958 30445 14912 16475 10440 8915 22215 8954 20394 16033 18075 16393 9321 20463 16580
20852 20131 14624 21492 10260 15088 13206 25432 14950 34848 12648 15156 24780 13255 11228 20124 12519 14724 15529 11415 23403 15121 13923 9067 19875 17794
12598 11420 11712 16003 12983 13525 9647 24359 14149 17448 23759 10436 15584 15348 14637 20810 14749 18614 8523 19034 14492 16602 16328 15849 8924 11955
19835 25511 19342 24825 2335 12898 3582 20353 17353 18841 15005 16945 16395 16149 6535 17531 19919 24232 14015 18310 20258 11527 13860 8922 5899 18490
22199 16925 21212 19303 1554 16773 4818 20934 20971 18672 16393 3918 24862 14391 17568 17768 19449 18560 17781 8133 15842 14607 11000 9172 19467 11376
15189 19252 16722 11078 14755 23438 8218 21004 17461 1248 11633 6698 14565 17372 12574 14559 11715 17561 15112 7061 17951 18269 11568 13471 14626 8024
9856 18642 18196 16163 9389 20328 14918 21490 12818 18249 8452 12987 13780 11328 12709 22309 23698 13892 21508 19311 18181 12907 13393 5414 14743 9469
14175 1895 16507 18118 23493 4591 7841 22442 14101 24091 9927 15351 18746 13739 8067 12396 37534 17727 19001 21637 2546 15564 7049 12545 2543 12364
6697 18349 19236 15750 7308 13393 2450 16866 15300 20250 4192 2884 34347 13707 15930 14396 14992 25056 15561 30646 18575 14136 6051 16401 14295 15632
16136 14016 21224 17057 12350 15861 11346 24448 14397 16975 26403 21899 26639 14759 6155 12163 10006 16092 5638 11169 20839 11928 28276 14023 9444 26404
19470 7696 19787 15454 16381 19729 14688 22276 19400 34226 8448 6875 16699 13626 18547 16468 22019 18872 5698 11465 9700 10924 9789 11043 13222 17516
14192 14270 20814 19697 18718 16876 6836 24553 23171 16771 8269 7753 33572 15361 9129 18068 23588 16442 18945 5600 18122 15085 5080 18058 22790 15811
13189 11193 16789 17993 21175 18678 11049 16531 13946 13612 5893 0 21965 18949 10527 10872 25316 22156 26106 13295 8613 19751 3202 10525 16929 12628
20759 18923 18560 18532 4352 26461 16206 23739 17159 21038 25698 15304 11457 14497 20891 20581 23227 17344 3020 20091 23759 10068 9160 14281 18073 10928
12554 12759 16946 15787 2769 21562 3300 22808 11764 32332 19867 15620 11921 16322 8865 15030 18472 21791 12644 15838 19688 17161 13833 11094 4418 19424
29376 4907 17904 9686 3737 20243 4004 25729 16391 27212 14600 6573 13222 18618 10889 15284 8368 12842 14895 25160 18409 16580 133 16772 2835 7980
15891 14795 21310 7151 9673 19621 8443 20974 22205 10948 26289 16341 21507 14623 14478 10712 20907 15414 8292 12749 8295 16581 23769 11490 20216 13452
13009 13208 22776 14085 11743 14302 11439 26542 10767 22426 19515 17320 15113 12966 7844 16680 1771 12248 12365 11926 16991 10758 12277 11122 18180 14019
14724 14452 17165 19673 5703 17131 7057 22060 15279 17745 9538 10684 21753 16773 12973 16711 13273 13700 8577 15250 25591 11523 24548 14571 7468 18558
13668 8366 18202 13575 16257 11926 9864 20357 16065 26836 16108 14008 17439 11350 16956 14281 11754 17442 22100 8703 16712 12648 16088 9509 5504 16591
8519 18660 10143 13923 21629 15750 0 17524 15468 32310 12565 20638 22134 12206 14984 15719 2405 27401 11880 23169 18168 12240 10018 11002 6010 21168
9941 13567 17304 20718 0 12680 8933 12659 19936 20689 23832 14304 31157 11324 10212 10501 18700 16329 8425 11798 14219 8117 22247 15506 11179 11855
20055 10288 22591 16253 11676 13662 16561 17973 20557 25508 2360 13472 28595 12670 10070 17402 22386 13327 16894 5803 13834 15030 24759 17254 15395 14604
16674 20103 12209 14311 23615 14427 14119 17927 18501 20427 17857 17632 24264 11970 1432 14656 5669 18323 12201 17299 16968 8010 11892 11883 22651 18555
24327 24399 18840 8869 8399 23391 5274 26541 15561 3912 12567 19773 6045 14538 18981 15392 11288 20272 8734 13948 6478 15356 7514 19828 14033 15002
20388 13602 18873 16970 21389 12719 16951 23748 18105 26712 19155 26201 11999 15651 4161 15461 16287 22836 2481 18735 19811 14963 5050 14297 13978 19579
18015 13189 14197 15896 15148 7539 12959 16217 16187 27040 14362 12963 18204 13302 12823 19750 12723 14002 13556 7294 4137 21195 24292 9843 18633 14853
13676 23795 24005 14735 2944 17273 9941 20886 17691 21093 20745 16179 22075 14171 13948 16702 18887 22235 1919 11096 25359 12465 8682 8406 16532 21084
23458 7810 22718 18640 11832 19528 14382 23090 15984 7213 16376 24211 22846 12247 11181 21042 24990 25628 14865 20065 15802 20022 640 17373 23949 9488
17950 12452 20404 18849 0 9729 10587 19808 13811 17478 7536 18891 8299 13547 16420 10809 3696 22613 14511 14401 24356 18912 11742 8861 18596 26746
15613 11715 21053 13055 20161 21671 11963 15072 15591 22145 22022 14129 14044 14574 15379 16202 24911 17535 6016 21215 7790 13217 17513 8924 16654 14643
23928 15175 14299 20580 19776 15274 11472 19479 12138 15031 12546 3052 21476 14783 318 21427 19023 25553 19487 12756 13302 12023 14197 8110 20198 18886
8994 18151 18267 17488 15222 17180 11302 12180 15807 20431 13474 1063 7981 13331 17393 9101 22081 20606 11282 13110 17213 16625 0 6669 5293 22280
26587 10209 21440 17283 1528 16707 3190 20519 18535 23249 17138 13398 22578 14869 5325 13640 28206 16492 14839 8294 22250 19057 9324 9808 3188 19634
16887 18078 22882 16445 10346 21527 13639 23561 15487 17505 24113 0 25167 13002 7254 10788 17686 18239 8155 17354 5886 18851 16017 8686 0 17192
24264 8634 16140 25389 3632 29341 5407 22223 14882 15698 22686 21003 16556 14058 14269 18011 10822 17175 15775 24771 11601 18289 12850 11719 7992 15764
6821 5888 16904 17703 15875 21444 6711 21509 16620 19759 11671 6154 21841 10830 10786 13012 15711 12030 13561 17584 15287 17112 3857 11052 16113 21264
17251 14116 18116 23100 6832 14407 18565 16715 16543 20609 19523 23538 32091 13651 13505 16728 19335 22434 14581 20586 24111 20193 19631 8187 5750 13674
5798 7386 18095 12268 8437 18897 11098 18974 22260 20326 10932 16908 22683 13061 15733 17335 10171 14826 15945 5969 6968 16387 21118 9709 7183 15889
16100 18349 18290 17725 10920 27960 630 20406 15730 22469 7971 9390 23940 19040 9441 15731 9289 18131 24309 21252 28097 12508 22427 12407 19374 8641
35698 13507 22625 14538 5010 21576 13047 10406 16039 17439 28723 10287 19600 11117 5501 16833 19290 21876 7635 24576 13143 17486 12265 11480 5241 16853
11116 20267 21896 20895 16159 12349 3564 18122 18430 3489 9038 7943 8489 14606 16883 14416 4434 18250 14649 13281 13005 16114 26639 20667 8622 14302
10768 5395 22172 12422 2435 20102 0 18617 21321 25470 7240 3826 17152 13631 12888 16821 8785 20045 15970 16437 5188 20380 17470 13372 15336 13810
9566 14025 22494 20874 11212 15104 4345 15029 15714 19650 19585 9647 5962 12157 9981 14986 27204 18987 3732 18527 27098 23341 3879 7759 0 12514
19969 14850 15709 16318 10178 23106 8594 19958 15754 19570 13792 19019 22503 12167 23901 16168 13715 20820 14542 18051 5328 14286 30460 11367 25921 15721
13753 13083 17717 23545 9946 12859 3556 17884 17960 20380 20764 15355 0 16246 16736 11309 7925 18694 11443 18706 23535 10920 14104 17890 9313 22246
28311 11008 18167 14328 14614 16003 3347 17195 18603 15219 8982 11238 18323 11024 18642 17889 6746 22241 20001 38292 15176 12607 20070 7291 0 24501
20968 19461 25025 16901 13544 13060 10162 32172 16041 18172 18370 22477 5745 14422 11365 14252 23962 17008 9143 12222 17296 19019 7438 16607 12658 8005
22319 11918 24147 15957 16308 14008 9480 22507 18727 16847 18112 18019 13441 11513 19674 13550 21356 31552 16556 24283 12861 8998 19191 9542 22841 15620
18032 22738 15970 19918 15457 14731 9912 16900 15625 17166 13184 8066 22819 10769 12570 25907 23250 19416 19011 17138 22352 13584 7048 1824 7919 11718
15660 16058 15498 22422 8189 14798 5328 18462 15328 16903 18147 11806 12487 12875 4021 7678 19549 24960 5426 14626 16890 20476 13707 8015 5419 25055
19355 18925 9770 19195 5320 22100 2174 23522 14448 0 15382 17687 15128 11288 12135 20456 15497 22399 14917 9007 17895 11840 16607 17398 18920 15269
4161 15942 18666 25905 7601 11814 2884 13087 18263 31007 15398 1609 30813 12921 15782 13137 4749 17207 17393 9544 21914 16952 27653 8315 18627 18091
32729 6462 17752 13638 20073 14931 20168 24634 14535 21946 0 14199 17511 13276 3626 22299 9016 22689 19642 16374 14896 11769 20592 10453 14605 21393
4787 18181 19407 13028 19424 14320 11742 20853 20087 15851 13291 6375 21452 10909 21702 14816 12153 20170 9495 15494 26286 19532 9164 7206 18491 24610
11036 16137 16401 12659 14286 25684 6868 21493 17215 19009 5724 21793 26094 14883 23864 8381 12841 16649 15549 14677 5246 13642 12143 12820 3204 13154
13901 4901 16292 21849 6779 12989 8485 24175 17892 23047 16432 18861 27676 15091 11014 10412 16390 16878 11206 17677 14742 11123 13909 9755 12427 3680
12892 15467 21511 21353 15515 20424 13484 15861 12574 10168 15338 2995 19769 12654 3984 14018 8017 27429 3028 16018 17800 18642 8718 16065 6898 7816
10824 6551 19149 21491 1860 22169 8060 18245 20539 7768 13101 2316 26215 15914 15764 18981 15769 16618 17179 20180 24554 16847 6548 12156 10181 18146
15337 18427 21955 20094 16812 17302 15218 16436 17886 16031 17493 10598 6097 11459 7789 14903 24247 23215 5826 22076 2095 17022 13154 22025 7103 9811
29032 22357 19329 20061 8507 17365 13220 18488 19122 17752 5609 12981 4965 14872 12034 19729 15408 21174 17897 11386 22599 9783 11647 8533 20777 16939
15063 13266 14859 18813 17722 20044 6097 17029 20235 15545 24001 24782 22875 14299 20942 20603 18203 17655 17859 16348 19229 15563 17921 13976 18789 19592
8427 3016 20730 13931 28117 19698 10970 15855 14555 21146 17450 18193 27281 15246 16145 12724 25311 15087 11498 15042 19097 11595 9464 13476 17674 15172
7734 5999 21009 23356 12411 10340 12514 22748 16886 11125 21248 21194 16082 13082 20225 19756 18395 24306 20256 26222 25716 20800 5667 13434 3895 28450
11130 14398 16885 19962 13366 20715 8537 19752 17819 10326 13945 8220 16617 13915 19430 13678 23993 13019 1316 15201 16841 13289 9673 15653 13487 24532
21643 10745 24164 10364 1101 19968 13603 13515 17836 11754 17318 9480 20230 12420 14496 20103 20576 19427 10630 20864 24078 12400 0 13291 19218 10983
22698 16649 17105 22034 15155 23655 14891 17017 17268 32353 15076 1634 13471 11053 5798 12228 3918 12847 12962 13776 12086 18145 7912 8060 14680 17310
21145 23773 7373 20328 1034 18533 14814 16921 22852 14613 23134 19674 35267 14875 15896 10451 8812 25049 21909 19602 14919 13200 13091 12494 7365 14414
0 11620 16668 20241 480 13196 4279 14875 21250 17454 23875 12293 13556 15096 13299 13884 13983 15858 9138 15718 13674 14796 8850 14510 4381 16484
13212 18055 18746 20677 10419 18883 14862 20804 16599 16782 11172 13426 26562 11313 1561 15867 15881 15740 16285 3605 3669 16463 18399 10847 16708 19640
20999 14229 22570 26864 3358 16960 4986 16111 18405 11233 11833 3294 28528 14425 8951 13073 14544 22190 23052 19585 11103 19394 11569 12920 10886 17579
29058 11621 14745 15228 14119 14622 14384 16399 9346 23990 5654 10827 13389 13845 6303 8024 14446 17337 17898 11324 16236 16334 2851 10475 15228 19200
9404 16667 15648 12111 14677 21919 17982 17192 15458 9994 0 11830 19200 12721 11660 7366 22004 19975 22058 7037 9943 16021 13332 9944 9983 7122
11212 22656 22702 13798 14459 18707 10540 15746 20904 18967 14699 13571 20622 13054 15561 20853 12621 18886 12809 12789 17552 10113 0 14043 4931 9525
17826 18632 21431 11579 11459 11784 11685 25199 15172 27613 5720 14022 15767 12693 10168 19395 19082 14654 21429 23733 15404 17773 13713 13410 17336 10536
4266 17059 23085 24832 9079 15289 10844 20816 14411 0 2177 8431 16673 16296 5454 10819 28070 15605 25537 15540 16176 16526 3687 11777 14676 19030
13866 5375 21763 22756 28698 25103 12722 20982 16113 24930 10985 5791 32443 12813 24533 8704 21533 28826 19488 24732 17459 11634 14202 12835 7445 12790
12606 4701 15031 12767 12676 23120 7967 21780 13712 21278 9936 0 37549 12036 8439 18162 10667 17367 2560 15526 12851 17241 9458 6954 12667 21321
19517 8117 19653 13899 0 20380 14851 14975 18769 24825 18090 7542 11584 13936 17881 13059 20188 20132 9476 16539 17626 20354 15728 13840 12186 10284
2159 7014 20827 19723 5231 21567 0 19314 19496 25576 14281 5001 7770 9846 15473 14832 22483 27186 16968 29072 28012 19899 8695 15476 7138 17021
12494 12287 16982 24703 14943 18337 12126 20274 16505 20105 21968 13944 20910 14678 11139 23797 11420 21553 3016 18141 26237 19673 12086 15805 5387 14801
23180 14355 15340 18138 0 18585 6291 22932 17037 18639 14523 2797 7411 14337 14544 12732 31130 28251 12232 20437 13580 13556 18905 7777 22776 21351
11170 15244 23254 15213 9840 17581 10434 19830 18414 21059 14209 8115 23928 14734 7794 27140 18318 19770 23210 15113 21491 15840 10715 13230 2897 20487
27690 17765 12983 14404 8210 18062 9353 11313 22707 23051 12916 18279 11728 13409 16972 15122 11403 16659 19094 14160 24325 18012 24605 5106 8221 13792
15445 7307 15999 18366 10416 20004 9338 21050 18675 21624 22794 17746 18466 17423 11711 13601 18599 18212 5886 16362 13590 17292 10951 12398 5505 19217
14078 15969 21398 15451 3047 17830 10190 26603 17740 9554 19349 11023 24984 11880 5547 11082 12397 23497 13659 15069 2774 10711 1634 6883 0 21329
19491 21334 16424 15848 18869 24468 20887 20351 18336 19632 12953 11097 16177 12932 15371 15164 1061 19582 16282 15316 17491 11869 14301 9267 15030 22253
29933 17394 17960 19510 16422 13894 12644 18179 15464 20602 21164 6877 15284 12052 15285 15698 7666 24084 14821 13638 26297 13851 17202 15677 0 13540
24715 13437 19556 16160 10905 18044 13183 16648 21553 4158 10517 18165 32903 11009 11094 18475 7926 21428 8993 14435 16083 15515 19226 8353 0 12213
16062 42 17071 15897 0 21596 0 13091 19425 25689 20937 17202 12450 17850 8159 17666 15772 21709 16175 8734 7696 16733 12177 17005 11232 3548
9266 17212 13478 19935 11651 19806 7600 19059 15611 19587 13353 9226 35112 16173 12977 14698 7957 24000 8504 11564 16895 14597 15748 14449 7785 18454
14400 16848 22868 13607 1210 14486 19831 26131 20286 28741 18590 14651 9523 13062 9982 5134 23724 21495 17748 8542 27409 18650 10613 15124 0 14054
11943 15830 20199 15152 18089 21245 8177 18179 13760 13077 8903 13200 27614 17076 18022 12815 22892 24689 8458 12540 6217 14112 14166 5872 11603 25581
17890 16280 21152 13504 5279 23206 11991 17850 17161 7136 9752 21043 31987 14922 12316 20067 13841 18241 6954 14716 11777 16174 12018 15163 21766 20140
17217 11989 25884 23987 7676 19769 11119 11248 18477 26820 5269 10469 19644 15776 14331 21076 3461 12093 19837 20749 27304 16811 10904 13105 1017 19420
17045 14828 18592 22786 7060 17374 11339 12321 18328 21632 12864 14571 3076 16445 2171 21284 24121 19172 16036 20738 16997 16008 11419 9332 12437 8270
29767 15399 15693 14941 17452 10346 18909 16465 19637 28713 21570 5940 29529 16319 8923 15511 22013 20610 16440 22910 14687 12718 15530 9739 20410 26312
22520 8373 20887 13085 170 18916 5879 22459 12105 22269 18561 25865 15661 15729 26311 14859 4664 17015 16080 19979 13489 18186 20053 11725 16717 7954
16044 12545 26268 21161 2008 28740 8414 14219 12504 18114 11614 15566 29505 13058 9757 14868 31151 18379 2616 15711 22783 16079 16246 14082 13207 7263
16986 5561 16146 15754 12049 16982 8250 17880 16378 23723 11680 20265 24728 10971 17901 18817 26318 25486 18525 13198 12836 11345 5947 11285 13588 14182
16475 13555 16436 19009 8903 3910 2166 20126 14797 23089 13286 23339 19597 14144 19907 14923 12886 15820 16033 11040 22617 14443 8861 9008 18357 13222
10206 13439 18967 20850 11881 10723 9150 19483 21754 24233 17667 8168 25316 10338 0 13830 5877 17109 9864 14691 28122 15997 2868 12344 29124 7811
17562 21035 15455 20826 4431 16120 5402 26032 13145 10190 14434 8525 16937 12868 5852 17931 17938 19982 17238 21055 7131 14653 0 10300 14934 24618
18641 10304 14254 17961 14334 22540 1897 25680 13517 14514 9592 15670 15635 12871 16599 15508 8424 15861 15516 20631 13713 12142 22535 11161 14920 13898
23596 12300 15196 23721 0 14219 10499 20244 13159 20010 26604 19031 7401 12539 3066 12060 18220 24902 11565 5836 16662 27650 26984 8942 7127 30129
12658 9518 12592 21036 19644 12347 11287 18465 14763 17125 7960 2560 7298 10864 12223 17894 6010 16009 10316 12224 22115 16951 13830 13181 459 24309
17731 14410 13636 19597 7382 11067 5559 18908 18932 24956 15539 16199 20435 12573 13787 15694 22437 12540 19279 13198 27639 14254 722 14543 19658 9458
13392 16030 16860 23638 12797 14535 10292 22394 14742 13390 16334 7392 30092 14939 8205 19450 9788 27562 16941 23606 4850 12345 3910 12170 8456 25566
24491 7295 15440 14147 20166 16648 1619 20576 17720 24512 21741 7696 13493 10920 0 13678 24279 23265 11233 15236 9679 23147 16758 13297 12328 7578
18065 8917 23588 16859 3551 21504 9900 19213 24410 21230 13816 15050 17152 17152 3085 15295 18989 22931 12323 13466 20042 11352 0 13008 7007 14797
18491 15671 21234 23513 13250 23785 11909 22468 16786 21295 8592 0 5615 16927 16240 8403 5402 19231 18142 16693 19838 13883 19 10595 13989 13348
11086 15274 17149 16503 15562 20311 16058 23574 17768 22165 7627 7769 12105 15064 14763 13529 10757 16344 21404 10109 9243 8827 8372 13515 0 9045
10574 14692 19664 12047 19035 15845 13464 15966 21299 2221 3182 4572 11908 8863 15757 15682 10807 15454 6149 15120 10989 16789 15764 5514 7774 9708
28209 20350 19971 13866 14141 21543 10420 16723 16623 20334 4287 18991 15914 15610 22141 16870 29789 18772 8803 15267 22185 13127 5988 4908 36272 14256
12639 7002 18065 17741 0 21787 14742 16350 15360 21065 7275 13861 32826 13706 16794 19954 24195 15534 23589 10103 3772 16971 16467 11828 17489 4957
18546 7606 21064 19547 4568 10305 14145 26514 18150 21432 9594 4564 10987 14660 13680 11308 16235 23895 23402 25496 31155 18666 10328 15601 14372 23854
31098 12491 25161 8789 7631 23100 5460 21431 16466 17499 25633 18772 1161 14389 17498 14066 25099 16535 16136 23942 13283 20793 24297 6353 14486 15828
14049 14868 19182 10833 7601 16570 10103 22439 16479 24010 9497 9685 23815 19057 10087 9001 17608 19161 12409 21546 22284 14354 15810 11044 3825 23954
26238 20417 18894 24422 14356 17491 1967 18073 11878 25324 14218 8050 38689 14224 13814 16307 3681 24424 10477 17942 39498 13391 10961 13623 27227 2638
15059 13224 11966 24443 1394 12468 8370 21546 16222 25970 5598 12797 18214 13027 18257 10720 18730 18529 16834 14492 19527 14941 20060 14032 15493 19421
20018 4478 23533 15964 0 18808 11520 23994 15478 25574 11255 15675 27953 9159 7472 20906 10576 17047 22122 11148 176 15777 6916 18030 3655 25533
12277 22474 18510 14645 17013 17647 528 19389 16677 10214 11578 15250 30431 11405 13593 17867 13902 23018 20408 19685 22355 16649 14502 7313 5178 9409
11382 11777 16501 10189 0 24408 6910 15890 18191 3387 21449 11215 19073 11885 19460 13978 18312 22644 12148 21081 22188 15366 6851 18021 4098 14982
11200 16417 18301 14269 5782 13929 8335 17978 17429 33844 15487 12886 25756 16093 15897 12360 7802 16072 11650 17960 26434 21693 14094 11798 8388 16643
31781 17906 24702 22054 21879 13098 16731 17308 16283 17894 14320 4594 24105 13730 19365 18560 3664 18652 20420 14521 21786 12840 24509 16852 8693 17085
14501 4777 13601 24877 9151 16405 15104 16586 16501 23128 6409 21247 21198 14415 13995 20041 19478 17907 19500 17539 12958 15323 6279 12172 15771 14727
23257 13372 20266 19551 18764 9666 9818 20696 20883 27709 5935 9775 39586 13971 18112 17275 543 17128 13737 26353 704 17971 5135 7391 0 10172
16722 14521 15774 19903 10658 17947 10256 19661 18156 9623 22270 12583 29586 15547 12665 10041 6601 22443 7150 19096 9072 18165 7029 16330 10161 24661
14458 11336 23123 16687 13887 17161 11656 19339 17690 16671 9519 12657 12747 12406 16575 17173 19270 18565 2635 17935 17278 11883 10109 15987 0 17425
16493 13205 21431 14469 7658 16297 716 17174 12899 27718 14144 17392 24332 17508 8050 12724 24477 18255 11330 14280 23684 8214 17311 12978 17148 23321
15454 0 16934 15933 12453 18257 5251 17227 13354 3251 26224 20918 18039 15410 11597 9314 11996 13859 7263 6130 18301 18272 30099 9066 13873 13609
13426 11845 21520 18475 14906 9059 12243 19331 14809 12277 7167 14207 29942 11843 10254 17517 10694 21146 13105 24534 11642 20074 12222 16220 14241 24344
17689 15709 13205 13141 12408 15008 12010 16756 17371 22715 8151 6683 27885 16197 7934 13797 18907 21565 113 12416 17816 12178 7907 5816 682 16949
11054 16567 14052 15128 11047 16884 11026 11828 21254 15882 13908 14537 20046 16104 17747 20562 4298 18246 11904 24770 15388 17465 20390 12886 0 7891
13812 13635 18057 14478 0 14193 23441 25798 20896 18099 20526 6157 25422 15727 12759 15165 11114 10920 6970 19878 9940 13899 9838 15639 11340 18524
14528 17797 19552 16594 4231 10705 13955 13142 14809 0 22457 10564 34848 12581 0 21708 12205 20065 20890 13041 5579 7926 2274 12038 10519 24623
22365 9975 23769 18016 15724 17210 16021 16695 17183 26472 23536 11447 14104 15027 14756 12652 22390 21344 17805 13033 6214 15146 18192 9597 0 13426
19857 15938 19301 16409 0 21940 10362 19666 17212 41002 17056 21760 28127 16171 17685 20376 22905 20367 5120 8490 15908 18300 7311 12012 2337 13155
11236 9201 12695 12068 11902 15163 0 11735 13201 23990 21938 21563 18376 11231 5812 14727 18027 15180 17989 22467 17250 16765 0 6303 18516 14496
2158 11119 21277 17900 6214 14148 6363 19269 17749 16359 16105 9425 22034 13234 13764 19089 11824 22244 812 16254 19815 15904 14034 14381 19567 24111
12708 18819 16262 20787 0 16539 8055 17016 16865 24706 6037 9486 19458 16918 16410 16747 8828 17806 10860 17901 17353 15814 9807 11228 15386 24799
21041 14847 16425 22490 12152 17882 12087 25305 18133 24043 28640 16187 16582 15603 25483 17897 16812 18879 1672 18601 7978 18914 0 10142 12495 13705
7507 13722 18490 19428 7124 14802 9341 25048 18061 12429 18196 4885 29271 14914 16381 18633 13130 17987 6037 12102 6913 12196 0 13003 7625 19774
19070 15906 19130 16053 20872 27450 15456 21644 17750 7328 17953 10165 23792 13457 16073 9760 11065 23479 20795 15290 10749 20849 5133 16444 9816 15641
9713 22092 19672 29263 21494 19334 12227 26168 13149 23846 15770 3686 22048 10369 5072 18201 20254 16033 8212 21566 25573 18560 3000 14091 8837 12131
6247 19656 19200 21187 4852 16175 395 18137 13339 22327 15573 18398 29045 12860 11446 17461 19527 15590 14553 13299 17702 9597 18821 11243 18072 8663
18319 14932 15201 17652 22289 21575 9569 23172 16860 28630 12341 3207 19754 17428 13288 18785 20571 20513 6956 21361 18751 12596 0 14544 10866 7284
8224 14334 20565 17170 6997 19809 15707 20778 22263 13506 19164 15766 21904 12683 18927 17507 5710 19414 8273 23791 24977 17824 14210 16540 23519 8584
