365
3 66 88 90 46 50 42 7 92 0 93 7 7 13 72 52 6 42 52 54 86 37 90 20 92 26
24587 11181 7225 10236 7120 14010 18411 9277 8365 10612 15069 18844 0 7392 26095 19200 16408 32634 23401 13670 20498 15604 10934 15484 18110 14806
17884 15805 12656 7394 9224 13461 10614 18323 18159 12578 14872 14000 8576 9021 15007 19338 17965 24537 15169 25796 17251 23765 13744 23400 12367 18788
22054 12431 7600 22296 22424 10837 15514 15791 18592 13588 20720 17773 12576 8719 13160 19578 22736 25338 19443 15249 4135 6582 12278 12318 22008 7197
16221 11515 8667 20090 5009 16120 16708 12546 19367 17481 29702 21048 16665 22606 19509 19248 4994 21768 17838 20738 8529 22734 9998 18030 24330 24196
19952 11971 4788 14021 4413 9465 13658 15017 23470 14380 19011 19912 5122 19524 15463 17408 12997 14396 23286 18596 14320 13335 11250 20037 19817 8816
25175 12091 17454 15653 5495 12220 15529 14318 5350 14825 22092 20220 18640 8465 18638 16822 13778 19261 22546 15164 7865 6222 12046 7198 20924 14097
15834 10807 6987 10382 0 11297 10908 13331 9567 16801 22427 15693 14495 9188 2154 19427 21501 16133 14012 22205 22537 23017 11461 4427 18064 0
12445 10438 6009 7466 2941 12662 14629 16049 8340 10294 23202 16817 20052 29246 9645 21051 24162 16340 15401 17385 4528 8960 7160 12692 24343 18139
17228 13053 12369 17832 13097 9946 15914 11853 17665 13329 6986 20610 25410 19276 9987 17736 12944 15152 21609 22230 13938 15714 5114 19257 14808 2119
18671 5241 4463 11007 15620 13296 19087 5785 20665 10851 8756 23921 15733 24474 13788 23312 25629 14942 21813 10448 12516 15107 10474 3630 15968 16892
20927 5774 12637 15243 23243 13854 13214 17166 15499 20766 31495 15636 9809 0 17854 20047 23144 20962 23529 18755 10740 11297 10045 20329 21379 19961
21893 4861 4820 14818 6727 12985 12590 15406 8227 9189 16655 18761 2285 14133 16806 18505 18274 5228 18467 20435 6414 15192 11536 12805 11777 18
19062 10905 12346 10039 10207 12572 14295 6506 24594 15795 18956 19395 5417 14561 2752 19671 20083 17945 10955 27266 10518 13440 13685 17195 26808 7348
13108 12239 20024 19856 9149 8640 15808 5914 9156 11402 36621 18793 9533 11498 17105 19368 14864 15336 21489 25144 15220 18981 11852 8877 20048 9425
16133 16611 12795 14380 7440 12327 16126 12961 4841 14425 13143 18312 14427 22243 2066 22064 15720 16962 15224 4077 10490 16938 12042 14563 15730 16365
20553 13742 5434 12741 15785 12163 10941 9700 6639 14086 19325 18500 1132 22929 5332 17232 19653 10855 14413 12574 17491 13187 11096 22244 15185 4934
23804 9401 9145 10705 2473 15667 16788 20879 7375 10547 22356 18911 25771 12531 18574 18863 22639 27149 17156 13667 8620 20178 10124 10518 27355 15026
20037 259 6068 17323 19489 12900 13364 14674 9449 24496 17306 20895 9458 20142 7672 17359 23763 19065 24487 27700 11945 5885 9259 22164 22323 8552
14245 10417 14223 17355 4403 13989 15188 15121 7413 8088 18307 21110 9854 16982 10953 18144 9766 22889 18145 20397 12066 16139 12896 13855 19407 1424
15007 17055 8877 12311 14854 12556 18767 19323 5672 14348 17091 19209 15592 572 18812 19247 17527 23986 23767 20141 19274 18032 15162 13005 10756 8264
27934 19105 11642 19238 16086 17322 14833 11445 10844 11254 23210 17656 8818 9196 0 16782 25630 15589 14006 12513 18724 5135 14982 10991 23240 14852
22466 13090 10258 16114 16597 12464 14233 14526 7601 14460 30410 20348 17177 16372 10766 17470 13952 11824 22238 19832 11394 17140 14954 1611 25528 16041
16700 11081 12764 19484 4450 17299 11923 13737 15737 16926 16713 22194 16508 18173 7683 21715 12910 29111 22462 15633 2848 12164 8060 16038 11868 14247
18114 4731 19874 21072 17898 16268 7514 14948 12268 11254 25477 21814 0 11268 12137 18289 11649 23139 17530 12033 11503 1913 14636 22193 19688 0
28142 9476 9145 11206 13102 10898 14906 15706 15098 19633 11993 20762 6153 15292 4701 18410 7180 13559 24927 28352 16835 9508 14470 8850 15423 7640
16276 17332 11493 18316 11533 12630 10651 13195 9190 17666 18685 16375 19151 6838 15455 20158 14185 21882 23099 9062 18352 10910 5805 13245 12724 18919
21495 15681 5829 8228 14347 15515 11822 7756 9660 11437 16934 18836 0 9798 10903 20094 16548 26786 22131 24743 15036 15599 13622 22468 9412 7182
16824 5522 12023 14958 10478 14974 12764 16515 20517 14209 11356 15657 12416 8666 16325 18989 16784 15196 18122 12056 8983 17635 16606 14959 22783 2105
22527 14714 11829 17602 9643 11534 12105 19811 11863 9230 11550 16867 22492 16083 15917 19534 24022 15395 20401 28011 6825 12911 7866 10052 19035 13225
14775 5233 10001 17478 27571 14877 11703 10896 2534 20874 12854 21063 2326 20536 5513 18498 16539 18387 19549 18944 3138 22013 11946 6248 15335 13316
15895 14743 8596 21787 12911 14235 13954 8134 4939 18984 30379 21582 21335 20083 5438 13908 25677 30556 21503 15496 8046 10384 16662 11094 13612 6134
21992 7154 12080 17939 9008 13118 18340 17052 18058 15532 29342 20655 22926 16361 4950 17743 31030 15578 14845 25057 13609 16453 16901 14748 17342 6310
29208 8886 12915 17259 12786 14146 11266 9562 14820 17887 18788 16065 21009 5318 19900 18274 21981 13660 22201 15355 18107 21922 13320 19530 13145 2251
19006 20577 12531 17955 1480 13362 17638 12691 24797 13785 22262 20485 15513 14241 14254 16203 21589 1022 24718 26236 14073 14625 14515 9461 15101 0
15916 4348 12988 16199 10170 14045 16205 11311 15318 18932 19177 16869 17029 7399 12057 16523 14687 29872 16318 25968 13429 5310 9337 15293 16309 2094
25074 15408 2553 7942 4025 11566 15927 14101 19899 19860 18154 21014 8708 10615 10688 18487 16520 28642 16385 19755 14528 9815 16028 10719 24765 6923
20659 13068 13349 19526 19294 15857 15818 13285 10945 14879 17919 23235 12779 13839 12990 16236 18670 9911 19228 33009 6807 17363 3805 14873 17769 15704
13344 10196 12876 6215 12970 15319 11873 9434 288 11739 24595 16702 8120 7521 7137 18180 21027 11719 15344 18180 17307 14368 10110 8148 27290 14616
8556 13505 12488 13947 9029 12574 16048 9974 12397 9517 27460 17714 3776 2160 11799 16953 17525 23048 17368 24920 11407 14722 9811 10417 17767 19921
21237 11251 0 8874 19767 15691 14633 7353 4432 10664 28020 18535 22604 16089 29790 19087 18549 30646 17022 17083 23692 29223 8614 18093 19110 17432
12381 9936 4391 18220 17653 15424 16736 13027 15516 16690 20847 19635 13559 5386 0 15815 18947 28782 13784 15181 11346 23863 14101 10322 20100 11278
20217 16683 8051 8854 17750 10405 19276 12553 13997 7068 12861 16924 8026 8176 16527 15812 10465 32448 13266 22926 22539 17834 11830 16816 13842 4310
22945 6686 13397 22188 10732 11710 22532 14160 14341 15378 21156 16958 14006 7443 31733 16804 18625 26276 12162 12201 17420 21053 11573 21536 20517 23290
16931 3764 12102 14595 10829 14829 14769 23554 11415 13216 22406 16057 8026 15832 21709 16935 25592 15424 22755 14039 16548 9660 11508 11227 17402 19188
22589 5161 12209 19876 0 10260 13396 21512 19137 10554 21550 16222 9793 13402 15171 17344 16829 20737 18955 22499 7812 15128 8177 19021 18023 12162
14762 8346 14918 14155 3013 10589 17118 4744 11051 7328 12831 20286 13751 2876 8983 16690 12514 9162 16482 17587 9678 14509 17819 19707 23400 8652
25232 13575 9520 17480 17840 15246 15430 23314 15359 12525 24116 19335 2717 7373 11163 18844 17801 14844 11874 29065 10904 17586 10497 7337 17205 11627
22395 8901 14181 7382 6641 11243 13977 13917 14367 8877 20804 22273 14495 9783 16337 17982 16118 22872 19883 22627 19890 923 10258 13653 23498 8327
21672 11359 7164 11146 4396 12334 14268 22407 12372 4990 15719 15881 534 4535 12045 19815 22950 24778 16069 18812 12997 13705 12328 28245 13304 16956
18523 8010 8425 16525 3859 15050 13470 14140 14763 7426 22003 16200 11811 13832 12323 15357 22380 13247 18837 16120 10258 14802 11528 18167 28091 18334
14270 13473 2395 18424 19860 5517 10882 12374 24321 16801 16994 20578 7133 24249 21306 18215 31032 18590 13734 2913 9074 20746 5814 17618 24423 7174
22603 8159 9679 22220 14222 12496 15839 21987 16989 2149 13319 24769 7674 5145 18364 18164 16217 23804 17205 20882 11955 13123 9858 11023 21348 11098
20501 15870 6642 20830 4526 10705 14926 18714 5791 15058 8090 16557 16756 20815 22699 16022 14918 17807 17077 12348 11198 18156 9654 8918 20206 5305
23660 11471 7026 18805 22653 9155 19053 14875 6577 14303 13457 19699 10676 7009 20013 20353 15299 17011 21725 10065 14714 17912 9196 16539 18266 16083
22021 8903 10960 12866 9392 12384 18647 8502 7427 22636 17500 22352 12227 17423 23052 14603 15659 26648 20049 19762 9858 8217 11656 16707 21169 19752
18872 12403 7856 11176 6462 13151 16244 12032 13314 17353 27432 15238 7124 6200 7912 16549 16663 20042 15857 29535 16977 12292 11243 17594 17175 11835
19965 5451 10611 18516 9838 13396 20336 16840 13716 15015 17932 20632 7285 4912 28388 14290 21136 21792 24175 17883 10195 15354 6548 9180 23846 7735
22358 9592 12318 12010 15821 11766 11524 11371 14184 16608 20840 16892 10069 17972 20965 20725 17060 7877 16562 12645 10924 8947 8002 22375 24034 1332
23154 11386 16410 19195 8062 13653 17708 9665 14256 6427 19019 16910 13264 22046 12854 18208 14211 10742 15458 12050 15697 10372 9373 16657 21570 9731
24957 10961 3579 9786 13293 12354 15562 11618 11155 16554 24482 21754 9220 4226 0 16447 17422 15745 18133 16581 14079 14155 8746 18294 10786 13826
23671 11377 8230 13931 0 14147 15554 10877 13387 10362 21899 21277 22654 16865 12243 17615 14226 6805 16874 18155 14522 16993 12483 10833 13471 7719
21891 5210 9847 21744 8534 14709 16932 11306 6114 19436 19902 22738 13679 14598 16048 13381 23143 7771 24822 24689 15865 7368 8289 19875 20525 19631
12806 12104 5108 9761 2084 12391 14899 6074 12402 8566 22152 22356 14819 18503 9747 21828 20818 20618 20987 20964 18587 19415 12885 16477 15912 9620
20394 7037 8186 11792 10920 14727 14646 20397 17865 15675 9413 16017 0 8751 12009 15650 17507 26221 22224 10906 10561 14882 7216 8564 23757 16631
12364 12452 10657 11522 11412 9673 16762 12448 1449 19461 16246 17655 19978 3910 14632 20361 20663 17502 21144 16086 16435 12377 2864 15991 15523 12005
15300 10811 6461 11045 0 10937 11482 26152 20796 10377 16829 16153 14390 11298 15487 18871 4858 21953 15134 20108 18065 7550 14883 16866 9066 25396
18808 7882 12416 17883 2709 14999 13558 18482 12736 18923 22176 15291 11372 8049 15252 18717 17890 13864 8269 23706 10364 10577 10893 8291 9689 4961
19559 1867 5852 17547 10765 18035 14690 15252 5598 13053 18173 20286 19771 13130 28419 22434 22461 19281 15272 12701 11599 13314 7130 6783 18601 0
29147 10829 10734 8601 5671 17558 19787 16342 9175 14205 24303 17821 9720 20811 21058 18582 15745 18821 20030 6619 8895 15101 14834 12141 17417 18782
17992 4713 6596 25342 9909 13790 17556 11678 2263 17924 23857 18063 10808 6427 0 18454 9988 20744 18700 21811 18896 20737 13039 13527 10980 5673
14858 8310 14716 10277 0 17444 13056 26787 0 18614 19084 25630 30903 16017 7622 16156 14922 13087 17503 18084 11491 13773 4446 10413 7348 27
19998 13601 15343 13561 7182 13166 18833 23347 7322 10277 24295 18261 12390 13730 14082 18423 16919 18969 13057 11357 20268 17553 12666 17278 10954 23154
20570 7970 12703 5053 3954 11505 16700 4472 11903 13733 24672 14733 18827 24868 2459 19954 17775 8898 18699 21566 14559 21229 11095 6426 20043 6995
25054 11341 6110 10756 12632 10154 15781 17289 13937 10902 19278 13872 2638 3652 16023 16752 17587 19750 20713 22674 18247 13365 15368 10722 16641 11589
18967 6885 7857 21482 5689 15187 18163 12317 5832 18319 23916 13464 4309 12393 12618 20410 12780 22274 18736 22901 7902 11042 8993 16770 25091 15745
10835 12429 15656 16386 11630 11978 11991 11884 14847 12418 23473 21657 15288 14480 15104 16365 25449 23138 16955 21442 10872 18558 13521 20089 19010 7405
20783 17912 9952 6401 2774 9932 14069 13883 10181 15143 12981 19786 0 16385 9259 16973 11762 29181 18013 13603 14508 8897 12325 11996 16486 8266
16429 6632 6559 17601 11435 15354 13016 11692 15884 9841 23235 17576 17188 14972 25581 17384 20015 15901 26099 18297 10293 17092 9426 21089 25514 15079
19229 15168 9641 15378 24928 13601 15496 14950 2334 7637 24340 21813 7300 13444 7434 20884 18340 23874 16495 16315 19596 11384 14668 19369 8583 11961
19171 10922 8408 8194 11365 13562 13357 16657 8411 14541 12980 19828 15888 17220 11017 17988 23092 24554 17161 14390 14172 9538 10365 11080 22362 0
20882 8420 4149 15927 17311 9486 12794 18119 17726 23907 14147 19433 28831 18150 18635 15466 7378 21070 21961 29744 19757 17499 12927 9998 11332 25828
19347 9595 8453 11680 14983 13969 15479 6529 10880 18467 16125 18267 20777 15055 14157 18609 14897 20670 18182 27151 17976 18766 9041 14360 10069 31529
13163 15752 5797 16951 13641 13487 13406 126 17231 7276 31526 20132 31797 615 19043 17566 16377 32418 26637 24431 11667 6454 18819 9761 18029 4972
17182 10097 14959 18878 13906 13625 14469 15499 19720 16580 15035 24656 9010 10205 20056 20737 12258 17804 24485 24535 11203 17050 9223 14716 11661 27473
23323 12350 0 18023 7711 16101 13727 10855 22990 21162 24736 18128 11268 11633 13358 16150 3783 14013 23688 14828 5461 24348 10934 15035 17123 24289
13322 7607 13869 11385 13260 13415 15639 7776 11118 5741 17053 19646 2738 22660 20977 17058 25166 18615 14189 31785 19420 23323 9598 17456 15237 11659
16247 14349 16562 20794 26580 12060 11663 14333 17964 9454 22046 17790 13343 24463 24383 17980 24223 21176 26767 20535 14053 18546 9209 11748 16846 13366
20243 14688 14195 19238 4111 13390 17944 24672 23290 17986 30941 23245 1792 6102 11678 15169 17113 15558 16169 18986 11946 15185 14624 17932 27757 5349
21119 8423 13524 14058 22261 14331 12588 15731 5812 17173 21525 20241 21066 7160 19441 19957 16473 8561 15037 18779 15525 16228 12382 14399 17815 0
8182 13684 9905 12379 25734 12427 13118 13421 337 20099 17978 16004 13091 23205 22605 17610 12062 19294 15075 12103 12353 17785 10599 7954 11675 10931
9449 7652 8710 15380 6116 11624 15377 19640 18982 19851 13534 17636 12533 15300 18725 20927 29485 9807 22432 21054 18510 14848 7732 10634 18296 7513
23406 14320 15398 21976 8971 14672 16714 11658 12254 8101 20782 17392 7031 9666 5724 17197 12090 24310 21239 14419 12423 14006 12300 15794 11008 13175
20411 15605 8893 10159 7809 13915 14964 14772 15087 23218 24756 14032 7354 16302 11130 19419 12765 4129 17464 21884 17177 4339 15431 1882 9626 17438
21917 3484 5751 14930 18544 16486 9337 5642 26538 8095 21538 17301 28445 4652 2214 20295 16552 13040 21631 18905 10037 15224 11531 19267 15927 10448
17251 13583 15785 15288 16665 16358 14134 13836 15858 11887 26194 21600 8452 14237 11214 18008 20661 20476 16455 13495 12272 4440 7154 18043 20759 14161
21770 15257 13218 15382 0 13606 17476 20307 23972 19267 20451 19872 19911 2779 17746 15129 24579 20427 22063 27855 18653 4182 8760 6157 21707 7943
20936 8096 11012 19695 4454 11093 3563 17630 6093 11461 12916 15856 12058 0 11355 15815 12227 13996 13524 6530 16688 11351 9126 20421 13603 13028
16935 11929 16854 14191 10644 17187 6794 11286 12204 25232 18738 20021 2352 14024 0 18891 15694 12598 14260 9747 12289 14227 4688 26584 29958 19473
23996 15088 9432 17675 14604 7508 16583 14322 21829 20668 21870 18371 2901 20485 25721 13473 13156 22383 14837 22381 12985 18917 9635 16555 12639 4102
21417 11640 18979 1996 20460 12067 17059 8752 3754 16233 18367 20410 3749 1258 4066 16525 22220 30685 16961 17150 10706 24359 9906 28772 16578 10580
7187 18536 12044 11933 0 11656 16306 20983 2035 6970 6709 24475 8577 9401 2024 14998 11107 18347 8543 16087 9834 8681 7240 9947 14606 9713
20031 18383 16883 16294 13191 12719 13872 9518 8937 16149 25948 19540 19584 13863 16781 20075 9406 17799 25348 16876 17482 16142 12170 20698 11987 18285
15901 13324 14191 15782 18739 13741 15965 12930 0 16926 1971 15817 7602 9053 6159 16278 19169 11626 16182 23995 14829 5771 17348 10516 10587 14522
24969 12993 13679 20798 15152 12425 17037 11286 29835 19037 16714 17434 14982 4886 12498 17829 17194 15731 13731 2093 15472 15213 9076 28021 3105 12361
22930 14970 13956 21921 15260 11038 14264 16165 13951 16200 22719 17760 13982 13479 2999 20494 25483 9380 19358 11551 14052 9911 5662 7507 6077 24967
19740 17895 4767 15789 10815 13938 12116 7549 4604 18423 18515 18560 14009 4271 24594 18911 21074 35614 16793 12174 10239 17654 9084 18766 21569 13317
16284 1936 15210 18462 0 13942 17025 9012 12115 20288 13413 17929 6214 14250 11417 19689 23862 12198 18786 20740 21444 16938 13065 12716 24870 21752
21270 11925 11329 21439 14489 14898 9174 10234 8258 12907 12147 15833 7673 19303 16207 21019 17689 7878 22462 17421 7899 17801 12308 18117 20747 12388
20670 12607 12935 16810 12490 10884 15711 7648 16368 17292 12674 15334 20183 13527 16303 16544 26874 26214 12706 25581 8940 16368 7514 9268 7057 3118
19116 3959 13622 17386 20678 14607 13568 8160 6820 11662 14411 20235 17620 0 16815 17553 19443 0 17508 19953 9588 16338 9618 6900 27219 8994
23251 6412 14244 21332 5633 13189 10812 8116 6410 11187 12611 15834 11382 12610 15649 20089 11736 36550 23862 17207 13414 15429 6222 13926 14012 19925
22225 12107 7221 19583 5770 11527 17439 11427 12588 13683 18259 16622 2134 9309 21148 18127 14825 4664 23776 21646 10531 11213 6863 17273 16568 17703
18849 14941 4952 13928 6072 11767 14353 13736 15008 1636 28699 15206 8718 12957 4130 19547 13057 25088 14866 18708 19414 11002 7033 8822 16846 29985
19514 6783 13022 2811 10130 12278 10407 11851 14705 8216 12789 22584 10664 11991 12904 16133 25272 5715 17476 22511 17678 14650 9186 18048 4181 11638
15079 7807 11462 11309 12372 13215 15689 1706 12577 18598 25030 18315 0 4698 17199 23809 19645 27331 14338 14397 11327 15058 9128 14636 21669 10977
22429 13788 5279 17498 10674 15180 16975 20146 4743 5621 21524 18122 1906 1623 12510 18711 16395 14833 23147 22445 5080 17634 14616 12228 17593 9100
25010 9879 7712 7557 18821 9267 15388 5964 9688 2602 12315 19753 15529 10032 17557 18330 20233 20139 11656 11045 17489 15247 9191 13314 15094 11087
19585 8872 9765 15155 20417 12515 14346 13830 5095 24646 14255 15156 17540 20194 18043 17714 23423 16460 22685 18989 11239 24144 16256 11604 20532 16949
22483 10704 15114 13372 0 14472 14021 14817 26387 16615 18315 20641 15878 4525 15838 18056 7641 14315 20180 15729 20575 8738 9092 18716 20213 6641
22194 10149 11347 14238 22566 16437 8983 6018 10332 9754 23943 22130 0 11014 19869 18733 12357 6040 12329 21858 11358 0 9561 18259 17448 13301
18769 4786 11919 21812 13724 11260 16272 13517 8120 10510 10212 20891 1119 5713 17910 18547 15434 16869 15823 21013 17571 14125 15363 12421 28476 16444
17191 11243 4951 9074 8366 14292 11857 17401 0 9380 22756 21742 8510 7851 15675 17670 17017 14247 16207 23158 12806 10110 10124 15214 15421 6650
15385 18571 9413 22736 7446 11280 12669 17164 4700 11177 19674 20955 13872 18906 9485 21190 33963 29371 18181 11254 18519 7771 11135 8405 19520 10496
20076 10054 8200 20337 17193 9355 9867 11063 8097 11920 27062 21878 17173 21059 18851 15634 22081 19400 20407 25111 17224 17502 12669 7110 12557 20196
17403 10004 10707 11638 22198 11737 14723 11502 8798 10961 16324 19551 12822 0 14937 18904 16301 12077 18070 17983 15589 4910 6999 12063 13878 10491
12088 11740 8531 16047 14040 13792 11896 12281 5986 19390 20093 19027 13101 9353 16796 15171 2065 11000 20042 24610 13331 12874 8405 9629 18782 12981
17007 6841 4745 22540 27163 9203 15057 15225 21848 13246 19049 25132 7741 10245 14887 18011 14174 12576 23620 16184 15517 15891 6345 5539 16655 14449
21511 11343 13475 11908 16324 9530 14877 12337 6572 16066 9688 16773 14836 10994 18270 19212 11674 10093 25036 14877 6848 15661 12203 13793 12706 0
18492 7454 14217 18139 19337 13284 15206 11684 0 12225 10264 18008 13628 20338 15387 16239 14541 14657 17737 21475 12212 18691 11046 14282 17192 19558
26324 5986 9403 13498 15869 13942 13287 12073 3561 4232 27599 19304 0 19918 17590 22373 16010 8031 14526 13829 9743 18660 11665 14099 15488 18743
20445 5714 3041 6129 5137 10632 13251 5681 2914 12486 10671 14411 2231 15327 6737 16655 16175 28045 16215 16834 22741 11633 14436 11872 14291 1641
15024 9820 21264 14631 13041 17526 14979 12126 21919 12017 20718 16598 3049 24893 11574 20344 22757 17975 10310 17578 16573 13886 6862 14291 17317 9044
24830 13275 16431 14520 7305 15566 16438 9820 13570 7077 16099 20233 6901 4653 9868 11962 16790 12517 12863 11927 20320 5236 10159 4413 21381 16261
17086 12928 20425 14568 5183 14060 17033 15708 10756 14958 21753 18031 2398 13844 6224 16367 8804 22270 18361 9973 13086 14381 4856 17090 22981 20453
17317 8293 12265 21716 22484 15091 15991 17971 11643 14484 19621 19279 11785 10486 11260 16750 17742 13793 26219 21265 19249 10150 11630 19064 22846 4195
14662 9505 7986 16263 10040 14048 15547 20025 7372 8203 18244 19999 11618 17284 11401 17805 6145 23657 17168 20718 13800 18211 9663 5359 25645 2099
21708 17293 9507 20985 19857 18193 13640 17986 13201 16855 16363 19844 11560 3311 29577 14779 25572 19319 21125 14419 17859 12334 13526 6009 39051 20872
21047 13510 12590 10158 7031 13885 18263 11165 23225 12998 32406 18579 6424 4975 9541 20552 5454 15768 30775 26178 16934 11907 4642 19284 23239 16655
28550 15482 7214 13908 11731 17376 12535 14347 5365 21477 10739 17666 13919 19795 0 13269 8192 25189 14188 15219 11641 18408 16240 11189 10467 8612
22607 5551 12187 16592 4045 16439 15049 18293 11609 16329 25342 18169 2773 18837 12675 20224 24319 9980 12193 10104 15029 15808 11841 29251 12157 6570
15394 13936 13395 14197 17144 15263 17750 4296 9824 8984 23879 17619 7650 0 18510 15908 21684 14178 21658 9993 18302 10891 8249 10786 24065 9613
20639 3668 6227 15653 12180 17649 13651 15910 1315 13470 13309 20376 11245 17578 18262 20045 20881 27540 17765 23688 5153 11952 15447 24779 7781 11465
24135 10361 11637 13182 14520 11790 14109 5009 20868 19127 13621 13057 13024 7570 24383 18167 11088 19970 16589 15091 9913 14975 10052 13788 21010 4925
20353 4844 5817 8759 0 18523 12262 17345 10810 21027 14000 18110 9133 14343 12575 19609 21299 28074 10711 15845 15995 21562 13083 11396 11951 5473
22132 6978 7911 16195 13507 15095 14566 16570 20797 11006 19160 18779 18819 12785 23175 17541 17846 17613 14771 19784 13924 8757 5945 10143 13083 5625
19343 12161 9418 9869 11884 10244 14004 9420 12795 8578 20581 17355 9325 19788 10227 22131 8304 14168 26174 12810 14542 25514 12472 8101 15454 7154
21763 9971 5183 14911 0 12811 14297 5521 9583 16228 22952 16535 8692 13023 17211 17132 18026 1455 19257 21052 13177 11281 9521 21347 15095 9581
15142 12826 12714 24799 22139 11557 10875 0 7420 14915 7807 20617 13339 11341 11995 15853 19410 19005 23205 11787 13004 10336 10216 4456 14175 18792
17684 7414 11106 19583 17923 9083 8691 3389 18043 11907 17967 15771 2358 20000 9782 17689 20435 20200 20067 24737 18586 5814 9554 18264 23987 16812
20433 8725 15050 18098 323 14368 14271 14111 7442 11087 20686 21608 13752 6374 23602 20171 16909 25350 14191 18059 18933 31356 12867 15216 26060 10123
21440 7101 17235 10136 17085 15073 13723 13028 8207 20973 16961 15523 13173 14092 11990 17705 19991 15461 22035 32939 11811 23396 10929 9519 23122 13135
21770 12809 2031 15957 7868 14839 16772 20623 4464 19990 25294 17807 8629 11868 23242 19240 22323 16167 15781 19436 10377 15334 10162 10393 14871 5052
19097 11400 10089 16933 9955 13719 15164 14044 16710 12580 22853 23739 5444 10754 8186 16324 17511 25416 23997 15706 8920 22871 4538 16642 7258 11354
21648 14727 13921 18607 12056 14132 16741 4085 10829 14450 17997 18345 15100 10642 14687 17379 19948 12605 26367 15850 19428 13561 8690 12416 16117 12586
18226 11126 1201 13989 10613 10419 15367 7900 16135 9100 27620 23103 11365 6168 9157 18117 15793 20999 18092 34315 13204 10940 11434 21026 19038 15799
21138 15602 9082 10852 6234 15978 17320 3600 15165 14527 11995 21371 18724 14363 12283 19871 21358 21006 18262 25886 11529 22290 9911 17606 8175 5186
22561 9946 12284 17005 23126 10482 15082 9083 3319 19193 22294 20848 15713 15588 17970 18324 19990 34907 18548 27004 15398 10414 16210 22530 18332 9795
19598 17816 21419 33015 16026 14735 12784 11904 15505 13217 18534 18781 6041 12447 24632 19438 26646 18485 9808 24196 19219 18325 13856 9159 9475 17663
11266 10085 8186 10091 12042 16743 10128 21099 14407 11617 17168 21494 8328 10762 17714 19191 16631 9006 15230 15835 18078 18160 14191 17983 14356 8208
15838 7037 6567 15315 15829 16435 12275 20108 10733 20594 24004 19491 7245 21371 17794 19105 11561 16219 17439 14120 14795 17462 11445 7655 10600 15738
26050 14901 6571 12816 18677 13756 15013 12911 26090 11898 24118 18607 7885 0 11992 22146 20682 14831 14675 14452 14046 19228 7392 8795 28283 15656
20770 7216 2006 16464 15780 14023 14510 16295 2117 8608 9264 14487 10956 17802 9689 16326 23851 7692 15058 29413 10595 23459 6459 12531 14921 17607
22490 10089 5811 7080 19730 12655 9504 13627 18595 10578 18608 18121 9468 4571 10983 20038 9857 24446 18136 28629 14142 15802 10744 12412 12799 11825
11632 17380 10469 11359 13663 13791 13774 13306 11322 6728 15716 20531 13542 25195 12212 17059 25142 11914 16394 10819 17012 17465 7382 22539 23466 7688
16250 11357 7078 12598 13214 14165 19226 12036 11787 15669 21839 22247 3607 11762 13997 18960 16604 31366 17781 17776 22791 20795 14084 14980 26924 20178
20380 11581 12589 18543 8815 14613 16333 18323 16780 13302 16347 21630 7697 5534 22538 16868 10004 19211 26793 16631 14867 11402 15242 12944 17326 15215
16671 12962 8144 17797 21398 14201 11831 19155 9955 22949 14677 18368 7707 18224 8535 20549 12610 13770 20773 6874 14602 10336 12314 12013 21163 6379
22117 13608 14010 21706 12307 16061 10145 15175 14645 7885 25339 19560 23415 7986 7311 19119 12887 28194 20031 16273 8051 12897 9434 16843 20533 7133
15474 11541 19428 11318 11760 13114 17045 8419 7428 19504 28201 19707 3027 3338 25890 19474 22607 20108 12982 22263 17939 12231 16984 8716 14940 12766
14355 8624 6801 12089 17891 10304 9642 13176 18126 18213 15443 17467 0 25160 5032 19668 18834 20467 10540 14387 12246 13896 13437 10964 18600 2527
22932 12536 3542 13584 18015 17331 12230 11737 14795 15110 30019 17169 12282 2084 0 16337 11561 24341 18711 11644 14198 13671 10344 19542 18105 2986
15926 12269 8637 14915 878 9413 11301 8060 13175 14675 23378 14022 10676 12397 26700 17676 22782 10932 16415 24018 9697 11300 12570 13554 19907 1366
20775 4674 2111 22075 16105 12237 16457 18073 15577 18583 23592 21008 13611 20828 0 19455 9811 26772 22740 14659 10298 18839 10275 20942 25101 15434
19360 6227 9176 2508 29895 12092 14809 17291 12411 12936 6720 17249 23373 3455 16188 19227 13671 24480 21385 13729 13011 11013 8586 6036 19875 13274
28309 9291 4824 16752 19368 11576 15258 14340 9650 13005 22680 23193 15452 8949 9381 20774 18838 20427 13928 12500 8191 26800 13178 11735 6923 4438
20242 3044 8012 16135 4334 11107 11916 18126 14594 20012 18888 14812 22590 10922 17203 19316 22739 8453 25269 22621 8565 19933 15578 16909 12931 8855
20388 8444 10884 14332 10074 14372 12806 5400 19632 17444 35707 16316 6213 19914 19187 15250 16350 26869 22066 26520 7271 14515 12895 6944 21947 17081
21110 10882 16292 14617 11902 9752 14095 5977 2693 13042 21639 15912 8091 8554 16711 20176 21001 8772 19116 22835 14497 12346 9695 20096 9579 9304
19918 13686 9461 13256 7184 18281 18541 16231 0 14552 20740 14339 10933 3950 26246 16197 14888 22859 22648 15957 17811 19245 16465 21147 18514 16013
20785 12601 9793 7665 17551 15482 12217 8402 6012 4072 16694 21053 6869 3422 14506 19819 25364 18336 5840 9634 12533 11806 11522 11997 15569 15848
19587 10915 19655 13521 20647 16251 13189 14126 14161 14860 20061 19553 7031 9832 18926 20387 12140 18472 17562 18163 8431 13766 7852 11430 14753 6966
24880 14197 9079 18096 10506 13605 13731 9746 17598 16339 16611 21868 30827 9595 3898 19268 9554 14088 24832 18612 13276 16364 10121 18770 13669 21867
19331 11878 17097 10208 8909 15756 9664 14116 7207 11580 20126 22379 9285 25501 3745 13384 12222 19655 20805 13483 11934 13421 9994 20142 17073 7432
24167 10604 13599 27172 18045 11391 18205 10311 0 14198 14193 19476 2035 14993 12955 18563 17212 7017 18275 18063 18618 16125 15341 18136 7818 5184
21198 5191 5976 15782 6212 10275 11427 19561 9069 19826 19544 18973 13363 8996 17376 17893 21178 20071 19319 18936 17705 17728 7689 26576 25783 6264
21728 13034 10678 19163 8228 16058 13495 9769 16815 8864 25589 17936 11782 5233 14166 16776 15616 18377 21992 34924 10422 7150 8924 17281 17335 7808
14698 10361 4204 16232 20255 18240 17662 16451 14622 18590 26688 17997 11821 16243 18016 14273 23842 28308 20426 21195 13572 8399 11179 10547 16426 6398
17749 9331 8856 16714 18364 11474 15979 21667 18996 22002 16482 18875 7943 2727 10974 18657 20646 12781 23354 23160 11780 8796 13722 21182 13206 19884
24509 12935 10315 17019 9056 14197 12507 12177 1116 8074 13572 18472 12269 8255 9100 17928 14297 23282 16802 24617 12509 15785 13090 13956 21693 13699
25278 7473 1561 16996 12423 16364 16421 12844 4873 8012 27951 22253 19440 11424 25671 14696 25369 28111 21384 16452 15923 8412 18058 11290 23905 9069
20712 5849 13466 19243 17067 12030 10737 6913 15189 15086 33070 22396 16913 9719 10468 19696 23167 21096 19476 2152 16635 14581 14859 19553 17068 22331
18932 13869 8007 18671 20095 10988 19604 7659 5481 16655 17708 17168 17146 2847 14790 19737 17815 19176 23618 15514 7480 14637 10269 19051 16874 14897
19710 9022 12595 17814 10010 12062 15956 15335 8499 14389 30137 17485 21104 5395 22554 17291 16776 13618 12423 6151 19370 23328 8363 16322 19902 22874
21808 8768 11530 18494 1345 14208 14548 10291 11241 16705 17839 18863 8913 11246 22831 15615 18658 22038 17608 21348 17980 17516 11364 22113 15445 15870
13354 16086 11765 12583 18226 13566 15606 16711 18517 14210 13222 20185 1442 18297 16037 21953 21139 24088 16707 25704 12691 18365 8777 22640 26756 13308
17414 10689 11058 12309 5491 13261 13720 11619 11288 15256 14889 19080 13607 894 10892 19807 11266 10554 17622 12326 8377 21282 13938 12581 15066 9966
18684 12875 8695 12552 20891 10253 16412 10134 12478 18463 27473 17050 4500 16723 23238 13952 21861 29623 17426 21536 23473 11862 14555 12482 12541 19403
19091 12010 12048 14437 4904 11351 14057 5961 19767 15691 11051 20407 3197 13941 11020 21489 19172 13136 19366 9881 18766 13470 8317 10620 15043 5660
16323 8182 11032 23050 14733 15866 17144 13591 14333 15667 17976 19069 16030 11202 15257 18994 18571 17286 19799 29681 9924 21733 11268 20155 19879 13391
30059 11017 9568 15590 28077 11912 13640 11582 18929 10982 15379 20867 5779 4985 3182 19536 9786 12218 21497 34264 2771 17410 7495 25559 8941 0
12545 9671 14734 15363 9977 16367 10990 17401 15009 14165 28981 17868 148 14378 14140 18213 22637 12800 22447 12951 17694 21413 12103 16901 21632 6024
19699 6766 13901 8718 5483 13564 7502 16825 16156 10523 17444 20906 2716 17429 15654 22090 8190 12244 23944 35435 11787 8930 7868 14465 26208 8991
21233 16048 12791 21485 11958 14978 16015 20102 21328 12752 14446 17581 6362 16390 6906 14824 16301 25647 24532 18887 12473 16553 11255 28610 24196 16578
19591 2913 9227 11556 19095 12003 10532 4041 7097 20894 27937 15698 10831 10881 21014 15220 17902 16242 13472 21763 9542 14631 9019 443 9792 8161
18166 13190 7131 21985 18180 10812 18586 9835 11758 17383 23186 21374 15130 12021 8515 18799 16830 13846 16741 20609 13645 9419 9570 7955 23673 22342
7594 12719 10481 7179 18087 8515 12654 15648 2385 14841 20843 18595 4763 1730 21772 18595 14004 25624 20708 24224 19700 17085 15231 18333 13557 13123
23680 5715 1220 17724 16870 10722 15638 8376 9880 21837 26741 18861 17359 17143 9285 15065 19456 13679 17286 27032 12319 2101 9595 20595 26118 13850
21645 13608 17983 4987 14977 13926 16057 10620 2267 12226 14802 19405 11447 854 16049 18717 6844 33482 16017 12927 16932 17427 17906 12282 16678 17300
13146 6447 12141 21118 6700 15476 17404 1827 7336 1722 23486 24295 10034 19248 18918 23282 28548 24359 23234 15622 3440 11127 6721 15818 20774 12250
16114 16356 12754 8805 15054 16976 18372 6236 16140 17332 17767 18145 15100 5114 6846 16002 10376 22947 16671 10135 21770 8770 11768 15321 26195 6992
21412 10574 10354 5360 68 15128 11349 7440 15620 16045 27703 18426 14242 6301 12582 17856 18212 27005 23397 15767 14386 18379 6660 10747 17588 7773
13270 14156 7643 9643 5101 13533 12876 6441 25377 11646 26382 21252 10284 11437 16162 16554 23595 13095 23889 25854 14493 7402 8625 9794 15711 14003
27397 10295 10877 15533 3035 12386 19750 21909 10056 15893 21088 21591 11797 8069 18161 16541 14672 23591 27448 14616 11297 9156 7491 2119 18268 2723
20198 7593 10295 8174 17110 10874 11604 23700 12348 19523 27923 19143 23622 11169 4638 16571 17449 1208 15635 21760 7995 24251 11839 10268 8796 21308
17530 6744 4971 6018 5212 7751 17096 13386 6007 22060 19400 19193 0 12691 11335 17100 11292 5030 23705 20237 11155 28060 9898 17613 21756 12212
20674 8837 10407 10162 10837 15495 15634 8969 9306 8984 26040 19357 13451 8785 7890 18005 18928 13572 23414 16483 10184 19097 9373 13675 14634 6915
19960 18085 11502 12131 11995 11551 12233 11319 11448 17332 19339 19159 8674 4234 14829 17320 9366 5244 24150 16148 9589 20439 10082 23356 16949 18026
20949 9110 8579 17580 21612 12654 15858 13538 8562 20564 20335 20166 0 19525 18262 16071 7417 25580 30990 23271 10958 17781 12759 16058 19445 1585
24035 9000 11817 15411 18907 14670 13949 17301 13859 11392 16214 22436 14489 18457 16826 16114 22418 14757 20757 14614 19414 13000 5731 15527 17002 15617
13813 6305 14174 9698 8105 15864 15445 9408 15176 0 13598 17859 10775 16329 11461 15911 12207 30753 25936 7937 13078 13358 7183 19529 17347 10304
18405 17029 7362 7270 11498 12089 14552 4621 10798 17029 31618 22505 19631 19770 14371 17494 19613 19548 19835 18029 12002 16355 9102 15694 9640 7106
16410 11328 10406 14930 0 15655 11182 6583 21034 22466 18774 18984 19094 0 21405 18025 20320 18686 19458 20085 13764 18722 3290 18976 27288 17623
18701 3384 12145 13398 11745 6927 13964 9319 16349 12699 20205 20172 12735 4687 4115 18638 14535 8736 19960 18194 16568 13686 17200 7879 22825 5933
12689 8945 13616 5868 21825 16110 15122 19910 16651 20147 18728 17281 9556 2732 20201 19532 20933 15379 13900 19650 17872 12711 5722 9851 22502 19151
18260 13427 16946 13461 7541 12304 18336 15518 13040 16423 15390 20000 14992 10163 0 20883 17806 12186 16706 11490 11196 22175 9308 14192 12566 21865
18695 6665 16807 20788 4030 20264 14499 7235 11289 12495 22191 18511 21480 13464 24921 14316 26227 26193 25684 31347 14907 22089 6473 22189 16165 13373
13151 7664 3958 26009 27890 10921 15764 10338 22571 11946 19155 22021 15917 22353 3517 14472 18161 21912 17479 23803 17522 19458 17650 18521 14149 12639
21091 16233 9545 13905 0 13805 16476 11341 11375 13223 13532 17694 7462 5636 16853 18274 21128 16919 23109 13232 11606 8000 11103 6120 16518 11601
16250 15942 5978 14368 17637 14394 15255 6157 0 10192 23859 20523 7425 12465 13418 19344 23460 7500 18880 29855 14871 19232 7015 10344 13486 16956
20706 15173 5289 20268 12457 9584 8812 5605 16738 16152 13151 21393 8111 23455 7522 18792 17556 27219 17660 12619 19340 22715 8612 0 15022 24889
14967 12196 11517 20145 1914 13931 13587 5535 2504 10647 17128 22795 16770 2821 11134 18548 19775 13717 18342 19733 9502 16154 2922 13243 16480 3920
17978 13858 14025 19150 10016 13742 15128 8659 23834 21576 25420 17645 0 17104 24672 18219 21537 24671 14934 13533 14549 10184 10725 16691 11339 20679
16725 18691 7323 25920 8210 14087 18441 8119 15990 17481 18758 19573 15889 20987 5997 18523 20318 16275 16221 18581 4915 11870 9521 11400 15047 0
16683 11862 3004 18340 13430 10342 11817 15583 10770 16874 16110 22981 13810 134 18903 18167 14381 11307 13767 19956 13651 12041 10155 2685 12854 15180
21307 12909 5753 7882 8786 7870 9644 17648 8420 9748 30136 19262 15741 18475 12937 17801 9263 20568 18183 17550 5017 22477 9941 13931 27288 11252
26474 15655 11891 13403 8124 10703 16311 21015 6116 12612 23740 18894 16535 11075 26027 16718 16128 15217 21059 23955 13548 22651 13904 11327 18448 9731
23701 16618 11508 15215 2749 13249 16396 23074 1331 18224 19951 19789 10290 11698 17981 19382 24379 23521 15145 26772 13332 5515 4067 25134 7817 9519
21711 16950 12737 22269 8976 12734 12660 7915 14722 12940 22613 19444 14902 60 3872 12664 4925 18923 18235 17577 0 10448 12434 16592 15884 19096
23274 16032 4632 4626 10326 12589 18826 4569 18432 8943 17722 16559 16764 14950 8625 20422 16383 17259 15624 17064 14631 14824 12265 19017 12445 20820
28302 16207 11571 26581 12963 12494 14545 12795 2977 12415 20228 18559 3614 0 12458 17206 24918 21275 7159 19517 13744 10646 9240 23457 21504 14234
25145 8131 4548 13061 0 14414 12464 19911 10059 10135 19940 19941 4311 13651 12300 18913 19943 33028 13917 9816 18573 17491 9861 13576 21920 3724
18716 12429 11856 12658 17748 13995 11010 7013 5264 8341 17479 21688 15952 13898 7529 16074 15670 25537 11618 28692 16319 21036 9007 15689 22528 20464
19384 14951 16133 8618 16129 14896 12842 6663 14070 17348 20064 21803 16349 261 21752 14942 21188 6294 16506 13786 21623 9980 12159 8209 20404 13302
12750 11426 11172 18475 22436 13643 13613 13399 7618 15135 19905 24676 16251 16108 14401 17534 13382 32654 18848 25805 9500 29697 11667 14245 18932 11920
21768 12744 9005 8008 9789 13353 13706 5686 13729 10838 25090 19803 17672 18783 9570 15103 18057 14391 15257 12492 6596 11662 11823 16469 14222 11020
17586 6231 10185 13692 10274 16940 13805 13159 19609 15620 22728 19698 12251 13449 12512 16519 15007 22074 20211 14083 11087 9576 9335 16252 11585 21332
19545 12471 5959 24707 14364 6154 19501 17536 5227 10890 21768 20783 15974 14822 12729 17362 8675 2208 18762 25221 8273 9686 4978 10828 14424 13802
21402 13223 7384 16157 11068 11202 13144 23392 7340 19673 31752 20354 20210 12656 8430 15276 20379 14592 15572 25606 17886 10391 12955 3283 10542 7133
21614 17567 14868 14282 0 14949 13520 16777 0 14681 19593 24550 6283 6801 8590 16983 20044 13501 16881 9239 17146 7312 11049 19699 13224 21524
20852 5735 7934 22792 8988 13655 17356 12703 31328 20122 19626 14287 19620 13479 9144 15745 23523 12789 13937 18192 15552 15910 8973 8479 14666 18268
15255 13098 0 8188 6060 13423 18368 9515 2339 5815 21737 19064 8178 12492 13175 17405 16739 14557 15554 30934 15787 14506 9175 14301 23092 19272
23501 9471 5413 18929 17628 13285 16426 11481 21417 20269 15883 22767 21000 4630 17279 17800 21386 13965 17788 7834 12897 12122 14857 19356 10539 21170
16425 6856 5986 10983 11547 7561 13935 10120 5249 7906 21663 17862 2190 4007 7340 18157 16682 14290 18148 5545 18787 9879 12463 15904 19451 12301
22569 9130 8489 6850 0 11912 12157 12893 17061 13949 17490 20326 22538 7561 16141 18058 7747 13372 18854 13919 16209 11654 7024 22627 20741 4045
11867 19051 2082 11738 5098 11299 14218 7112 10417 13423 20074 20981 5891 826 15776 18222 19843 11886 13232 19388 14178 11218 12643 8812 13367 9792
26418 17976 5987 17838 4600 10836 16711 9853 21128 11677 21953 19293 0 10579 4278 15229 22158 15749 17831 19121 12831 16552 11122 16421 18703 20665
14373 8228 16826 9773 7837 11706 12321 7938 27965 11159 29372 22737 12866 16000 9748 16464 13672 23357 21730 12525 12169 13973 9322 8911 18099 11888
20154 1322 11936 20127 20298 9736 13109 20513 19027 13911 6732 18815 7833 4711 20535 19249 24127 5717 14984 23973 14750 16534 9404 15100 17355 20190
23633 12303 9567 15798 3853 15016 15003 21005 13744 13400 17814 18610 29878 20975 7153 15945 21602 20370 16356 15623 17035 16258 12164 16717 7379 8636
22553 14352 9706 13403 3807 18324 15929 11842 15230 19758 28971 16378 6630 12521 18432 19482 14983 15961 20614 23825 12417 10376 11999 15174 15874 3265
23149 11311 16427 19750 3291 11271 13400 20918 7884 15968 22769 16980 6204 14853 18826 18446 23008 19522 17585 24417 16453 7396 0 18360 26978 9234
14060 6717 13204 15014 25741 14281 13522 17675 13613 21814 13850 17264 2192 19773 7373 18938 21289 23884 16652 19184 15734 21984 8749 8139 13954 11072
16227 10016 10027 16166 14886 13712 10499 10081 7678 18168 16308 23541 13858 3278 3391 19073 16870 12748 20006 18583 15389 16008 7783 12518 28287 22689
14461 14793 15363 14780 12422 9481 12698 10268 22648 11814 24767 18307 20206 14612 3277 16021 19234 14256 16423 21381 8538 24496 6213 19806 17570 26245
19897 14401 17517 7819 18896 15515 14367 15055 10834 14173 18991 17767 22394 22257 9424 20342 28456 7967 16872 14138 8656 14248 6914 14674 18753 5874
15687 8609 10314 17457 16479 9069 14361 8406 5194 16639 16776 23099 11508 13655 10326 17322 19311 16954 21787 29853 11387 14536 12345 2698 18244 17133
18854 8251 13696 18095 20105 16307 15934 4423 17106 11632 33603 23894 8605 17611 7914 18537 29623 23057 14245 5654 11129 14420 9118 19287 11765 14132
19962 8125 13476 18083 17463 10214 9165 14755 11502 6314 21594 21672 19332 6692 22849 18956 21161 17640 19046 25218 11591 22352 8605 13974 28546 8280
26688 10780 18342 16608 0 6752 17064 8136 9364 22912 17234 18025 8015 12631 12539 15137 13635 21624 22193 18250 21011 16264 11794 7255 15129 24623
23353 11834 3367 18193 12827 13526 10339 19228 11244 8665 16568 18975 11783 11394 28439 18401 15087 36148 16622 5812 5567 11436 6751 10388 20729 8836
20799 14150 4908 13649 16912 10723 15236 10416 10082 4802 21817 16967 13661 16355 23743 16630 13771 19176 27164 15651 9450 11632 17383 18968 15264 14350
22126 10536 11064 18382 5105 19182 14576 25628 9528 17849 16861 19532 5422 6428 25436 18686 16353 2299 17542 13289 14645 13158 12602 15861 11667 8205
23200 12673 8666 20829 14400 14687 14736 16180 5801 19082 22104 15006 8903 17574 16481 17337 20312 11352 15585 11089 6954 11446 13113 8713 20709 0
14988 9064 17850 9594 1061 11857 18452 11418 12830 15797 20035 22943 10351 11007 17548 19976 18760 18783 18286 9183 11331 16271 2747 13261 15411 12017
23279 6620 10098 12947 0 11523 12968 14780 13449 13734 15958 14790 23834 8176 15972 19023 22324 21516 19803 18598 15704 19809 11250 7427 8783 1011
21161 10147 13642 20444 6391 15232 21431 19653 14065 11604 16176 20691 0 11782 15542 20522 11367 16374 19380 19753 12664 13673 9103 11465 15659 17311
23246 9540 8050 11432 11546 9392 20805 12201 7979 13477 28008 16802 18887 16553 16925 17617 19313 33536 23759 22772 14978 24629 13661 8957 18873 10329
13141 16465 11778 15661 7976 13048 17334 18202 20421 13858 21502 15634 18039 18658 20575 19304 15721 28019 19844 6890 12420 14909 3351 9475 14827 9167
19707 2833 8104 19051 15438 15247 15536 17518 12938 19573 26193 20088 18163 18415 7143 15373 16474 17509 14310 10781 8028 15688 3807 19017 11295 13908
21539 10793 14238 14401 10748 12940 12638 24229 15416 6622 20963 19563 15546 20497 3512 17431 15316 9478 9845 22649 20764 6867 14813 22811 20536 10573
17405 15257 9219 15835 9782 9780 11866 16723 9434 24925 18002 19231 5254 16109 5942 15964 12413 16461 20885 23901 13747 12284 3730 14273 16746 10994
18704 17318 9599 17075 15113 15052 15276 17244 13089 12350 22711 21673 0 15180 13382 17096 25831 29190 15436 15573 19358 17552 10316 2978 11521 9791
20861 10344 7836 10490 14859 7093 18155 9479 7709 11586 20331 18674 9448 10654 13097 15289 11036 1640 14536 4445 7506 15914 9934 19954 17078 2201
21100 13159 8905 11283 22556 14065 14680 10013 5835 14042 19962 18077 2323 9362 11352 20938 11177 15342 16186 11860 15113 14925 6477 4098 23505 7275
17667 13621 5955 19522 0 10461 11452 16944 16356 15562 27895 17767 6036 15615 9403 18406 13776 26014 11519 10528 21253 14354 13203 20804 10217 16910
27480 8448 15664 13736 7775 15231 10518 13587 9827 10355 16259 19808 10355 15464 12990 15304 19355 26860 20396 11003 16581 7855 7682 24888 14961 10837
24580 17922 10747 15606 1938 11705 12886 22661 13534 10121 19675 19040 11772 11148 13355 16281 15893 12605 24938 15209 15142 17095 10523 8435 11242 15725
18407 12113 5447 26119 21357 15481 11615 8780 11455 16901 22120 20533 8844 5643 19478 17205 26573 15147 12139 15677 19444 1517 10684 17247 13787 11448
16803 9637 8078 17469 21865 16460 10300 14661 21311 10455 17103 18926 20688 16173 5502 17469 14469 22114 22243 24570 12783 7314 14899 19829 20150 32435
22550 12555 10638 15331 16387 12376 17708 12738 10238 18684 23729 21231 20768 19437 12964 18048 26799 20847 17268 9208 3903 18938 10621 14820 21360 9649
16467 8570 5318 10728 7878 9757 8522 7782 16169 28376 23122 15240 11747 0 18130 16193 11765 11157 16257 10487 11031 11232 7748 8269 9247 13776
16600 9468 10765 12818 0 12778 14667 11815 13453 9413 15050 21579 27533 12741 8952 22574 22714 10030 16931 24140 10851 22382 8437 18459 22281 22754
17401 10468 8542 7692 14695 14345 14643 13079 16163 6753 18031 23644 9364 20169 6147 16686 14063 8818 24928 25277 5664 10796 4945 12714 16737 8323
25995 10443 4306 16501 13875 10329 13926 6892 13345 12687 25673 15446 9865 5569 6749 15487 19077 12820 18470 28628 12718 5181 19925 13393 11360 11945
20006 8806 9474 28403 4727 13653 10714 1905 13299 7299 16752 20893 9967 21194 14205 19799 22553 13962 25444 14249 16185 16370 15575 15644 20760 7369
26875 14902 14234 15047 9836 15601 18823 17775 8814 8030 18998 13910 0 14996 1398 17953 13566 21629 21696 6875 13497 6795 13167 18863 15563 16224
25949 14775 14427 19749 15929 9895 16146 16677 18592 18367 14410 15764 49 4441 26694 18910 20131 19515 16889 20546 12225 8423 13955 11057 14652 0
19493 11796 4899 13624 27230 14624 15493 23355 6072 7500 21148 18675 5032 4757 10224 15427 21662 16342 20832 13387 5605 12506 11241 12955 13118 11541
22557 12388 14900 12645 1770 11190 15341 7350 0 17597 25153 21944 17167 3826 11102 13985 19288 14038 15504 26811 17212 11433 10384 17842 15884 10465
18544 15920 10120 8589 0 16081 12658 15339 4406 9101 23290 17636 9405 2488 5929 16251 29243 22195 17879 26469 17146 19693 10487 8159 9623 20919
20436 9691 3916 11547 7803 17281 14228 4701 20566 8999 20582 18645 7937 15674 7298 19907 10198 14285 13008 30373 19225 13083 17827 15685 15596 8098
26616 5273 19112 7496 13315 7015 16250 17181 26362 12192 25646 20796 18976 7431 18579 18323 15706 6439 19787 19043 1817 9372 8546 16408 20679 9400
26171 10517 12854 16207 3621 12943 18885 11163 18568 9475 24016 19698 1243 8580 11067 17751 3895 13370 17178 23882 14661 16226 12664 11178 11598 6106
28944 10741 11141 8423 24823 10098 10092 9845 16167 20572 11216 15211 14770 4218 15338 17163 14104 20386 14297 19624 14993 16732 8418 12650 8761 11622
22678 16063 4174 17392 9714 11112 13380 13483 1567 12628 19647 16047 20208 2348 16172 17621 19690 26750 18093 27875 23734 15840 14817 15759 13851 21700
23724 6412 10737 16522 19961 12633 14415 14944 4917 12281 21658 19421 16379 0 3867 17689 16738 24787 15759 17487 12192 15281 3372 5625 12753 3334
17944 7817 13787 17899 18319 13273 19341 18866 1456 19945 23589 20107 19583 12325 10732 15152 16528 23035 19592 15355 10188 20343 13111 5207 19828 5792
9100 17885 14275 19915 6637 11722 15426 3461 11875 11745 21847 20067 14441 23118 9574 16730 13234 14176 19330 24955 12692 12847 14164 27949 18487 9022
24586 18100 11472 8958 11856 15003 18253 8518 20735 19726 25587 17564 16448 14400 7826 19725 21554 7306 17033 18664 15508 11712 7800 19099 17811 4767
18310 16142 10676 12309 23241 7180 12153 12473 8278 12633 22272 19915 12015 10320 10475 17349 23529 16431 20902 14420 15009 12634 14056 7242 12119 1439
13878 12730 10042 16540 5296 16814 19055 3754 17566 15035 18103 20457 17597 17553 13138 15656 9944 10251 16814 12283 18040 6582 7782 16133 20802 18683
17224 10054 11830 16532 19534 14247 13085 9741 8629 9257 20236 23151 12888 14099 22677 15495 18476 14244 20860 17529 18283 10324 12302 20124 18454 13442
23133 5944 16840 14677 7977 13334 10866 2768 0 15330 32901 22081 2192 16997 10170 19236 16540 23774 24237 24075 17686 15933 11735 2350 19333 8604
13508 9600 20947 14100 0 17317 14215 7115 14338 13741 17014 17106 18190 4278 7509 17643 18450 31492 21226 16710 20442 17960 7534 10454 15628 20691
23137 10460 10880 6627 21007 14112 11803 10197 3460 9361 15439 15981 16714 17758 3197 20803 20426 28149 20717 16926 17458 15843 11250 17974 18579 15384
18274 13756 9807 7400 8425 14400 12830 13114 0 8180 23816 18700 17781 16570 20115 18565 8237 17276 16002 14861 17027 12231 6803 20358 23176 7579
18556 6913 2493 16197 9512 13730 16896 11492 16445 14678 21896 19327 7043 13794 16572 20198 13378 13507 11868 14406 10763 2028 8999 15331 17941 8907
16928 10892 14536 13319 3701 12055 15172 18950 10405 22440 13110 16787 1528 7897 23725 19569 15394 25122 19229 16754 9840 15038 16483 17060 17224 16016
25955 8535 4401 4955 10047 12765 15350 11754 14709 14350 21319 19701 12848 10309 10685 17180 11903 19541 15227 15121 17355 16824 7879 15342 18327 18721
18001 17871 4360 17518 20539 16967 17772 10193 6930 17033 16303 21301 9968 11948 22439 14987 19376 31170 13280 8257 14670 17321 15152 5858 20038 4606
20363 8609 13928 23045 6690 12153 11080 14927 14201 16345 19931 22426 24755 19051 23021 18962 23133 25497 18252 15575 20726 18319 11172 8643 12945 3799
23380 1474 5844 24523 17136 14598 12430 10601 15266 16093 12200 17008 11344 17095 17366 17082 10306 18384 17580 23499 12593 21572 11830 16823 19409 10375
25552 14254 13320 17820 13094 18137 9422 12670 14849 12271 24452 19019 8913 11251 24330 15943 17359 26624 20441 22478 12209 17846 12382 15090 14675 15233
13502 8553 5049 9518 0 15765 12453 0 18079 9599 18090 17305 0 22726 4545 16926 10565 34221 15290 13209 14250 22664 17369 804 24358 13123
16694 13389 12081 17188 23753 15128 12358 15339 7922 17541 11012 14460 13578 30758 15497 21458 15048 19878 17329 14817 9924 17219 11629 17447 14230 4982
26478 7359 8317 19925 546 12817 8530 15736 21499 16642 21402 18822 2166 21885 6390 20685 20972 24984 15953 21988 14734 21477 10698 8065 15970 15735
19278 12239 14971 23155 16754 11867 14664 10937 7108 7901 19159 20312 9777 22567 6799 17849 20825 15186 24822 28926 17652 13165 14977 5653 20430 13427
19915 18077 11145 4174 11461 12862 18477 11202 11981 14670 11099 19636 27894 7370 14019 19686 17393 23657 17606 24519 11338 6262 11678 15829 7352 7674
23954 8316 13021 17414 14573 13133 16155 5010 18937 8426 16063 18220 16784 16945 11452 13207 15969 14850 21021 28271 15234 24244 12546 14318 26014 7361
15536 9520 8441 9634 17139 13599 10625 14085 20726 16737 19809 16936 25506 10546 0 20279 26950 18540 26901 16780 21198 11887 8343 11678 17752 1394
20021 9327 9245 19585 4794 12198 17032 7692 7793 19063 21671 18351 12729 9731 11809 20823 20374 24212 15603 24311 15263 19562 9773 10740 14863 2248
22757 5380 14966 4445 9420 14599 9410 13670 9085 19545 24915 19616 8505 16419 13242 16545 19530 19268 22565 25575 22515 5509 8228 9111 14561 7213
22245 8514 16756 7473 6557 10713 14861 19323 23687 17299 16112 15122 17023 10819 17007 18552 24143 19463 27768 19888 17087 13870 8749 15887 10025 21368
18133 17582 7807 23587 8503 7989 16391 13518 9346 13691 19940 20299 23248 8574 18259 17039 22849 11462 15128 25409 17309 13070 8892 22766 23384 11719
20404 6379 3304 22044 15415 11000 10821 6018 14514 23632 18845 20949 22105 14386 15687 14062 14292 16902 25685 17274 10288 14487 8542 9624 22432 10932
20060 10712 15565 12075 12340 14410 20784 17671 20099 16885 25420 18542 10792 19253 19866 17512 14232 18192 17626 18641 25489 19698 9180 13193 11479 22669
20301 9822 14942 19427 20388 13450 8540 19832 35013 16045 25242 17705 10829 0 13087 14045 11622 16677 17660 7593 15444 22015 10533 17697 24607 11926
16877 12173 11699 15533 13679 11115 12631 13422 20706 6614 11469 15915 6125 23424 14514 17824 21276 324 25105 9985 18406 22869 12056 14881 16856 11384
19885 6548 0 18448 18161 12408 13502 6846 14870 17975 16172 20196 15379 9203 21781 13930 18739 32356 18980 20483 13652 24815 8601 13460 9816 15259
17024 7010 6449 16394 0 13898 15973 19887 10266 15569 18748 16511 16272 17624 14918 19232 25205 10943 17701 282 12637 11769 12919 20351 14616 7956
21086 11204 6192 14256 14212 15080 13059 20433 7929 7910 19284 14721 11404 9353 11861 16801 20950 27576 18988 30349 13948 17677 14346 19756 25621 5915
21073 12034 16069 13132 16224 11226 15560 9868 7212 21216 17805 20255 12088 19901 15890 21871 16633 6538 17447 10417 14347 16713 8985 19911 17540 6308
20309 9216 19303 13603 8850 11357 16564 20162 5214 13880 19946 16495 5031 5630 4617 20927 12228 32442 21933 7751 16478 12996 10866 22221 9171 0
18731 13452 7362 8541 19471 12968 18872 18993 14274 9727 12894 17707 10311 0 20282 19595 23051 19670 23962 10451 5081 23891 9707 15862 18597 7855
27422 6872 8265 19696 6412 12335 14591 17127 3950 8832 23097 20454 4257 18720 15274 16991 19149 26317 13556 21124 16668 21825 5429 19730 12470 6614
28480 5992 14090 17396 11982 17809 5546 10435 4934 12293 15562 18892 9972 17485 5043 17016 22063 9282 21575 15605 13628 22413 2773 15368 19761 9067
24628 10151 8044 18046 12977 7815 14423 5827 7419 19208 18541 19047 1665 18029 16481 18755 14863 10848 22635 14724 5959 17455 14775 8331 18306 18489
20759 7762 10636 23644 7817 13054 16677 8393 16567 11506 13671 18502 6249 7249 422 18813 22566 18866 16379 17276 11782 19061 7129 11936 21188 12179
22728 17453 13399 19355 20503 16156 13024 4014 4901 12402 24957 16658 6575 9512 19648 19749 14477 8154 26228 11068 15970 17785 6881 14210 21903 16211
20601 16636 12831 6048 27760 10962 17555 15765 7850 8755 19233 18021 12516 21170 13241 18231 8366 15268 15012 14229 16815 15519 7109 20686 15412 5381
24016 5252 7166 12312 3850 10912 15352 18333 7604 22444 14560 21664 12433 4452 16641 22926 10693 10204 18879 21196 18495 14268 10421 8668 16523 1241
19989 11253 4399 11347 7320 9852 15197 20029 8013 18254 9231 19877 8224 16606 16669 18696 21244 28560 16343 15178 14105 13949 12103 6977 8096 12013
15959 10771 11529 21568 8236 12056 17378 4853 4976 18076 23030 19954 11432 15931 19450 19194 17269 4298 20265 16585 9647 21071 8817 7147 15072 15995
21933 7416 13249 11247 0 14304 17606 16923 4810 16619 19040 19031 21054 21206 8387 21173 14309 8733 16206 30062 17804 8662 17058 10652 22100 23177
17903 8261 19645 9963 19532 13873 14957 6488 13062 8469 28771 20277 17850 4683 0 15841 15759 22821 13372 10766 17015 16583 8558 4326 18961 12485
21816 12027 7915 7557 23048 17492 17570 6597 11516 20589 18023 17723 20288 13500 9102 17083 19876 27422 20140 15647 7966 9172 14318 13651 16290 21995
19940 14593 19483 13862 14495 16030 12712 12646 0 19258 16851 21637 14518 20544 15956 19779 19443 21306 22115 21352 8003 18237 13196 24780 3002 14480
20254 14000 4760 26211 10398 16099 18061 19285 18400 9419 23084 22474 18019 7245 22693 17572 14588 20227 22289 15284 16555 8448 11790 15367 14820 0
16689 7313 10296 13541 7375 14121 9546 25408 6267 8601 26912 23318 23325 16545 25533 21694 18403 17883 25534 14873 6083 19342 8438 12454 15014 9359
20254 1990 17397 15227 0 13614 14485 13943 12986 18058 20915 17323 7404 12662 22177 18615 34209 28431 21837 30153 7496 2778 17745 16659 18851 11783
21827 10855 12061 19003 9271 14329 15438 15445 15287 14126 22536 20171 11362 13601 9846 19182 18372 16355 19681 11699 6960 21142 15150 15269 18419 21795
15806 1705 14901 16629 22714 12136 14656 17376 18335 16190 11811 21823 466 12082 12735 19746 20558 17752 22482 25802 11713 23939 8313 16069 18939 2580
22340 13372 14052 18190 8243 17202 16829 11449 3973 15426 21406 20554 17117 3752 10170 18914 9385 35157 17052 15196 9211 17569 17909 22712 18967 50
12233 9962 8558 12934 7177 9911 19312 18233 1197 5621 17190 19966 15377 18229 16630 21700 21487 6846 18686 22297 11678 11143 10524 11532 18297 8293
18996 12592 6663 21805 14410 11998 13947 14289 12162 7584 18169 18313 19703 12438 22273 16474 20557 20639 24448 10585 18351 6446 11412 22906 17250 14573
