365
1 82 36 65 25 47 99 67 20 58 2 97 72 86 95 47 25 22 2 33 48 85 21 85 55 84
15863 22651 17030 12100 17589 16766 18349 11075 19344 13728 16707 13621 0 15859 24814 19697 24028 5482 25778 11302 19119 5596 8523 24750 11485 10069
20107 13424 19894 7765 26412 21948 15535 21914 19230 18241 16564 8288 28224 16141 9277 27876 18628 18532 31110 13490 25153 18360 14682 16753 12510 15950
23081 11787 17612 8557 8918 18151 19156 20848 13708 14301 18606 19603 24090 14864 15098 18009 17572 9307 14926 9433 3984 15555 13540 6651 13139 29696
22908 20966 14396 10139 19275 11068 19131 12798 22154 22887 23436 17193 7600 14135 9465 13413 14820 12935 15561 14161 14375 15267 10812 13254 16137 21677
24717 20481 19902 12542 14988 21108 25152 17444 20769 17524 13219 11979 16457 21204 11384 16272 24438 12221 19458 24838 9444 12048 18927 9251 11557 6018
15979 11746 23920 13568 10965 17842 16642 15941 23876 27484 23645 17696 17618 15540 9035 8601 11884 4659 11942 15453 13965 18534 23174 20305 15602 17631
20373 16938 16960 20818 15548 15259 19444 20125 19169 23367 22311 18928 4006 17654 5222 20819 21316 15843 21018 20773 19713 16161 14872 25284 13215 4770
20918 3984 17070 14000 17772 17473 18598 16316 22485 11349 15947 17565 13680 13343 3967 24662 7984 2080 13518 12246 15991 21034 3959 1441 12484 18755
20097 14527 20449 13612 11215 15384 24510 11955 20661 16785 16494 18945 8915 15123 8461 20089 14148 5917 23702 18124 16930 20710 8396 22000 12920 16301
23309 26791 21132 14276 15660 23018 5585 17435 18851 22091 16733 10845 19610 17016 16315 13895 24408 7518 15945 18048 27514 14403 20001 4202 13075 23548
20030 18679 18290 16974 22715 14386 14649 22241 24188 31922 18894 11141 14293 20427 18547 28170 12368 11991 12076 13802 13353 27913 26640 20249 15741 22686
17346 9913 19663 16914 9083 12408 21801 20771 17464 19051 18456 25557 22010 15714 14058 14430 15401 4885 20317 7053 0 9613 8904 7589 15650 32706
12951 14229 13647 21903 12381 12224 15871 21584 15864 18312 19854 17666 15017 18918 16271 12670 19713 1959 20511 8156 23686 6439 6863 14053 14265 20760
14934 20609 15832 20444 12724 10520 12051 11175 15684 19735 19852 21731 15540 18494 10513 12621 15032 10243 8759 27034 20855 10063 6041 19929 13370 12884
19290 25808 21894 21075 15769 16274 15208 23506 18579 22583 20925 15273 2190 21758 18596 16590 15252 9911 10153 19019 31928 16627 3787 9498 9241 13504
22356 7104 17211 26741 14647 12834 18283 15186 18438 27260 22101 17181 24811 10437 11186 22892 12587 21315 11197 17743 31441 14348 1875 14477 12653 19802
16761 15543 17856 27533 6416 19177 1012 19059 21946 10683 17558 14587 12366 24048 8582 25036 18129 9241 20498 24887 19395 24210 19304 26226 14917 16807
19650 10743 23078 14788 20593 18117 20356 23129 18032 19930 19239 15367 17462 14238 15945 8304 17211 1571 22523 22761 30125 11270 18162 0 10138 25154
20054 25331 17595 19423 12167 22450 12311 18028 17064 12065 14172 20410 22847 11000 11724 25545 13417 4285 11561 19885 16972 14379 11523 5331 8860 4244
21731 6576 10710 22706 23610 10509 0 19471 12330 23559 20080 24756 21500 19176 12856 22056 21688 13755 5318 12305 28513 22151 11522 23841 10052 19581
15607 19795 19792 12956 12866 17359 29596 17615 14860 22469 22470 19261 11660 8140 12437 16852 23314 13363 12870 18282 14221 17848 13284 19433 15562 8869
17486 24825 20577 8369 11547 17617 17067 14260 16949 14497 18087 13751 8480 17978 15375 7238 13845 19650 25409 15354 16850 14429 6208 14445 14564 17322
21044 16595 17961 21199 24635 10657 16137 10210 15059 28166 20909 17736 9648 20833 5733 24628 15833 7715 22955 22749 11827 12759 0 8726 10589 23672
17021 22068 19218 4865 12346 18581 19716 17414 16471 7395 22672 13717 18274 13536 15422 16859 18346 9229 18047 12531 21396 16620 1919 11646 14324 0
17923 15776 14201 17452 17083 24310 7285 25746 15122 25427 18506 17693 27576 11814 9868 22605 14435 4376 12608 24275 18752 5333 17899 16232 11706 11935
18424 33920 18228 19127 13871 13980 18587 23088 17370 9747 16008 11872 11965 14109 5483 19300 22442 18957 19263 13492 17099 10792 19831 16499 14469 13618
20437 13676 16316 15386 20826 22453 28012 19930 21161 13958 16923 11594 12124 12690 5480 18798 8683 18068 17178 18186 5256 20480 20084 15294 14773 19458
18750 5912 18311 12240 8444 18422 34786 18202 19490 15422 14866 10374 12595 12865 13579 14970 13976 16727 18107 29248 15514 13314 10344 15649 10314 23900
20441 10160 13507 9669 17329 15044 15350 19162 17544 14506 16675 16954 10068 15331 11265 18633 14167 11453 21370 19980 21816 19184 8411 13220 12486 16466
17572 23866 19550 14939 19082 22090 31562 8563 14455 13016 19802 14451 8943 13692 12500 24736 20036 13577 22763 21528 20382 18460 8785 9914 9478 33720
17293 30802 14794 29447 13488 13517 18458 18918 18016 27011 13039 16539 17528 10739 13817 18657 17105 11218 18279 15610 20359 18767 5437 21993 12560 19317
15956 28539 23747 8696 21874 25614 12089 20861 18348 19306 16786 16940 16209 16941 14422 22119 13124 13028 0 8926 14709 12792 13319 14754 13634 10928
18502 18280 14964 23326 22643 13787 10334 21443 17516 23320 18370 19623 12787 14694 4323 27670 26960 10191 1089 12121 6403 10944 21448 8537 10605 11489
14691 23206 20845 22357 14674 0 21321 12516 15509 11781 21368 16281 16346 17358 15687 8175 15146 6233 15161 22303 23436 10079 20744 18442 14414 10856
19250 25921 15055 13597 19663 11139 23136 17645 19154 13517 21358 16355 17619 13060 11505 18454 17234 4514 12366 12943 14790 9730 5684 0 12033 13150
19063 24933 14289 22418 14558 27118 19161 18247 17558 24402 20589 9684 15962 18394 10302 22660 11781 18482 19388 3672 25843 12827 17879 13941 12746 5088
22336 29845 19478 20099 15548 17020 6934 23029 21326 26455 18352 11947 18959 14115 13047 24308 17164 1652 6129 14893 3895 21105 19494 7861 13695 16134
18457 14028 16419 16416 17413 17614 10113 17448 22633 15999 19894 17116 9968 11817 13173 13779 13686 16598 24142 18741 8068 17528 9002 10081 5974 12966
23498 19795 19078 12670 19741 14544 16984 21398 24285 17821 19144 7701 12672 17484 13068 21529 20817 12766 13123 18020 36790 25246 22006 14067 12972 858
16968 21700 17475 10321 13267 24172 10554 18788 13741 16362 16637 21024 8609 11036 8677 38726 12053 11049 16959 22928 10226 11179 12696 19097 14342 11500
19361 9305 18833 18447 19705 19000 22718 19857 16928 15283 18438 16108 17024 4747 18087 27260 14955 16111 22690 27029 9786 9837 21408 14385 10695 19291
22626 30664 18620 23355 12809 20735 709 16777 11248 16715 21842 28457 17691 17121 13795 12324 21118 16082 26040 23427 8777 22693 6958 4898 10134 9501
20355 22093 19421 18448 15182 11229 20716 19170 14968 22664 20228 23003 8755 8331 16758 13860 6760 19984 0 21138 18290 13997 14557 22901 13123 15572
24599 19129 19021 13236 7971 22717 24387 11586 17683 18606 22167 28152 11750 7087 16136 24871 20332 3976 21429 13633 12006 17410 9912 3283 13387 7532
17428 12853 17313 13130 7125 22766 9118 17056 17080 18329 17276 7928 16018 13246 15915 13096 23878 11243 8476 11774 24857 15879 2506 15651 8359 19613
16436 25758 18514 19626 8875 1537 12437 15871 14627 24433 19493 5685 15459 8180 16554 12563 12667 7248 9853 18388 11165 14099 24853 7384 7814 25883
17592 8603 14215 12332 18772 18091 21112 23762 19493 22067 13486 12728 11696 10374 15056 16638 12601 13730 14097 5971 33183 22931 10471 24661 13200 15914
16729 13144 17015 9655 12171 14068 24055 21210 22235 20552 21681 12675 8843 14054 18266 17915 7505 15800 1159 25544 19517 25674 0 14094 8999 24452
21091 20392 19853 15095 24113 16188 22755 13958 17061 16086 18171 21394 1493 8877 12772 0 12014 16247 9199 20335 15006 16385 19214 22374 12374 7989
16343 17319 22046 19525 19000 24376 11033 12570 18844 25423 17681 7221 9675 14227 10032 22809 16104 15263 10655 26524 13229 17574 33522 0 11639 12499
19509 31095 16564 22859 13394 28930 10994 23483 15703 21169 19865 22329 21022 20360 7710 13118 15501 3768 21413 25655 29408 10395 7375 18903 12800 25268
20487 15174 16395 11657 10855 12780 6311 12397 18022 27200 20592 12112 6442 17702 14634 13594 16394 14029 9055 15698 10785 9428 8804 12263 14262 17632
21045 26391 16049 5851 14035 18766 22780 17554 20560 23090 21267 8691 16080 21183 15341 16612 21022 8787 15203 12735 14354 13394 12341 8925 15015 28762
20620 18436 15900 19629 17454 16904 6786 14838 14747 18107 18230 9097 6082 13628 0 17429 13569 14053 12417 14906 34303 16501 3061 4146 10161 12508
20609 13209 19235 15017 13277 21628 22919 20291 19878 20388 18700 19798 11885 20323 10296 19344 11862 5397 11502 18379 13586 11084 11646 13129 15105 8448
19135 12973 21397 20695 18555 14159 21015 17473 23583 23138 19309 22221 18276 14711 14730 30900 22117 8940 25282 18449 14556 10510 18326 10414 12437 10936
18947 20854 16311 21627 8514 22580 14133 12535 21551 20840 21225 22650 12269 19963 10680 18817 23355 10587 12010 18584 15837 19574 0 12149 12408 5786
15482 17773 18399 13424 20848 17926 29512 15655 15709 21079 18175 11539 8879 14414 8427 9683 25327 14161 0 21809 17286 19532 11923 6339 13342 22851
17444 6859 15877 22429 16219 14838 23518 13768 15554 20772 21254 15490 16439 16208 13206 19294 30017 7389 21612 14078 14521 20157 19165 17123 13680 21372
16717 11505 16131 17334 23720 13834 24048 11818 18892 19893 18333 11578 7028 9338 15839 13741 14337 18483 17226 12150 14850 11168 7935 12810 12319 7251
17869 15381 19171 10938 9962 20127 24552 20821 15822 23129 20493 21604 18027 13217 13074 14881 21048 7002 12128 11302 14511 15860 17905 19819 14398 15329
19540 14580 15109 20080 14825 12485 16834 15011 14681 21600 19558 12848 22365 7491 14977 14079 14081 10909 7446 9081 9899 14553 5635 20275 15680 17255
16909 18932 20580 27709 12120 11061 15154 15290 18855 21524 20995 15511 15471 11342 13094 11558 17929 0 28403 13190 3762 23820 15443 4683 16248 11719
20102 26762 18362 12233 12523 11702 7098 14579 22489 18465 21242 12982 16988 16071 7747 35178 12094 11917 5836 13935 13803 7162 0 22699 16525 7690
20159 20564 19073 12222 20658 17072 10397 16908 14774 13775 20222 19820 1594 12072 13073 14153 20927 9673 10790 19621 16585 14958 7195 34338 12305 22738
20356 22247 17187 8893 14553 22253 25365 17878 23173 18142 20309 11118 2555 24089 14454 20119 890 16121 4776 18500 16109 20661 5696 9849 14516 9014
16796 18307 15340 14496 12909 26184 17343 10898 17501 20928 26644 22140 8151 21626 9227 26823 19806 12285 27839 23668 22906 6329 28296 14243 12358 4197
19761 11763 18755 11178 22680 15746 0 16967 17456 26120 20200 4222 11596 13523 11553 8783 10225 7072 21529 15579 16990 19972 10643 22106 10016 21173
21918 16509 17426 14686 25052 13143 17005 11770 13046 24375 15340 23937 21261 14573 6768 4847 16936 4370 20735 16040 8052 23103 5108 14786 12285 14504
23700 16527 17511 14763 17539 7041 31601 16981 21568 20507 20051 13747 14590 12100 12562 32269 24327 9297 16712 15125 15357 14993 6945 14001 13563 5056
22050 15869 19241 25301 18795 13434 19687 15441 16041 22601 17726 15203 10970 15638 20212 16838 21274 18731 14335 22262 11417 11925 17562 0 13160 6032
20625 31496 20519 22780 15765 21286 14330 21163 13654 21417 17882 17317 18845 17041 15953 15075 15147 10915 23035 15120 16384 19087 13011 22843 15334 16697
18238 11609 18293 20390 28402 16597 18550 18300 14230 21912 22793 9482 8235 19730 15363 12731 19042 314 13820 17233 30094 18838 22072 18245 11863 14150
21168 7622 16245 12016 12383 19001 29378 16658 15185 21161 19609 13591 20793 8598 6972 19117 17304 11629 19413 15170 13794 19589 15137 12752 11436 23372
15496 29959 22509 21882 19734 17055 9215 20420 11061 14796 22327 19886 8057 13698 14121 19150 24579 6250 15077 12392 14925 13899 12000 18033 10673 12448
16340 12437 18234 13216 20271 30664 16089 19543 17631 26688 21282 5678 22897 15426 12780 13718 17789 20701 21778 11735 17268 15138 20462 2046 14320 4843
17280 13817 12977 18726 13844 19279 18527 15775 15207 9627 16191 20878 20406 14983 5518 17208 14698 11510 24968 20303 15445 15221 11876 27069 11558 14775
22176 15866 16805 19797 19511 17318 9737 10299 17110 18926 17643 19261 18502 18129 16968 16043 13853 2126 7857 23103 0 28098 29372 6069 14284 23337
15361 33195 17379 30161 23767 12078 26739 12411 13952 16253 14140 11662 12106 15262 8555 14639 12155 3033 30827 15790 28983 9057 11870 18822 15646 16650
16767 17969 14708 14806 20187 8719 4575 21096 24622 15955 14136 21591 13679 23673 19089 24173 21756 5787 15344 20159 6568 6577 12145 8608 13653 8644
10360 13243 21110 25309 13068 13799 20474 16565 15454 15011 17709 20204 19678 14196 11250 23776 16055 0 18382 30224 25974 26601 13503 15868 13138 10423
17576 11809 18489 10781 3374 11416 5423 13153 15905 27805 16928 16301 28975 4901 9541 19938 11832 15762 21342 21265 31047 26153 13761 18828 13084 0
23296 9045 18089 17432 7144 25011 15745 20077 13800 17307 22029 16688 19167 19538 17090 22324 26815 19364 9320 22259 21686 19082 13534 19624 11390 19845
16038 13570 15861 18206 11307 16183 26338 18894 20707 17480 21161 3857 24878 24492 9401 8045 18924 12484 18146 22513 12269 10962 7913 3886 10389 12892
20894 26584 18530 2679 18800 24156 20097 16800 18933 21199 18289 19446 19305 20554 11072 22131 20791 4009 17514 25724 19521 18651 20507 9440 13482 4754
14414 21094 18764 27000 14663 16638 18989 20952 15566 21123 16209 19706 10226 9598 11330 22845 21944 8320 26283 23877 8914 19131 5512 19526 13818 18289
23393 9005 16757 25343 11725 9413 25383 19567 20497 19007 15923 17147 19092 13803 6336 10248 18932 8060 20992 6868 12239 20896 12441 18080 13857 17273
17706 0 13498 20282 11119 10734 41453 15327 24072 17242 24220 16187 3257 12115 8657 11444 13529 3695 10218 13402 17807 19383 11057 17050 13065 16059
22118 26659 18981 18778 17787 13010 6227 15343 20460 16978 20946 14889 14155 16174 10303 11381 21682 2657 13154 17218 4980 15271 4904 9972 14148 34166
17514 24793 20522 19189 14148 16535 240 22791 19996 17037 16918 8123 2656 16353 9405 19357 14249 12224 8457 23351 13505 17425 14711 19836 13973 12685
20305 18806 15170 31463 10946 18449 26015 17369 12747 13038 17931 13067 17288 11898 19463 18023 18482 18242 33704 22468 17523 14738 23324 3648 10529 20819
19909 10534 15011 16243 12208 14916 20900 21212 20034 27199 17856 15128 6735 12705 10112 13878 15622 11042 17877 13382 10505 12418 8778 17821 9454 20648
20227 9864 18940 14199 15443 12371 38090 20119 11437 16996 23247 20599 17476 18660 2665 2061 19185 8764 17109 14308 19885 3164 3649 16698 12498 25495
17453 19052 20043 11806 9410 24320 18491 18297 19090 19805 18943 9445 7921 20469 13813 20864 24411 12915 22484 16134 34913 14515 14057 13156 10378 24893
21122 15987 18390 21587 9010 23071 16254 15965 17016 31533 24309 11735 17546 9299 5642 16055 13905 0 7391 18819 10658 4109 327 9976 12751 11877
17572 10105 17149 12703 12292 3439 18414 15700 20490 30176 17385 17073 9788 14252 13873 27199 15053 14001 24524 18627 19087 14618 10391 9805 12979 0
15237 16971 19600 31509 10464 12223 18856 21378 13334 19125 20050 15552 10136 21804 19203 27978 24579 6956 23891 10638 8068 23939 21697 16323 13295 20029
20969 19845 17143 24469 17644 5251 17041 17618 22584 18628 17727 10600 16921 14372 19612 8940 10473 16869 26696 21012 25926 14861 21408 0 13222 5515
14458 17705 19743 21492 19150 14846 17561 16765 16989 15806 21330 15058 10118 9202 16312 22221 15597 10356 20023 20907 16656 24587 24635 21186 12149 20922
20644 32151 16624 20645 15826 15550 17661 17089 16502 11372 16718 10960 5990 17890 11344 3764 13969 11993 4239 12788 29754 17102 21828 17199 12066 7150
24310 20924 19650 15453 20028 15961 13534 14980 22124 27579 19913 21490 15510 7842 11723 22231 20100 19958 24782 20280 14223 8863 21665 25279 14909 15662
21241 37119 13581 15214 16242 8855 15171 22893 19405 19031 18473 16342 17595 16069 12805 25322 19818 6563 25528 17838 6832 12984 6188 16214 12324 33280
22448 3112 14840 11956 25231 12778 16048 16646 14745 21424 20967 12888 21629 15124 12499 15646 12479 8103 19305 19823 12376 18616 6870 9733 10477 6500
22730 12901 20313 17541 12987 20945 11178 22697 17800 21392 20524 10354 22132 15204 16642 17745 26439 12124 23517 15660 792 15320 13976 23748 11430 26655
19860 22592 16408 18297 23118 10381 16757 19850 10067 24885 15720 16802 10237 10532 14781 21942 17354 2954 19200 10072 21107 21726 7147 18928 10166 22848
19846 15608 14174 24427 13366 14724 16986 16805 17291 16258 15395 11629 15565 11142 17910 11549 20154 0 3618 16670 24909 9407 4122 16671 11665 13165
20728 26277 14896 10996 12121 19729 21803 19399 16596 20862 19621 9408 17595 11144 9169 20505 12534 4540 9038 12433 27639 25263 12447 7149 14823 9597
20706 16342 18626 23824 14372 14209 28200 10307 23997 20005 12995 13221 13063 12720 10639 6328 12770 4044 24128 13738 12417 11149 13985 16670 13153 13052
20941 5106 15802 14765 25999 19512 20463 18672 19874 13533 13303 11817 18062 12768 8432 15588 22571 8555 3483 15837 16924 17049 17646 16903 11534 3321
26937 11001 19670 20383 17710 22920 19202 18859 19653 26052 16165 16418 18409 15832 16771 11660 16787 8720 29904 11383 19535 19470 10710 5295 16906 26276
18409 18339 21713 11012 14925 9926 8267 18888 14498 25414 19001 14571 13033 12527 14527 7816 20709 19408 30859 15713 3980 4744 15250 17865 11428 13027
17121 16871 21618 4259 8708 24822 11431 14533 13485 24180 17323 6192 21595 13388 8723 14642 7548 11569 19423 16957 25142 8567 16664 18686 11620 0
18244 20235 20172 22691 18474 19610 18380 17598 14784 18198 15735 11214 4641 10805 8812 30080 19731 24340 6702 17927 15010 15701 5111 0 13894 5708
18129 12816 18478 15239 12349 25466 10514 14376 12465 15954 21647 21205 16007 10027 1198 21939 35659 14937 21806 18183 15533 19941 11422 13479 13473 17467
18002 7617 18829 10216 13098 14993 5067 16398 18951 10633 17768 12358 10474 14616 13161 18005 12740 11130 11941 23479 6929 9748 10050 0 9617 13575
21687 29401 16758 10142 20373 17704 10635 18034 21421 20742 20685 16191 13138 11072 18241 6757 14076 9414 8571 19058 0 18713 12606 3601 10817 12161
17933 1308 16704 8914 16792 16719 18810 17397 16229 23580 14847 12092 24049 10236 17151 12745 21921 6889 10369 16936 13393 13077 31251 27209 15419 9271
17719 8354 19227 18515 26970 22807 8780 17102 21668 21550 12945 12283 13617 15362 6183 18107 6979 9750 18383 23942 23235 18598 13678 15233 15538 12730
19681 17398 17592 25096 11226 9074 12922 21431 20327 23880 20522 13875 24632 14105 11889 28497 18344 8778 10636 17731 12114 25458 4240 25496 11723 13118
19704 17749 19262 7746 14985 26044 9583 19971 17635 12708 19822 17004 23558 23699 7534 6401 11828 18428 4884 8689 8898 28080 11496 23259 14456 16205
18745 10839 19271 16304 21776 11766 30351 20657 18763 17718 18412 15999 10206 12957 8795 28175 21168 12343 2515 23717 23539 17736 9894 13320 12688 13996
15930 13619 16248 11752 17301 6632 7136 13332 20745 21029 17154 17075 14464 18339 8662 15597 26493 285 10813 17850 9322 4093 1155 6023 15448 20059
19947 9725 16029 15624 16182 12634 28439 18445 15732 15922 19936 16339 23133 13653 16566 15797 26621 5690 20239 14067 13717 17605 0 15197 11677 22123
16377 15818 17569 10282 16642 13735 28069 25041 16680 14578 17409 14068 24866 17781 15435 16833 14617 14798 4437 18506 19036 9981 13961 13979 12554 18607
16357 9439 17749 15147 17830 15721 23626 17038 13035 15515 20656 20843 10536 18232 9191 16135 8171 7247 10225 17976 9553 22854 8666 0 12951 17934
20113 32691 20475 16010 23202 16503 33500 19060 17430 19979 18163 3801 31295 7105 20967 16317 19554 0 8715 15584 20546 28135 15956 8973 15923 17727
22922 25397 16378 19971 8617 14753 10804 17775 18098 18810 17855 13479 21988 13228 7587 22829 11458 27393 14261 19429 38831 14925 10094 308 13270 3869
20861 33290 16142 18560 29337 20927 25338 16743 15934 25936 22408 14412 21545 16696 13370 12307 28143 5757 17356 14391 10986 16772 3376 10393 14976 12186
19778 31931 19426 15737 18281 22768 9128 17099 14118 26175 19283 9937 8257 22736 10053 24550 18095 10380 10750 15105 16169 14039 3523 12402 12280 22515
16904 17093 13013 17043 10380 21974 3909 16935 15119 14758 17416 14876 10032 15066 15725 32015 22733 9784 16278 17013 18217 18033 5885 20203 11061 27065
20807 22408 18487 20390 17841 24494 27922 16895 13417 13631 18302 10733 7540 17844 15961 4827 15129 10539 29437 20671 24281 5908 1041 26312 14152 10781
19758 20886 19264 33571 15008 12421 15694 9339 18605 30363 15265 7994 10904 20247 10989 9884 16452 5505 19493 22173 12844 24808 16102 16036 9304 14766
22088 25800 17754 13127 20467 24807 14910 15312 24438 22013 19956 13598 19216 20868 16081 22433 23323 6199 20289 17029 27797 26020 7034 10891 10231 24491
21568 13730 11312 14279 8929 22295 12618 15744 18404 17642 20261 16461 20458 14726 13209 29052 21268 14014 26121 9481 34662 13789 4079 31269 16486 11269
18585 31453 11601 15193 15966 11336 6840 20522 19183 23260 20627 17834 18595 14124 11899 14690 26254 13590 0 13471 30143 21382 19985 14320 14793 4493
20481 6863 15049 11432 17279 22388 31563 16941 15634 16702 18601 18571 18032 18785 4763 40150 19837 8217 10018 18140 7203 5655 1808 4784 11129 15432
16466 8813 23530 17906 10074 27544 11766 20286 18108 15635 22436 13625 5399 16931 7846 26967 14964 13419 16252 20771 18267 17070 36620 18729 14914 17658
17108 13023 16241 19193 15839 15641 14627 20107 18426 14918 20800 21492 9507 7309 11810 18894 14626 1458 20017 27062 18476 23483 4399 22512 13863 7848
15580 20462 19873 2608 21379 14605 14894 17533 19937 25433 17075 6974 4348 10727 16820 32073 20376 17803 16274 1800 39033 18011 12825 10970 12859 20316
16136 28321 20565 13293 15740 14729 28731 19466 19734 20893 18009 14155 20887 18384 8130 22040 15223 3585 18670 20082 0 20167 4313 11392 15099 9089
25041 23881 16404 8404 14721 17155 17060 20152 19811 22903 21582 14388 12871 18681 10597 12086 22287 19160 22054 18520 18572 16266 14057 25601 13328 20982
20411 11895 15821 11433 15122 16989 10215 10340 17282 22395 14264 10249 13246 13670 9780 15296 18814 13939 16096 28379 13949 20186 0 24428 15808 14307
18243 22242 18741 15221 9264 12687 33436 25287 19493 15340 19512 14687 7255 13876 7123 24992 18695 13583 18626 19885 21636 16407 27186 3928 14230 2814
17207 32308 16326 13851 9226 11227 11767 19679 20579 14934 20613 8227 25201 20219 5459 13058 14914 3973 18903 28337 30448 15735 18287 26479 13544 9047
16016 16088 18929 15679 10766 15942 17861 16409 20683 15730 17993 17266 4928 10954 6750 16051 15397 11364 14355 12301 18813 16641 18769 20580 15574 9943
20606 8272 20857 7086 9375 28951 25267 13849 16261 23110 18963 16261 11677 21666 14175 30036 22939 8985 17450 15676 19706 22048 23381 19311 12115 10636
17252 19897 14718 25760 14970 3803 12314 19762 22018 13810 21869 10500 2603 18276 12211 32891 19685 1677 17405 18603 18065 19297 13133 11930 10883 21331
24637 19874 20532 10228 12118 21772 9404 14890 20581 24076 17326 12982 13257 13967 11978 18544 11514 5734 5314 13306 9194 16420 14495 2027 11093 17404
18984 19706 19461 12690 16429 15375 19927 16432 14060 14329 18913 8086 21905 11305 12952 16690 13549 7118 21216 20833 17533 17336 5052 5043 14693 11657
13741 27484 18818 6352 21290 8021 13474 12968 18158 15706 22007 15492 10559 20856 12523 32966 20597 9622 12771 25980 2393 8316 10782 8274 11222 24607
20370 19883 12605 22579 16137 22283 18163 14723 10656 22167 13114 17989 6983 7847 18691 17239 9875 6646 14447 13303 18837 20371 2474 17729 11844 18166
21497 24251 21044 20691 15794 29404 13767 17858 16385 29442 16634 11375 9783 14366 12370 22327 16566 6624 36778 19294 26001 12932 12658 19423 12209 19945
20419 21674 11954 24843 24693 7116 7772 14681 13677 24223 20920 15890 25436 17096 9650 19095 17357 12917 19018 19001 10152 13091 7395 14735 14450 11036
20691 11694 20013 24630 22061 11489 3703 14321 18975 9654 16848 18702 20032 13885 11586 30012 30901 13139 31019 16799 22112 11453 20126 14692 11322 27283
22212 24765 18771 8600 13927 12768 12941 17634 14718 17449 15688 10788 7660 11915 4320 15216 29635 14518 26239 25390 27311 26112 15628 13132 12646 9457
21839 26841 17000 20943 22484 12744 0 23685 23287 24872 16643 21014 25598 21091 11156 15959 15202 13968 12585 21931 27655 11310 13676 17140 12756 21799
19894 25051 17794 15705 13123 21741 9922 19464 14110 17386 20500 16358 12890 13154 18398 27489 7355 6288 28823 20072 19466 5649 16322 18699 13472 16808
22850 18584 22871 11935 15706 24423 28952 26438 21245 17781 16733 18463 11284 23089 9768 5816 18955 4109 11023 18599 11833 11034 18837 5056 16349 13292
19889 27032 17547 17632 20569 23100 13359 16090 20214 10926 16385 17607 9845 13191 14595 5496 19809 9770 40536 24005 28715 19386 19303 15649 11416 18522
14347 11236 22423 27865 23531 18419 28577 16110 17957 17821 14794 13152 17146 10860 10885 11607 16834 24622 23747 25966 20054 19707 13123 14097 15381 18847
16285 22013 17946 14781 23601 0 16847 20490 17059 19483 18050 12139 19693 25023 11078 20785 17296 16262 8302 10716 24169 11407 14717 14004 14523 8970
17433 4172 15813 20459 9151 9559 7539 22823 16380 15319 18438 6535 23893 14231 11858 11032 16916 9131 13961 5224 10140 14460 12097 742 15891 29196
15037 23133 19038 15055 14216 21120 7064 21895 20339 21768 18092 20321 9147 13029 9977 17720 17816 10716 14966 15008 24940 20209 9975 13010 13254 6176
21420 14680 20181 15543 19072 9975 20149 14809 24342 16310 18842 4405 18264 15571 5113 12945 13950 7872 8970 23689 18964 13790 17991 9340 13122 14423
16961 15770 18829 8612 19818 8738 20818 19701 20810 20911 21758 24953 21794 13898 13442 31710 16946 13195 14717 16319 17356 16665 20470 22174 12987 20720
17475 5495 16453 19288 21616 16452 7075 12054 20590 20784 18468 14453 15936 10405 13592 18550 17487 7555 15753 25700 10406 24891 1303 2459 14375 16800
19592 16389 17159 22686 16970 13010 8877 18469 16620 25415 18697 17792 10872 18395 13316 22086 12600 12383 13224 10281 14628 15448 16935 2814 14578 32129
21763 23997 18215 18006 11704 17775 8996 18398 16661 21803 19218 14479 18710 17460 12113 9330 18822 13475 22466 13492 19403 17298 19139 12604 12862 14713
16136 10987 18887 27120 13334 13672 15392 13211 18942 19484 20347 9693 9511 12844 6976 9789 22290 12608 7772 19384 14491 15012 11495 18561 13759 13632
18281 20256 19019 10349 10825 20095 10030 17478 14355 21303 19887 11804 8762 16540 11661 21221 17458 7331 2528 18776 12123 13953 27365 2808 9399 23261
17319 18930 13829 26320 11743 8436 27333 17859 18797 11500 19056 16585 14573 12985 10629 9024 20147 5865 10126 12202 21421 4191 22972 5277 13465 22603
16139 17133 17142 17935 18603 21900 0 20134 16778 14075 18551 12064 15835 17722 10849 26458 15814 12100 6864 23711 9930 20384 10477 5986 14520 7128
18964 22025 19104 14723 23130 17901 21993 12064 18984 10036 17348 21248 17990 20692 9318 21159 17159 7148 20481 13604 14875 13704 11635 20581 10185 9430
22101 18019 24287 19590 7046 16091 13967 19039 17799 25029 16590 6985 13273 9166 15685 12547 15517 16623 28560 17652 23186 10006 24510 25444 12606 11164
16115 10421 14714 15246 17814 0 32525 19577 17609 23952 20454 18572 7702 12270 6894 14808 16242 19335 24252 18360 15535 18017 3833 13370 15109 13720
21021 6498 19300 20576 11135 9343 22987 19629 12703 17038 14991 12301 22955 21481 12319 28453 14606 11844 22809 14787 17893 18184 25022 5941 12089 2030
18861 24407 19815 11482 14385 15925 19341 13620 20461 16787 18254 5011 14479 14266 22497 26676 28110 2922 20930 14471 16939 7329 7855 22663 10702 6616
15979 15155 19511 18728 12895 11803 16791 23890 18639 22797 24325 11427 31306 17372 11407 9341 17654 8993 16931 16141 25190 11482 13854 725 9678 16421
15394 23234 9016 27024 13537 13382 21852 20913 17706 16050 14824 19950 12473 17651 17757 16077 24616 4707 4616 17885 18151 14812 5193 5529 12681 24668
20665 3354 13697 18937 18831 21574 27197 17906 17920 20949 19102 20471 17096 12724 5397 10368 21935 6795 14471 19171 15493 21544 8943 6572 10802 0
17966 21938 9568 10194 7861 10868 7842 15386 21072 15101 21722 10573 31414 13872 13527 19094 10887 11321 19442 20790 19025 12484 19667 26401 14635 18779
21155 18208 17981 19340 15688 8409 21698 24464 13889 27181 14272 18569 12967 18788 15442 13957 23463 14200 10099 19954 19393 18171 16969 17662 11118 5355
19013 13100 14456 20629 13208 27346 11502 16945 21354 903 18022 21827 10116 19247 12861 16228 19614 16575 23907 18509 26936 2664 20281 17491 11409 13197
17377 12579 18618 15595 16863 0 27324 16747 19141 15329 18796 5320 17462 9976 10846 14371 20406 2932 21316 18550 25031 11460 8623 15413 14699 17871
17284 17211 14697 11038 25694 14515 8293 15729 16063 21697 17295 20552 15789 18433 19808 23089 14650 13737 34482 14481 23494 15663 22558 19843 13446 16581
20852 14340 16417 15445 4496 21407 28166 9602 14959 17484 19632 19560 11631 18678 17621 12530 15214 4167 25204 17442 23837 25670 13601 5157 12600 13373
19310 18042 11490 17598 11371 9972 9928 25307 15970 22207 22047 18467 13135 15758 8563 17278 10623 8738 21824 14335 41432 11457 11434 23046 18104 27579
17544 23857 13992 10816 16689 20157 33727 18858 20912 24535 16810 21664 19214 10890 12163 27607 20180 4169 13425 17137 26562 15051 8386 20482 12672 4654
20677 34221 18708 11820 15337 21968 15340 17811 18477 24613 17187 6149 10183 11928 9010 15039 13773 19342 18189 18437 12092 16553 17143 5345 12003 21290
17025 8762 18484 18474 13049 18885 26841 18721 16297 18274 18571 9016 16594 10397 14022 19939 22066 21567 21842 9626 12612 13973 28423 19853 15566 7288
18204 21996 16192 14999 10049 20018 17486 19419 21510 17448 18252 11872 2537 11168 13423 23539 17407 3139 24198 19279 20903 11846 0 14215 11067 16682
16564 9914 20261 13461 13965 15196 25967 12188 24893 9093 15527 16467 22401 22528 5391 22372 23066 19566 11032 14129 8104 22829 12399 10054 12466 15669
20905 8445 15865 14487 13674 10284 11243 20345 16896 23935 17192 12165 17095 9667 8441 19349 24608 17181 21851 17685 17825 23243 17180 1708 16987 20909
18279 9669 18428 14852 15570 9830 25585 15787 16810 19156 18561 15598 15618 18105 8794 12943 19435 12313 10902 22060 16757 10701 12799 0 10421 17115
12593 14015 14079 30553 18170 8234 23160 12160 18113 13159 17719 15110 12393 9001 8929 11979 19261 9367 22892 11968 16336 9571 26239 13052 13207 13532
17469 9687 16776 19711 15249 22783 9377 17334 15927 24412 17382 15233 12656 5456 15423 21483 13309 6604 21617 18335 31904 28708 16921 26177 15519 23867
20908 28296 15607 24733 10385 12246 8710 13508 24717 21635 13786 12105 11215 12212 20384 19042 14266 14852 12175 21583 26509 11639 2865 12069 12870 22794
19134 16282 20502 5906 17035 25903 12473 13651 19765 16225 14018 12949 18428 15960 11104 21010 17821 9298 16940 13783 8740 21361 17945 10448 16015 5372
13159 22623 18955 13100 7228 15303 7952 15485 12536 13362 16217 19408 12086 13020 17362 9384 26803 15429 14205 14643 20627 16383 9382 1624 13797 35284
19396 25670 21787 26675 18498 13691 23202 16659 14854 31735 21151 18286 6090 16633 10910 8566 20852 0 1671 19205 24986 11561 12671 16883 15614 17753
18197 14725 19460 10940 9926 2806 17886 16406 14706 19851 14703 21760 19006 18429 9734 16343 18672 16574 11731 13176 0 24371 12752 13050 8370 19422
19148 12525 19246 21071 10981 15006 19790 17024 23206 23950 20220 20114 6645 14611 12371 17709 20211 11398 17840 17574 15742 14926 16331 10385 10773 23918
18684 14071 17886 25854 18756 12390 21344 18583 19332 16780 15465 8242 10979 17011 10640 24040 21793 19712 0 19890 9724 12448 16488 25429 12187 10856
23079 21035 16975 22644 19341 23008 18297 21037 19190 20540 19206 9768 16720 14475 12048 14591 18602 8251 14049 19098 28148 13874 7286 12370 14683 4998
21151 11693 18002 6808 10797 10817 21880 18412 15320 16274 19662 9888 26511 17864 12219 20510 14304 9424 754 23526 28023 13060 10440 10588 11973 12402
17598 13473 19878 16855 5431 11488 9950 18984 16022 25051 20786 9664 12227 12421 14685 21337 19556 9528 11932 15094 10274 15387 15699 11510 10909 10180
18829 24805 18263 9741 17627 29561 21988 13799 14000 20045 18843 17789 13903 17383 15777 12739 15076 10383 22569 20333 20830 19908 9529 16964 12891 20957
12924 9397 14917 20070 16223 20430 18715 16278 17554 21763 21866 12951 0 14609 8538 2235 16252 6689 16156 18765 24725 16452 21743 14893 9878 18928
18407 20260 21367 21360 5549 11663 21351 15766 17944 20473 18471 16357 11519 21671 13930 19174 22568 11639 16990 17658 27693 18996 19482 13342 11934 19944
20612 29944 19314 7390 22654 14644 13861 13938 12905 26381 19207 21435 11366 19589 9150 15530 23832 19298 36338 22029 20037 18574 0 15077 9137 10504
20230 8329 16427 9289 16459 10044 8587 17519 15026 27095 18392 10328 10823 20151 15967 27041 13074 7356 15065 16651 7032 9885 4753 16983 12017 15173
19128 18483 16989 22128 14474 17082 9580 14644 15110 15911 17208 13591 2946 12563 10759 10109 13013 3921 7434 20638 15751 30426 18649 0 15294 13768
16915 15640 23292 12060 10278 21127 9435 20311 22668 26188 22260 19618 15742 12549 13948 20411 24204 19637 20395 17918 16967 20754 13931 9742 13099 25404
24014 19087 17536 15175 8081 16828 18822 21547 17434 20429 21440 25617 14720 14657 9637 17629 17974 12735 8160 16878 11672 26353 25565 15021 14224 7446
21685 18223 23938 19747 11089 3388 8187 19844 18286 24073 18726 11018 19355 7589 14811 17101 15378 13959 5798 27098 18059 13724 23137 15166 13350 5247
22616 18437 11043 5026 14243 19983 13547 20565 15004 13250 20601 9377 14552 22396 11534 21737 8236 17613 28190 19218 16895 9402 23081 21848 14819 20195
23244 27387 18477 18950 29230 5420 6096 15847 22333 25854 21988 13111 6327 17429 17990 19189 19204 5776 20963 24992 11305 14785 2755 3278 13182 10122
16610 17917 17947 16101 11014 23889 25431 23800 19401 27423 17508 13638 16003 11890 13576 3139 3575 646 31918 25269 7494 14800 22791 11552 10803 9457
22763 26547 16786 17217 14519 7242 14891 15617 21262 14900 23656 5483 19849 7268 13476 15343 19169 17021 0 8945 23549 21566 7203 13759 12835 15787
22995 14181 19842 29636 7142 24787 21053 13385 21253 20745 19658 9827 10769 13802 9032 27942 20971 12561 9718 18707 22169 15636 10988 2647 13628 270
17274 10271 17611 7807 20518 15485 18609 19663 14714 26326 14790 20691 9769 9121 17038 6940 30154 13171 32298 8896 8661 14078 7408 4952 10751 8545
19658 19114 18876 13818 3783 31562 19845 9921 17758 22385 19665 22477 14296 15379 13671 16841 22646 9524 19187 12612 17102 20355 3841 9522 15120 24532
17940 6431 17696 10492 15861 14128 9836 21277 13113 15054 16947 17448 11366 21321 14316 30944 17725 10053 19882 18355 13335 17245 15985 7094 12078 21301
22658 20316 15337 24560 10790 18983 19716 16308 16380 26535 21188 15157 7841 15154 18635 16639 25092 9012 18426 23387 8867 10362 20300 14151 11643 19329
21904 0 18995 10493 20843 9015 0 14655 21258 21666 19599 10113 17217 22393 13336 18975 24938 17535 14386 16053 19101 4619 0 13293 11577 33522
17986 21908 18556 18650 12851 22034 5660 24312 21103 13202 17383 10760 14893 4670 9347 11777 24834 843 12180 29583 34976 23401 21744 6433 13470 7808
23490 24122 19113 12314 22195 7921 5341 14508 13240 13227 22152 12635 11232 12932 10395 18424 18089 16449 9748 16984 8989 14989 11795 24354 12698 23361
16082 21340 19731 26695 18189 17647 2072 19868 17513 21117 20383 11375 12536 23444 18679 22501 15673 9438 15883 25165 0 8826 13489 21055 14593 5958
17045 19664 21283 7870 19824 14618 20177 17230 21199 16664 16249 12339 12032 10502 13592 28296 20184 7464 21142 25454 25731 21456 19258 10710 13612 12926
14100 24093 19082 10689 10593 17146 12057 14318 14675 15369 17334 13117 19600 21318 19123 23257 17464 15749 13256 11730 13063 5845 23577 10137 11636 19453
17848 23873 17038 17539 13605 13905 14580 12864 17020 16814 17656 2806 13446 15915 10745 35389 24857 22195 12639 18351 22364 20329 0 18977 13990 4096
17610 5506 18228 13512 16609 22878 14481 12494 21372 12806 20496 22465 6872 9906 15836 14740 16292 6693 16510 24203 23277 8932 12442 29167 17511 6757
14627 21778 17884 18319 10303 21909 16120 20060 18538 22572 18298 18017 18666 16998 12773 20271 15409 7019 9358 7860 3390 5693 13868 24275 13441 19730
13143 12982 16393 16132 16225 17126 18062 13845 20308 19758 21458 11572 1987 18006 13860 4897 20389 15608 23141 11877 13658 21004 7094 2128 12503 20605
19626 18052 20822 13163 9577 19599 20642 16742 16519 28901 13504 24937 9908 7789 16558 20816 16215 7000 32808 15730 98 6856 11667 8101 12287 21737
17495 12980 15963 19784 12466 10843 0 19699 17460 23202 19025 17561 4151 23097 16970 16346 19476 1727 30362 18804 18043 17125 17266 23516 12748 17914
20723 18186 16822 21600 21457 12602 16919 14405 13888 26728 19789 7768 13950 22727 9705 22102 16371 14045 12735 9485 27046 6278 11144 19441 12833 10812
21398 18600 18768 23903 14306 21878 13569 10577 14993 12452 14646 19353 15136 10763 4801 30298 10306 12072 23767 27095 20374 20287 13898 5636 10397 16912
19917 19376 15271 23142 19334 20927 26313 13269 22079 27557 19874 12934 16050 9640 13851 25598 14607 4389 8012 15928 21830 14776 11820 17509 15849 20736
22803 27675 19105 20499 10909 20956 28554 21363 13945 16040 18544 15821 13194 14293 9551 26668 27429 0 31018 14351 25806 16748 0 18928 11696 11641
19830 24576 17280 14278 17254 16798 8161 19094 22656 16245 19778 23327 8466 8638 13560 12258 17069 9598 40010 15243 28506 18463 23885 10277 12341 4662
19958 10302 20980 33321 14962 17483 5269 8294 14244 19755 18501 14575 1650 15920 20746 29065 11532 16022 8250 19084 18787 4870 21648 22664 13364 19565
14862 20928 16563 16522 18591 13718 8873 18062 18248 16458 15825 17616 17731 10247 15147 14171 11637 12875 22890 10586 14267 13922 14822 15684 17293 21743
16529 13993 19899 12414 11511 17388 20301 19978 23168 19181 17486 15771 10575 18447 13026 15460 13096 6932 1284 12518 10709 1787 7120 26250 17482 29458
19126 17940 16924 16744 0 5584 7153 15750 22697 20110 19808 13343 21383 16901 10255 24738 26097 11405 26988 14461 10055 15158 9860 15043 12271 7225
14576 11712 20268 9028 13507 8215 7929 18854 15467 23685 15692 13418 17165 19086 14993 25949 9192 11455 5281 27076 14845 15220 12842 26573 13925 14433
21354 20041 15247 13432 21526 17799 26285 13459 17065 19854 13993 17080 21387 21019 11188 4871 16488 11519 17046 27174 25269 9346 3302 11010 11552 11709
24986 14561 21772 14042 11084 11914 24095 15069 17516 22026 20787 11226 11149 18245 7641 5389 25671 7481 23048 9310 23231 6448 9400 12611 10585 21711
20368 9749 17022 24969 18454 22361 13343 24730 14518 16976 19993 11306 7794 15398 6335 14382 21053 0 833 6701 17943 15620 21319 25974 12414 14440
23936 8711 16827 17850 16796 13999 9749 9197 15918 17696 19070 15766 1837 7932 11700 29160 24176 19396 14972 13739 19007 10113 19531 3514 16708 12450
18299 20877 15989 11886 11618 10002 10143 18970 21661 21967 22436 9529 18438 15302 12998 3530 15187 8010 2086 18991 24763 15728 16946 14926 13597 9019
19767 15684 15255 10631 11601 18203 25555 15002 19158 21548 23035 14972 12192 18668 10916 21298 15940 17618 13679 18994 20451 16608 11532 7192 12147 20793
23225 25516 15402 22491 14633 27717 12402 19734 20365 28138 19591 6830 26732 13109 12221 13248 16292 25520 24043 14326 12702 3667 13071 27092 9077 19933
19535 30950 14052 13837 9511 21285 14506 15863 22804 25522 19684 18283 10252 12539 17172 22055 16611 12609 5324 7937 13111 12364 25894 2108 11837 15542
16850 6937 20587 21617 23108 21457 34180 14174 21138 18029 18013 15984 14373 20358 12839 10117 21279 10499 29957 18709 17133 14189 19645 7344 12043 18292
20346 21734 16923 23846 15713 25293 19854 10353 16545 17007 20983 19114 15986 7572 14777 21361 19921 4764 22308 14680 20174 9761 25887 33295 14430 19207
15126 21442 16247 18610 12874 13382 10730 11453 17045 23800 14541 8152 10782 16656 9142 19621 12450 19380 19210 19566 17854 15627 7563 15744 15433 5486
18622 21738 18889 17142 22900 11961 10727 17680 18133 15392 17146 19840 20022 15783 17349 26482 8710 18322 7542 16587 18247 29362 6728 26448 15386 14976
23878 21547 18127 16997 8998 15175 12145 14153 18456 15227 16019 9878 10823 23488 11515 25464 12867 10633 7127 14446 15364 19178 12978 29079 12929 14386
17184 23466 16427 9774 11051 15846 9648 16149 19782 12576 17769 20135 10765 10414 12590 1867 9775 13066 12424 16874 13694 14792 23686 20183 13390 16717
19657 25296 19975 25042 6628 13170 17308 15041 21417 26095 19427 16335 828 11287 11965 14218 26536 0 9517 23065 13316 6775 12241 24286 14872 27210
19848 18018 16610 19738 11675 17370 16088 22266 15453 23382 21145 14709 16254 12136 10121 26942 19024 9829 23184 14651 14979 18863 4806 19655 13341 14634
18816 6586 20730 13445 21279 13528 12909 23542 13503 22989 16790 18719 7839 16955 12667 12036 17612 7416 17939 21319 7742 13621 19784 15773 8631 5576
22573 18838 15029 16395 13177 10071 20433 15233 17064 14037 14755 11171 19278 15130 17008 13524 6338 6820 14860 21855 16662 10859 17534 5471 11608 9700
16420 23271 14629 17299 7598 17406 8887 21440 15128 18397 19660 15342 10978 18671 10319 9489 15735 10947 26321 21390 5030 18920 25326 16998 13745 22685
21078 19034 15175 15362 6622 13554 4308 19289 21536 20461 14012 12367 17577 19596 5413 9925 18376 14530 17482 17227 21706 20529 23218 3739 13770 15424
20006 8238 19765 26333 8890 17627 21877 15286 16425 18549 21591 22180 17992 12943 19284 18797 16609 11124 13363 12772 16407 5807 8742 11177 11948 15950
21543 31944 17722 18578 20677 21379 9293 18685 15869 15928 17254 9588 12888 15823 18756 21951 21407 3218 29613 17339 8736 12579 16836 3182 14283 20258
26753 12635 20256 22720 27072 22564 22101 22932 19210 7016 15503 16125 25375 10769 7868 11460 17520 20301 2626 8611 5026 18306 4003 23738 13312 1746
16759 11912 15198 20188 17263 13808 18808 17886 19715 16140 11357 18735 10629 12260 9398 14393 17139 23408 17749 14994 13515 12909 25946 4723 13705 14008
19655 14732 19926 16345 29747 22711 15893 23587 15510 17357 19906 4226 10727 18992 11463 11136 14903 2192 22034 13346 19162 17523 14234 16150 15156 20925
19903 18396 20581 16829 15096 24730 13018 20977 22032 19367 20307 18453 13414 20084 13936 19734 23667 6385 23266 25779 22485 11903 11924 25299 15084 5665
22854 9276 15606 17663 13508 22133 7438 9514 19561 18216 19590 10134 12768 20420 11266 9089 21053 1865 22808 10839 12990 17919 15583 21380 13753 22627
22028 16392 16705 21973 15823 8135 21578 13703 15987 22995 23004 6122 2776 8548 14508 18613 15300 9873 30795 14816 10438 24288 6419 11643 16296 6687
15936 21511 18315 23816 8582 16637 18885 14060 19392 12144 23828 8551 3282 20364 12655 5118 14499 14340 8297 14392 8112 15772 9626 30176 12925 17861
20415 25605 20209 23507 17672 18192 15207 19579 17902 24062 15963 11308 16964 22575 14226 17031 27981 8902 14257 18402 17370 19538 9000 5279 14808 12298
17580 20745 19074 13092 12510 14214 24531 17772 15704 18158 18547 11075 17698 17959 3581 20992 8308 0 9414 17023 17970 14275 16523 12780 13512 28782
24494 32355 18716 13189 11825 15247 18877 18866 12723 21298 18968 24080 11544 19573 14082 17505 7965 18557 9055 16564 16032 11043 17258 5986 16058 13788
20068 18185 16520 19890 5540 15563 22103 15248 21019 13404 21806 15119 5599 18774 2621 14732 9293 7230 21128 19207 18147 11864 19921 12461 15703 16588
16784 18686 14727 15503 13974 12823 20289 16720 16849 25533 18278 12247 12953 11798 14052 17156 18829 11662 16766 15960 9248 14624 8296 10008 13301 13562
16652 17482 18905 14631 21918 15117 24684 16668 21247 25802 23103 13908 20084 15261 14701 18046 14092 15317 19292 12514 27505 20983 13979 21239 14681 7255
17387 15341 18182 17625 22175 14229 20315 9821 16877 17762 17935 14284 16626 15887 18277 16240 11273 14387 16329 16552 2058 14446 26012 10317 12142 12899
21354 29764 21484 12928 30553 16333 6824 16604 17137 12303 18708 11913 13828 14218 10669 23156 14696 17764 18679 13777 9875 13500 16102 5729 13638 22461
21367 11487 18328 7925 20784 15404 31025 14018 22434 23930 23878 10711 22776 15219 12557 17008 17948 21628 925 22055 12224 16078 6418 4472 13353 4438
21852 23513 20722 12565 17160 11842 12588 17386 16728 23046 17857 16949 25205 10397 10281 18265 23124 6831 15520 12232 10363 20563 16356 9133 11622 4279
21639 16779 20251 17363 27671 16206 24752 15738 23296 23025 18827 17163 0 7416 14089 17245 7931 7806 14649 19502 797 16673 10696 16689 11109 19244
19932 5240 17732 8270 19001 12402 16460 13585 16119 21961 19116 17737 31820 16232 7260 19398 24528 7107 17767 20000 14362 21722 5975 16639 14628 11066
22318 18952 17739 28104 11891 14158 0 17964 17303 25933 20210 8028 27654 17223 16401 9999 14750 11441 14789 13423 8084 20293 17734 20837 13329 21960
19952 23150 17524 25362 14141 19748 7713 21086 15321 9603 22174 23728 11774 17960 17086 11336 14236 3856 14753 21732 13448 9189 27043 22661 10298 20174
23484 12448 20375 19742 17383 10267 20056 17370 18822 20931 19900 13714 9067 13541 18075 17730 9728 5381 18755 18991 17498 19627 12044 6643 13607 11704
12795 12302 18530 11510 1480 16244 9564 17187 15284 12744 18963 21968 8536 13734 17415 11056 10367 14281 21419 25782 13873 15200 18831 14126 13920 12336
21176 10801 17075 11485 14395 22515 12102 16762 16272 18398 19648 18327 26534 11065 7527 12719 10909 17629 9321 11944 20550 11063 11678 15033 7806 9652
24024 12583 13935 18261 15383 19685 17287 16541 16728 22442 18972 13741 12216 17799 8544 26656 11379 9194 17230 13123 26721 23966 16553 15849 8474 6367
19712 20676 16908 7028 13454 18516 18935 10897 19734 18073 19268 14741 5942 14858 18139 14341 17308 7907 11711 8796 14678 20552 12106 17328 13537 9572
20892 21640 22823 16420 24760 30793 5100 26471 20105 8702 16195 19339 14138 7804 14825 6836 17758 1263 24945 8156 15557 15545 11587 8340 12442 17496
17094 11995 18567 22243 20266 23980 20426 23571 16602 20913 18897 25562 11105 22824 14425 22712 15604 8163 26299 24700 12058 14297 15118 19825 11562 32852
15534 10134 17437 12921 15846 24168 15472 24822 12294 27232 21822 15792 17631 14340 11537 23914 17376 5918 25119 23193 7377 16557 10424 11636 15452 18900
19085 20200 18378 18934 13973 17272 11388 19929 17772 22008 21115 15061 12672 13072 19389 4138 24464 10951 9682 19791 22483 7856 9992 8772 13735 20392
18600 15389 19379 23760 14211 15347 25805 18622 14570 16407 18467 14087 13757 17763 9822 16296 4293 11286 13608 17529 13396 12527 16946 14497 11483 3582
20353 15690 16694 9016 20165 14036 15392 12445 22305 9971 15156 18199 13905 18999 11637 18990 23669 0 29504 20473 28281 23174 19354 14609 9116 25114
22319 22982 16347 14542 16458 17809 12000 22183 16362 20612 21728 9995 19583 19652 14850 24533 11087 18546 27407 8912 10683 20210 8387 12888 14013 24824
19878 21228 17751 15344 18847 24852 4502 21202 13098 21057 15748 17996 14707 13057 13625 12384 21853 12062 20025 21423 12787 19424 23371 4598 12550 19875
21746 12126 14917 19913 13014 14954 25337 14308 20784 1573 18520 12391 17852 19201 11249 23806 14626 3713 6257 17221 10529 11793 14215 10658 13968 25758
22709 9958 20266 4068 12649 22471 12659 20630 15740 16987 16016 7369 22426 13118 11842 23049 20913 10529 5872 20665 21491 16446 10637 18998 16078 23974
23126 23048 20490 23160 22891 18165 24146 24325 11928 23356 19744 14885 8071 17794 12235 26623 13379 14010 17873 13696 4804 14374 16413 0 11759 6369
22113 27243 16937 19852 10113 14244 6491 14002 18343 12700 14193 22737 17841 15417 13665 13635 12692 2612 15084 16191 19885 28587 14959 16621 14250 9144
18313 21732 15662 23127 14006 16358 22218 25261 21030 19179 16353 13422 8210 21994 9496 13262 19179 28915 25680 20597 20734 21534 6842 14235 15429 9698
23193 27410 16868 11163 7140 12322 12843 20144 19117 18561 17090 15638 16306 9216 6477 27821 7064 17019 16157 12735 12580 13924 16753 29635 12903 1602
18382 14569 19409 19546 13307 32906 27796 17387 17294 12014 14209 23881 10957 20820 16297 18727 24024 14028 24508 18479 27030 19643 14774 3166 12377 11522
15452 31338 15207 26084 16239 22214 20329 23064 14991 16171 22031 10754 16466 21025 17660 18068 14699 15142 24334 12080 8288 7981 18068 20400 11717 16526
19426 24778 22339 2376 9905 11324 20520 10561 20690 19857 18426 13602 12393 17140 12735 15416 15655 11760 13147 9711 20945 17359 2904 13630 19092 21069
16680 22794 21511 19820 14471 16280 33534 18703 17094 22337 19315 13668 10476 23182 11167 15172 20487 1421 18831 15942 14267 13038 18751 9464 10940 35290
21796 27024 15894 22289 22511 25021 21696 16885 18051 18362 15738 13200 24744 8013 10409 32321 12526 9128 7340 28880 13207 16806 11145 0 10772 15455
14940 11661 18270 16570 8652 19020 13163 10424 18206 14194 17403 21754 6594 17430 11006 24326 21454 7089 17158 23956 16366 14335 14196 958 12311 17063
21439 21986 20674 19527 25359 11592 6888 20711 17039 30330 15729 18141 13440 16047 9543 26195 12530 0 15606 18831 21516 20401 9835 13184 9997 18816
23338 19639 16401 11441 16602 5880 11764 13185 19771 17297 14626 6952 12925 14048 9652 12451 11307 9816 19758 29311 22111 17730 23311 8750 12776 15624
22765 18708 23315 23867 11709 12466 7177 18585 18141 22126 18967 11521 16382 16134 6062 5648 11777 6666 3134 15656 23967 9495 8586 20740 11802 25456
20045 23471 18717 15569 16241 20570 17687 15729 18639 15365 19453 20983 12047 19273 12674 11330 20066 5631 17184 26043 12306 21421 17545 16207 11341 26019
22121 24957 16269 11195 12773 16550 7437 15499 13533 24030 18874 9691 198 10451 24130 9511 17043 10450 21207 23295 19250 21011 6879 8338 11472 19447
21661 11368 20127 21145 14955 12635 27608 18693 16249 29116 19441 14089 21242 16847 16390 12798 23075 18060 17099 19610 15102 18035 35501 10999 13554 2308
20081 11594 16896 15245 10920 23310 9045 17059 17513 25310 23018 21280 25914 23560 16118 23874 13765 13999 21659 12760 23569 15842 9799 4723 13401 22828
20283 21710 16656 22714 18883 14073 7506 15531 15488 15214 17701 8080 15660 18002 11125 22159 18409 0 17217 19349 25974 12117 9492 24775 14425 16167
19071 9795 15183 11855 20913 15884 15718 16952 20450 16805 17507 15070 25176 11090 6939 8624 10095 3807 7389 12433 18753 9160 22602 1498 10227 20480
20166 25792 14446 14837 15226 17961 19880 19694 19418 29696 19886 13929 12058 7577 10455 13208 24532 15775 14913 17717 17334 21176 15084 13019 12304 16353
22263 16255 20616 19175 9813 19634 26436 16158 16063 20169 23449 17778 21895 11566 12888 11763 28075 5639 19062 15089 3100 13870 8680 6168 13801 3205
17334 14853 22503 13337 8935 9498 7262 13105 19509 23232 17033 5063 9095 11735 10652 10258 13405 8025 4663 21135 10818 25516 18379 14528 6808 2653
22092 19442 20211 16511 5676 13480 23094 15856 16189 21895 19222 15035 26053 10951 13453 14075 8102 3083 1278 8584 11224 2662 9612 17294 12348 24784
23541 13488 16455 14555 14360 7277 15566 16439 16924 14446 19677 14225 22926 16972 7021 20706 24341 17016 26685 19029 26684 19974 24838 17624 16574 11629
22230 23157 19641 14034 18918 11649 8965 15542 16228 17765 20661 7527 9692 6240 8469 20110 16313 4949 17490 19799 17393 24133 7022 13736 12760 21021
25000 23219 23224 16249 16936 16588 23423 16340 17815 11981 17070 21511 17768 11615 12393 13150 25649 5546 25101 13300 31037 17029 5261 32016 11200 6123
19226 27467 16483 20594 21533 21558 21980 12838 17694 22896 21931 15293 0 19231 23343 27593 18297 6887 6276 15941 13984 23751 25627 12007 11059 16596
15145 17509 17261 9124 24731 13961 20301 13328 17494 22614 19887 13988 10311 13276 14188 18654 11672 12996 18839 10755 3532 19776 10113 3602 15836 25756
16974 16321 17092 10159 25880 23127 12750 13694 16185 32443 18612 13028 22698 9326 12405 37559 14721 17567 27710 17227 11735 19599 11782 12836 9848 2445
19493 6535 19074 12578 8826 15166 28675 13723 12512 22925 17364 13198 10326 19423 10284 23499 16335 7264 23006 13110 26724 10959 15553 9990 9745 10650
16090 3044 20691 24583 14050 25304 4018 28029 18747 14189 20911 16813 15357 15750 14754 22127 23375 18962 16861 12162 647 7553 24860 17891 13397 28298
19501 28011 13962 13483 19769 14662 17700 16325 11932 24746 17559 9181 10177 9528 18188 11657 14211 6574 15325 12861 30222 7222 23493 10039 10558 24504
19118 20165 19281 22896 20290 17332 24551 21917 14302 24243 16199 21120 18394 16499 18945 21228 19271 1114 15888 24322 10184 12537 19967 0 13165 30713
17505 25531 16382 16253 6548 18017 14505 20507 16052 18079 21271 19005 13866 9118 3856 12660 17235 12889 12484 24345 22872 24321 9529 14597 8096 10432
16425 27830 19458 17508 7798 10495 15775 12664 23206 26937 19818 16705 10668 11588 9880 20353 14324 10037 10174 14027 11368 8708 14131 18889 14931 1829
20608 13210 20354 14064 17418 20990 18209 14553 19620 24588 18079 13972 22857 11452 16983 21663 19559 13018 19828 4808 24429 19985 0 10903 12320 10981
18132 30833 20648 22272 20580 9188 35516 15269 13244 10702 13620 20259 24456 15156 6890 13807 17546 14653 18783 24322 4923 18089 2831 12537 13179 24470
19882 12539 19582 22864 20124 13932 28272 19272 17121 23728 18311 14172 17872 15963 3200 5027 23187 8992 12876 11467 18954 6729 18083 18567 12685 4945
23089 17529 18231 19013 19956 16853 23053 17202 23579 24557 17888 16537 9877 12234 11497 6024 13928 7437 14604 17300 1621 16915 17365 26203 13871 20867
20228 23391 17213 22340 16990 20246 37716 15308 19127 21378 19809 11721 5558 14270 12699 23930 10798 6625 10576 10810 26389 22408 19286 30037 13053 20304
20049 17099 14513 23984 21425 14518 24590 18581 21972 21837 17024 11237 12769 17459 13019 22535 22553 19160 11217 5212 27043 20124 24441 20970 12873 6612
14791 19523 16700 18667 19551 10565 31830 18028 17982 25589 17787 16804 15220 18093 8352 19172 24020 18040 17751 12230 25957 24480 16738 9490 11559 20972
18791 25940 15348 16370 12115 15345 22864 17222 12812 22293 19194 22121 6849 16586 5040 8578 17714 0 14416 21747 16649 16997 11537 11464 12939 31568
16889 22051 17937 6835 13160 20514 9979 16985 15138 16016 15270 11453 11821 12908 11478 23944 16753 16528 11680 14338 23657 16600 11344 4617 13604 23891
17315 13862 16067 17295 12102 16716 22085 15462 18745 22827 20411 6190 14790 14053 10706 10821 14871 12016 24649 22628 20720 20619 17127 29463 12590 22919
17971 9501 15158 17867 4216 16460 17047 16826 18277 18090 22042 26988 23405 19389 11340 7101 18007 14617 30808 20480 9441 8058 14328 12411 15110 14590
21666 16795 17919 19428 12904 13362 14382 16093 23000 15658 20992 12877 10919 20085 13497 23445 18363 12980 22521 6718 11691 17736 19166 8334 15498 21214
15813 38227 17981 19192 13098 5415 12085 13556 18863 24376 21618 18295 20586 11479 11432 11198 13306 6678 25529 18375 5743 18521 16294 17807 12950 15402
18195 6888 20370 18356 15383 16416 15393 25317 19235 22035 19411 17352 16059 20676 12796 16642 14399 14347 4008 7197 34415 18286 27026 19146 15377 4359
17517 25773 20443 5189 16758 18887 10147 22192 18463 25745 20442 16561 15918 15301 11961 9409 21162 14809 13560 18728 18988 16904 18276 9853 17207 17487
18106 23297 15731 19886 10611 10065 24901 22394 16246 18623 19764 16206 15631 19241 13195 25757 13692 6043 8257 12772 19583 23665 17171 9095 15112 19689
21082 20642 17686 12367 11928 21953 2064 13755 12819 23801 17556 13807 22778 5184 20914 22094 24470 9814 18821 10383 19533 20620 5132 4714 10237 19532
21492 13139 19761 7606 11418 13666 22411 10939 20132 22948 17449 13852 8769 23062 10644 13244 19566 13424 21996 26177 4464 14202 0 20069 9986 11644
16112 11964 18742 14806 21379 19154 8577 16437 19034 27503 21368 14653 13056 8531 11696 18327 27350 2222 2099 21572 13291 16400 16493 3543 14103 3080
25718 23127 16831 33808 12742 14001 35112 16897 11940 21179 20337 10628 10557 14544 12669 27251 30100 118 10459 12987 19495 9735 13943 18521 12776 21734
18643 16836 19984 21833 17711 5881 26168 13204 14645 25135 13153 14477 14436 21330 17116 21909 22304 19894 6054 13285 6764 15005 16284 18027 16031 12637
15490 19771 20031 15782 16611 12509 3678 22232 18911 19783 16525 17195 26836 8460 10477 32009 19324 15422 24613 13039 23133 26124 4342 4794 9815 14182
20268 6106 20074 22820 15671 20147 21242 14290 17019 15493 16156 14575 2590 19163 7991 5126 21808 5782 18473 15329 0 12221 3083 10947 17049 25126
19321 21611 17546 24051 18480 26424 18241 11199 18771 9366 22102 13542 16369 17436 13738 13457 16440 13714 7027 20317 439 9593 15246 21630 13322 18265
16377 11514 17822 13564 24043 23994 18111 14358 21026 22887 15637 16020 11901 16409 23992 22479 17023 4687 20656 18225 8866 20839 26153 21130 12794 2114
26252 19358 21126 5933 14718 10429 22533 12746 24660 17963 18615 9230 15862 23951 11095 18245 20851 6146 20915 16774 24775 15130 10106 22198 14609 22367
