365
13 96 3 93 81 84 55 13 62 71 40 33 46 10 31 98 40 47 3 97 79 87 65 92 95 90
15465 15041 20982 12678 21439 14693 6866 13165 0 15123 14040 10899 19226 10630 20571 22480 15982 15555 4825 13189 21033 18409 2250 13403 7430 19645
17990 8693 19412 12352 15322 19295 18889 14706 4515 5075 10240 16338 23907 11569 15669 9229 14671 9851 3469 16077 22011 19403 17912 11109 17114 6330
17896 13768 15246 10088 15126 11403 12819 8069 394 9771 21945 20996 6244 12187 19476 18959 10923 6299 11979 13208 15992 16794 3348 13672 12173 17027
6600 10163 18483 21814 13389 20089 13005 9067 17726 13332 12822 7465 18149 8624 6441 14814 15337 18521 0 9432 16092 21949 11672 13552 12577 12373
12490 13472 24435 18311 23696 8774 4646 12261 21005 14508 16004 32891 14570 6192 12221 22830 16791 16600 6275 18131 17710 17360 19371 17795 14182 15464
13067 6128 19745 7902 8623 13781 20198 11127 450 9735 16469 19627 20937 10231 2981 6385 14076 14262 12311 15962 14378 18054 17275 18359 7121 19107
16947 8658 3712 11366 12828 0 18531 3713 0 20543 22034 22820 25751 11051 18789 21053 13978 16070 28748 14137 19759 21291 8436 22328 8881 5552
22271 7295 20414 13534 17787 9715 14460 7975 13879 12204 9666 10837 26085 12301 7001 13982 14336 10348 11609 18501 13692 16620 5090 18489 10665 6987
17928 7570 23041 20745 26759 18024 13147 10517 15560 9578 12193 24994 2455 10937 0 17437 12579 12130 0 11525 18029 17299 2950 9933 10154 7108
11999 12001 13850 0 15592 6635 12779 6093 1205 16680 17395 20989 27115 12887 18124 7286 12282 13778 21988 15399 26707 20931 13814 14794 21560 12344
22003 12018 2303 17443 24941 26025 25381 12022 12915 18300 17499 24033 20738 11695 15486 11443 17156 5699 3164 5032 12505 22108 18448 22617 14697 21999
15220 12018 3560 13916 8385 9137 21740 5239 11353 16136 12763 23350 21685 17629 21887 20642 15078 7627 3163 8886 27129 17615 19366 11467 12776 22153
15868 8821 7340 11373 12133 19142 13171 17463 10260 17182 9051 18213 5536 11184 6779 19016 18556 18388 16703 15254 16073 21433 8086 14911 14072 18666
20369 8012 12958 15483 13161 16507 13811 13748 14555 14765 13949 20454 18722 13803 16112 1997 15267 13194 18988 17403 20984 17807 14788 15096 10978 22581
18486 8268 20803 22505 19971 18199 7831 7043 15348 13421 7708 25131 19916 14050 7745 12483 11884 5565 7284 5160 22301 16641 11470 27252 15322 29541
17321 6204 4018 20551 18310 7977 13720 16743 7013 14471 6261 11663 9700 13752 10375 13686 11607 17380 15094 14127 16464 18671 903 14643 9601 19107
21714 7276 26477 648 15320 8127 18828 6601 18986 9904 17985 18354 16865 15252 8867 11190 15205 12022 7092 13318 26077 16995 16856 14469 14148 20999
11310 9045 21363 19835 16719 8518 12323 15239 15177 4229 18181 19282 13021 11541 15176 20852 11357 11547 0 10280 22089 16307 19005 12145 20803 7452
9475 10662 27323 0 15337 12200 9451 17046 17401 12962 14734 25060 16542 11705 6378 16689 12885 15988 9596 10194 27997 17637 16392 24700 19659 22610
11683 3930 19066 9394 12051 10300 15369 11779 19465 11539 17836 13049 4928 10610 16001 27003 14862 13162 4312 17561 19922 17716 19061 24848 23603 7721
15358 11700 20114 4914 13639 21542 6762 13754 19758 16275 14169 16637 20735 11857 10556 22774 14917 14990 10406 11670 23713 21903 639 14755 10196 18033
16599 10499 2308 26654 17850 11292 12036 20425 5805 7072 10950 11528 7304 12455 6611 10851 17781 20411 21568 11938 22940 23300 5716 15669 16952 8385
11810 6645 25042 19407 12768 7083 0 14999 15550 10172 16637 12294 8984 11857 1943 18368 19478 19698 5720 12782 7263 18819 0 26884 14929 17368
15354 10756 4922 12543 15077 16718 16568 12115 0 18280 13315 18844 16245 13396 0 14699 10411 14374 11011 7611 11512 17529 2915 16029 20242 18228
18193 9702 10117 14465 21741 4739 12062 9135 22212 14117 13712 14073 1940 5185 4015 13265 13731 17229 13507 8300 19388 20408 13355 21263 17797 18902
13137 4920 10260 6715 18063 17217 4361 15116 11827 10901 16132 19740 9949 14367 15076 9011 12361 19889 13692 15718 26843 20655 4146 18597 17394 5112
11985 6056 20031 7301 20630 6283 15238 16155 820 16208 15557 9753 5738 14367 13073 11799 10364 9332 9026 14179 17624 22716 6848 9722 12646 22709
20143 11431 16591 8969 16595 18425 13323 4926 7738 14980 13534 17351 14914 12776 0 9471 20888 5878 25659 12881 19503 21078 16104 15391 13624 16269
14835 8923 23505 19017 10655 20495 10871 16638 2428 7258 13808 5683 13503 11841 18598 24425 12137 19010 19657 14640 27131 17042 17688 12096 12424 21813
20776 10392 21923 21911 14928 17571 24429 11677 6222 16887 18662 21805 11094 10546 8262 16713 12971 12769 9058 21399 25857 22459 17201 8351 26305 29747
13933 6893 17650 21261 20457 2944 23562 15031 15801 18749 12926 25273 10409 6134 16951 0 15800 21491 18193 8303 19103 21564 14361 23520 11600 17573
16242 6415 1354 19370 15622 19700 5360 10661 6156 8342 12604 29891 5195 11860 4740 24273 17509 20594 11436 13440 30469 23161 11950 16742 12964 1166
24574 17527 5167 26980 20060 14657 20260 8516 10880 14308 18292 18770 11948 10447 13743 21265 21067 16664 2268 13159 21576 17506 4099 17778 18202 3946
7436 9185 0 18677 8880 14773 11416 11026 11354 15887 15202 23370 22850 11240 21892 18234 11700 11236 18805 14969 20150 20454 65 5435 27080 11495
8099 6570 16559 21244 24463 11929 18345 13094 13745 9101 15848 18679 7134 10536 9231 460 11459 15332 17039 7569 27930 20142 12050 12222 17886 12519
20028 9680 7648 4880 15766 9844 17914 12133 13381 10213 13063 21462 5933 10339 21296 14707 16573 9830 4364 8301 28396 18380 8291 15653 16008 24036
20904 9292 24439 10519 14254 12128 20281 8645 30687 14441 10947 14094 0 17247 15311 5651 15214 8266 21621 14144 7091 21985 15172 7693 13037 3280
13928 10085 17912 15332 26090 12123 6427 11405 19264 16571 15189 10964 15844 12532 17463 4223 15226 9119 13233 7587 21856 17398 9782 17436 10633 22902
20368 10448 18911 16427 15934 19957 2741 2509 22683 7323 18077 23906 5415 14057 15783 6344 8150 15413 21104 14145 0 18383 20011 11548 17918 21919
21669 11644 12504 12554 18119 0 5682 12193 10413 15802 17065 18964 11058 12216 13628 22415 14953 16384 12069 9793 32023 19715 22398 16488 7537 8623
15690 13832 13947 15029 15358 2192 13845 9068 13238 18846 12967 23973 16183 10865 21205 741 7143 20265 20291 13018 15683 14402 3224 18838 27131 12701
8953 2210 10669 13949 19948 4707 27406 5629 15113 14299 16083 10617 14416 12873 9337 8967 14467 17615 11711 6532 19263 23238 8512 14047 13805 22973
22825 10690 17540 8585 18165 7647 14523 13543 6983 17150 16558 22167 3429 9163 9597 15227 14528 18247 17063 6788 16805 19048 5914 6104 7950 20669
19619 12014 8050 14263 14855 15125 17631 10753 4480 14125 11483 21566 8989 10997 8723 1825 13167 10511 15013 16643 17060 23927 12362 16874 15554 14041
17470 8315 17123 16512 20837 21049 30862 14768 14605 11876 8231 13178 4613 9545 17720 10654 17951 11642 12551 19059 26731 22588 6113 11611 20391 18050
13809 8457 11353 13191 15587 11836 28842 19301 21396 6162 8916 21084 1952 15368 21921 16264 15550 11818 21467 12740 22369 18708 13821 17926 14639 21741
13388 8283 7452 13744 14998 16632 3899 10804 0 6535 10777 13951 19840 5414 11007 13409 16496 15602 24404 14159 17296 25457 5207 19394 14537 7081
9133 12504 8039 2944 20521 9588 5320 7075 3235 10485 20200 30267 19507 13918 17197 13697 11135 5385 8332 16354 32222 19698 8698 23461 9310 16682
20903 10984 7426 3657 25175 11529 20032 9527 5105 20555 15365 14822 6200 9619 5595 11289 13449 14950 14993 6741 11915 18982 1843 18614 8353 25500
16757 9864 21489 10559 16140 13748 0 10740 10113 11111 12252 16694 7386 8756 14006 19002 18724 14841 12325 15139 21446 16602 16667 3627 13296 18083
15505 5678 13956 17439 18792 15693 14818 7023 0 10069 15260 9802 19106 10614 26141 11159 16743 12303 3794 19299 28940 16647 18688 13391 13909 18922
13270 7800 1889 20501 14474 13676 17552 3966 13194 15282 14312 21828 27860 7464 32362 0 14366 14575 17730 8638 22941 19550 15758 22557 0 4436
14063 12155 15618 16406 18583 5956 15663 18870 16463 14201 12666 12577 9337 14860 11708 14284 16414 10197 21806 13991 27380 19849 751 12379 10201 23007
16440 13077 1288 7433 21133 28062 7201 13927 17750 14081 16658 14581 16671 17809 17398 15939 12236 9645 23585 12302 28450 18621 8672 16227 8270 21989
17298 8720 16466 12279 21803 10031 7696 11167 12407 7017 13565 15129 16080 14594 3590 25004 13388 4415 8531 18841 23207 18726 16263 14009 14319 18136
10946 8646 0 17714 13459 12951 14996 6801 0 10263 14523 19493 8766 13666 19213 14911 12683 10485 6352 12983 16635 22450 14021 12839 15845 20756
13895 4061 9599 22069 15302 7589 8141 7962 24123 9306 13482 30250 8148 11706 10540 18808 19401 18377 4822 11576 14354 15139 14976 15722 14848 9708
16886 9353 3266 15312 11711 6768 16521 18171 16824 10363 11907 17827 23117 16296 6847 17605 11688 16704 13019 12621 23472 18691 22035 18057 17208 15869
16413 8376 11342 12753 17700 8177 24502 11129 8847 12527 17394 15106 17590 16435 14699 22801 17189 15163 17662 14335 9861 19083 15864 18704 11208 721
11768 6649 31769 16231 19370 12456 27708 13476 11573 13459 10156 12283 17624 2785 8282 28202 11759 14189 13160 10426 24548 16618 5138 5136 14616 25838
12725 11430 8710 20207 15516 8283 15945 5499 274 16827 14600 17016 35160 17393 11521 12504 14092 11973 11177 14705 11184 19423 13412 17054 15392 4521
16516 16488 14888 10012 16432 14732 12805 11279 9194 12353 13333 18645 7534 7400 8992 11432 16690 17321 13728 15885 15436 25922 8925 18592 13014 15952
13738 15708 15219 0 23554 15656 1089 12131 18158 13662 13162 21120 13264 11784 6782 11062 12696 12004 18346 8367 13500 21169 5353 13711 15853 17508
15256 14792 27525 14503 15270 16745 9150 7224 8871 11262 13354 18852 13784 10505 24478 12217 16275 11553 3045 9417 13318 16752 6783 11293 16234 10285
19471 10412 9329 15035 18736 4891 10593 14034 17178 19942 14923 19872 11580 9603 15431 11679 12877 15311 19435 11103 15222 21083 15902 10169 14391 16271
17221 7067 11416 16155 13171 6814 8583 7590 14722 20077 14126 19503 0 13618 14854 27049 16615 692 22192 11433 24371 15946 10156 3064 14338 17195
16158 9277 10329 26112 19293 10501 25088 9626 17707 6724 16477 25005 10193 16906 13724 2784 16318 19244 14528 14956 16398 18976 17307 12005 12166 3848
19436 11265 3984 24607 25049 22562 10517 21501 7997 12757 14902 1432 20827 9321 22507 18995 7950 14024 22806 10600 7079 24637 11775 9815 11015 14534
21398 16481 14635 14212 22529 9729 9984 16814 12538 9849 10365 28112 15470 10447 13082 6378 17393 13072 7798 11121 20935 17650 12385 11395 25241 6310
20753 11440 20786 15875 24503 5928 24263 11965 9695 10431 10869 26764 2277 10619 8300 25331 16206 2246 6778 12967 14346 17546 3652 8817 13409 21367
21812 10589 6869 22098 13877 4998 23595 21230 4217 10446 17647 21815 0 11746 6794 10317 10183 12259 15899 13983 28661 17192 10681 19529 23688 16530
12763 11444 18846 8995 21912 10355 2270 13453 7073 12332 14756 13090 11423 4557 4320 3751 13001 13406 25188 13118 18574 24532 0 14759 10870 14165
19931 15018 4436 28486 21148 15640 11975 7242 0 8692 7931 27493 10174 9724 17687 7883 17610 14759 6971 8240 13765 18370 4089 10018 6130 10051
9617 11546 17672 21233 17705 8939 22831 5303 5898 16652 16615 20166 11744 11151 2442 15566 12186 17059 4038 13468 29850 22979 8226 22645 15856 23475
13866 9644 8995 8221 16052 13037 4313 8027 5199 9047 9807 33406 30078 11524 577 17411 13598 15781 6637 11207 26807 20659 16273 5714 15311 19217
11184 13254 1702 13993 10012 11425 18591 10914 0 5545 10689 30826 9287 15485 11354 19830 19516 16708 18865 9052 28018 17892 14363 17705 16699 21618
7933 10413 14300 28465 21766 14922 24122 23462 6888 9669 7941 20571 15525 13074 11636 26038 7255 9926 11692 15784 16138 21555 14868 4174 10201 5985
12231 12362 12026 9721 13805 14647 16541 12638 7023 10094 14650 23378 15889 12614 8595 16540 19858 14702 10902 20200 16324 24021 8396 17344 18118 13771
22435 8519 585 11011 19687 20414 11246 2942 2434 13432 17877 20204 15922 6002 14168 1738 12902 14815 3911 11306 33006 14454 3786 11729 6427 19495
13470 6397 23517 0 14841 4855 14189 20547 1218 13401 16265 11769 12428 10726 14903 18317 10273 13882 13556 17570 5652 22023 21219 13409 23620 24664
5466 12106 12355 7142 22976 20619 17525 9348 11827 16612 8454 11191 16606 14776 3560 14004 18572 9562 24585 12938 18372 17447 18325 10114 19300 23158
13646 13591 21928 6855 11916 12271 13878 5817 0 13570 12460 20368 23429 17704 9769 19645 12645 16292 18536 12942 22597 19005 11420 15533 8829 18836
14158 11668 14451 8700 15164 3801 3611 8723 5032 8789 11449 18052 7265 13284 6964 14451 14684 19687 3527 5544 26940 20837 18053 13534 11950 0
14627 4662 10654 20070 29228 19915 23380 11161 16106 14402 14786 22070 9019 15908 14166 13696 13457 26106 17017 17553 15024 16914 3096 20725 20202 19399
11193 14890 9470 17370 16036 19650 15453 11983 1721 11447 13497 24523 18401 17020 6690 8909 12198 8799 23730 14603 12943 19396 13961 6165 12719 15137
8706 16468 0 16058 19232 0 10142 7459 29304 8985 8509 20892 14685 11433 5049 6286 10990 12082 3466 13768 28300 19911 8116 12878 16205 24601
10939 7463 17163 6297 12825 15664 24449 6305 14036 5123 10679 18083 0 15983 1667 10039 19702 14653 16126 17551 5598 20809 19882 21899 14366 21684
14754 12844 5820 3518 11813 22804 13619 11051 15395 14844 9496 25292 16468 15808 8941 16412 14057 17285 20995 11663 22533 21684 8839 11546 15729 16803
9443 11403 4694 12297 11767 21617 0 7287 6047 21066 12260 18602 10163 7069 8943 12962 15703 13984 947 11486 20511 20451 13830 20897 16736 27229
17969 10675 14406 3868 10333 7202 9169 1958 8301 7393 10730 23559 22927 9194 8288 11106 16004 11829 19816 6101 34841 21092 19574 21226 14440 5664
19521 14695 24095 7161 16338 18022 22784 10445 1372 8961 15713 33187 18460 10956 5199 18461 14715 18417 17357 9806 25094 23192 9388 14246 14636 15995
8216 7985 27240 10668 14239 11026 26172 5637 13567 13289 14892 18292 10375 19879 17686 33644 14257 16875 10009 10413 12878 17424 22101 11114 11598 10030
10581 7614 5677 25065 15877 7922 6422 18653 23775 9905 11926 20339 3145 7480 9909 7862 18159 9138 0 5920 26702 23190 14647 14161 9507 16068
18279 10283 2222 12692 18498 16713 5878 3604 12808 9303 11285 15347 16860 8249 13369 7875 15116 7524 10149 16830 28617 20112 3008 14047 12817 21358
13287 3310 4790 17840 16472 17303 8875 21047 17270 20259 13293 16121 0 3633 23310 20476 9817 23393 17448 12750 7362 17277 16416 19106 12901 27029
7917 8756 22100 10086 22691 20932 5562 10709 21606 15279 12200 20823 13624 6492 7161 10910 15892 6185 21301 13227 16019 22111 3553 11497 14368 15846
15016 17794 18897 10776 7240 26274 18591 16940 14119 12517 13938 9998 3460 16027 21088 8317 15973 15339 13630 9280 19624 21804 1223 6332 24090 25349
11145 5300 16015 22322 16924 23934 26848 7971 8061 16081 10748 16552 23784 10895 15424 11033 14735 18914 17069 7944 25153 21585 13894 12246 16361 17695
18695 13342 13647 13846 10194 7700 13098 11982 22371 9200 13643 22285 2860 14310 14741 17953 15100 12931 18115 14979 14628 18482 4662 7480 16208 19396
26077 11537 8557 10607 16691 15835 10808 10651 11196 11974 10790 18490 10872 11745 16852 0 10366 13126 20384 10532 17561 18662 0 22854 18689 17718
12689 10566 19724 13334 20114 20700 21658 6103 0 17862 13983 13357 25563 9858 7620 10886 9574 17545 27172 15767 22324 21281 17626 19310 7718 16996
18761 9773 12286 12133 16781 4915 9856 14658 30806 16977 10519 18852 19620 10464 7871 6201 16038 11736 27064 14936 14505 20451 16265 15468 17985 12768
13856 12733 0 14128 17664 10330 11681 18052 17568 9424 11297 21700 9899 10364 8293 8533 10312 17543 20226 12309 25810 15822 9033 11956 17926 19217
15047 8284 0 12731 16878 10609 25225 18317 12885 14873 13288 22418 10652 12816 16867 10484 17520 15390 22758 6461 19651 19662 1587 14798 12031 6246
23810 10133 7661 16154 10368 16882 6065 11833 10903 9679 17192 13780 7672 11050 6250 21196 14510 13808 7334 11694 16349 18192 15629 14061 19164 23497
24321 11170 7135 5906 18485 13049 21169 14080 0 10794 16570 23913 33320 8368 9142 16437 16871 27040 15686 8852 13758 14281 15151 8043 5933 12109
20480 12617 11619 9805 16738 10446 10034 17525 13798 4237 15052 14816 599 11415 12819 24680 20211 21047 16004 15181 19050 22020 11528 16679 21089 21889
11246 15045 4276 15840 16770 15982 553 11417 19851 12522 13409 17598 8125 11074 7786 18156 13143 14946 0 20378 17208 18859 12810 14233 23885 21686
17581 8444 17629 23817 14966 14009 10381 17969 16256 13533 18612 26223 7404 14992 13056 17187 15765 16824 6847 11931 11766 13780 6362 17096 18916 22626
20965 7636 18981 5367 14003 11074 20644 18542 3493 14125 18572 23323 19206 7485 13601 29523 17675 11461 12153 14216 41509 16731 1590 11261 12477 21580
13793 13859 20616 18796 18020 9624 21260 12845 9002 10250 11578 22635 9862 17677 31075 24573 18380 16032 17773 8882 20198 18654 8030 14950 12503 19309
12065 13303 14612 24162 15519 17025 19098 11696 28209 13480 10466 12981 10287 10808 17571 32414 14129 13610 12346 7029 34194 19967 0 15853 14174 9029
21838 5199 16362 14666 15097 6725 8869 9952 6321 16656 10828 15021 13965 13875 16320 9078 6746 17684 4542 12311 26640 16398 0 14456 15451 11324
14657 6243 13499 11399 23238 11097 22130 12768 11805 5210 15855 15419 11187 14618 13283 6843 13289 8424 3454 12906 26055 19762 4882 16714 9483 10011
20482 7506 13518 24097 13634 10423 14194 14837 5770 17955 9494 21025 11889 8604 13281 16733 17839 14080 21121 9204 22023 16433 27945 13982 23671 8294
15043 10399 21677 9819 17687 3409 18450 13820 11967 16246 11528 12558 19807 11557 22491 12802 14902 23314 13379 7353 20525 16139 9642 21150 19010 9563
15809 13562 18886 18100 17252 17455 18277 8877 0 14309 18666 20443 18469 14651 9630 15830 16257 16470 3720 13308 28584 19330 16167 13542 14952 18653
18897 11341 12702 10980 19366 14775 9028 0 12618 10181 14721 34530 23436 11961 10298 6815 15574 16513 17651 5807 15386 19616 0 18289 17174 21341
14605 7144 21143 14765 10105 27502 25166 3995 11013 14398 17120 19127 22349 11754 14747 15262 18700 14958 30165 13257 34202 18546 8345 3669 18262 11027
15616 5804 12301 1843 13007 16696 17446 9657 16089 13016 11687 17360 25022 9957 3596 12697 16125 21541 24707 10051 17377 23780 22338 17525 8725 10332
20729 13274 8495 16241 23902 4089 18508 15275 7762 10973 16878 29400 0 8688 19355 14368 12044 12624 23455 14051 12835 16459 0 14206 16785 24951
11418 11215 7615 23192 17677 13150 12528 3033 17080 11910 16723 0 14171 11848 17724 17473 12956 15518 3449 12790 5196 21219 0 20057 4777 26671
9840 9596 20601 5154 16621 18447 11439 7558 27663 7969 7844 22870 12506 7971 8087 10619 15962 6070 4953 13591 14560 17244 14427 11276 16524 8842
12428 7069 18275 8371 20821 13282 4709 14094 11362 13312 5867 21189 11034 14180 17803 17694 13875 19555 12426 16438 18036 18453 9779 20098 22571 10581
16624 9868 7945 11897 14298 10264 416 16873 14944 8361 10843 14746 9478 14172 7218 17336 16829 17144 17445 21407 28391 21215 9704 22226 9989 14502
16089 20630 16432 15053 14438 18054 11651 12869 8167 15571 10371 2437 14522 9623 13323 2221 16933 15881 9393 7768 30001 18638 9787 23862 10426 14968
14391 8005 10299 11156 11446 13958 19722 4912 8498 13134 16811 10017 4786 6148 12392 32600 12912 8481 19871 8319 8980 22430 8118 20671 12280 19711
16571 5727 19848 12786 17998 16641 0 9271 9709 19269 14230 19543 9621 6616 25504 14338 14196 14850 5542 18763 20136 17972 9940 18748 13593 16597
8567 5205 10950 6920 20958 15807 23512 2308 16469 11428 10998 22613 15426 7276 7702 12867 14181 12192 10702 16875 19257 20915 7118 25753 11338 12084
14321 13433 12572 22214 23118 25597 11454 8088 1014 20056 11238 17425 12886 17004 10166 13782 14454 14277 9384 13178 17194 16170 7656 534 17020 29117
17849 8760 15909 23470 16633 16203 21962 5904 11190 9085 12819 17642 16978 9417 22492 14969 12336 12857 13496 14910 21038 18031 12570 17750 11867 16806
9472 9490 16268 14730 14332 20960 19750 11670 13605 8379 11231 31816 21410 17174 13371 7966 20850 13109 7402 16619 10539 18910 7469 14992 11131 13232
14027 9560 14029 13420 17535 9426 15898 12993 9020 16611 13485 16028 19433 12962 19021 19808 17354 13295 5356 10041 28643 16757 14609 20204 12184 26318
19456 10968 10045 12070 13039 1720 9886 10006 3525 11443 12411 20755 5529 12289 10540 6141 10883 16678 9794 7524 25113 19498 12761 17451 14378 13435
13468 3003 11499 17152 9089 12489 21452 17114 4061 13660 16624 20889 0 20508 1290 10358 13686 16659 20276 11816 20861 20831 16022 7434 8331 15604
28787 13530 0 13692 16428 9716 13720 10930 7479 9265 15216 20886 12712 15329 18380 16181 19662 13235 11321 12213 17894 20413 15707 18604 22386 11060
11219 15055 9691 14087 19776 6423 5976 8457 7127 15838 14071 31227 6856 12141 16046 0 15696 7353 0 13018 28476 15089 1270 17658 18017 29866
18283 7452 18351 15671 11895 16238 4477 13448 5311 14111 15670 20220 14380 17828 7943 8350 18318 13969 16770 9821 27821 17365 9970 18308 14245 22849
11882 15393 25401 23840 13127 6871 18876 13404 16775 8539 14029 10235 13007 21110 22092 22077 15663 10625 16865 15577 15647 25135 5565 16914 23358 22162
22081 8003 8695 7763 18614 20150 12544 10904 13351 4815 15289 8877 16834 17905 9997 20848 12742 14892 2115 11328 15030 17329 5910 11185 14874 11042
20564 7634 17391 17528 14863 8460 24001 2073 10823 14301 15580 27099 2399 11070 2368 21760 14178 17247 13814 13979 20676 22166 4492 11499 19506 21689
14803 10707 12111 19795 14989 4631 12063 11790 0 13280 15315 10390 21823 9943 3738 7236 10205 4710 14426 14114 13990 18545 8219 20867 13221 15552
11593 9797 29754 26276 14298 11048 26245 4087 131 7043 10107 13808 808 8373 13415 15340 14429 20840 9260 14026 14242 17023 18717 13403 16062 10957
15987 13920 5000 24039 9824 10162 8279 10675 19375 13968 16143 2991 12884 11627 13394 21747 17579 18937 12484 11697 13257 18735 28665 22864 9729 17115
14967 13481 8205 24323 16842 20274 28149 4930 6746 17205 11753 26502 12192 17333 15513 8416 17020 16135 31285 10038 29877 21727 12727 13606 19593 15665
18569 7149 13007 15075 14274 11632 19991 17851 7680 15001 13592 12628 13267 11609 22845 99 15006 11723 9427 12687 15345 21785 0 19116 13550 12995
14548 6573 12953 13380 16327 5345 13737 9985 16228 13757 16166 21817 27323 9863 14929 12482 16655 11880 0 10963 26354 16944 8445 15162 17379 8815
15445 10759 14043 14622 18600 10323 21612 18923 21662 18821 16897 17234 3850 8931 31141 21204 19712 20578 14212 10278 26154 18871 9453 14476 11139 18790
11360 9143 11757 22181 9524 24847 19553 9951 16468 17530 12225 15059 15354 19803 5058 18630 16319 16578 16999 16528 22471 18713 5734 16598 21327 15498
19716 7632 18565 11556 11441 11176 21956 8888 2654 11288 13696 20641 16170 11708 10193 12012 12149 20951 3956 18151 30295 18766 11632 15891 17502 19205
13819 9020 22412 25386 17365 19871 7281 5760 8747 14774 15561 23741 21805 13986 6098 14301 10545 24602 19802 20213 16534 18808 35657 12979 9188 14709
14597 12145 3619 19836 10131 10410 12520 12597 3315 14531 11869 26341 14220 19920 18829 19530 14020 15153 3077 11794 23690 19808 19248 1000 10552 12913
18166 13592 8818 6420 16780 5821 13136 9194 17680 12731 9629 18766 18412 8403 8917 16559 11463 11323 7741 9278 12713 19074 15848 10984 7474 21443
17098 14582 17498 18196 13411 6238 16791 13471 6128 14621 13044 22573 28230 13498 16923 27781 8658 20954 16297 7858 37884 17239 13375 9334 21332 30648
10882 10947 9786 19243 21833 10873 13153 15661 2412 7188 12449 9098 10571 12072 2533 26942 15353 17177 8417 12138 19506 20106 7054 13670 14467 20467
17929 9030 7338 12363 18945 18764 6997 15618 22655 18722 15291 12880 29729 8346 18183 14890 10442 22398 9813 12409 17928 19460 12221 7720 21100 7503
24026 6868 20070 14582 13038 3447 4691 14506 18983 10669 18489 21334 5761 16146 4885 14867 16395 19793 24125 10464 23610 21681 2488 10306 19004 11173
23007 10953 2845 17056 15174 15545 19182 18079 4656 6738 13216 27116 11059 12642 13863 10586 16961 19938 206 10357 20357 17696 1033 14540 7263 8054
18697 16669 12036 13979 16932 21165 26225 9061 19522 16093 14617 28458 21411 12362 15036 8050 13241 15833 17151 19918 17194 18934 14293 14260 3340 13941
17380 7446 19697 7092 16190 5530 2144 8943 20199 8450 13494 18181 6737 9332 13764 18268 17627 11519 11686 17707 22201 19308 3413 17522 14214 9457
16793 10599 20133 14204 14412 9973 14836 7524 14889 13343 14771 7541 12266 15102 17083 21528 13307 16881 18820 10447 16555 16553 14269 18929 12985 20659
8069 4293 8488 8851 17091 21173 25214 11176 15110 7433 12056 15675 25648 11434 7521 4376 11739 13833 18473 17467 14217 17128 4507 14795 11426 33271
19012 11446 5576 7506 21757 23277 20774 11792 16462 17724 14073 20069 4562 13370 16991 12825 17015 21505 14662 18484 15543 15870 15087 21602 16464 10159
8550 11132 14085 12180 18020 14025 31502 11378 9462 11938 11866 11427 19506 12629 4303 12519 19004 17630 11892 17164 31726 15355 11721 18777 11539 20768
14493 10268 8019 15538 19975 20058 21074 14561 13455 17748 15889 6228 3432 13169 2714 16672 15083 11159 5720 14252 23482 16802 10221 14287 13921 26878
13622 12714 19580 6223 12039 12304 10170 12033 18156 10378 10340 25999 20639 14085 3229 19564 12253 13721 18747 14933 13413 20756 6343 7370 12311 19259
8752 10300 19791 14835 9852 12693 31812 13491 7879 5807 14766 32521 14413 12273 30 8320 14627 6519 26439 10244 22613 20879 22028 14437 12243 18891
21538 13289 20157 18483 23265 7633 24746 18942 14392 17983 13823 35590 9177 5288 9480 10080 16864 12771 12056 11564 18016 19104 548 18344 16663 25076
9825 14646 12675 8933 14926 10262 20090 6816 14822 12619 17124 34305 11470 12433 16621 1682 15723 15996 12958 13888 14452 18974 26660 9647 19270 20460
12837 6130 20525 0 15042 12575 18097 6190 12032 17332 14830 17443 7390 14367 19695 22446 11900 14654 5137 17753 16481 24985 10992 18343 15887 21751
10775 9666 13547 9121 10711 7849 21375 8146 3332 19460 13187 16620 13178 12975 13967 20216 13550 16553 16563 11919 10478 16092 12574 11439 20832 11872
30608 9035 16868 5257 19199 2761 22060 6589 16916 10544 12986 10428 8522 11176 10160 5367 12874 19605 5123 16137 23724 21653 9318 12065 10524 14470
5497 11777 16274 10357 19975 14672 661 12496 16918 16637 14479 18364 13056 7705 18019 2698 10373 19037 29121 11012 13910 17859 21100 14615 11470 10739
11872 9967 15400 13576 15339 30504 17527 8567 12837 15245 15588 1580 7805 9009 14058 5453 14200 8103 9987 13716 21310 16989 14711 10599 20500 24403
20441 13795 14485 15385 22698 16908 8321 3420 12321 14189 11359 8781 19974 9584 17328 18131 17639 16786 10006 10964 10882 23859 19770 14072 3571 22830
17183 10628 20124 24130 16704 19103 32207 12242 18799 13637 11919 30527 7450 13731 7318 13030 16367 19409 15862 19876 25465 17794 15350 11213 4335 8457
17523 12468 19607 21679 18618 11527 20597 7909 26752 10099 9923 13849 15949 13485 11051 8530 19409 8082 15537 11208 20496 20011 0 12183 12938 26303
14943 10203 9283 19927 16573 2909 11747 8015 17923 18068 10831 21574 21230 12037 14481 19062 13249 16326 16126 13825 28757 16558 17676 10628 9431 24071
21758 13311 9179 31515 17615 15291 17405 5858 6143 11827 11974 25067 9131 13395 19380 14406 15005 12305 15023 12346 7976 17115 0 14987 25402 13085
18010 3164 7933 15947 16356 14086 17315 10294 18857 14800 9567 23486 17597 15262 17891 9825 18374 15636 20666 9000 25051 20187 385 18028 12270 27306
19952 9614 16254 24098 23934 9625 19442 13218 19219 12684 15896 20200 13553 10287 13039 12551 11133 17236 19412 10194 20713 20182 15752 10629 13126 14518
21531 12518 7977 9280 18276 19160 22601 4768 10456 16139 11458 24427 11331 11145 5527 4845 13747 13121 6841 7435 35361 18934 11430 11222 17173 6814
15570 11026 3091 16313 19557 11140 5948 10898 15365 8151 14469 19079 12308 9785 12516 17996 20545 19548 974 11909 24934 20264 20652 14941 14871 17182
17319 7644 11868 20816 12217 4761 18972 14890 37981 6047 17541 17663 7735 9291 18232 11508 16196 8459 20720 9712 32220 22709 11663 12785 6916 14462
12476 9093 12084 20592 11685 14485 30471 3635 9850 16813 11428 26069 11514 15824 28316 7243 16148 8939 8498 12617 10610 25700 13629 5409 5058 3769
16215 8761 18225 10487 17215 14338 18186 14832 7400 5990 11053 9295 17556 15348 7069 16573 13244 12847 14984 8029 21376 21657 11060 13817 11172 6474
13336 16410 13354 22295 26253 9147 3201 13454 23747 9745 14751 12318 9566 19180 11525 13636 11430 25560 23903 15993 17406 18857 240 19627 13866 6922
15664 12272 14832 26375 10706 12158 17107 18962 2852 18772 16558 6600 577 18711 19525 10063 19577 17977 25550 13841 16845 17203 13937 26599 17907 15409
21582 13506 23037 949 14659 16570 17349 11286 0 14263 11675 29231 17986 6846 18178 15484 17693 7688 10948 16248 9849 20220 18443 13516 8082 14180
15726 6257 9603 20839 11148 18558 6580 9870 5405 14819 13851 29723 11705 7418 11209 0 20379 15313 14891 12533 18710 25988 5959 16551 13182 12688
18893 9595 9306 29042 19672 10029 0 7381 7632 11969 10802 15959 19483 14037 19826 17519 15231 22923 4613 14865 2180 17119 10061 5168 22060 21433
13277 10695 15636 9291 25450 10 19084 8827 0 12632 13723 9220 3364 14480 15222 16338 17995 9971 20972 11374 17147 19839 6725 11776 9797 14168
14223 4497 7107 10129 13187 14111 24672 4038 5779 19324 16602 25109 4218 18797 23216 16964 11647 18012 4190 18645 24450 20020 8030 16851 12097 14023
12178 13641 20352 8152 13003 4682 17578 13385 10950 15618 15493 22933 23235 19742 12639 12097 14134 10274 21200 10975 14433 20614 10010 7239 8252 22366
11419 12095 5744 11561 10896 30200 19937 12359 2632 15421 15684 31764 9524 11861 9737 9794 17041 13732 17128 13739 20127 19227 2336 11030 16112 10165
9938 546 12174 2960 7313 10123 10080 11166 9198 18303 5329 31104 5206 11390 12942 8507 13373 15298 17913 16457 19154 16278 16472 12062 24268 19758
13408 10659 9474 20617 16827 20345 7180 9322 18943 13105 15844 7564 9019 13749 6279 18936 16028 11663 16725 19138 3637 22439 7533 11625 19990 11338
20981 14899 22583 8051 19462 21424 12720 7167 4185 15500 14022 16310 13322 12852 26816 3064 12192 10452 19463 11586 20682 21644 0 14687 23091 9772
18698 8542 14376 18800 18902 13811 20035 1061 14824 4680 11617 23029 13409 11163 5944 19958 16266 31468 18748 10575 28728 20938 8906 22857 7726 9606
20928 10543 6519 13552 15381 10386 13961 16005 23773 11710 10742 28301 8514 6247 14342 13577 10460 9951 4924 10104 19267 16532 12824 16665 15876 18854
7492 4758 23725 18092 19994 22592 18276 20492 14174 6198 12449 27207 15010 7123 5849 16059 16368 13912 24393 18808 11369 18254 12375 8776 15102 19607
13413 11967 11819 16001 18360 17761 29142 18995 14918 8512 17478 10511 13192 15310 21283 2544 8502 12172 8659 6498 29495 19935 16321 17565 17784 7359
15104 13064 11034 16763 17969 16232 18998 0 20838 18011 15233 11222 5956 9075 12226 9567 14882 12974 10420 10896 9835 23392 0 17021 22195 17796
12613 9028 13025 8600 12270 12703 8169 11545 0 8071 6354 25773 18576 13509 1571 18847 14055 14890 9382 9282 30117 15568 3395 18918 11178 8875
8938 8511 26503 5247 16542 12468 11517 0 23506 13492 22818 22495 20545 11784 11503 22133 16613 21252 16461 12267 23566 20592 2396 9932 12654 13290
23286 10996 15534 13490 11361 18735 19278 20504 15895 22920 16810 24205 6382 13684 0 25038 15476 17567 8056 9620 27348 16444 11132 19745 17109 23565
14059 13522 14074 13340 14241 8501 12941 16927 21045 9685 13161 16052 1691 14249 8786 12141 14368 8162 18257 11273 17465 18874 14993 10527 21946 3791
13261 6846 26478 20528 20165 21964 17197 4022 16282 15236 8857 12645 19029 16345 8722 21496 14499 16380 13521 17848 27347 20269 11820 14397 15516 19797
18062 16051 10667 18436 19594 20581 16011 6340 3706 19711 14559 13138 14249 11167 13811 19231 20401 11113 21309 9836 18672 18520 14207 19853 10275 1796
15193 10858 28205 11098 13164 12128 29308 13644 15389 12857 20840 3741 3291 16730 21558 16416 14921 18869 13694 16351 18030 21241 7930 13109 16436 3733
16081 11985 22625 18546 14757 17730 17156 5681 17129 13382 15440 8519 2258 8494 10642 14075 17721 13799 14844 16939 25946 18301 14618 8402 9918 0
15765 10892 26266 14108 19090 18559 14137 9997 20020 12925 11538 16171 3887 8321 16611 15670 17502 14479 17002 11099 29204 14805 329 20835 14285 16062
24262 8284 11356 16082 12943 13446 19220 9270 11779 13163 11419 13267 18867 6297 4037 12940 18033 17401 13451 10955 20222 18794 0 12578 14267 19713
16161 13948 28874 2566 9037 13286 18072 15130 6206 24441 13119 31975 8436 6563 16617 22169 16731 17480 6454 8101 18326 18263 20763 13552 20497 16313
23226 6114 8737 10634 15785 11330 18004 7898 16629 17337 13461 25118 20316 13955 20151 11097 13662 11433 12359 6621 19571 20470 0 11646 9620 12218
19027 18323 9862 23047 17032 8613 25877 16699 15475 19724 14078 7758 3443 16062 5651 13788 15289 17624 1069 8944 31192 19574 4337 19757 14261 18245
13450 13412 12740 9009 16148 17618 5915 18464 11844 12821 14793 12287 6958 8950 2290 7520 9604 17157 10536 15840 14174 15635 5578 13056 13633 19683
16443 11029 10492 0 15601 18278 8772 15347 9754 13384 8175 10015 20802 10083 19351 10915 18323 20152 2465 11495 23447 21866 7827 22430 15832 2641
8129 11233 14105 15092 28081 1808 7217 12560 4720 11741 14051 27717 29401 11832 8100 34185 12806 15676 2192 18536 7638 22185 1806 16016 14064 9286
10816 17637 0 7470 16658 9425 17454 21567 5326 8990 16149 17551 10044 12672 13379 16423 10701 9529 17824 16975 20231 15988 3769 15423 13680 23391
8257 5937 14951 6943 12053 9985 14452 14240 11120 14765 22243 16446 9083 11004 16229 10718 13130 6541 15803 16513 29834 24051 5570 17171 18803 13586
16669 10435 24977 14432 25170 14422 23050 16865 24748 12554 11906 12580 4299 14082 7036 18921 13166 11345 19215 16459 26097 23960 6045 22019 15898 11248
22701 17084 11215 10598 15656 7827 19044 12407 15913 9930 12650 17213 3123 14312 14180 11793 12510 19936 13072 12423 26440 24666 6379 18087 17425 17362
19194 7970 5554 13258 11051 10312 11273 12002 17318 13393 14040 21134 0 8788 17100 21526 16179 17289 15448 11989 31075 19952 22555 11902 11265 24444
14210 12364 9865 13141 17345 4022 3011 14117 8116 7604 15997 16922 3545 11544 4122 18030 15014 12562 11275 12135 10805 22701 17140 14152 9340 13435
17358 8895 16927 11917 11339 10384 24300 9850 11896 10725 12639 30391 8336 13607 807 12336 14563 16711 19220 13333 17869 14819 10848 13266 9595 5401
18992 14199 3131 22101 13127 3391 21655 6982 18428 11145 13504 3038 7683 15536 14401 23794 18247 7212 4881 13294 20001 15042 10273 20767 10762 14507
15275 8168 7525 10038 17773 14083 12417 3146 13725 19519 11776 18395 13674 19848 2144 23618 13632 15916 15048 13621 19433 19052 14025 14287 18597 13311
15433 11697 9621 18977 5060 17894 9472 15720 7358 18637 14659 30727 10563 5513 25439 26337 12139 17766 4071 10680 19919 23221 8167 11332 15260 23024
18889 6424 7592 14099 13824 12932 4133 12822 0 15620 14452 23775 5761 15593 15487 34539 15631 16603 13342 8596 11317 20768 12009 22303 18871 16684
25204 7777 0 22366 9135 18904 19834 16091 4616 11085 14258 26804 14001 9798 19087 13508 15731 5672 12539 16209 27870 17607 22468 12696 12065 0
15893 12842 11479 23673 14977 20544 19268 18704 14330 8555 17116 25541 0 17525 9383 21898 13961 19701 13263 6938 2169 19393 11978 12890 22989 10283
10009 11416 12219 15849 25423 10110 25202 11971 8172 18693 8603 18982 3536 9038 16418 8540 11073 4495 13070 18533 17526 20552 14336 21855 9738 17967
11291 4095 18262 4221 16977 12962 14427 14868 29199 10528 16595 6247 7644 9318 12642 22330 12769 20012 24508 13330 19450 16132 21247 9763 5311 763
25336 6203 24171 12638 18025 3215 18554 17430 0 15307 15941 27348 15361 8129 22587 16591 15024 8379 14590 6423 24708 16915 14275 8421 21935 22126
16939 7942 22727 19612 15433 15781 12721 16101 20074 8168 9205 37107 24061 15434 14476 11159 12380 22519 16565 12925 26831 18354 10827 25426 4552 23857
17507 7463 3883 6506 12981 17793 15147 15848 9837 13741 13295 20118 600 10566 5199 11678 12751 21273 14121 11589 28715 14360 15182 18203 26054 13038
25728 16461 13917 7897 9200 17903 18303 12403 14796 10522 14957 23539 15758 12755 13145 23066 11312 17503 8840 7992 13197 20308 16358 16080 18553 12082
21249 6346 17729 11333 9942 14989 8821 13583 0 6325 14647 12503 19934 10854 25859 15366 10355 7230 16946 23438 30591 18633 14577 23246 20649 33034
18142 8734 12253 16665 21182 14198 17320 8026 17850 20169 9784 28031 16700 12933 21073 20452 9061 13342 23688 14883 14920 22887 2569 13817 12124 19506
12246 14378 11825 15217 14897 20842 19951 7233 9312 18757 12576 21660 14042 12111 4924 15557 19766 8012 9447 12644 13289 20601 0 14355 23378 8369
19305 13058 16055 20756 15605 18002 8905 13748 16135 12860 14376 22401 186 12355 7521 21567 13406 14929 21222 13675 11200 24794 3943 14737 4384 15582
20271 10467 17396 18837 12996 25237 15307 10525 3268 10177 13755 10829 6126 15846 22552 18127 13749 20557 8320 11782 14892 17164 13035 13204 9151 15464
26508 9345 27412 14985 11176 7624 16998 14453 9414 17026 14583 19663 9344 13734 9388 15184 14489 15003 18483 12572 10244 17592 11662 16925 8143 21767
22709 18342 6246 18663 9761 6791 20099 17888 18332 13552 11232 13257 17608 4006 12027 22816 15595 18395 30533 13619 19301 17107 13362 22077 9909 17436
12319 8881 5892 28163 21873 2363 22998 9099 25031 15206 9762 10709 11850 14250 15023 18911 17076 17800 13123 15207 28405 19772 15846 21060 23276 6385
18020 10470 13607 8377 17695 14698 5463 5866 5333 15668 15328 14661 7617 12818 9951 10473 14132 6833 9487 14783 20712 14841 7087 15020 11566 23461
11288 9779 12878 15364 13220 20877 16011 13929 0 7692 14807 39003 20419 10867 17211 23418 10614 15758 25418 8347 14002 19812 7219 17006 11492 13050
16161 9667 5690 17526 14908 22558 11175 15471 16342 6229 20865 20093 28580 8771 16751 14483 14906 19551 0 11990 30895 21880 26321 17317 5285 14096
16792 8625 16163 17454 28351 7541 17244 10547 11151 26008 8437 10705 3848 12141 9204 11467 17648 14690 10316 7531 20616 18937 14824 19422 17897 19853
7558 9541 23779 17866 14846 10970 17495 10592 20217 8029 14368 18419 9095 11292 11603 19425 9445 15018 11200 14314 26184 19122 2397 7138 12947 20746
19154 10530 831 16962 16101 17075 0 17719 10156 7787 17899 7581 8194 11427 21006 17288 11556 28115 17240 7190 19210 17967 16060 7471 20138 11597
15375 13635 21911 23458 17140 15836 11017 16524 8119 11188 15264 30906 15729 13116 15775 22297 13948 20258 11916 13183 7036 20519 18404 22809 16391 18580
10968 11780 0 25619 17309 4205 36418 18973 12214 15854 11762 17517 25847 10191 16106 11371 14065 22790 15626 11352 15601 18947 10446 18909 18019 29794
23473 12033 17557 24291 26558 7694 5589 15956 5089 15362 9664 26187 3493 11814 12683 12476 16820 14465 20222 11244 19845 18031 12958 16091 9113 10539
9501 6157 8863 14526 15835 20650 13325 11906 23084 7721 11009 26533 19500 13344 6738 24809 13519 15233 25491 16757 22464 17747 5683 8724 16399 25734
18827 7668 17243 13816 17949 18480 8584 20587 3140 3445 14923 28245 18077 10830 11303 25002 11402 15219 13369 17886 7611 20068 5424 21036 9994 10275
12481 15778 10447 17145 18119 10576 22719 6712 33324 5657 14085 19338 34065 13915 6233 6185 12608 10989 10535 8953 18276 20742 13208 5553 6963 15421
10044 14844 16897 3997 12825 19531 7054 10416 16139 12949 13229 16547 19559 10337 19417 14191 15697 8954 27729 8833 14930 24769 23763 8009 14661 19748
21412 11607 12578 23082 19455 8823 27246 14529 18684 8068 14433 22244 12761 13512 10310 23120 15573 0 11499 14613 13913 19844 4769 14755 14540 10510
15418 7040 13704 18230 17128 9854 21182 14447 16833 8189 10176 17993 22771 10868 10988 8234 16996 15730 20626 10683 11197 26156 2762 10677 21635 17375
13065 8202 3057 15968 10166 12744 14163 12002 17370 18931 12977 45 10605 12819 22025 8477 19875 13246 12721 14443 25215 22355 14335 9414 7533 25816
12065 10542 21594 12737 22490 7524 8985 11923 8627 5010 11810 26008 15423 7904 10428 7617 14376 16176 13130 7499 23522 18284 2730 16668 18093 17786
10198 12023 14435 17565 10074 7956 16476 18655 15793 11448 13970 24290 9563 13358 13290 31030 12659 10096 14178 6520 22032 17985 18697 9628 3066 9100
17420 3030 913 16437 11713 16885 13922 8453 15418 18570 11637 8887 18769 13995 16740 17956 15429 8865 25980 11339 15343 21089 18288 15071 7291 8743
17364 12386 10053 10336 20227 14460 22486 15513 10325 15453 13225 0 4321 6569 7888 25068 21351 12809 14416 10844 24837 15766 5426 10519 11145 23005
24334 9170 6584 16169 17419 24350 18218 15150 9995 20292 17183 29215 13184 12826 1796 1428 12074 16208 6471 17574 1325 18053 0 19379 12949 9950
13191 13522 18480 22044 16329 19934 13745 16455 23393 10757 17720 15782 12183 11453 9830 13496 14782 13083 12757 17930 34786 20863 23032 22174 17388 26062
23091 10881 26704 13760 18119 18623 23962 18252 9714 12916 11487 17070 8041 7740 10922 17387 12550 11715 18849 10791 19830 18205 7334 10064 12583 28454
18499 7309 753 17185 18439 14570 14100 13945 15126 17265 16614 22140 10098 11601 11738 13825 13307 7270 14811 15988 25005 20216 11322 15654 18563 15466
22740 8955 30699 3266 8792 11556 16214 8855 13195 8311 10605 23123 12660 15001 10741 17494 12001 9316 17512 14657 14945 22202 9036 15528 25546 19902
12596 6733 5277 7935 11649 9554 1514 13421 15020 6697 15682 8556 16394 13404 25770 16772 9098 14068 19619 16803 10810 16387 16695 22716 11828 7741
12728 7287 14077 9630 17073 13051 13165 18615 30795 10212 16135 13089 13757 10848 6941 1083 12887 21843 10135 15448 29550 21395 7180 20469 10957 11854
12433 10787 16098 11442 22671 6916 10358 7442 15273 10307 14270 14719 17526 13746 8100 18796 12728 17053 8547 16683 23638 19176 24871 25122 12003 18508
14156 10280 16778 23825 20534 17729 18500 8365 11987 8536 20146 17425 3856 6389 11139 12681 12232 11702 13648 12349 20966 20871 13543 19183 8273 23483
16971 16831 123 28023 11664 6254 8936 6786 11047 15468 10085 16106 18486 15849 14552 5895 17358 21565 6429 11676 12691 21311 6715 7123 20889 14741
12693 7791 8656 12031 15111 14840 21753 12559 8224 11940 8318 7404 21606 8565 13690 18804 11454 17207 20238 11449 16774 19091 13128 20882 18561 12213
17597 2877 10724 8944 20915 0 21877 10357 19314 17451 18023 11338 10467 17190 10306 15714 13682 11351 25636 12525 26659 20603 0 17063 14729 14115
6070 10354 12971 24178 17058 6594 11418 15764 22817 13123 12278 13369 18700 15813 15500 10991 10941 14061 17058 12255 8691 20064 15381 21604 15351 22599
17721 13289 3472 20360 20934 12689 21551 17128 4477 19184 12695 12453 19509 9853 14679 28924 15201 15273 9363 21469 23843 17555 28267 6052 12179 3597
17657 11818 10400 22252 16092 17906 11410 21291 21695 8097 12960 29088 18350 12537 2998 7701 9813 14919 5654 10425 35911 21866 18093 12795 6386 7213
19223 6553 17182 21503 23151 8871 17527 19902 7985 3530 13579 8732 22209 12495 23314 29294 17445 24523 9530 5494 29275 18289 17273 15173 19006 21849
15912 5742 1293 12862 12536 9351 10084 19287 12052 10768 12924 28716 4140 8326 18663 34926 16340 12686 15195 15586 19472 20121 4510 14937 21704 14726
16198 11216 28679 16679 18698 8047 10442 6154 11605 13574 12076 5960 8699 12891 10161 26456 5812 14793 8937 7547 18528 15469 23445 13195 19312 17048
11600 4465 27273 13907 20711 10645 18842 11594 18411 7505 14347 15584 18621 12460 10458 20118 14748 18041 18932 12862 20925 21754 0 17978 15966 23805
18012 8444 24635 15470 13322 10936 22896 9453 15030 11715 13733 26417 5942 13124 11567 10702 12185 15462 4951 7584 7014 17414 12572 25489 3854 16970
19454 12140 604 15598 18055 19465 17836 5151 11858 0 20649 20817 2736 13123 10772 21619 18376 14479 22375 13879 24187 20223 12261 6607 20192 10322
17472 14998 0 6707 13477 20005 20859 5676 6491 9975 14705 31111 21640 14979 17824 21345 15772 14557 13002 18723 22614 22131 8466 9002 24767 16291
21477 7482 10090 12900 14684 9344 16158 7182 10831 14007 18109 16260 4376 11531 15562 11708 19128 12802 12789 9370 10736 17827 11869 18871 9146 15112
17574 12763 15286 4651 24111 22489 17008 4093 16092 6327 14224 18327 28700 12127 8604 6591 16985 23261 5388 10312 20478 19183 2939 21742 23199 22375
19324 10609 24802 14090 21463 19958 22489 11152 1702 13418 12819 19417 16381 9233 7419 19609 16000 20681 0 16837 2230 19086 21973 15182 14023 25394
9594 15760 15415 14281 20961 24667 17123 16361 10037 7907 10628 14185 25000 11378 23401 3538 12559 12176 15996 14678 20968 17486 0 16653 9041 12106
16979 9172 4180 16902 23232 16974 15464 11460 11000 11358 13365 24896 7608 6390 8401 16825 20026 6222 20178 18688 21661 21912 3741 17810 9767 9533
17566 11737 22947 11922 19123 11079 11068 16519 14484 13474 17829 11189 17773 9552 4359 11627 11010 19639 11415 2944 13791 16123 12243 26736 12323 22129
13840 6553 25794 6510 17795 16823 28525 0 11080 12046 17874 9897 23339 10624 9785 9428 15579 16421 0 12191 13558 21174 4411 13479 11426 18897
13067 11979 25713 18698 8203 22563 15657 4975 7659 14273 14673 19312 14310 7817 6065 18023 15181 18626 17780 14206 16324 25543 12684 17539 16808 12284
18293 8778 6312 15275 19151 13256 13975 8352 7536 10300 17810 28478 15081 5885 11549 24957 14303 19779 8561 14249 18680 19065 22101 11027 20278 17363
10672 10843 18253 6646 17836 18581 19641 7695 2047 12991 12330 442 7329 11579 22116 9238 7997 12772 167 11663 1927 15400 1130 14722 20424 23126
19337 11083 7038 8335 10366 13851 10057 7809 12747 11602 14809 30022 2953 13726 8527 17306 15418 9696 16799 17636 28729 17499 9035 19124 6057 6527
15767 7930 10313 8067 14586 0 15203 13623 15646 11075 14021 29231 19772 14208 15647 16610 16219 12092 0 15181 22186 19073 8785 16933 10872 2094
19706 7912 16285 16386 21142 11975 24081 10586 7709 4481 7192 20062 13851 19344 8845 7234 12747 10111 19210 8295 20869 19105 10044 14182 13045 14945
17117 11131 11183 12329 18552 16621 20454 5276 2665 22990 9572 29284 26566 3704 7875 24195 16636 23389 7052 16795 15874 20350 20953 21014 9587 11866
16048 10881 24701 12299 15443 8617 13579 15366 8854 10467 16496 27184 6679 12294 13125 8124 11336 13561 5843 8928 22036 18603 6089 4323 15429 21841
10782 10903 20238 25975 11609 13536 11012 11140 15228 13494 13941 24162 6972 13480 7119 15564 9991 20863 0 14710 29079 16087 22733 18556 14885 24839
16600 14144 16004 16560 24098 10572 0 8531 0 15810 17842 22030 22871 10631 10979 15183 15581 14155 10286 8272 11576 15776 20681 14959 13971 14063
23201 13975 20884 12864 23861 4018 0 15358 4523 12080 20661 15174 17282 13397 13724 20947 14426 14411 0 17879 21432 17471 25161 18413 9932 14754
21769 8219 20727 9365 19890 7401 5566 16389 8829 16655 15405 12018 11179 11478 23256 12021 12844 14681 6969 12489 17926 17232 11383 23070 28665 1364
14673 5214 10987 13565 16797 24740 10469 10361 7556 14893 11639 10790 11639 12231 5634 15241 15378 13165 14278 17135 21154 20482 18164 11536 17423 11352
19244 8707 14810 9796 23713 13691 15625 5710 9884 8980 13956 18769 19455 10728 1333 16300 18832 13496 34534 16370 17265 18897 13450 13764 8623 14381
17931 11354 410 7011 9888 9039 20866 16542 27810 13399 13552 11710 5283 8759 8583 18346 12588 13335 14326 16813 20866 18320 8592 13105 16845 7277
8228 6922 22740 15779 9152 27322 23936 15234 8058 10904 11059 9415 16606 15150 14908 8555 12850 15633 22231 11462 21719 21244 12238 20623 11781 19617
24789 8238 9943 23780 20615 22166 8544 11438 10896 15580 13591 19038 17555 10982 13812 12519 18756 16393 12927 14442 9623 22015 12894 19602 12205 21813
22131 8346 7207 1152 18530 10972 13996 17250 6397 13179 14628 12147 27410 13077 9921 12332 13838 20315 17783 15818 18747 15943 11693 20185 15745 13132
15773 11986 13762 13465 12108 10873 8840 12807 6838 14931 11051 27066 21877 6384 9872 22922 13745 20582 18789 9281 19307 20967 23487 11886 12560 14433
25332 12713 16523 19867 19364 12224 24411 18692 21567 11019 15706 15254 22537 11482 5799 12198 18812 18605 11127 12508 27832 16127 12074 15051 19016 13915
19667 9290 0 1725 12298 17692 4430 3875 12032 12343 15399 32305 12820 9816 663 13073 14264 15148 26640 9972 27107 20376 14509 16003 14032 11349
22770 10951 10096 5444 13689 15555 16468 14534 9194 13447 9851 24548 10224 15660 12450 20071 11865 18204 0 10037 16770 18223 12687 14489 12460 27875
13925 8708 6577 17505 18505 9212 15255 20389 1011 15823 8090 11925 7695 19318 14491 7600 13296 5326 23558 8660 21885 18550 21583 23964 5781 13871
8184 8260 19795 6310 17068 7201 22195 21768 8114 7373 8302 19519 16035 13959 11687 17440 18047 16879 8057 9954 19782 19307 8930 24187 11304 9279
17942 16772 8216 2429 17693 19579 11367 9383 11823 11863 14528 21539 4643 15676 720 17795 15558 14458 8784 15088 9568 19328 18262 18557 9924 21754
20375 15549 23876 18165 11617 12775 12683 11184 31963 15910 13150 10732 10646 15475 1261 16911 12918 12724 15674 11838 17683 19861 15109 10596 16621 10047
18699 8257 17338 17630 17729 4099 9858 11387 18522 8692 15680 25780 11573 7900 8882 9375 13220 12556 13004 16054 15785 16918 3567 22736 13852 12795
14762 11333 5984 17388 12809 7047 14952 9585 17120 8112 19377 21181 21333 16481 12003 28546 17067 19619 23801 12021 11125 18970 8243 21076 12615 23230
18560 7619 14402 7410 16767 20701 16949 14123 0 14212 9707 30321 11682 10551 8614 22134 14588 15069 13175 15620 21150 18626 13803 21090 18719 14405
15601 16083 44102 18879 12968 6910 21269 10663 16948 9583 13898 21053 30863 6629 0 20159 15719 17470 8560 17891 22586 24655 17925 12084 13388 9980
14611 10198 13010 5893 14037 10307 30348 17480 12580 21161 12848 18008 10884 12300 10159 15792 15325 12323 16571 13578 17156 17466 23825 16535 18075 23871
11753 10556 13907 9739 17671 15461 11722 9751 22742 9617 8584 22435 3754 11904 12630 11034 16085 17766 15833 15371 32712 18419 12741 9490 18957 20507
17404 8103 14842 20927 16662 15304 18038 10992 7012 15940 12925 17475 0 12747 14282 21374 10893 21443 15567 16252 19784 20828 8732 17178 14812 20553
16946 8871 18567 4621 18442 16617 17955 15677 13910 5855 9665 16136 16532 11729 11867 25113 15699 18775 23129 13964 17470 17433 8103 8725 15079 17518
19585 12827 14240 10726 13248 17789 10282 14017 13246 17626 15721 21012 22811 9196 16195 16147 11893 15372 21028 11499 23404 22859 12382 22397 18697 22329
17415 8840 23042 21354 14067 8442 13026 12641 17687 9447 12611 15539 8164 7890 21118 16967 12633 13084 3374 7853 14105 20788 14903 13758 7931 24430
17265 11867 11545 13040 19170 6679 13074 9305 9491 10343 17166 23985 13657 16290 9686 5549 17343 5160 8146 16524 22579 18791 19898 15581 17264 18196
28307 9402 5090 7950 28902 14688 17708 8785 14028 12022 16822 34527 7655 11895 13121 25861 12067 18786 12444 6311 11200 20920 199 16501 24554 17584
17162 8234 13780 16605 17306 20153 22968 4914 0 10752 9600 13487 8021 10975 14590 17124 16503 5340 22623 9834 33119 19696 4511 12302 16177 10082
16805 9848 3780 20157 19626 10568 12442 18703 8255 14602 14596 12604 20338 11434 14781 6059 21521 13146 23175 12163 19388 18930 12942 25707 9079 7871
16863 9422 37474 8631 11800 21290 7830 14423 11265 17005 11191 16091 10245 6387 25798 21394 13483 11108 20256 18328 18738 16440 6358 14278 11297 11451
15640 7877 12557 19677 19615 21617 14982 14232 6818 6747 11322 9851 19827 11945 7820 15733 13225 15565 20101 15473 11935 16654 4709 14870 20064 30954
14982 10407 6851 24596 15081 11957 18032 9425 16755 13925 10880 27754 7446 16386 19614 12685 16760 12464 20758 8918 10336 19795 8607 11044 15403 0
24534 8448 22485 26526 16704 10880 25469 9623 4549 15145 15934 20466 6582 9463 11860 17227 15664 17020 20288 14511 14807 22314 1426 17301 13331 10701
13266 6725 9859 22297 19218 10898 12353 10536 17739 8132 18986 22286 10719 11574 6704 1584 15088 16114 31550 13724 8830 19381 17553 14940 18807 21638
15719 4306 14810 13377 20318 37043 5443 11377 6725 11193 18121 27620 5055 14812 25368 14950 13649 10520 12189 5585 12988 15826 3059 19233 22722 29582
21855 11712 2947 16133 19332 16458 22714 13733 11553 17031 12761 23159 3972 9439 15208 2766 15663 9771 17568 14825 24877 14543 0 24321 17475 18365
23507 12145 10296 24233 13396 7241 15169 14460 12141 15050 10559 17311 14047 10939 17290 16236 11794 5834 15350 6022 11530 21544 11949 11265 19228 3357
17165 5109 21266 20351 15640 15734 6670 15041 20671 9651 17269 19866 6640 13514 14564 30953 10880 10069 18175 6578 21919 20665 10999 21550 17521 26384
16297 9571 15431 14544 17460 11560 8360 13743 7981 10114 10465 29783 15463 18406 16268 10645 21571 6461 2318 11654 18210 17943 3099 21130 14888 14112
17734 13095 15266 15286 18749 13625 2328 8043 18427 14195 17640 19947 980 14010 15991 9108 9633 16867 6857 13363 13510 20303 4354 10059 13319 12481
12882 4914 15143 22504 18569 8956 22529 7659 14285 8074 19625 19540 19011 12750 12226 28823 13892 19991 323 16754 19920 18428 10886 24414 17731 14861
17970 11512 8899 10081 13156 12683 18733 23182 9462 13083 14569 30224 8806 10105 10086 13960 9753 15115 12176 11483 25978 20132 12922 15784 19207 18877
12473 10032 15095 19102 21104 14042 18749 9493 25708 13298 9179 21760 13291 15385 14052 15115 16738 20367 4867 15604 6636 17147 11919 19532 22993 22489
17203 3915 9151 7319 23345 19455 13432 21703 10689 13477 16173 15092 11271 5500 14041 15215 18166 8634 1910 13207 30267 24021 16031 17809 16454 9137
12701 8061 19085 4951 9703 15602 10005 10648 9994 5594 11944 5882 6403 16453 11790 21239 12165 6670 6345 8839 20326 19981 17498 17926 8868 28202
23113 11984 8466 8402 19085 20650 8053 13941 8808 11750 14809 14546 7418 8794 0 0 11440 15196 5183 11062 13405 22546 11974 23033 20246 22077
16616 7273 1564 10780 17061 7266 3526 16541 4192 12645 15323 20607 7076 19378 15888 5471 13336 24883 12800 15873 16671 15295 21337 12707 14748 4544
16944 12120 18559 17847 16266 20143 23339 11630 2891 15107 11122 21245 8741 8024 14843 15526 13256 13162 24152 12404 21627 21926 7507 13125 7934 11463
5108 11006 25164 10786 10593 22102 20362 12023 13792 13064 14027 17089 13517 14553 13380 11060 13020 10402 0 14375 19230 19615 18701 14429 16974 18777
13667 5514 26 23411 10916 12528 13368 17196 18271 10001 12878 23456 9758 12258 18878 19935 9535 4767 19046 14185 20236 22752 0 11705 18277 15137
7805 5597 15316 8539 16762 9892 16825 13216 7726 15845 10621 14359 6474 14193 20126 29625 14281 9059 4963 9448 3669 22849 7621 16625 17460 23096
23362 13536 7954 13879 14378 20352 4355 12166 24519 10581 16755 18938 22318 7904 6345 28756 13654 14487 16538 11306 16159 18436 12501 19469 4595 17045
21628 9934 5532 18101 17169 19468 16900 9351 16816 15276 17690 15417 19568 10060 9763 24839 11133 12676 3680 13003 34292 24111 13861 16743 17431 11007
10482 13726 27498 12599 24745 9533 19264 9997 13105 19301 10277 5369 32947 19252 21342 12377 15804 18649 15863 7466 18029 20374 263 10130 17942 14202
21401 14105 11290 7614 13387 12030 11546 8465 12758 21269 12036 31056 13401 13730 17264 14695 15325 25362 8733 12757 30821 24329 29824 14144 17975 23912
15914 10539 3992 12567 11438 6417 20108 12315 13916 4858 11780 32021 13782 10121 11744 9397 12788 8825 18582 17376 15798 19086 9247 14885 8446 8447
18297 13021 23908 29215 8409 12111 14563 16048 19696 12210 13480 5563 6616 12300 11943 10488 10999 14480 10710 14994 12212 19416 35225 20338 17054 6330
16788 4919 19408 15338 13158 7348 16604 7882 11718 16786 13082 22402 13142 5815 10493 10413 15040 8489 16237 14785 20742 20396 15790 16558 20395 25216
19524 10564 17516 5395 18607 21592 23891 15263 0 7930 15857 22463 2473 7451 7968 5369 15864 8877 3243 14401 24923 19804 7341 13959 21158 21447
