365
71 52 85 51 59 12 14 18 82 29 46 62 9 3 16 9 6 77 63 68 80 68 94 99 66 65
21050 19865 12864 19140 6778 16405 15829 18400 19947 15756 11886 16561 12495 17140 8720 12742 15478 10331 8144 17220 14556 21170 20627 18837 0 13097
15216 17963 20317 13152 21344 18454 18558 12487 21265 10016 19555 10523 15942 13335 14728 14706 22784 10828 9795 7247 8630 21212 18513 18467 10805 15345
19591 23811 17219 9518 6436 12013 22979 17875 14708 13991 11376 10119 15835 19944 11246 18213 17097 7999 11133 5816 16992 22334 6247 20847 16150 16030
12573 18855 17997 13018 8826 18471 9537 22174 21389 15280 17123 14285 13397 22799 11821 18605 8912 13347 9973 3443 19693 21271 6238 20479 0 13120
5855 18938 8558 9368 11435 9206 22851 12443 15853 6492 15994 13139 15332 16642 14023 13478 26844 14003 5328 15489 22126 14789 27879 17858 12958 13862
21965 14040 11861 17862 14767 8349 12436 18336 14464 13697 8396 11883 20172 17282 10342 14650 17583 8489 5950 19014 17785 18831 17168 23309 14936 12282
22848 17357 14465 16747 16577 7639 28777 30807 18013 15199 13384 12224 17246 14728 15645 16555 19680 10465 9791 12796 19844 15510 24890 22127 19353 13497
11708 22566 14740 15650 19466 12814 19531 22395 26703 16312 16426 14579 14782 18566 19906 12554 14505 7920 7730 17628 20050 18272 7260 19392 14420 14563
7917 17337 17264 11573 27650 15473 2068 24202 20240 17376 16223 18641 13925 15687 13583 17080 21540 14119 12298 16043 26230 21253 11844 24363 0 11537
11122 16762 15106 12733 18037 21840 13076 13938 21315 16703 9744 14360 17828 21247 15910 13666 15463 6378 7416 17718 23901 19174 21799 17322 10933 11382
22448 24141 13709 8177 16772 28039 11597 19277 11417 19378 18264 13514 13507 18203 11753 16791 6502 11797 14945 17623 17477 18012 21922 15092 11924 13606
11969 20278 9756 18916 15584 15208 19378 28348 12684 15219 2672 13279 15447 20081 12161 17289 23621 11704 8159 19048 16253 16453 20649 20577 14183 12057
25279 15649 13503 14063 7297 8087 31187 2405 15261 20487 21319 9760 16626 17889 6442 16001 13655 12660 14423 24238 23781 18510 21371 18674 11548 16760
19215 20898 6668 8587 10102 32594 13959 18223 21295 14145 9797 11939 16210 19811 16297 11391 11270 13700 6710 18132 21945 17576 19674 18817 13861 13201
12631 21098 17710 8364 17289 20553 13915 18783 18692 13898 13299 13963 16141 18684 13043 816 10492 11752 14752 0 21004 22896 15204 17519 12132 14473
15320 17559 11070 9250 21317 16506 15439 16641 16472 19679 17224 7924 14702 19639 9112 14059 10734 14698 8621 16354 19107 15869 12438 16576 11533 10659
27223 17716 12192 10204 1907 20891 20990 10704 14082 18946 13487 11068 17732 16355 13327 12671 23310 10798 6015 13263 11966 25955 4978 15225 1593 14193
19443 20078 14281 14467 10916 27504 20534 24513 17184 10476 16018 13635 12762 19919 15709 18222 12121 11801 12224 13726 13840 20301 16679 16808 3923 10077
14574 18564 14808 12621 13859 13975 18002 12342 22474 16114 15284 11576 15101 13370 9966 12872 18184 15305 9080 18663 23998 21021 12367 22693 11410 18458
2288 16664 13141 12144 25850 10714 10071 21314 18632 17226 19350 14133 11437 18128 16575 15385 15428 10527 8719 10012 11529 22879 13196 17843 21732 9081
17349 17905 13154 9221 18105 25065 1414 13384 20257 11003 14694 13920 16149 13712 15411 13975 22387 13216 12485 25484 15540 16441 20953 14925 24675 10828
19384 17765 7790 9563 18096 17582 15116 14885 13571 13430 19585 14846 16929 18306 21656 15016 0 7627 11304 20363 23873 19769 17245 17709 9274 12968
20373 18009 12365 13017 4445 21335 10707 22986 12486 15179 9659 12618 19095 15945 16682 11932 19702 5158 9217 5488 19350 21706 14542 16272 15729 14995
23554 16751 11376 12670 20514 16529 13220 10804 19943 13505 4978 15372 18052 18247 9626 17420 19654 10964 10556 13051 16761 15218 19260 14505 20251 14085
14822 19439 18015 13257 16360 25825 11760 10862 19562 17041 23675 10611 19592 17990 20619 18823 20768 7876 10650 5286 27599 21516 15609 20335 6068 14686
16357 21521 11146 13049 17996 18281 5704 13585 17763 15525 19625 14538 14643 20143 7754 8355 19817 10750 7529 20227 20239 20076 13778 21933 7066 8915
30106 17755 17018 13993 12988 16543 2295 14606 13993 16778 20709 17195 14802 17028 9967 16274 14958 5056 8520 18554 17621 10911 13252 11910 28340 15111
17417 17007 11262 14340 16410 8028 11235 23110 12806 13264 12999 17029 16979 21370 14284 14642 27161 8729 8109 10208 13159 16572 12697 18726 14226 11762
15374 17908 11306 10444 11563 10928 14366 13725 19516 15239 9380 9418 15860 15873 10243 20073 29663 8455 12199 14463 23748 18943 10238 16928 14641 13697
11751 17085 16440 18945 10299 28410 4919 20081 14753 17033 0 10849 13998 18264 11968 19482 19703 4180 5840 22994 15108 20418 11287 20060 7290 14758
5100 20817 16719 8937 10446 17402 28437 24461 20441 16581 19578 15062 10054 19664 12296 9085 14688 10927 14324 15428 14166 22208 11213 11018 16997 15067
24809 18520 7056 10147 22347 22628 8998 19421 17296 17411 15102 9785 10998 18090 14259 6097 10907 9509 11008 8974 15472 16610 18951 19804 7550 13841
21582 15372 12425 9560 4939 20860 2594 13717 24063 15005 13557 14878 17000 19173 19440 14870 22994 11022 13173 18603 21252 15465 14491 17802 11704 13980
28147 22845 13761 10334 9304 24283 13366 9743 16540 16407 24113 14439 10841 18016 10292 15124 26138 12426 4020 9822 22955 19192 12565 22438 11748 16671
6844 16749 7115 14986 8859 24049 1053 20408 19470 11781 16709 16910 16025 18654 10191 22033 33664 10232 18125 19320 13616 21392 19525 16263 17015 13037
7449 16979 9612 14430 12168 14153 25969 19526 19078 16465 10997 12335 20495 18156 15662 7681 27529 8516 2862 13468 16757 18906 19502 13420 2630 14654
12425 22537 12451 6260 15083 26446 8821 14763 19472 15280 14272 14755 13612 19598 21111 18926 13635 6121 9017 11333 22042 21091 8848 18199 5692 14968
22292 21923 9045 10587 16007 21631 16862 14415 21071 11911 4215 11947 15296 18623 11855 21717 12685 9077 15250 12945 19275 19647 12592 23132 31777 10498
22608 20863 13210 13349 20218 10507 4739 17764 12238 14265 17729 15522 12080 18797 15865 11357 19897 11205 7732 16096 15708 14263 26727 18661 12325 16081
26390 19368 12667 13963 16073 10838 17541 20563 12381 15468 13893 14033 18729 18948 14228 15848 23563 6665 9152 14798 18375 13915 18528 18863 7248 15556
20170 13253 17746 12812 11589 11417 6933 6855 19143 16243 9492 15006 15271 18787 9693 16069 24273 10776 11991 16604 20448 23743 24026 18626 22089 15906
19932 18278 14588 10152 9755 11018 7707 16703 20845 15684 14080 9106 14329 16130 7540 7841 18930 7116 7866 14679 10267 20063 14530 22657 10065 15089
25998 18345 15478 9155 14479 26691 17596 14515 13612 14452 13625 11452 19496 21571 17970 12938 16385 9953 9676 19610 16004 20845 23053 15071 18397 15865
21038 21000 12444 5721 16278 9523 17476 20928 12644 14194 16713 15312 14411 18455 7814 16507 30249 10089 12803 14666 23024 20257 12097 15455 19154 12751
15493 21637 11731 17787 10851 10164 26548 6083 13458 10789 7865 11251 14159 17980 11669 7779 19042 12692 6763 29149 15976 22165 8096 18892 13494 13057
13830 16056 13920 18562 14341 21999 27407 22016 16887 19939 20384 15773 14626 21177 11200 26061 7581 10275 10125 10451 15053 20535 14192 19564 13887 11607
16012 18335 14898 18172 17271 22206 17261 11250 9916 14136 4538 14770 12270 19272 14149 10760 17098 5317 8757 10858 17867 16531 9925 14436 10390 9971
27159 15711 10396 6839 18147 36633 32472 15373 13254 15762 14852 14122 13524 18331 14567 12307 4002 15844 9781 17577 19060 19478 8334 15577 20170 13676
16539 19497 13110 15791 22445 19336 18753 13087 18714 15916 10918 14759 16344 20107 9330 7792 21061 11532 9040 16014 17949 18113 17173 18504 15229 12334
19464 20923 12462 11596 12011 30833 5499 23265 16759 16899 16118 14582 17171 21542 11948 14186 10677 14432 6064 2952 18089 17652 21499 21763 16821 9556
22608 19232 13892 13150 13757 21265 11603 17954 20007 15056 4616 11502 18899 20462 12495 18775 12058 8591 10582 4477 22074 15951 6502 16875 22677 16341
10901 21335 11817 15950 4975 19076 15632 13084 16069 18743 9858 8020 16810 11770 12156 21424 16516 16064 12791 7103 21302 17689 9222 21448 19030 8051
20620 18672 11190 10957 10379 17144 16827 14215 15426 18732 14702 12251 13181 14835 14847 24810 13931 7671 15189 15249 20831 20909 11084 17641 21382 17204
15443 20046 14167 6500 16017 22727 3793 28254 23698 11258 11509 13317 15021 21306 17176 0 17045 7056 10502 8677 16154 18084 5301 14638 11364 11203
17592 20737 18822 8606 27422 6412 12216 22875 16454 14367 730 16166 10948 15719 12526 7635 17733 6575 14162 19007 10834 16355 22180 20465 18271 13245
15638 25230 10593 11213 10854 15792 13073 16693 9659 14637 23348 10496 12200 17581 15431 12072 11880 15818 13776 8995 20318 16623 18351 18272 15464 12853
16287 22487 16642 14208 6958 4006 19929 20496 22923 13144 22851 10400 11425 17791 11773 17445 16327 11887 12434 28726 21449 19654 13365 16309 15871 10795
15075 18203 17145 13871 6674 15346 21672 3509 16289 17439 27743 14140 16517 21032 18997 11698 5524 12142 12587 13540 11825 15256 23825 19021 17582 12389
15825 19788 16842 18738 7346 41445 6147 18964 22541 12566 16281 11906 16831 18509 17829 14197 10263 13507 15339 20229 19453 19037 24079 16825 0 13117
19305 20177 12955 11079 19126 25548 6346 8163 22813 13255 4708 16749 13808 18524 11277 7922 26514 11118 8352 20548 18593 18222 23057 16547 15124 14623
17638 19971 10075 12309 12932 30422 24982 10481 9391 14263 19361 8702 14169 20410 19013 19693 4937 15488 8636 5724 19530 17686 19909 17550 23479 19896
23625 15623 10349 9545 4611 19437 13102 27129 10560 13632 14561 13647 13616 17328 12157 13059 17769 10938 7050 15199 17331 17324 20025 19813 6318 15683
19642 17295 15437 8378 30979 17237 12712 9982 22066 16138 24114 17336 19105 18896 11330 17077 27187 11547 12285 17722 16573 20570 28347 19815 0 14179
24695 20325 11608 7853 13884 14131 6944 14651 25522 23335 19841 9343 20585 16079 12820 21150 16055 13447 11458 13450 15602 21613 9882 15167 15158 15697
31348 19710 17449 16234 11616 32550 16387 27625 7142 13978 1725 15364 17388 20706 8620 16121 15890 12902 15729 16859 18246 14220 14593 14888 14440 13244
13497 20731 10352 18214 22425 8043 15739 15197 15272 17951 6424 9231 16558 18131 14350 12233 21940 5174 8145 15795 20874 19352 13259 17342 9653 16070
24156 20141 14081 4175 17996 30869 3381 12658 12215 16359 0 14391 13060 16157 16033 5494 26457 14760 6342 17941 17106 17746 15197 17304 14067 15010
10798 18625 15293 10940 4549 5469 19486 9928 16220 17148 19663 13137 15878 18814 12616 15733 23561 15907 11455 8711 15131 22059 18078 13894 3528 15655
13871 21176 16901 16933 13980 14115 16074 14108 22656 14700 12969 16776 16475 18391 18300 10721 7803 14423 8279 16507 19666 19524 18265 18658 10581 13810
17057 17405 6167 8096 3016 23214 11848 18521 21441 15937 14897 11298 16522 14399 8900 19171 9474 14355 13732 13080 16314 17203 18201 24021 11961 12912
18226 18922 11301 17393 7648 29705 11185 15486 19649 8598 11553 15778 15113 16962 17793 12234 7050 11347 16642 13380 17190 16301 13316 18697 20260 12682
13117 17796 14933 12586 8546 29968 16065 19218 15478 17844 25513 7888 11947 23694 5776 15297 21493 9815 12207 8418 23544 19889 22709 14776 106 16169
28467 16943 17462 15655 4795 19846 11663 15028 18325 16073 8142 17184 13665 19447 13405 15705 25478 11853 10177 12187 24768 18964 10660 15159 11593 13771
19844 20641 12203 6096 19360 25999 15514 14896 13902 11941 25811 11143 15542 17371 11209 16207 5453 3298 11038 14575 21633 21177 2074 16514 10445 11584
14728 16535 18379 16223 11489 10925 1052 23061 15178 11143 20572 13287 12815 17300 6519 10375 16291 15787 10564 9748 19815 19765 14139 17924 21951 10114
12745 18665 12750 15087 12810 17857 21066 25770 22495 13290 10432 12891 12030 18403 9502 21649 20857 8799 11651 17639 16441 18798 19620 16317 13840 18171
22997 19092 13216 15355 12721 24190 4190 13535 19945 15671 14887 14810 12234 16206 13204 22852 17961 10385 13295 18280 7545 19712 11911 20923 10590 9737
18038 19364 14154 12869 21120 26325 8320 24708 12992 12621 16282 13748 16915 14761 12952 10530 15072 15016 13547 17625 18894 22803 18108 19628 10961 14953
19529 22435 15169 15437 110 7693 26054 20734 17014 12587 9574 12889 18568 17723 12568 12932 18704 10927 10079 11826 22723 17339 18302 18152 20990 15401
19171 17343 12689 9379 31991 19834 15897 16504 14671 15080 20449 17885 13449 22694 11643 6623 5133 12065 11322 13141 17262 18972 19164 17728 10861 14792
18477 11885 9600 18672 6497 15659 15318 31868 18598 11775 15033 10101 14127 20841 8835 18381 18231 10442 13461 13283 20811 14080 22295 17459 18682 12589
23086 19020 13076 18935 14170 12527 9010 19341 8815 10846 14491 13908 17361 18288 6606 10874 7099 15614 11113 9624 16984 20242 3495 16451 22020 9482
0 21671 10323 5861 19751 28016 25229 13873 19043 8996 13410 14909 15434 17384 9893 16922 18774 11935 10123 15656 21062 19312 6120 19832 15714 11498
21938 22877 10574 17042 10194 11453 10761 14179 18910 16817 335 14713 16205 18563 14362 13770 23248 8013 11736 18946 15816 18504 27587 20953 15960 14714
25077 14735 13708 7897 13550 13805 19078 20563 19631 8881 22224 10238 14881 16366 9604 23262 39317 7531 12068 8408 19580 17610 8312 14923 20612 10078
19801 17470 19356 19805 14450 20023 17062 20548 22115 15379 9392 12257 17876 14582 17508 22917 30705 11396 10504 24899 25733 22085 5382 16722 1022 14754
15117 18392 14813 15014 16600 26871 27832 26385 13788 14460 12084 7855 22031 14825 12399 10889 21939 10502 11753 10866 19000 16698 12495 16913 13591 12513
13525 20464 19855 16305 16877 19255 14524 19233 17219 10756 12392 9528 15119 15641 12705 10295 25271 16257 15278 18806 13061 21935 9367 14350 4019 14180
14727 19567 11910 18363 20178 21276 28771 12893 22041 12361 11204 15748 20182 18215 8493 20573 5203 1744 6455 11802 21430 18308 24013 15778 9606 15454
11547 16724 16252 12721 11970 16184 24679 18057 13502 9151 17527 14444 10446 15652 12508 10498 21352 7566 8515 10322 26913 17392 14826 16916 11161 13456
12932 17790 13392 14074 0 6304 17243 23691 20056 12043 13951 7969 17501 17408 11560 10938 0 13763 8931 20709 14632 18495 19499 17961 5275 17222
14667 18302 13717 10808 17253 13934 7364 12064 18216 19711 22239 12121 17787 13563 12928 15018 20833 10884 14761 12360 21494 18863 25551 18902 11688 10253
17973 16632 15006 7532 13775 19869 11337 17907 19897 20375 10274 14573 16531 17804 12948 7482 13080 9734 9421 11696 22572 25808 4382 19690 9125 15054
18791 20765 13104 16916 14000 7923 11995 18494 20098 14375 12115 12058 16301 16761 15486 16155 23081 11208 10061 6428 20020 18762 29393 14432 20718 12333
18950 19096 11924 12094 15668 26787 22660 24028 17378 12751 5008 17614 15645 18398 16605 13443 0 14606 9045 6889 20302 16833 995 20422 6813 15313
13200 20057 11726 9471 2803 21862 0 11691 11103 15547 27771 7580 17477 17006 13764 9114 34111 9541 9774 15534 18262 18674 16188 21502 0 11672
10830 17722 13205 17634 9102 11064 21975 25769 14400 15419 8064 10209 14602 18319 18524 10826 13405 9591 2782 8105 18126 20842 13008 16995 6381 11794
15796 18292 8374 12692 6307 10636 17876 17778 20191 13881 23769 17963 17009 20532 12278 10000 18561 11993 10461 12608 15588 23137 8468 22884 2545 14062
18360 18263 15760 16180 7447 19851 20584 20531 15737 19197 7747 13835 14304 18853 19517 13275 20484 9717 9641 12446 24768 18492 6543 19977 10903 11257
24936 15194 13962 9666 11241 16985 6475 21086 22642 9944 4634 10745 14528 19383 10331 22551 23078 7924 7648 11869 19168 16880 11306 16985 14219 12305
24672 18893 14563 12914 14898 24497 19467 15374 21039 15811 6260 14135 14443 19697 11042 12825 16503 10153 8547 19217 17267 20949 20898 17444 24797 15323
27043 16659 13374 13412 13341 20732 11257 10942 20210 17708 16040 13488 14135 16301 11954 11353 8977 11815 8263 16914 15203 21610 26795 17737 14795 14173
21345 16316 12688 11429 11702 28158 8800 23021 17206 11229 4041 10402 11168 16687 14717 15009 6691 13329 12743 16057 19495 17878 18138 16847 3705 16272
16876 17840 12286 8526 14555 12238 7050 11049 19879 18732 16398 10855 13579 20630 6008 11509 30656 12260 9648 0 19102 19983 6803 18385 14364 12587
16029 19609 14801 20652 6963 3568 10888 13328 17005 18345 20604 10618 15487 20336 12574 13696 10820 12341 9642 5578 16385 22542 10539 22220 10401 11380
25499 14587 16879 17409 0 19426 10751 29856 23351 15415 19776 20048 15061 16534 15659 14618 12017 12761 12100 6001 15770 16617 12390 15848 3976 14427
23045 14445 14236 19403 15302 25591 13578 13121 19691 15307 11148 12861 22419 20362 11654 13882 19546 10297 11665 27246 14511 15129 2176 17452 0 17344
22020 18465 14996 16686 14098 10609 20648 25936 20690 13684 0 13805 21873 17531 16877 13112 25430 9057 9391 7150 18840 22905 7418 15789 15005 11019
12974 16697 13782 10276 22115 16082 25140 15026 19622 21456 13101 8257 18865 17859 13271 12105 21304 9590 10800 15848 17644 20579 18387 22211 6862 12671
17843 16820 15348 8940 11096 19649 7180 24690 18488 15443 19735 15420 14478 18324 14672 24204 25073 7515 12136 16501 18246 18730 19430 15934 7274 14469
27786 17873 6361 11476 15911 7192 26250 15155 14830 14685 9287 10390 13394 19033 12604 16001 23894 13544 11374 28568 15346 17777 14478 18086 12570 15494
13101 17687 14169 13361 26315 15554 13101 18838 19764 12840 11293 12112 16642 19684 6584 20010 21009 15739 11195 2465 16175 27037 16381 17426 20214 12992
8748 19323 18633 12162 19074 19876 11212 7514 14707 10678 10922 12197 14095 17650 10192 18599 12107 12384 7301 13163 19264 18654 20204 18268 12144 13855
24372 15532 8929 18164 16910 5001 15482 11950 24599 17015 15536 15086 13856 16685 2089 9156 28097 8650 10765 17546 18668 19301 10812 11911 15054 12961
12000 25401 9591 15380 13903 12875 15471 29944 23698 16871 9186 14641 20592 22230 20304 18162 9099 12018 11233 25276 23332 22279 14091 16224 24352 13659
6490 18062 7671 13320 20670 13308 21017 35467 17756 17401 10784 13104 20037 20254 16686 22816 13681 7218 11766 9668 20565 19024 9135 22165 10532 13181
13607 17239 12553 11346 16952 7887 5683 9154 22713 12750 20671 16791 17986 18148 7520 18729 12677 11651 12361 18008 12064 19454 3816 19317 6768 13124
25585 17548 11479 7503 12474 20037 21648 19470 22768 11552 18318 10505 13933 20673 11064 10916 34128 11215 13007 9606 14341 20393 10758 17046 14430 12263
26047 20765 15328 25214 0 16120 10839 21462 17606 15055 8798 16243 21035 21862 12754 18915 24049 11984 8596 21040 20631 21093 27757 22168 16132 11890
22487 20778 18422 21275 13232 33587 21966 25316 22343 9746 16142 14950 15339 19837 18137 22240 6759 10890 4983 21385 14193 16914 17346 23059 21623 13116
11186 21295 15203 13245 2911 11538 5555 15137 17592 13198 13199 14809 18627 15025 10200 6467 22302 16273 8256 17689 15054 20783 15630 20745 15522 14654
18630 18841 9538 17641 19762 21113 8337 17236 13273 12807 16442 13281 14663 17912 11346 10449 10858 9102 9057 11050 23499 19200 25591 21923 3254 12064
14847 19971 10703 12272 14058 12841 27980 14332 16857 18939 16600 5106 16195 16340 12856 15287 8742 12750 12157 21377 17380 21987 23419 17565 14706 15074
15553 15886 14974 11819 16404 16436 5286 17016 14562 15912 18477 10705 15452 16481 13258 6095 18936 12401 13583 16462 14336 17620 20889 19131 21585 14432
16569 18390 13339 12756 11138 14110 24112 23517 13091 20165 2640 12742 15945 17434 15073 8729 12455 11798 8193 17158 16008 20890 9339 16135 7802 16158
19385 20635 19589 14309 8705 10448 14501 13828 18919 15693 17414 17100 18077 16503 12638 6019 23371 9644 8660 12521 16994 16809 16032 18543 9694 14338
29000 19723 8701 12964 17335 9540 13317 24819 26842 13483 9061 16815 16422 16315 19659 4812 9657 10797 8777 14882 22180 20944 914 14442 0 10920
20937 13508 11992 10345 14543 12870 4577 31009 16881 12978 18158 10377 15079 17199 6390 11552 23143 8417 13107 10943 20619 15766 18921 20016 11657 14291
24665 21006 12508 6370 10067 12371 9176 20856 20808 16980 20263 12131 17006 17587 9400 13830 26691 18722 9374 19455 19619 19343 13154 21681 6084 14675
21380 22394 12376 9473 18016 14872 0 24890 20178 15347 15903 11934 17501 21956 8681 9819 16625 14075 9444 13030 23478 11867 32729 22485 9515 13835
15176 19309 15965 9580 22278 12023 10893 14473 8605 13114 6820 12757 17592 18145 9341 16770 23728 9684 15022 14905 26188 17428 15058 17991 7046 9510
18258 17001 10408 16204 8716 9496 16251 7098 15254 13248 13461 9723 17462 16134 12656 16629 24509 11451 6009 14865 24116 19921 20218 15431 24857 17127
19703 18276 10276 16579 16339 35983 9206 28211 21597 11502 14536 18061 11646 18848 16723 13171 2559 12552 13139 16851 16310 18874 18472 19687 16618 14352
16455 20419 24464 16648 11521 28128 8089 13566 19160 18498 17159 11185 15485 21468 15469 4336 11955 9997 13661 13813 12570 17004 13451 16542 16221 12002
25411 18219 16541 18481 16215 0 20390 18699 21250 10260 12266 10815 14548 19359 17015 14786 17403 6235 15860 6630 20225 19818 21843 18483 5076 15850
12061 20981 17482 13168 20910 21868 20929 17153 21077 22085 8824 12685 13130 18850 14838 13910 16702 12279 9106 15312 20830 22675 7313 23562 3476 13350
26023 20004 15534 9799 20922 10205 6178 13012 19050 18330 18961 13076 13549 19850 15106 8748 12497 8946 11181 4913 23701 20032 11596 21229 4784 14283
24364 15453 14003 14691 12332 30997 18318 32178 18847 15060 15706 12043 14084 17116 14708 21612 27164 6618 6574 11909 9402 23472 8848 19292 20654 15251
15898 17259 17604 10962 14076 31942 13105 13977 13741 15967 11468 8162 15846 16924 15057 13516 16960 7124 13575 14317 21804 18253 15115 19063 10680 16301
19580 19842 13449 11486 20505 0 11099 15582 14744 14285 422 17848 14516 17237 10355 3964 12755 10982 10065 11321 15972 15847 7369 20194 12404 9036
23627 19952 12578 10306 11553 30616 13740 10432 14586 12946 4451 14281 18514 15492 14576 14646 16751 11630 8457 12066 21117 17174 15912 16106 11637 13386
23402 15513 13569 15586 16837 28472 11787 22802 20889 12029 23050 17276 18548 19329 19335 16117 20791 17680 11042 22426 15555 16309 14319 23231 13676 16455
23511 19563 14528 8982 0 21923 19217 20294 20328 12559 17787 9361 11694 21738 11492 14637 3355 8182 13089 8861 19865 19981 21570 13737 5601 10953
15916 21920 17284 14890 10353 22412 8479 20326 18548 16903 8998 12991 19316 17389 15261 12179 22541 8087 12374 6896 24123 19828 4105 22447 9780 9407
7329 15773 21459 12006 10080 17145 20671 10724 19868 10750 8876 15645 14911 20976 12922 14227 14637 4392 6431 10944 16001 15819 13662 20561 15769 14415
22880 16937 12874 13460 1766 22049 12691 17684 13986 14573 16736 9301 18065 16515 3461 15861 18821 11486 8283 12372 23813 19324 23089 17532 8036 10575
25357 19835 12260 17012 3590 17159 9917 15963 22467 9399 7569 10523 14282 19701 6414 15093 18025 9949 9047 19495 18389 21188 11168 20195 15815 11236
15612 19173 14984 8023 14040 19980 0 23299 25609 20913 14295 12215 16318 17841 13671 12841 4708 11369 3467 23390 14521 18904 19856 22449 10627 11942
21659 14181 16713 13238 22925 17048 20921 18794 21999 14856 13751 15526 17905 17663 17993 8637 24785 10390 11388 23555 16546 19658 22302 16269 454 11617
15733 20982 8415 11663 4270 13588 11808 12327 14593 18456 14164 10948 17746 14760 7424 10967 24239 15137 8454 15217 13275 17767 20125 19511 3680 16079
19223 22281 12799 7180 20692 8473 5612 22084 18077 12237 17442 13461 14587 17601 5490 15262 10565 12224 14979 14733 17428 20520 23280 14444 0 12094
16872 19752 12799 20815 24290 9400 5879 19469 17850 12821 18905 8900 16076 17590 14616 18798 30896 8867 11573 13740 13932 18845 10141 19865 23073 7960
2606 17847 12748 19973 5688 28254 9921 18295 13840 17521 23454 13173 20497 20280 14257 19574 20508 11249 13334 13210 12973 20470 18499 19567 4078 14845
14128 18740 17534 14086 7085 14328 9542 26458 19751 10633 7014 11675 19339 19207 7376 11926 20119 7417 15502 21513 17358 17806 8954 16595 2491 9950
22244 19860 10005 13066 0 19220 0 8591 14456 14985 11614 13203 10836 17287 19689 15862 15819 11179 13774 15811 24453 18318 18399 20555 5392 15632
13222 16797 13439 13427 16845 15729 13287 20499 18514 11804 11190 10849 19733 18106 23693 19074 3716 9697 12245 26114 19717 20362 13993 17727 9930 11759
20518 15239 9154 10675 19005 22296 21008 17683 11832 10872 14215 13798 12098 19510 15364 16649 20651 9433 10601 17999 18509 19762 12557 16438 11146 12201
18987 19258 14917 3140 19940 13083 19041 16152 19538 14161 17626 12102 18851 18569 16264 23347 4267 8086 9042 11379 18397 22475 4787 18895 20672 15401
25550 20167 11578 13552 11245 1578 14750 26271 19475 13582 2781 14574 15983 16385 7876 11014 6854 3229 10774 19951 18011 17866 2909 17476 0 11622
15189 17892 8769 13262 9729 20140 15874 25168 16286 13421 12281 18241 12141 16886 14248 15446 24354 12156 11288 3059 17192 18784 18531 15832 15145 14462
16293 18824 12701 12662 22201 4212 1847 15511 19369 16277 22156 11997 17123 20909 13653 3926 18136 14183 12051 11731 15142 14860 19015 14765 20476 13187
22677 16286 11487 11889 25980 18735 24264 13579 21738 15879 13619 16740 13079 19816 8486 10128 20656 6355 6955 18011 12058 17282 21414 14769 4085 12177
14736 16858 11639 8724 13829 21006 14991 24162 17721 14355 13233 13172 19781 16172 17268 10715 23755 9804 9180 22467 17837 19999 14402 13800 17630 12742
11470 22339 12739 12010 7240 28832 6636 18439 23661 12989 9570 12637 14759 17104 12801 20491 15464 15395 12722 9091 15616 20878 16211 15226 16494 14575
12121 19824 12035 12711 11352 16178 0 19851 14206 17534 20558 9118 15219 18442 14285 15795 19757 7937 11608 17037 23225 18851 16070 18512 25798 14892
16462 18631 16951 12738 16045 22893 16661 24881 12845 13300 14518 16132 18774 17605 16851 22929 7601 13123 7073 7569 18901 15806 22499 19123 10843 13169
17065 16551 15474 3956 23343 16483 10655 18781 17715 17357 10610 14195 13351 20275 7855 12673 18001 9139 10462 20345 17875 26903 5588 19921 12147 11418
21921 13402 17340 11820 11281 6193 12013 16855 23770 13465 4098 10725 12399 19250 13263 10848 24090 12533 13002 11312 18007 22746 6864 19352 3778 15934
20268 18559 8899 9003 0 5654 29932 20164 19605 13547 12662 9085 16516 19221 19171 14764 6380 9142 9103 12965 18432 21943 14879 20069 5327 12238
20464 18725 16950 13815 6715 6463 1161 26193 17576 6126 25118 9980 13541 17727 12217 8252 22812 9026 10040 16879 13976 15526 17197 18267 18529 11836
17293 21023 16898 12100 14895 7925 21760 12008 20896 18192 11765 10972 16299 18165 12533 21282 20902 8950 4869 23293 17360 18975 14836 20997 8365 10504
13783 22282 15306 11329 9609 21380 11898 23854 16393 9642 10527 12547 14833 21022 17246 15535 15466 8194 6300 19794 16196 15711 17376 22235 5971 13284
14546 21237 11057 16782 12664 20155 3661 15875 13504 16400 13358 11179 18403 17755 13435 17444 20857 11150 9090 25085 10242 20592 17686 16746 548 13713
15565 19607 13376 11025 21293 17925 8693 19389 21971 9675 20394 9205 13457 19342 10974 14858 14125 13238 14529 7738 20324 19140 15583 21357 9236 12680
15593 19531 13663 9719 0 22742 6070 17506 23420 10991 13903 9855 15036 14989 9347 17424 8725 5528 10634 7495 15337 18664 14347 16701 22289 12618
3593 22980 9901 21737 24496 14288 5926 15308 16126 15620 11226 14762 15754 17578 14241 17475 12573 16722 9809 17604 22387 20430 16637 14909 11008 11836
23419 14662 12936 13910 19598 16976 5916 19549 18491 16561 21959 8345 11399 16959 10934 7246 4151 8388 15507 16858 20251 24106 15021 22682 6941 16004
14170 17797 17798 10905 6561 28028 1295 17060 16074 16518 14360 8112 14436 18646 11952 12729 15616 10968 7947 12892 11642 17955 7340 17311 17060 12225
25306 12054 11295 9855 12073 13303 21245 16172 17293 10519 19793 14045 14716 16728 19311 16922 13433 12679 13829 8651 18586 18587 23264 18050 13567 16233
15353 19514 11386 10387 18771 10811 16410 23141 13775 16592 9319 10529 17266 19229 7552 17121 23482 5085 8026 15365 22559 16699 15957 17980 12313 14111
13376 16450 13757 12285 21913 31374 15112 19192 24066 18571 9063 15465 15383 19767 8855 26258 22799 10663 12220 10130 18693 22275 6615 19042 18857 14920
16590 20483 15783 9454 12276 21933 33096 20488 28524 15420 15547 13652 18314 18760 17510 7718 29816 12476 7659 10343 16762 22028 21402 22985 0 13914
18835 19626 16108 12829 7973 13344 3117 19160 21206 17364 14796 13798 12629 14204 12459 8895 7447 11594 12277 11981 17387 19736 15588 19200 15018 14513
8677 18816 13586 13761 11433 5447 8235 7849 21423 17403 21181 8075 14273 21560 8040 14103 17436 12381 10342 22401 18805 18437 14154 11024 31746 12414
12518 19413 14155 10880 20290 18704 9624 2816 18948 16996 9363 11616 12968 21139 6889 10094 20277 5901 6838 17454 18677 19755 10640 21462 18905 10744
10908 17385 12531 13948 13222 28232 29202 12999 21338 16375 25287 12770 11661 19728 13083 7704 15115 11615 7111 21029 20179 18087 15950 17392 21831 13778
11908 19774 15338 8418 27308 28601 19847 15800 19183 19002 6664 11429 15883 19302 15163 13355 20797 8553 11797 18562 11913 21669 0 17597 7889 13855
20471 17791 16927 9482 24182 24242 8394 25515 16914 16825 22265 15463 16143 16239 7477 10640 6155 8859 6171 21896 22092 18659 7042 21709 11189 13338
23449 15747 6938 11627 14871 10050 11705 16022 15376 12361 16498 14349 18683 17207 9151 10945 23469 11983 16217 16431 19448 23073 11889 18616 18120 14302
26201 21736 15915 6206 11042 3849 21199 21546 18167 10673 24968 8083 12480 22853 13862 7788 37152 11964 12546 9917 12532 21335 27277 22259 12411 14705
14885 19777 23639 16057 16140 18636 13847 22368 15966 16591 18744 16277 14201 18865 2331 10588 14594 19013 14485 12035 14326 19303 25213 18458 9387 15954
27976 20235 15143 14804 8270 9199 13363 12982 17728 11888 15185 14992 16392 18952 11586 16682 21491 15339 12318 19863 19156 22966 20329 21743 0 17570
17013 20451 14278 12331 11952 15280 10916 13544 19106 17662 19050 10943 11745 16036 11851 17920 5779 8970 7925 8079 17617 22658 25466 18927 11773 11869
17193 18679 14170 12414 13026 19641 8512 13360 15337 12664 0 15439 19459 19158 17264 10769 20666 13856 12279 19052 20790 19177 9756 16369 13126 12637
16377 18214 14962 10429 16693 17633 13874 16313 13244 8252 3229 12409 15207 20447 14732 14159 2415 7886 10197 13969 15739 22334 927 16812 0 14876
18664 21934 9394 17297 17469 18556 11471 25367 16173 12006 12198 11177 17598 16665 9598 13428 14873 17246 17187 12891 15188 21214 18525 16983 12494 9179
20304 18292 14629 14573 1477 14375 6080 24470 19945 14936 13544 10227 15050 20393 13930 12964 34248 14392 10428 9596 23694 22430 12246 17598 14497 13190
19117 15950 11571 9934 14030 24402 11328 16885 16712 20502 15243 10874 15296 20097 11562 14866 21035 5682 8615 8488 13641 19154 21465 13880 14557 12646
18110 15953 15356 9868 16242 14652 20757 20649 15900 22953 21242 12466 14148 18958 15659 19836 16860 9835 15199 14334 17687 16849 14584 20336 17448 16757
20446 17462 6733 14525 23043 14092 13725 14875 20074 17322 15050 16397 18320 19294 10994 16521 12532 9812 10736 13090 18448 21598 18523 16737 3936 15165
13116 16808 14514 16455 15754 42341 4527 0 9185 14984 15498 16371 12501 16022 8548 8575 19670 14771 9527 10035 14464 20886 23782 17961 5672 15065
18010 22648 9663 15949 5351 5954 24589 6927 18832 23370 7328 15337 17004 16912 14110 18033 25894 14228 18143 15640 20691 16634 19797 15213 14212 11854
16611 19442 8654 7061 8500 13970 1783 14546 17981 13804 11503 12486 12088 17085 13697 16287 26095 10656 9436 18987 19021 17341 19132 18503 12979 12294
25744 19660 13052 8950 11343 12539 18816 22021 20300 13126 8994 16755 14942 20330 7967 10799 25352 14783 10474 13311 17830 16129 15567 16655 12476 16668
14941 19491 10977 15679 27681 9296 18781 15479 23143 12947 18017 16193 16742 21570 12635 16823 10782 8965 5026 1755 17652 15025 21173 18378 16999 13697
24226 18157 11358 10528 15209 12775 2150 20303 15782 7491 18764 13222 17195 20576 11218 10011 38519 11430 9173 15155 17546 14606 19401 13459 14210 13408
23101 19648 12314 8235 11634 28835 16021 21730 23655 11556 11267 16318 16810 16157 15561 9038 19835 8993 8843 17245 20760 15213 19424 18192 22757 13976
11672 17882 14525 14239 18070 11112 10036 22439 12039 8221 13256 5567 14573 18871 12230 11671 14023 7864 11291 9564 19892 16455 29579 14603 12254 15385
15853 20043 11504 7757 6247 3085 4606 18364 17371 17545 15109 12053 16610 19431 17437 5335 21743 12897 9976 13326 17930 17255 0 16435 13898 15048
17100 17376 16800 14940 7693 4353 11152 18870 20892 14642 10884 13728 13468 19000 9486 19317 13899 10625 7772 20253 16404 17270 14634 16212 18007 10560
19851 19070 13518 6446 3863 16703 6221 11410 19571 12162 13921 12701 12567 23613 7805 9398 21266 12705 7347 9431 19018 19631 11736 20850 10464 16448
14577 20091 9900 11955 12876 18195 13580 29345 12608 22947 20792 16051 13255 17966 13863 13152 14515 10843 6115 10439 22106 16066 19759 16763 24922 12495
14365 15709 8068 11425 22155 22601 11801 15107 18090 21352 21294 9445 12020 19661 9543 14734 18695 18432 12811 28087 10154 20873 7114 15669 5150 11411
25689 20281 18960 12442 9167 10207 12065 16796 16863 12539 13034 14506 12711 19217 12188 11040 32212 11295 8328 16014 19864 20863 12601 17559 0 12986
20787 20119 12172 11357 6922 13349 13022 27316 19535 12396 6172 14691 14120 18338 11917 12826 21222 12242 10834 25047 20899 16967 21420 18663 17008 12635
19620 14150 16288 12919 9156 10492 14625 9035 24038 18080 14775 15899 14665 18102 15078 14857 24166 11805 10553 14778 22008 16109 20331 20422 14692 11781
20935 16698 12171 10459 18079 7559 17963 4706 22675 18569 14081 12021 16002 20785 13047 15723 11157 11935 6878 15721 12145 16279 5712 15699 628 15611
27739 18414 10774 11138 12019 9798 13829 14368 19615 11539 15443 16314 16812 18262 11817 3769 35562 10155 13310 5081 11636 21025 13604 19254 11281 12834
18602 20520 17800 12454 21940 15011 10528 17319 16521 18516 14014 14822 13920 22197 13381 13823 24329 15204 11521 21592 22802 19377 17812 17537 8784 11416
17393 19254 18631 17402 15106 10993 28534 7595 14619 15497 10344 13440 20513 16885 9838 12607 13704 8537 12680 16368 16698 19362 18010 20285 19744 9777
15751 16427 17643 11384 16810 28672 14440 23958 15710 15703 12668 10317 15402 15857 13932 19742 35139 6178 10676 16322 18641 22247 14869 16979 8019 13477
24443 19808 12353 9045 6561 8696 19486 17680 18222 13929 18967 14055 16201 18903 11916 13291 15431 9549 14820 12692 18375 24043 16745 20414 17227 12576
14399 14582 13558 13418 18781 8087 13865 21469 17746 23240 23327 14854 17349 18059 18607 13127 5132 10722 13442 10814 11472 18235 8669 16763 5289 14474
16061 13505 11280 11715 16313 19984 9450 23395 15543 17937 20876 14179 18637 21355 8830 22202 21075 6927 10658 12097 23138 16016 11595 15844 15294 12387
13977 21793 13471 10267 19564 8952 6974 19043 21413 13939 9360 6848 18566 17651 11606 15174 27005 5970 9569 15747 15556 18333 10369 15271 17446 11726
15823 15132 13517 13885 13322 22485 13180 16023 10591 15117 6859 14326 12645 18817 13131 18733 17014 8680 11418 10337 13822 22048 10995 17985 5458 13706
9985 17546 14059 13839 3799 15419 15867 20697 13651 14628 11872 11082 15169 18398 16304 14949 14578 11441 6629 19062 19488 20879 8766 19126 22266 11695
17888 19666 13186 11756 22158 29563 16238 11262 17096 16681 17716 15327 18084 16573 3714 10406 15492 15890 8961 9026 15304 22669 15095 14680 14983 10230
10306 22768 15013 15235 9020 21802 9404 15633 24026 20751 10108 15368 15260 21074 13626 19177 19154 13439 12347 14019 14055 21401 21271 17991 14191 12813
15515 16546 17123 10639 22191 11166 7183 19133 21366 11991 9654 15738 17523 19801 12866 14854 20651 10027 11336 9788 18459 15488 10620 14144 18494 11383
14767 18838 12032 19509 26091 17267 25175 18626 19698 10340 7890 12877 14313 17684 11436 8559 29496 13233 7478 18272 10932 16903 14239 13766 21195 9625
12415 20252 14875 13474 19330 27521 6368 13008 16452 16082 11208 9746 18675 20041 11837 4622 6815 13750 19494 16422 19947 18747 11016 17203 0 15870
10770 19976 15338 17925 12426 12733 15479 10838 21604 15469 14239 13532 12208 20322 11420 11993 26993 18509 8979 9304 21350 19920 14708 16770 2168 11756
17072 18216 11813 21269 16489 9678 17832 11413 11638 21665 20959 11690 18474 15712 9975 8150 24120 7325 3655 19398 8804 16724 8483 15468 9829 8611
18122 23010 12707 5061 11868 19325 17528 16850 19649 14543 21699 11665 14864 19543 11179 12824 17065 11843 14322 23358 17591 26362 14534 13381 8663 10872
28345 19998 18490 9705 12616 21661 12477 15795 22318 15579 17829 16373 16850 16032 13434 26150 31929 15523 4352 16244 13537 18882 24111 13955 19636 13814
12349 20206 11853 19383 7574 29312 10779 20471 21478 16288 14615 14274 12813 19048 10796 11525 32663 15477 15088 13943 15883 18604 17514 21143 9468 12864
12130 14889 12465 17226 10209 3666 18692 22871 14881 16598 17975 13327 14719 18452 13024 15414 7867 10138 9622 14685 14158 18959 21171 13641 5219 13925
23969 21463 13426 13968 5137 4045 15880 13299 15361 16704 11364 16011 19772 20332 12189 13776 25454 5537 9068 13841 20905 15623 12628 15443 6942 14313
18255 20754 15745 12151 23575 20487 12741 28829 13615 15168 13264 10123 11421 13208 12402 11855 27401 13901 6933 10716 18976 19471 16655 15869 4570 15118
7586 16854 14590 11295 1920 24719 10390 8013 13468 18462 11158 11381 18689 19200 12498 14572 18376 11382 7864 22689 17214 17604 9179 16505 25673 11809
17401 18593 14008 16367 1791 19516 9477 11691 17524 10089 11590 13529 12034 18246 11719 15279 21534 12209 8076 11276 16993 14782 7101 19862 21379 14599
9504 18759 15183 11141 19358 17082 1624 9324 19808 16533 9456 7471 13588 19228 21365 9042 1916 10385 10657 9049 14011 19247 17258 22927 3116 15846
15143 21788 10580 13442 18579 20381 15379 19843 11493 15782 12893 12988 16211 16411 11351 18887 15039 13662 10205 14082 15831 12428 16409 19473 20041 15584
21494 17132 8382 4505 0 26749 15119 27120 17732 17323 0 7293 16283 19069 5610 13734 14063 10766 10023 10484 19142 17333 25737 17198 23303 10785
11444 17649 18321 17019 9413 10845 16935 25740 12933 15353 14425 13915 14678 18321 7960 15756 16536 10987 7988 19950 19316 18360 21491 16192 15383 16376
13782 20536 13622 16109 9777 13479 17297 15768 16456 17252 14630 17194 13210 12684 10212 23455 26801 8751 13843 18554 16033 16558 26010 17746 16640 10638
22549 18240 9446 20161 16139 5095 6814 9822 20210 7247 8068 14875 14548 14100 11359 16978 14439 10585 11327 11122 20695 20499 2632 21490 37316 16177
17364 20841 15916 17978 10945 5045 6601 15228 15744 17996 13079 12911 16837 17879 13029 11433 5094 15850 8112 8508 18868 19980 15431 18671 13792 12060
9292 19962 10846 10335 14128 14024 19690 9009 12034 12047 12715 12491 16474 18841 15192 15634 19178 13434 4020 21078 12897 18996 13417 16061 20740 13355
16262 17403 10400 12042 19896 25081 16288 18577 26210 15849 10274 11171 13611 17548 18690 8019 25118 16661 14166 18923 15798 14773 17717 18110 21346 12549
19383 20247 16713 17255 12751 19998 4527 10314 14853 16783 26664 10262 15504 17352 13706 19920 19403 9069 4703 16663 20943 19517 18922 14460 10145 11895
13045 18385 15130 4494 13924 8339 6296 22100 19473 12065 16829 12059 16786 22952 14303 20519 18179 19392 11890 18707 19844 19959 5708 21695 20562 13633
13142 15447 7472 15732 14976 12691 20856 21086 21955 10663 15491 16426 18408 18777 9791 13746 7997 8109 12937 17623 22580 19900 19206 22328 1376 12115
25278 20909 16833 15172 13172 16120 23525 20044 12150 18074 15708 12177 15161 21386 15910 8019 24346 5858 12308 11024 23671 19293 19054 22529 10945 12375
15725 16966 13374 12360 11948 13607 11120 21746 23132 11313 16479 14509 18222 17845 11964 11729 20381 11641 12973 18959 22565 20861 11591 21652 14969 11895
24960 23397 11787 16840 7901 21101 16520 5745 27491 18896 10382 9258 12908 19838 14914 12251 11460 9966 11257 9892 19303 15533 16569 21418 16004 11441
24013 22397 8070 9038 15752 5725 17643 2803 21055 16548 10741 14914 13997 17495 12348 13554 32698 5167 9687 16008 17605 20790 25432 20246 25092 11631
15885 19804 11816 9824 19762 18995 25928 19052 20731 16133 12381 12361 16969 16180 6782 12625 14958 13802 17447 15138 18267 15632 14824 18626 14294 11062
14131 18850 18331 19227 10960 9135 1328 13501 19806 12115 13753 11567 19349 17700 12532 19264 17814 7249 14340 6660 13648 20839 15138 17327 24483 13966
25801 16526 20174 14637 5746 12130 25424 17204 23891 16919 8615 7128 17352 17714 9954 8813 29528 6993 14934 4605 20591 22269 14603 20783 9464 12669
18630 20059 15767 14754 9351 16303 19929 17609 17914 9866 20452 20620 13537 18785 14644 10879 21643 10296 12269 20771 18594 20522 20976 23347 0 12259
15445 21340 12379 10553 10850 4154 21531 16579 10910 11500 0 11956 14912 17287 10722 9771 20182 10492 9902 11667 17983 21135 8629 16643 16916 13186
26307 16570 7355 16291 15304 14684 11160 20443 19171 9096 11643 15124 14223 18373 14060 9715 23950 9557 9573 17043 17794 15024 22873 17720 15202 13053
24085 15433 12663 16981 8356 13657 2820 16686 18425 15607 5477 12690 20506 20279 12728 21975 17714 11999 12478 12253 23727 18906 8765 17850 23583 13108
7933 21676 12066 9988 16116 10754 3179 23401 19136 14371 6104 7950 17355 17199 8075 14891 9892 8697 12260 22957 17943 13608 23766 18725 20689 9646
20702 18829 19560 11106 7965 13996 26684 15041 16733 13710 9783 11448 11677 18632 10844 5506 16263 8162 10811 24144 14605 18063 12113 19890 19651 15898
25351 18993 14426 12350 1141 22550 16038 21470 19105 18276 17280 15173 16082 17181 10425 23160 23114 10195 10726 10581 28214 18372 6140 15764 0 14900
19884 18231 15208 12980 26356 5111 16341 13085 17051 11902 7901 15563 17560 15509 10591 14282 19255 9216 11635 21203 20478 20535 10405 20740 18086 14145
13602 20077 6615 9490 15931 10741 11787 17078 16993 6525 9099 10202 18568 20721 7893 8246 13171 11181 3277 5859 19066 15114 12253 17471 10591 10405
19667 20068 17663 13550 9732 9151 15086 18735 12983 16281 10337 19486 16481 16964 10397 10785 26163 13203 9562 23248 20725 18369 16851 20103 21879 17776
25972 18759 15549 10436 3318 8346 31816 24018 14563 15302 6285 8739 14339 17150 15576 7967 22995 13601 9305 9417 14897 15640 4461 22447 18363 11687
3741 15993 12958 18808 12133 9653 22313 18758 15177 13018 17802 10221 14722 21815 15162 11738 33159 16064 8111 10614 14740 19533 6696 21746 20043 10746
17635 21649 10319 14514 16261 3731 14247 20879 17254 14372 819 5655 15256 12564 13199 8551 22945 13487 18229 17927 22018 18664 20918 23763 13894 11955
22865 19038 12229 12824 14806 8332 16959 17681 16993 20147 9013 13838 14606 17063 12514 11447 25802 12606 5077 5664 16974 22094 17849 17006 5102 13902
26214 19425 12547 10738 2531 17868 4985 17296 17775 18606 15554 9774 16254 16838 14959 15796 0 12661 4630 17509 18221 16813 24990 17552 8515 15894
28826 21137 14575 11921 4862 11933 14426 24179 23291 15426 17971 10443 18328 14324 5124 7806 19931 12361 10252 16470 16899 19461 13765 19385 7558 13345
9851 15951 11076 13939 13397 13290 7208 19063 23736 20326 18691 10636 15260 21770 7542 23807 23131 15262 10121 23100 17013 16212 17984 16553 2690 12470
18586 21423 11952 9284 11233 12981 22054 15391 14670 16154 16590 16733 14398 18686 11802 14409 17485 11944 7761 14354 19486 14421 12706 14108 14587 15818
17117 17732 13501 15533 19107 16775 8703 20081 21856 16274 7031 7306 18559 18017 10113 9807 27414 10931 12433 20096 17869 20992 7517 17498 0 13894
33136 16480 11625 5952 12469 14771 3510 21951 18250 13936 17060 10670 16912 21902 12631 11088 13043 8422 16167 14136 15183 14959 22619 17821 23836 13189
6728 16548 15041 8669 24952 0 4604 14061 22190 16957 5952 14769 16867 17621 15057 10996 9108 7866 8435 24975 19034 18971 9735 17302 0 14064
23801 18257 18631 11804 18265 11794 3390 24327 15315 15724 9253 16584 13086 15549 12866 8617 20740 15824 14814 10080 16377 19106 21077 17410 7419 13371
25363 19959 12480 15635 11589 23552 22487 9437 11588 7673 11126 12936 12028 22035 9455 10989 2743 5218 9665 23038 15314 16877 11741 19590 820 11381
19093 17138 9562 14247 18451 19105 15488 14218 19526 15004 14063 15422 18290 16710 17382 5591 15366 7708 11635 13782 16869 19620 11507 20850 10435 11210
13033 19194 15683 8413 3370 26913 19590 14158 23941 18049 15000 12876 16046 15142 8541 11115 4242 11479 8974 10896 19791 20971 6239 17824 13473 11396
17925 18126 13894 16228 21851 16755 19134 14005 17113 17434 16279 14310 14454 19975 15721 6129 18765 15011 5355 18472 17719 14154 14620 20403 16111 11087
20446 18572 12244 17467 9770 6883 0 18186 13443 18313 10929 10533 19360 19980 11531 13736 13918 16773 12850 1905 26623 18320 10252 18982 19348 16050
18002 20447 14360 14407 14395 9951 8045 16354 12250 13164 23761 12927 17023 20399 10330 12905 2525 6679 9766 21109 17482 21010 14770 14084 2002 13876
18139 18752 18874 13076 7491 18935 19245 15624 18266 19541 3896 16920 14356 18876 14426 16696 13036 10677 14131 16596 10100 11963 19655 20336 14200 16313
12299 21304 17126 12635 2422 15893 11333 12742 15267 16816 13778 11874 15935 16594 17269 13949 21272 12507 7581 6257 19573 12751 17130 18129 22281 14037
18980 20881 16517 11621 24742 29760 6983 11894 22654 16398 18167 12186 9636 20558 12826 13885 23281 16562 17450 14982 16102 15735 25523 19336 13623 12589
27063 19681 10259 14214 18105 23063 21661 4190 25754 15073 13031 11984 15013 18054 15526 14757 11693 13247 14073 12171 18003 14512 8858 16624 20004 14370
20408 18918 19604 4602 14135 21871 17643 12748 15507 13388 1045 7251 15921 17927 11137 16658 36706 13019 5661 15683 18507 18639 6881 19184 11793 13736
16141 19256 14599 11167 11872 168 12233 17272 24754 19884 16101 9213 15319 21339 6751 18837 15653 10858 9814 8207 16644 22547 20864 19514 0 10181
25316 17931 17588 13843 14710 13147 738 17117 13168 9540 9295 11305 16956 16872 9370 12399 19769 10782 6284 19850 18137 18720 4903 19713 26131 14087
18125 19125 16688 12751 28094 13131 26459 5843 11340 14038 13581 15328 13686 14941 14791 11149 32643 9288 8102 26459 14745 17183 15391 19284 7463 15518
18008 15337 13058 13670 11988 23991 25947 24038 15530 17905 10532 13106 18012 15009 18009 19906 24637 6859 10318 27658 16214 14434 26927 17567 7848 12868
15385 15812 16903 10835 4652 0 6107 10391 17846 14404 9537 15964 14711 17087 14062 14131 1572 14369 8948 14884 19708 22197 10027 19596 20106 9749
13534 19740 19160 6775 11354 9793 11341 10382 27453 15774 14407 13590 13848 14846 11938 16977 23507 11443 8877 14118 14993 16516 15916 16920 19224 11249
6846 20333 18170 7816 10702 9132 22863 13287 24492 9314 6609 14584 14112 17755 14114 6727 24144 14455 9436 17560 18705 18225 7891 18841 7330 14591
14107 16334 17526 10401 5501 9837 22111 13768 22411 17667 16976 8312 15530 16996 16124 11432 8108 7226 9875 9314 14771 16656 11241 15347 16282 11650
18802 20341 12853 14117 17724 31013 14244 15791 20869 17305 28020 16284 9211 20011 14878 19858 21010 3722 10904 17073 14639 16247 20150 19932 22368 12893
12355 14747 16384 18516 17765 9909 22217 17831 15700 17873 25656 8268 14829 21130 8399 14041 5769 9295 13337 22277 17350 15215 13531 19148 9744 17075
19016 21484 16025 9460 21746 21809 0 15331 8645 17078 10067 13911 14888 24142 11640 8789 21208 8714 6631 14302 18832 20781 15316 19402 17030 11484
13895 19560 14218 14624 11329 15080 11781 31022 19247 15456 16669 14131 16866 19232 13936 16265 19752 11865 5027 5641 21821 20439 3834 19130 22989 11426
19228 19459 20754 15261 13372 18576 11837 18087 16030 13193 3184 8130 18536 18530 11189 22899 14524 15797 11713 11323 20890 17460 12149 17781 6866 15205
8621 18194 12792 14830 14802 778 20272 4790 17560 11092 7516 11811 14288 19130 13512 10037 25716 16700 10372 14624 17420 20629 14772 15904 24590 11179
3532 22360 9267 21828 13199 12802 3125 8288 23646 17250 18383 8638 16385 18860 15965 8519 20531 10157 16782 19196 19033 20934 11720 16392 9084 15586
12446 20962 8461 5225 24121 27565 5628 16716 19774 18794 10176 12764 14078 16705 9829 16284 6289 9400 12879 14413 15911 16507 15144 19761 9310 14766
23810 19186 16620 7574 9588 20080 9467 11043 17847 21817 11793 17859 11830 21706 13280 9952 5897 10045 10669 17211 17109 24018 8685 16670 7248 10077
21835 20871 15920 9030 5278 13236 11015 13224 19540 16874 16263 12237 20240 18946 9902 10063 25539 7921 5021 19097 16921 21207 10414 16788 10864 11256
19577 14350 18141 13824 10782 20188 19494 9858 23895 10470 13646 9290 19688 16751 14291 19565 5358 9942 11627 15475 9799 20978 16799 14763 4466 11855
19318 14452 14805 7389 18616 18178 10092 25639 30921 20606 312 9131 18501 18954 13245 10541 15636 9184 7955 16210 20749 16247 19787 17147 18044 14086
22115 16727 13007 9304 9462 3 13631 14740 19294 17985 7100 11536 16013 18164 11936 11838 30017 11437 13904 13437 16980 14036 14427 13223 19533 9016
7739 22353 16607 6392 12878 8478 8023 16864 14249 18560 6749 13186 13584 17559 8635 23061 23073 13529 9903 7170 18552 19536 13263 18607 15334 12554
31223 20434 9581 15182 10833 20916 13196 4847 16493 14164 8792 12677 15682 14125 18847 24824 20499 10498 9915 3674 12936 16962 20272 24415 4828 15031
6451 20169 18325 11450 9586 11577 8227 17632 20660 18541 10283 10666 17873 16387 8253 13349 21941 11644 11318 21221 16162 19325 9914 14363 19984 10618
16942 24258 15579 16663 21122 28306 13818 19532 25348 16291 11508 9352 15562 15990 19105 16609 4652 7711 9951 13927 17297 16384 10908 16738 10462 10246
8563 20401 15406 13080 8627 10042 0 15335 17676 18931 13312 8653 16535 16576 15827 17487 26070 21594 13296 11829 22054 24923 11836 18884 3642 12952
19174 17641 13886 18967 15684 10320 8122 19470 14850 17661 21124 11659 14761 17822 5279 13865 18485 9323 13659 10743 15503 21700 16706 23590 1752 11436
27102 23821 11035 11252 14955 3651 20162 22096 11682 10800 8679 6596 15530 17797 13583 15994 17578 13079 10251 17305 15714 19286 18363 14554 5985 12910
9893 19663 15790 10035 17407 23132 6113 11522 16716 13892 12927 13028 12803 19422 12795 14211 11430 8132 14024 23656 17375 20434 20560 17135 19689 10179
22613 21577 22909 14389 15354 20993 0 16836 15835 10782 21247 13405 16298 16347 8998 8063 24298 8190 15176 10635 21626 20781 17511 19880 19873 9818
15637 18029 10295 7234 10029 20668 18579 21254 15137 11984 17892 10225 20290 16568 14832 10154 24645 10062 7367 12591 19181 16625 13401 14436 15148 11515
20882 17235 21077 13008 14209 17168 7816 14663 15095 17574 8343 13739 14094 14843 20402 15613 10783 10123 11577 22189 21896 21189 7206 17778 10702 12174
21478 17696 18240 16564 10615 30706 24515 18580 14251 13244 20338 11726 13539 15959 8262 10650 26736 10921 4014 13451 16348 16866 9635 14979 6793 14544
16798 18245 11038 10119 14705 14157 2714 12429 12840 19226 11751 12816 15989 21760 12805 16681 9327 7961 10460 16763 17880 14703 8867 17550 13437 11165
30381 17261 16219 11903 21147 22238 21596 17057 21430 13653 24452 13334 18824 19967 8949 25690 21921 4425 8286 10339 20013 18204 14276 18531 4653 14336
12488 20708 14073 12407 20947 19578 10968 29817 13951 14453 28678 10639 17147 14912 16266 6227 18858 16476 13704 15104 17723 19096 22519 16530 10092 15079
11323 18895 11338 16740 6928 14399 22677 17573 16975 15540 6999 8995 15373 16138 15372 15010 16673 3462 12334 13683 17078 19153 24246 18962 16976 14295
16183 16000 14991 14641 18656 24133 15527 16620 13239 15858 20126 11223 14466 18579 17857 187 19744 16173 8942 25695 15066 14984 26947 17771 8160 12798
13853 16952 13943 12061 20220 13707 12915 6525 19484 13485 16261 9834 16397 17661 8583 8559 29495 10526 10927 14943 18664 17098 19405 16498 20275 10086
16057 17966 14824 5137 9117 24984 13525 20088 15142 11232 20954 9249 13796 23273 16777 14617 21765 7035 12660 11852 19090 20594 16808 20046 16414 11845
18782 17023 15548 14174 21062 25161 23013 23867 23831 13363 12868 9659 13905 19633 11462 14768 20896 14411 9639 26950 22299 20937 10465 13856 0 11717
20813 13810 13561 11876 24679 18820 18755 19235 19762 15816 18250 12435 11047 16600 15732 4441 6193 10286 3404 10121 21559 18689 11337 15266 14040 13209
19158 17749 6222 11826 18592 19989 31208 20777 20312 17474 34517 6655 20068 22030 13652 14127 18632 11683 11010 18363 18033 20875 25421 18274 8588 16292
12952 18640 16554 18090 16375 31136 5024 10930 23093 11700 6626 17748 13971 18389 14929 18195 10593 12201 11896 15221 15754 16098 9778 18222 35349 15527
24698 17626 15726 6882 15238 15720 17119 10343 21086 12535 7560 10110 13323 17754 16746 19288 22943 12225 9929 6081 19225 18097 13159 20700 12799 14902
27875 14325 15153 14239 20624 17076 10020 19952 25597 10832 8775 9143 16049 19427 4645 10393 18099 9640 9627 11523 16070 16279 12126 17747 12232 10395
5210 18389 9577 8345 12512 10008 7418 15792 18397 19351 14220 14002 15251 17213 13657 12900 19299 8151 12826 15502 18365 21404 11426 19292 13494 12291
31116 19629 16020 11935 12145 0 17214 26825 6748 18349 3850 11664 13321 21999 6454 12853 18056 14079 7879 18622 17009 17921 17472 18923 8500 8409
16879 17800 14010 11777 20135 20263 13453 13967 18961 12729 11028 11944 11110 13334 13307 15601 6724 11733 12699 26294 12662 17032 20409 17208 7297 15459
5608 20265 11041 12288 10284 33479 19159 24061 16434 12712 15799 14301 11709 18394 7945 9196 14994 8334 8297 23102 14740 22980 15442 22542 14548 13477
11705 17431 11729 13776 8014 0 7553 13560 15435 15043 19296 12384 14869 14064 13298 8756 25384 9393 8155 13152 12826 13688 33362 17303 28949 10942
7176 17998 17213 19676 16565 14723 18540 15735 13061 17667 17882 15788 14071 19322 14373 10490 23466 13125 7163 16087 10888 24341 27236 15082 6858 15612
11346 15608 11416 10376 7484 16423 20633 12586 13788 19257 17830 12961 15931 19142 9451 0 24738 7395 10546 18866 20316 20013 25768 20317 14149 14954
19517 23922 14615 11605 17217 33459 15820 17340 13916 17933 3593 12105 18406 18003 8834 16546 28098 10659 11950 18968 17045 21149 5921 15537 10128 10627
17812 19085 11001 6227 17271 14058 19964 12554 20452 15755 13164 12661 15295 19630 11357 7184 15513 12695 13603 3852 11618 18235 19346 21357 13742 13092
21885 20327 14320 19753 19428 15711 18398 12014 19789 17936 20434 11700 19146 19740 10431 11777 16020 14363 8933 10787 20129 16285 6807 20346 10607 13679
17626 19037 12986 12691 10564 18818 14179 15108 12993 16374 9820 14190 12982 15248 11792 16812 17727 10161 5839 17178 20058 17426 16687 17110 19959 10215
15737 19410 17637 16342 7124 1728 7401 8367 16311 18262 17847 15340 13526 15577 11794 24306 21660 12264 10146 11997 18973 16246 16565 20097 26260 16864
18607 14721 13801 19694 23037 10753 13323 27888 21010 15801 6716 11362 15053 18589 4940 12902 12969 11746 14339 15267 23396 16846 25056 17639 8478 9965
23949 17623 16064 19449 6469 15329 12691 27340 20396 12788 12159 11897 16198 23606 14605 14485 17932 13855 12456 10146 20948 15281 17422 16894 1208 10808
12177 15763 17510 17798 10280 13692 10991 20907 20141 16499 10001 19536 12152 22159 15562 19737 6712 12217 11975 12369 18558 18843 0 15980 13138 13233
11475 18811 12719 17229 14377 3236 6744 15285 14501 13273 12239 12056 13216 18011 13539 38614 13276 16672 7660 10117 23735 17514 22696 15710 5353 11110
16425 18530 11436 17753 19261 20496 22195 16804 24888 17345 7523 16330 14943 19528 16613 13102 14472 16731 5302 12154 22004 17078 14360 14024 23308 11805
19754 18465 7454 11962 8824 14767 19545 23603 16380 14650 23464 10972 13295 20326 10034 20658 17157 9460 13163 12975 18881 19148 14628 12730 17694 15271
11725 16583 12992 15425 11151 13540 23175 13967 15042 17186 9555 15299 15950 18490 14821 9364 31556 6977 5334 13405 12557 23125 20915 21410 27785 15072
18751 16210 10652 10198 21220 22349 0 18372 10325 12733 7064 12071 14398 14361 14363 21734 33372 14306 10297 14217 16698 12945 17949 15664 20790 13022
19578 17398 11309 10086 13724 32078 15152 19717 17354 16260 15190 11428 13193 21991 15701 18176 0 5965 13999 15371 13874 17239 16473 14790 5272 10690
23201 14488 18765 14259 10685 22429 18711 13454 18937 17358 14035 12135 18479 15608 10575 11148 24283 11130 10017 18679 15230 18929 20635 14926 6113 11276
21452 14185 16477 11309 14849 12262 16864 24999 20423 15010 12260 13345 13532 17098 11981 15434 23144 7706 16595 11330 16628 20381 24259 18815 16579 11761
19623 18686 18010 11946 18956 24031 13220 20141 17950 17137 9301 12788 14296 18894 17250 9181 12408 17869 14936 12606 15364 21079 13182 25396 13502 16721
12543 21247 17850 5537 6217 5911 21696 37812 19324 17710 16861 14036 19101 20482 14939 11153 29285 10085 10912 15749 16682 15787 15007 15507 14006 15841
