365
89 34 49 85 55 22 95 32 96 5 96 57 50 1 97 68 85 35 15 64 57 82 19 31 91 69
21018 17059 6156 13838 9549 12935 19367 12306 16626 16776 19971 15129 24624 12873 15892 18179 18314 10902 21594 18230 12117 22646 27344 17811 14943 21885
24363 14486 10620 23076 4084 10673 22331 14385 17999 16937 19362 11574 7706 18041 14401 6033 15248 9711 21344 16640 15221 18581 15804 19409 10055 11363
24448 13774 9084 8836 5054 14552 17632 8888 8957 12380 17088 0 14914 10667 19532 20954 16883 21601 17640 11268 16453 17090 21110 4688 11178 4740
17794 20226 6236 19482 20807 16503 15067 8426 9292 14684 17026 26730 6872 18875 17071 11226 17175 20526 18438 20978 15378 21287 24683 17850 2819 9552
2807 11914 12424 7832 7594 11774 20987 14528 21861 15836 24021 2652 26672 12843 18186 23244 21433 19374 20851 12638 10030 16744 20325 3598 17754 12056
12589 16848 12017 17182 2870 11390 13580 9617 20594 21227 19039 12923 6746 18941 22628 32346 16474 28889 16452 8506 14056 19371 28754 6589 17956 14218
12467 16214 9912 7944 15854 11745 23430 11004 22736 14087 14615 5558 16306 15805 15947 22915 18920 9275 17604 13130 14926 18427 14017 12057 16697 4339
15846 18076 15156 11796 5096 11059 18946 17587 21636 14700 21360 1523 12934 19123 15805 27743 14838 9482 17560 19915 16940 21967 21087 16154 10344 12220
11556 17467 13895 12456 16438 13371 18121 13726 3441 17698 17350 23632 15528 13795 19425 12669 19595 16823 17404 18306 21689 22593 13277 8265 11983 10151
9877 17925 8304 25290 12677 8803 20837 13276 13159 14625 17288 15772 16122 17185 13377 18842 11550 9433 21832 22342 12651 21671 18951 20793 893 19795
15580 21711 13839 19308 8661 12224 20658 13097 20561 13185 13804 12997 11437 15523 27596 15316 14878 24813 20093 7798 18328 19674 23213 0 17374 16617
13282 17779 13184 22929 7566 14818 11353 9899 28228 16095 18276 1045 20260 11851 17038 46295 18573 21410 22600 11810 11791 19533 27691 12473 7348 10745
20844 17978 9386 18863 7653 11758 17031 13443 15765 18919 23798 5124 11698 15316 25343 16654 20338 25718 20955 19476 16898 19891 20091 13361 12295 15313
20210 18224 12369 14811 11209 13268 26184 12790 13708 18817 22239 11337 16674 18168 12420 18729 16977 21134 20164 15511 10452 16968 19497 0 6866 5480
10849 16223 17268 19045 13030 8410 23954 10220 14622 14648 22064 5039 19235 16165 37312 24804 20321 11686 23822 7288 20318 19558 13739 7027 18648 8911
19310 14757 11273 7629 12942 11856 21184 12413 15808 16873 18505 20561 23762 17677 15915 4394 17428 26793 23153 11537 14139 19978 20410 4338 4826 11332
13633 14986 14300 12940 5992 13124 16344 12651 22920 15535 7695 18079 14887 11635 12225 18811 16897 16584 20800 12800 16104 17222 17172 15191 12443 4983
17867 14898 12740 24099 11003 13481 20723 13235 17721 15894 14576 5529 6652 10619 18274 22254 16659 11875 21491 11958 13630 15440 10530 5879 7963 12544
18547 16099 14627 23101 0 13141 14376 12582 18867 17007 20471 16318 8247 19133 17540 28321 21758 12918 21306 22955 10475 17951 18571 11857 10773 6684
15083 18494 17234 17623 13300 14968 21561 13180 19656 14372 16031 15895 13705 14895 12835 25763 15277 9493 23086 16039 13189 18152 21582 10119 2266 7184
17906 17757 13986 21079 13538 17066 19914 12111 14079 16604 17019 9343 12569 15143 14630 19983 18332 15719 18918 7549 11163 14795 19125 712 11674 21104
20610 15752 9671 20487 10083 14848 26567 15141 17396 15335 22511 12778 15914 14203 20588 27667 17301 7533 23362 15253 18199 17280 18100 17853 7468 8118
20174 19454 6322 19983 15520 16636 14488 9966 15599 14774 16275 11604 23503 10834 9665 8504 20252 1854 22535 14109 13602 19196 18024 15480 10609 13297
19342 18137 8386 14954 10767 13970 20900 14088 23956 15665 15661 27920 16579 10813 8172 23440 13354 17481 20260 14920 18572 17392 16018 15745 3551 7781
20042 19886 10236 17222 12086 19099 18054 9299 24736 12719 14487 8381 12444 13393 11044 13313 10190 9327 18536 22173 13207 22538 19749 19793 3398 11816
22064 15233 12834 18779 8153 8009 18769 17031 7314 12621 20613 0 15776 21489 18141 12248 15624 20247 21360 21303 12129 19721 23231 18204 9475 14177
18716 19249 6643 20709 15455 13690 17716 12262 22383 13830 25851 7140 2037 13137 16235 24586 17363 15487 18342 23541 17912 23696 18796 9230 13422 4259
20744 18323 13986 8194 14796 16110 17845 9542 16262 17519 25447 13887 11649 17131 14410 15398 19267 10322 17852 18439 17412 19870 28702 15265 5308 10439
18701 14683 8838 19169 2689 14483 19903 11367 14034 13547 16910 15336 6769 17833 11049 7825 14251 2483 20649 15979 16215 15848 21687 15082 16598 11541
16426 17638 9069 17350 15747 12040 19764 8586 26626 16431 19873 0 18022 20716 6185 9535 17381 19036 19933 12852 13731 22593 24143 17268 13752 16650
20819 21680 11641 16163 15826 14515 18870 10256 14147 17209 16208 17806 16412 14026 16577 19674 18014 24071 17563 21505 13062 20720 16149 17209 4700 9837
24010 19346 4027 26599 2013 10168 20436 9037 18859 16869 19342 11236 8294 15201 9717 20440 15730 7720 15749 21287 9428 20720 26604 15787 13143 14147
12349 14810 9886 21098 20764 20162 24611 13748 11390 13904 14764 3980 12899 11121 8280 30700 21922 18632 16010 24416 14783 18699 22524 21396 10950 17946
17724 18160 14041 27886 9425 12537 13564 9321 20534 15262 16531 15401 7387 9480 16811 17391 15988 24699 19884 18062 14147 20087 18983 14884 8870 3810
16712 18798 9746 18910 20410 15119 17112 11574 21741 18159 19137 13683 13984 7402 14470 20355 16876 11991 20854 11615 13121 17883 16996 10370 12800 13596
18725 16473 9152 11398 11675 8212 32461 10513 25414 15723 19190 11526 16114 15262 11236 29197 17562 19677 20515 14113 13867 21524 23092 7991 3299 12297
10963 16463 16003 19816 6860 16963 12096 13197 17484 14478 18805 6285 15089 16425 12399 16980 16914 11453 18631 7355 13958 20352 19927 9220 15652 14530
25536 16590 13413 17181 17103 6701 23782 14348 10877 13180 24806 5100 24970 13761 18300 28601 15080 13038 18414 19990 12699 22566 18556 3265 17409 17723
12951 14933 9179 25033 21665 13525 18009 11485 15282 18557 20033 7631 0 12271 16327 15533 15972 3755 21061 21017 14714 20961 27513 10616 2752 5249
10060 15331 5695 20648 6567 17569 16570 11583 13032 13622 13553 10023 19136 10463 4949 0 17335 17914 17053 22216 14368 21053 27367 4791 9822 15579
18983 15894 16283 18194 16051 14593 18182 12581 14533 12371 14738 21929 7612 13820 10359 31727 18113 19360 21812 17110 12520 19270 16544 12289 9480 12679
17294 17363 5830 20094 3477 12284 11884 14168 28980 19560 20946 19905 11684 14731 12101 5786 15094 15228 14707 10147 16686 20850 15847 12567 9675 10418
9674 17619 11071 12932 1686 14272 20406 12398 25860 14151 21534 17097 15479 14359 20422 25286 19652 19031 21522 19505 14852 17458 22104 1551 10324 15037
15313 24385 18255 18615 14862 15633 24165 13408 15755 13826 23632 5614 12559 15746 3530 21287 16781 12549 15643 21247 12812 21920 21343 0 12762 8614
19771 21019 10021 10354 19954 14772 19915 9315 13295 16581 23091 8475 9950 12413 13254 20987 20156 13639 16653 18952 17836 18124 14331 0 7682 11176
17898 16066 11534 19066 10338 14848 20963 10057 18125 18687 16431 6892 2478 19402 22066 25723 15646 18675 17511 16467 16145 18217 21926 9883 12378 15270
22259 22327 12279 14569 13185 15116 18012 12613 22001 12719 14168 5227 12536 17759 14393 17141 22530 12748 23378 15685 12473 23653 19924 5281 9859 9458
26363 19632 6651 11407 12473 15342 23472 13863 13996 18286 19219 4046 15012 9870 11513 20435 22431 20792 20069 16469 17095 20457 21491 6151 2926 18371
20595 18334 15361 17829 9302 15655 19734 12481 19314 21084 19677 12241 17007 16860 12434 24754 12070 15442 16448 5392 13891 17554 15899 13492 14073 18399
16605 18151 9116 23157 14470 14733 16462 11851 9658 18416 14924 4647 10145 17936 9186 26218 19673 20622 19155 17129 16686 16951 17113 13938 10235 9320
13326 18017 5045 12694 7937 10852 17760 14000 15020 10480 14067 4158 15346 19917 27988 10597 14587 14524 18466 12811 14112 24638 21113 2966 13540 12076
15217 14743 13636 13082 8879 16960 25886 14371 16924 17001 16153 7250 3925 20540 3836 13739 13622 17772 18006 18972 14553 20517 18839 15147 12212 6614
10475 19701 12297 19476 12607 12101 14046 13662 22777 21168 16590 7090 17413 16300 15719 12987 14245 20028 17155 22259 11035 20396 27412 14936 8171 7035
19203 17306 15199 11114 9882 12146 18552 9429 19671 18948 19602 20077 24647 15595 23329 25020 17630 12728 20076 20581 12759 21152 8870 7105 4193 4036
7246 19872 10325 14749 9331 15688 16975 9164 19946 12689 16530 12833 15890 10018 20865 16509 18240 16353 18316 28973 17933 17826 20350 19445 13561 11722
17314 17847 13719 15717 13653 14002 11646 9355 19649 15645 12187 3540 22535 16080 17613 18241 18379 12890 16281 21479 16138 15714 25140 13006 8267 11391
14727 18857 7789 22315 14810 14219 19881 9534 26242 18445 14047 14346 6153 13023 4532 13290 15952 9622 21318 21245 13807 20920 18272 11144 6853 8385
19711 17767 13230 18116 3789 12940 15850 18353 23753 12542 23684 6694 8161 11071 8133 19350 12989 3574 17036 9993 17595 18267 16496 7977 11174 6577
14338 15453 8836 16196 11424 11248 24293 13200 14145 17293 19451 15240 14651 19358 18865 20872 13206 27463 17741 14434 13661 18188 20733 1250 7958 11334
17801 20499 9452 9915 12874 16065 16039 13343 10092 9533 16874 13960 7716 23968 6688 23750 19115 18496 15915 14542 12735 19329 13650 13254 8880 8982
19015 18358 12630 0 8092 11963 19614 9748 13356 16603 22463 11631 6298 12334 14844 19964 18451 20781 19131 20802 13752 17101 18467 13813 15341 3233
11981 19483 13392 16478 10135 17285 23234 11975 17074 15401 17624 3465 13007 14467 128 16116 17942 20449 17154 17645 16620 18984 18524 13793 10882 8779
19803 16345 7651 19680 15898 10234 17650 12971 11815 16642 17524 4770 16622 12723 10803 19511 12255 28659 17598 22269 14927 14775 26064 6308 7988 13561
18769 17593 13910 25730 2486 14797 24360 12939 18531 14722 19539 9210 16972 18103 9195 16291 18253 5463 21328 22409 12554 13951 16751 5566 6451 6212
13908 15997 9135 17087 7066 11912 14766 11331 15076 13731 18149 17746 19353 15089 9932 16850 12388 11547 20371 10599 16499 19980 13625 6987 11241 8411
16633 16974 6942 6909 3880 12431 17349 12040 23069 11439 20125 3281 10975 20965 22519 17273 16679 21654 22644 16707 15870 20444 19173 0 1947 8910
16716 20202 13361 19491 11003 15206 20291 15062 17025 13771 18389 9012 22579 10520 6804 33917 19452 13907 21877 23017 9841 19759 22734 16641 13336 18831
22799 14975 10130 20918 12284 10699 13073 10542 7869 12568 22611 18671 19787 16116 8086 23419 15465 11920 18801 22322 14647 20570 23278 19239 8410 9480
21679 17989 10624 8991 21794 10106 21365 10133 24066 16605 18488 10267 15697 10294 12758 19642 16557 18544 22360 19587 16846 15070 14271 12367 18908 20591
20757 17013 11055 6832 9514 8172 19206 12796 5512 14716 15125 14517 10239 15465 9664 11487 12935 18642 20996 19017 12550 21676 30361 5551 9406 13948
25054 17821 8548 14510 2630 13727 25197 9358 14395 17936 20532 22075 20629 13120 12863 18816 12632 3820 18201 22169 12372 21505 20441 13023 13012 11373
22161 19393 11283 20507 17770 13576 19215 14458 21547 11607 13308 12210 7859 8373 5110 27487 18229 16340 16461 8606 13257 14268 23269 17610 16335 10328
12563 19839 14698 18807 16963 11463 14017 14047 0 11235 17875 12168 3523 18125 18797 15779 19679 11196 21861 20957 17197 14666 22666 12233 14141 19863
11055 21768 14559 14458 22143 7610 15734 9476 20666 16515 17614 31903 16124 21347 12432 10521 15496 9205 18093 26983 12635 21555 19121 8896 6680 9553
26436 22184 14829 20025 1331 9307 29225 16506 32770 15815 12974 6770 21386 19368 22727 22700 16994 21140 18295 17949 13414 23294 23107 11117 19437 15736
17029 19113 15544 15424 17438 8535 20839 9857 18628 15247 20508 13957 22770 19415 17276 20827 16507 14647 23986 10319 14106 20550 20033 25682 13188 7141
13552 21314 14476 32639 4715 12679 11126 10533 11089 14922 18370 25415 7227 14961 13443 2588 10642 7720 28090 19153 15607 21869 16266 8599 13348 0
10945 19907 13156 14533 11445 21547 18716 10023 13780 15195 13182 18642 20254 13641 6149 13853 15985 17884 19745 0 13663 22879 20724 29017 5191 8913
18538 22698 11817 34736 18397 12983 20596 9416 22635 18824 19592 8884 16215 12955 10892 5930 16852 20572 20264 22215 17681 18526 24179 8560 4354 16029
19617 16514 14555 21628 6720 17450 16878 9406 15110 15274 15577 1381 12577 19331 17986 20602 13294 21977 25165 22086 11775 19920 18442 0 19977 15454
21086 19738 13210 13329 11796 10622 17004 12895 23288 15283 21344 16692 10908 15912 13432 13788 19532 18521 19758 18151 12592 18402 11852 25412 5588 19984
14418 17698 7310 20203 6925 9821 17488 13312 21186 13562 16726 13167 12696 15512 17726 17577 17365 11666 19974 20937 13891 18184 15652 15588 6176 11819
14996 17286 10599 4871 16737 19541 13741 13742 26463 17235 22439 35058 12045 9913 17921 13163 22108 14268 14853 23816 16002 18852 23007 9456 14082 12637
20576 19287 11748 13712 8421 11750 18397 14281 14541 14092 20256 23659 19828 14462 28943 9922 18334 26932 18971 18271 13144 21851 30730 14044 12824 14361
8037 21724 11986 20643 9813 11644 18123 15163 1178 15912 18053 5832 9248 12719 16921 12270 19401 20552 14921 21951 19300 20941 16681 8434 7332 11796
22279 12953 12279 19501 7195 13712 19667 10749 16738 14503 17948 16214 19190 11714 14428 17063 19423 10383 22674 10795 15016 15874 14292 2268 9949 22231
24653 20750 14674 10773 11630 16511 20767 13107 12560 13406 22008 9267 12387 13790 11465 24920 19322 10503 20573 10218 11383 18632 24559 11243 12810 13894
13770 17001 13297 13454 15004 10268 25537 10521 16643 15992 22394 16879 13413 16247 17272 22714 20001 18265 22252 17397 15798 17529 13102 5552 10717 10035
12469 16357 11427 18438 12842 14845 13045 13761 20934 15643 18888 0 14726 10874 18113 12854 14615 18121 21835 19469 16428 18647 20250 16071 5169 16281
18106 17096 14940 27051 5287 14275 22538 12225 15471 12016 17162 16496 22043 15351 9576 15992 18751 13591 18639 22209 13996 17735 24225 5687 3612 15242
12856 15281 16298 20964 7345 13544 18589 8257 4849 16805 13032 11581 13395 16563 16439 20102 19570 18833 20087 20724 15378 17600 17947 10142 1381 13887
18682 15214 8181 6414 19275 6850 19313 10055 16358 13512 21024 17475 11756 11999 12558 11862 20052 7441 19671 19251 16661 15279 11949 21459 9621 12774
19406 18417 11283 8464 12262 15883 22494 8539 17008 13329 18006 6320 11218 14199 2593 14545 17661 10969 16897 17581 16406 19559 19725 15651 14540 4245
20577 15416 7140 16597 18734 10427 18167 13629 19485 15836 18488 10010 1002 10112 8342 22593 18061 17696 23255 16651 18263 21788 15513 8828 9886 11448
19371 21540 10571 24552 12624 9734 20677 15713 10949 12975 22505 3885 6253 9605 6478 23173 19804 18519 17348 24201 11119 15933 23493 8425 9544 16388
19283 16297 13541 15823 12907 11245 17878 10990 34077 14432 15187 27908 8074 11904 14087 9824 16634 4759 21006 15642 12384 21062 20650 17791 11384 8088
17570 19290 10039 9960 11595 10346 18942 13476 12633 14751 15232 9468 17965 15769 25601 18521 17269 6539 17171 14665 15241 20842 22407 14744 19169 16731
25718 19948 12195 20038 4466 15230 19012 13071 22911 16409 17486 8337 8227 11662 22927 17634 19065 8860 23361 16168 15718 20762 22060 5576 0 13530
14554 18308 15467 18205 21224 9885 20908 11158 25504 13175 22467 15122 16526 13373 19248 14538 16635 15704 18441 14121 12284 23113 19162 22380 11669 8554
13984 19463 7659 11594 6060 17114 16930 11015 23822 14036 15839 0 25908 12768 6056 6643 16563 17432 18613 19965 12055 21071 21441 4638 23732 9777
16659 18537 9646 15347 1117 11389 19412 10865 17765 18034 16097 20073 9964 24263 10570 28218 19183 934 20492 16705 12254 22860 21660 10536 13139 14550
23048 17273 13313 13548 10998 11733 17662 14035 27282 19848 18520 11253 15921 16455 11183 5810 19470 8126 19872 19769 16060 19707 17662 0 4394 8214
21607 18261 14712 13873 15182 12418 24789 13105 13755 10040 23067 10346 23205 21116 29269 12797 20944 16887 23565 20778 16480 16830 18948 15783 12921 7896
23887 18036 9536 29264 17241 15572 18883 16062 25566 10403 19441 18483 7686 15471 4993 34878 17621 16947 22538 14814 8820 21929 12258 7070 8560 4901
11482 20653 12624 11922 2097 13660 22588 13974 16189 17726 18489 9731 13934 12638 27843 15336 18508 17744 16003 15036 16981 21321 17251 6667 14660 13715
22400 17673 8249 13866 14365 10410 22371 10231 10400 14092 15331 7629 10620 14617 19236 7589 19470 12852 19251 12770 13086 19977 15275 14750 5881 10055
13717 15516 9238 15101 1651 13866 12434 8020 10711 12417 22570 4452 3659 17419 12958 16402 17639 12945 18579 19909 18161 23478 20826 14227 8931 11095
22475 22886 6783 22906 10936 12225 20292 10177 23552 14464 17259 22319 15372 5688 10793 34049 16779 15166 16663 24037 16121 19076 18688 12452 6807 16116
16551 17759 8724 22124 4425 8882 13456 17852 28450 16291 19673 0 12802 14644 13095 14545 20494 18093 20884 12435 14872 18490 21474 16228 14570 10720
16606 15562 12502 19146 12356 12911 19870 13995 5365 18624 17776 10864 13030 14456 13948 27520 15977 4748 23443 7512 10835 21845 20908 5694 9537 14908
18251 20384 9789 14933 7892 17053 18091 14143 237 13072 23467 14520 18962 12660 21358 19766 23923 7624 17756 18199 12784 20276 15958 8553 11987 13038
15670 15486 10201 31283 5363 14952 23675 14911 16095 16380 14553 0 11966 10116 22043 17729 13005 14107 18015 29813 17869 20299 18034 6336 9717 9786
14943 16651 8276 12360 4912 11816 19624 14044 20660 16515 15972 18351 0 10429 17473 28418 14902 19458 23070 12998 15678 21460 23461 15427 11964 13982
14402 19885 12275 11282 5984 12913 13233 11080 11731 16065 19820 20287 10561 17488 12955 14904 16601 21375 22776 14673 14322 18745 16464 5471 8469 9944
8198 15292 16073 26162 16734 15751 23782 13994 9867 18371 21593 14534 9754 16713 12794 37336 19300 14812 21403 16868 12479 20708 18573 12936 3735 14916
16675 17149 15286 6795 8488 15195 20992 11864 31092 15081 18981 11545 7233 16500 13941 17968 16419 21153 18696 15152 15970 20364 27485 5871 8921 8777
12804 18297 3540 29740 13066 14643 15373 10956 15096 16496 21506 6262 18420 12582 13342 12853 16105 12167 20107 18887 17577 23073 15272 8592 4317 14119
21048 20482 11055 13288 2354 21222 18305 13640 22757 12720 22838 14886 16435 14137 33184 8312 12661 14096 20177 11049 10935 21202 21796 16187 7023 11282
16538 21064 12992 17901 15610 14054 25713 8544 27119 19481 21666 22131 8559 14163 5305 8931 17608 22402 20387 29628 15998 21027 8585 763 5055 13937
15011 22198 8889 19855 14656 14092 26745 14265 28208 16966 17424 19381 16263 8629 19396 15203 18030 14235 21354 10889 18196 22473 15110 8670 10415 10491
25482 15935 11670 13648 4506 15733 19706 12301 13082 18657 22411 8979 19118 14136 15423 9960 16531 16038 17352 20960 13627 20259 27132 11139 22628 11608
20797 17378 9334 19133 6835 6089 17208 11379 10633 19542 22531 13113 17707 15174 20803 14351 16500 14628 18220 27281 11306 14415 13742 2795 4443 10951
20603 18280 9998 12086 12111 7057 16569 9359 18736 13454 12634 11134 8982 10975 23521 11755 17457 19467 18888 20454 15732 19124 18243 15029 4803 14600
15392 18871 9517 19355 17150 14101 9866 14313 24735 14485 17270 0 4049 13778 21651 19329 14910 12682 23288 17747 15887 20951 21051 8306 16239 12762
16948 13325 13787 13454 3431 12655 19939 13822 19254 14048 19130 10631 2835 13832 20414 8580 16568 16828 21475 19531 14513 20779 25392 21014 15876 14646
18807 19857 14450 14209 8779 7589 17781 16776 21717 14497 23159 2791 13660 12829 25735 15834 15318 9177 19639 25183 17096 19316 14053 16244 12097 13320
17156 16312 14607 16487 11068 11210 25010 14169 10397 15302 23904 0 10777 12619 38000 16585 15050 7825 17738 25984 17045 19871 13934 21871 10614 8889
18548 15840 15085 16103 14947 14169 18236 11442 17455 17048 22532 27303 18201 9643 18626 27826 11949 14200 21165 22601 17401 21892 15644 0 6738 13808
11497 16632 10194 14990 8570 17368 20506 14406 26434 17889 15786 14314 15392 6762 22911 18975 14868 7212 24136 12417 13202 15357 23170 18441 12971 13878
9114 15524 10308 12468 14684 9564 15580 14490 13894 19530 14824 14689 13431 14172 16157 26764 13918 15697 23131 20178 14834 16878 15793 13390 7352 10835
18192 18768 13759 17280 9082 13638 21353 9599 21468 14824 18606 8137 16697 18915 16539 19099 18464 12407 16118 25645 16258 20096 20009 9664 11996 10698
19368 16154 7169 19573 19324 15713 22936 8687 19728 14901 18006 20147 18540 16866 11078 17454 11111 10162 19163 19357 9873 19825 24158 15330 9696 8414
23460 16462 9678 13644 8719 10638 18172 13144 31646 13576 14966 5138 14424 21980 13667 25447 14356 12542 23005 17580 13491 16091 19607 9771 7557 27237
7491 21008 13259 27003 12486 12844 20813 13414 17028 17721 15995 25896 8380 8569 5839 25962 17941 16169 21737 14988 15491 13992 20415 16553 11300 14991
15931 17965 11957 17258 11137 13089 22000 10608 17984 17396 18240 12607 15105 14224 2156 15256 15179 13500 21436 16079 14976 21437 10301 2392 5019 23227
21175 19153 13173 18825 17859 13347 23753 12807 21536 21361 19252 6132 13348 10878 20562 11317 15660 25276 13813 12776 15994 17817 24089 8621 9561 21949
10622 19101 9808 17796 13271 12362 21856 11077 21078 19423 17027 15197 17131 14422 22743 30213 18873 12113 21044 21022 14145 19289 17047 12797 8431 13523
17631 19234 9368 14298 19035 14376 21064 12463 25557 15735 17546 12951 13165 13524 10262 25003 12689 13590 20084 27726 11158 20729 18594 438 9534 18017
18874 13378 11680 16621 8555 10819 20814 15397 28674 13177 19530 6948 18279 17843 13260 15663 15170 0 20368 12088 17817 16006 13409 19210 5635 12110
20550 20197 17044 22721 6401 16350 26526 6771 33750 18168 21597 6721 16036 10444 9768 6847 15353 12316 19955 17953 15343 18778 13805 18770 14407 13781
13540 12669 10362 13013 11324 11583 27337 10759 28958 9619 21028 3611 9786 11400 17429 10420 17026 13541 18225 19807 12499 18754 24019 14401 8914 11353
18665 16654 9391 3519 15145 13656 18218 10756 27751 12663 10159 16575 10020 12882 19405 8105 14729 13903 20180 8182 20371 21723 18781 20573 3995 12778
12407 16746 12445 18842 12094 14609 21257 12212 13660 14996 14261 5068 7060 13077 11949 30810 22246 21419 14362 5079 14616 20009 16100 9168 6010 11877
21537 17782 10635 29727 9291 10482 22931 10566 14099 17133 18535 14075 13753 15476 20720 19270 13494 16744 19829 17370 17576 20306 15250 21194 7074 9478
26639 16533 13288 25302 8210 11527 18237 10235 11329 17819 19093 9372 9482 15378 22426 31282 15204 23020 22829 16732 16244 22750 24687 6086 4845 17902
11288 18398 9065 7480 16797 15819 15884 12304 17419 18042 15826 17223 11685 17792 8593 35732 16174 10914 19791 20636 18525 17100 22136 7972 12484 10336
11618 16731 8665 14998 4719 11679 22927 13712 22498 16087 16342 4265 23158 16523 13886 22098 20658 12571 22018 25076 15723 21352 17569 6771 9569 7964
17988 16168 11636 13469 17277 4727 15764 11299 18325 16315 21062 15706 16873 11909 11850 27841 15615 11783 16815 24532 12602 21206 18604 17698 11623 14802
16170 18293 8329 14773 15754 12171 11085 17073 28058 14136 23340 10067 9149 10187 26503 12913 14758 8755 23016 18361 16399 21606 15570 16501 10993 11815
15165 16369 9627 14428 1906 17397 14511 13954 13255 18539 15812 13853 22324 20142 12853 26964 14690 24206 19738 14048 16302 21222 27642 17817 9766 18303
22590 14365 16678 20446 11564 10354 14632 12723 11533 11238 19991 10291 14333 19898 27129 22760 21992 6543 22985 19374 14232 19386 15327 15100 15964 11731
16111 16834 9937 14427 13268 11087 20391 12607 12132 12040 20102 16516 3874 13060 21956 23222 15541 4325 19271 16317 15497 16888 23381 17841 7755 2691
7475 16507 10757 24332 28982 14539 14775 12091 20767 14298 22503 28093 11357 17455 18206 17830 17941 24162 26693 15058 14320 20571 22854 22649 12133 8489
17301 22988 14332 18241 6828 10050 23342 13161 7446 16847 18477 3226 27823 12119 30324 17240 19421 20126 21370 23628 18008 16412 22452 17527 13338 19212
19371 16029 10682 9383 11256 15842 19806 11715 26940 14613 21441 17200 15825 12153 12489 7832 21705 15383 21470 22439 19273 17783 22944 9625 13291 11065
16727 19523 7269 18344 10282 14461 19070 10379 25634 18886 17624 6917 16321 15971 32050 11782 18076 18993 17256 15555 15519 19987 23080 11977 10877 16285
19624 18035 17204 22392 20286 11392 21506 15224 22516 17868 14672 23342 10120 18333 10558 26037 21439 20272 23483 20650 12484 18154 23426 17921 8489 4076
11688 16715 11437 23071 7006 13761 25214 14587 17152 14461 21169 0 1928 14179 16028 3690 15580 17777 21597 20583 18598 21975 14703 19037 2806 12334
12875 19280 12114 19213 17834 7651 16741 7729 21684 14311 15406 11656 15749 13457 12163 23125 17678 7279 16793 21561 13745 19763 8134 13489 8285 11871
19103 19353 7999 10246 11054 11173 18141 12545 36722 15519 21668 15643 21301 17625 15962 24546 14476 16713 18649 19495 17278 23027 15608 16407 3018 13868
16087 16761 13215 10520 15303 18306 15622 11831 22606 14314 19740 17987 6573 17143 7679 30918 20180 18166 22219 20060 8727 23229 19612 7077 8782 15247
20599 17163 13903 22769 4156 12893 20966 13315 22737 14136 24142 5996 11427 16687 12795 21320 16975 12711 21093 16253 11314 21000 22309 21690 11836 4486
17605 18886 9535 12710 12627 15012 24033 13873 21177 19776 22271 4716 10997 19987 4655 21633 15636 0 19414 11967 18023 16911 23164 691 9551 15385
17174 16676 7261 25445 5477 13233 11807 10910 5475 12399 20186 16915 31054 18692 17706 24854 19291 17465 19237 9687 13460 22577 19703 14472 6415 12846
14115 19286 10787 7676 21285 12485 19006 12128 9942 16026 22377 15049 15986 17669 25083 21234 16982 24562 14140 20549 15027 18060 25611 0 9869 16988
13069 18414 11721 15431 17824 11521 16514 17416 16626 10435 22260 12948 21000 11840 21912 24482 17316 21141 18285 19964 16852 20240 4718 21736 14998 15052
9744 15785 13144 22168 12893 7805 19640 11357 11657 16985 18972 10377 9317 13605 10560 10505 19997 21102 20980 16204 15299 19663 17227 19448 7527 12502
14292 18391 8960 8355 16036 13833 19031 16781 11170 16004 13560 8813 22933 16846 20639 13509 12278 7394 21331 19757 16157 22780 13635 15409 5617 10743
23659 19312 9112 15508 12326 8103 19039 9580 22691 17016 17801 19742 20729 15711 10817 41629 15638 14298 21390 13635 12999 15874 14378 12590 7022 21462
20204 21889 10527 21621 12840 13414 19619 15971 20133 12197 17769 18509 15414 13507 23553 19243 19295 5974 22009 27419 17074 17352 20832 20101 3336 10677
26216 21859 10958 32304 13819 11237 13943 12243 17961 16806 24216 15379 17806 14152 21723 23819 16418 17544 22562 15487 16525 20866 15943 10416 7896 9823
24642 17564 10057 15921 4038 12239 15591 17032 27465 15767 18773 12737 25922 12814 21231 20680 12000 16301 20339 11296 15391 21491 14444 11658 13517 9616
13692 20574 10945 17216 13833 12847 16635 13168 23102 17323 18699 10370 9275 16725 17441 25571 18115 10595 21820 4581 11944 19428 23392 4925 11782 9055
24478 14415 11743 17172 8016 14175 21309 8774 28812 16483 18579 0 13473 12348 10066 17221 20369 7860 23577 27224 16489 19429 20787 0 18040 14800
22516 15231 10523 21014 12058 9096 8559 17526 16015 18194 16728 15807 11819 13007 15607 24910 23925 21245 16571 20481 17864 20658 22397 9856 9356 12000
16202 17198 10243 23058 8651 8518 15306 12905 6753 10920 18519 0 14487 14009 23469 18440 17921 10100 20164 20831 14520 19256 17012 8897 3523 6687
17971 18917 9829 22443 23120 11939 12417 13967 23630 15798 14966 13329 13674 20581 15916 9522 14530 9991 15223 25567 14245 17930 18896 14506 9136 14680
6872 16252 17879 21208 13660 11839 17823 15303 23786 19029 19325 13232 9566 16369 12762 21395 16245 11465 18749 24866 15479 17861 31080 18094 15782 13871
15390 17009 10149 16669 13342 12942 19201 12908 20211 13455 17149 15362 3897 21125 17347 18561 17061 13616 17327 11719 14281 20251 13539 5751 9973 17184
18403 16187 8567 7721 18929 10556 19978 12228 18404 15988 16237 9465 13145 20793 21809 22863 16110 6739 20679 17337 12738 21738 20103 10149 14332 15698
18841 18726 7378 10594 11484 13722 26084 14027 9798 15150 17759 14768 9635 13336 7777 0 17313 16963 16469 15215 16869 20807 15635 16878 13964 15539
18158 20937 17735 10748 10038 9997 18185 12480 23435 14268 19744 10890 12425 13823 5154 29868 11424 15430 24687 24810 13998 15548 13601 0 12194 13205
12849 16023 9251 10447 6625 12210 27768 10305 19783 17402 18052 10674 19478 20844 8934 29363 18806 8803 17396 19895 14121 18105 16692 2568 13424 13212
27037 19345 9184 18541 4489 17143 25569 11554 20581 16037 16037 12197 25124 12955 16947 14612 17299 14042 15895 7551 14428 17579 21760 14593 7653 12362
19219 21959 8377 25504 7184 16226 22154 13062 18588 13471 15131 12592 17367 14008 9180 8565 17518 15728 22811 22843 12861 14315 20752 17730 13173 17593
20759 15548 5924 19870 12947 8378 14933 12925 12642 14242 22620 18602 12497 10262 11179 17809 15405 21556 17416 30688 15190 23268 16782 17554 13123 15507
26493 18333 12873 28760 5040 11760 13940 9562 12102 12075 19416 16280 12071 16919 14530 18376 16894 13181 17931 11447 18519 19025 26748 23839 13839 17833
12439 18890 13948 19234 15626 14179 20706 12734 7422 14554 17477 8250 468 14826 9583 8520 11265 14557 19358 22979 13503 18561 24913 11355 8920 24054
18839 24483 12443 17244 9677 5621 22740 10336 20225 18034 19130 13270 13395 13700 18538 16150 15260 11166 22292 15676 20626 19701 14592 11487 11656 5877
18974 16704 9486 4519 13372 13956 22304 16377 16287 14298 15528 19075 16809 11997 16345 34199 19998 8536 19000 12217 17042 17826 19270 18507 24573 12319
11539 19056 15104 25474 18559 20127 23166 12662 17818 15139 16539 1371 12325 17854 22554 5132 17663 23142 24881 18266 16106 15903 27207 12755 17629 9713
13804 17312 13742 19794 18015 12777 15486 12335 27515 17073 12914 13823 16302 9895 14542 17208 19016 27169 17745 8150 13128 18523 22008 3043 15159 9704
20303 18675 15408 26757 12945 4092 19912 13739 23310 16702 23769 16330 14618 13854 7550 9475 18220 16502 20748 18521 15663 14478 22374 10095 13210 16507
20426 20458 8683 15325 14498 10655 20622 16071 14338 12747 19451 14800 14043 19754 13134 12980 18500 9084 19511 19129 16189 18593 13006 16627 9713 11444
13014 17830 12453 14606 12599 16570 23939 12509 17301 18622 15605 18208 9469 20260 11119 0 14114 14154 21099 24812 17293 17698 11930 5570 901 16990
21482 17383 7005 14773 8948 13233 9552 12947 19856 16246 15323 20494 14347 16021 23662 21271 26431 11064 17700 22805 12110 19733 22848 3957 9290 10351
20291 20814 10176 16568 13724 12749 16440 15108 9367 15762 17839 7384 23854 12232 24974 28076 21757 19440 18112 16583 16438 19180 13956 22666 6062 14161
12042 20820 6826 18176 11520 13163 16705 16936 16380 18153 15225 15412 14885 16979 12680 16942 15386 12965 17612 14102 14743 19566 11847 6396 17125 14256
17235 19622 13720 26481 10434 12496 17778 12257 19989 17225 23075 2956 15000 15050 5832 1197 10091 15875 23345 12941 12163 21969 19817 15518 7794 17551
22905 20547 12246 21062 11848 8414 12694 15878 8030 17236 17912 11690 15632 14415 11935 18987 14800 14938 16965 7629 13730 16766 26955 17628 12977 10428
18400 20623 15546 10387 10311 10573 16513 13822 20977 9011 15576 9312 13622 14179 17959 9929 19972 22850 21477 19968 12666 17386 17344 12874 14975 10906
14981 17784 14650 16149 13213 17976 24507 9944 19760 16123 17974 1303 12742 14898 7590 28359 18530 20892 18675 17253 16453 17478 20906 24301 2196 19560
11806 20716 12395 9467 10791 18480 18348 12834 23240 20565 16902 19715 18520 17725 19183 15189 12098 16453 21605 13318 12108 18640 17827 9806 11926 11260
12776 16414 20475 19183 19042 12746 20028 10161 14897 21670 20474 20236 9035 14691 14992 26232 20217 10741 20202 17146 13079 17650 7216 19372 3674 16197
16651 17572 11313 22287 1849 9448 21289 11603 24223 16386 18322 14184 25351 11419 9121 6979 18082 9820 23023 27854 14108 21655 16902 16727 20244 5551
15737 15468 6763 16694 8865 15138 18288 12239 15658 13666 15544 19361 15912 12261 23354 9359 17216 2141 19563 19389 17370 16545 17125 11107 14851 12867
12910 18732 15555 18540 11865 11451 11782 11923 13183 15288 17926 14525 10239 13903 13916 15849 24889 11284 22193 20026 13698 23665 13659 13901 8378 23203
18419 21379 17191 22239 17869 7378 24938 10931 13849 18231 22872 5591 4684 14342 16756 17683 22038 19562 15312 11940 15576 14000 23820 20073 11179 13685
9183 18065 14280 9952 5889 14396 26873 9770 13871 13741 15918 11581 19082 13868 14070 20410 15097 13966 23262 19914 15280 17032 22098 11894 8637 11765
23603 15463 6712 15153 16331 14270 19492 16017 23130 17025 19864 21836 8012 12269 14592 11447 20075 21244 22874 18825 15219 22486 17253 19495 13711 8087
13678 17232 6582 21375 15497 12103 14668 12616 11925 13566 14748 19103 22183 15790 13638 32230 20137 10258 15607 5972 17296 21571 23559 9530 7376 15241
27139 19757 14211 16933 818 11476 13472 10835 21158 19585 16158 4363 10294 15906 6290 1699 16423 11280 20368 20395 16216 16161 18850 12438 13500 18103
17727 14638 4288 19759 10188 18126 24064 14447 28167 15023 21738 20095 20212 18107 11669 14534 17978 5534 19817 13223 14934 18156 24314 9572 11109 17618
22970 14892 10605 11530 19332 8160 20674 11172 14493 14532 15077 13804 5822 15551 10862 16863 17593 18509 19527 18620 14679 19445 17196 12576 6628 11440
25626 17176 14708 24201 17264 13045 23139 13620 20563 16327 22173 11734 20668 12361 12481 25365 21857 14435 18347 7995 17095 20056 18740 3916 10896 16286
23469 18085 17245 18836 16649 12025 18583 11852 11586 15559 17495 1154 12301 7990 20639 24494 19089 12905 17593 20523 20848 18988 19367 0 10941 13534
14528 19681 9345 24868 11357 12507 22650 12080 9076 17080 25509 11203 18157 18095 18127 24706 16585 30609 18799 22750 15506 17662 20692 7580 10319 14634
15094 15061 11564 16416 8179 15677 20075 9765 17947 19545 17545 19983 3868 15145 1711 9499 14776 23234 23113 16917 15413 16139 17706 0 16873 6378
17412 19071 9158 20411 14756 8567 22954 17747 13505 15631 21543 6382 19564 24240 32840 13107 16622 15303 23178 11262 18979 18755 25018 18072 6220 8871
7176 15044 12528 23628 17339 14708 17425 9800 23066 9487 19526 5150 6800 16725 13361 17518 18345 22898 23728 21807 15556 17957 21874 16562 11608 9630
21047 15516 12093 20696 11097 10253 15072 9857 10976 13920 18901 6745 30057 15753 16108 8080 18254 14984 22192 19974 14850 22260 23016 8728 10507 4514
19393 17783 11134 15874 3641 14606 15076 7585 6494 12471 10137 16582 17607 18982 26747 7379 20784 16141 17507 17136 15341 16325 24375 6222 14917 10003
15589 19122 6509 23289 3709 17788 20737 14408 22584 15018 22803 8411 26475 12358 9282 21678 15071 7211 16783 29976 13197 16401 19080 5676 7153 11646
19743 21556 8442 17546 18190 14705 17064 17063 16323 17109 16011 14792 18487 10927 16084 6058 17881 20930 23330 22040 11002 19147 13899 10583 14237 6852
20369 16031 13009 20964 9721 9554 21414 14819 24131 17604 16516 10813 0 18571 15302 21081 19897 25750 19726 16407 16668 18815 18307 13433 14336 8210
8284 15252 10027 18313 13816 9613 23441 6272 14820 14989 15993 16242 24611 19934 19436 28532 15519 13901 14799 26002 13689 23737 21377 8137 11452 14667
22333 16581 13897 22447 21302 11073 23666 11537 14948 13609 22649 8392 12890 21346 19107 17403 14376 10670 20106 17870 9466 19220 22573 20791 16771 11455
14885 16426 6471 24098 19110 12213 13717 9868 15255 11601 18565 8849 26344 12670 12321 31755 20101 12385 21897 20483 16247 18324 15462 11609 15076 10310
20141 19293 7616 13216 6362 13482 17689 11170 15079 15912 19489 23496 22749 15318 322 16924 13315 23499 19758 18012 12257 19036 29181 16496 6500 7917
15049 17890 10627 13661 16758 11192 20357 13122 19479 13549 22866 27948 7278 13095 11263 17351 14153 17378 24814 25853 14448 21555 18644 10334 13850 12303
20829 17015 8557 14283 4842 9225 21222 14012 21772 16344 16838 12671 19318 13377 11753 25599 20071 17685 21768 3915 10929 20428 18058 10058 12155 10015
25628 18161 12721 9879 11181 13271 17479 11476 12330 14611 23803 7050 18373 24535 14200 23662 21646 8246 18139 20210 9116 21214 18938 18435 12864 13252
15137 22245 11918 11301 11809 14939 15295 12008 14814 12361 20770 12741 17244 16076 21032 6129 19476 19439 21808 25665 16228 18797 19847 16134 2436 10269
14146 17042 12081 18989 9178 11894 22729 15875 12665 15585 15234 1127 11436 14916 5425 12302 14946 17533 18776 14974 13488 20399 27117 14765 6172 15744
20581 18104 13481 29223 14505 17258 18696 13711 19143 22472 18447 3959 4161 16190 15379 14060 18339 13905 21003 21488 16973 19286 19621 15327 12792 16719
11276 16232 13493 19312 7506 14670 15850 13081 19420 20389 20367 12556 25831 12328 27784 28857 14662 16429 20395 22750 13703 18146 23390 9348 14971 8821
15788 18010 7271 20495 3279 16287 20426 15618 15185 13307 22637 5694 7684 16180 11427 22416 18903 15923 21064 23348 18048 18919 23327 6531 16387 16049
19010 18666 11031 23556 12666 12431 10490 13815 20450 19592 21983 30301 11359 13646 10477 21229 13915 9563 20373 13403 12780 22194 22730 16100 9871 11404
13609 20013 13291 17940 7681 9688 20912 7539 20881 16578 16416 19247 17937 11038 3493 12651 13679 6670 19011 24455 11745 20849 12204 18472 15027 13416
8505 23472 17488 8157 10165 14419 24164 9477 14549 14523 23941 21843 18460 14563 20094 18242 16599 12799 18598 14695 14049 18539 20537 20360 2087 9887
16334 19233 7844 14789 5268 15214 22464 10819 9601 11320 20043 14804 10071 15340 1401 22717 15795 19570 21166 12071 17011 22859 15374 5514 7313 8238
16680 15359 9535 11714 23120 13713 20139 12003 18604 18500 22987 8010 6921 11898 18771 29337 18785 16481 17947 25775 13576 16272 18698 0 4389 11816
16790 18432 17418 7476 10842 12521 27773 12861 7645 17590 16594 1771 31640 17806 15845 24698 16065 11703 17308 10810 13327 22563 11607 15745 4904 13847
25336 19163 15957 17412 9217 10927 16730 9075 10167 13203 11011 8406 14452 10922 5657 17045 15569 10969 23219 20584 16567 21434 17182 14403 13547 13193
8761 15967 8077 28871 0 14465 13288 14044 17665 13816 24086 4781 17867 10453 12235 17505 15130 19559 20031 10920 13864 20417 20677 5866 16796 15369
16989 16505 12805 27602 7923 14279 30536 11869 10788 14300 14086 3991 15711 19930 15272 27894 12365 7749 17003 22904 15041 10906 24563 14823 2258 6602
17375 19589 8593 13348 7722 13873 17082 13808 21573 20782 19026 1186 2746 12400 21777 15225 23870 7334 18955 14026 13740 19250 16726 13774 4909 17091
17763 14192 9201 15721 12456 14488 24429 11887 11501 14287 18249 10500 13339 16893 0 13888 19775 21395 18609 24093 12199 20443 16821 12549 13955 15590
21354 15216 15893 13781 11921 13654 22097 11298 22301 18011 23663 7316 21554 15310 12011 22471 14810 20273 19880 15472 14687 18294 22332 20944 6447 14823
14382 16913 14517 22354 13506 18628 12405 16055 9779 15364 19016 29906 7073 24881 20289 12776 14736 8164 19256 26205 17338 17911 13740 8580 6516 8233
18845 17268 5935 17047 2040 11679 17879 12701 15359 15528 20352 6002 7926 21097 22979 6420 14311 11634 17843 12465 15608 15381 17291 11686 6856 17213
12275 21163 6648 14187 14513 9644 19939 13041 18158 17461 17986 9163 6380 9050 6244 18932 15897 12118 18711 14011 19206 17760 15203 11257 10449 19694
8561 19364 8032 4371 19151 13507 16158 11556 2348 19056 19773 2209 11012 21614 17001 14444 16237 11311 20375 9861 14783 19886 23703 21268 8403 11058
14544 14661 10899 14833 4260 13348 23503 7573 8308 15260 16119 9205 12312 16154 20846 14936 13533 10215 17284 15530 12318 21138 21938 17318 4358 10037
18022 15612 11480 14293 924 13005 21041 15632 7131 18553 26981 11835 7193 12937 728 32672 15401 8476 21833 10806 14608 19115 17324 19220 10441 7531
13271 21369 13444 16574 12581 14265 23591 16258 21651 18151 19614 14079 15344 16730 20987 1593 19669 13369 18288 18119 9828 20512 19799 1583 22774 18924
20318 16460 15229 21444 20694 14316 19240 9617 19232 17180 22136 21596 10280 15393 11098 12083 19185 12136 14499 13579 9664 21671 21482 13793 6041 5481
15047 20451 9738 21078 14404 11972 20249 6911 11904 14939 17989 19034 19190 18289 9449 15397 14499 15568 20084 24569 16098 18184 24305 14181 4452 11762
18672 15053 7990 28294 9542 10732 23700 9755 8612 15328 17245 9311 10877 16101 18352 16176 14152 11651 19654 16853 13141 18735 27509 9591 12312 17171
15680 19315 11762 15460 14563 12998 23223 11121 5856 16600 21911 15629 15478 14015 9953 19752 15761 18124 17914 13531 17680 20660 20767 15937 9860 12460
18439 18104 10235 17614 6418 13898 15013 11204 13549 18551 14385 18298 10120 12765 15451 22572 19545 13852 20614 20939 12404 18166 17001 14129 13313 14222
18937 17221 11585 4392 7689 8709 23431 9728 10793 17704 20007 14906 13041 13535 10886 30438 21507 0 24909 8511 11851 21820 19230 12349 18017 12733
16186 18049 5374 18911 0 10081 16592 8749 17389 13607 11736 105 6629 11351 13096 18494 18487 19912 20433 18260 15429 22433 14535 5980 10356 15634
13096 16518 12364 20328 15714 12247 15123 16830 2008 16592 17047 22644 7727 17027 14857 18371 17618 19737 24410 18996 13639 20189 11672 7581 20777 13449
21736 15182 13384 16760 2996 10013 18203 16148 23269 10982 14963 12542 20167 15667 4380 14864 18190 11663 17366 9559 14390 21251 12989 13806 8593 11355
13173 17341 10889 19533 8889 18887 22163 11982 14766 13209 21583 17178 18633 15087 21783 29744 17296 20922 18546 20294 17001 18143 22368 17493 12586 22317
21819 18265 12213 17993 13650 12160 21665 7708 21120 18283 21079 12844 12174 12717 14605 10025 17453 9201 15099 17159 12353 17541 15276 14927 7988 6679
17904 19327 9424 20293 12155 12165 16627 14739 19791 15381 17830 4645 12927 18092 15169 11284 16757 14361 18412 20572 15948 20144 17764 16334 14445 11845
13592 17398 15071 23305 16553 11571 20076 13066 19960 15813 17133 11850 25021 14238 15338 9769 17700 19464 21226 18547 11704 20596 20326 20303 4036 14661
13252 19760 11463 10595 18684 11009 19380 11448 11117 11571 21007 13053 9231 15784 15749 24983 19531 10887 21201 17442 15535 18019 15066 6203 5979 13161
24171 16654 11526 16550 7440 10241 18422 12449 14257 14696 22438 14049 7244 15980 13312 6927 16145 12769 18168 17792 13815 18415 20465 11593 6252 11623
18237 18254 14259 12781 0 11333 21424 17424 29514 16237 11488 806 3661 14931 25275 34985 14777 5351 23804 22559 14120 21784 20308 22332 10673 12423
18872 19097 10996 11540 20104 14484 21681 16410 28816 13578 17917 10142 13835 17071 12192 16142 16701 20657 15330 18268 12861 22234 15380 5469 11546 17437
14285 16974 12379 23048 11457 6950 25120 13060 15029 18554 18125 6288 10798 8053 9921 8023 20046 11781 18837 22635 13907 21936 27405 15006 5804 10014
9954 20894 6616 14959 15074 18707 20847 10130 9850 15305 18757 12669 17470 12541 11640 20729 13256 14988 20076 16522 12421 19928 26952 4160 21053 9027
18127 18384 8511 22360 17467 14885 24416 12966 27220 16997 21738 8411 0 16896 17395 0 17385 27374 17212 29676 18013 19645 25047 9380 5725 9720
27412 15190 13550 20687 12487 15394 19028 12987 10199 16664 20769 5856 12472 13796 15608 8644 20618 20469 22566 18475 10989 22105 17572 21065 12758 3827
19361 17956 12519 16368 13419 11164 12292 7879 24054 19535 22931 7860 17488 18608 16099 6430 16316 3233 23105 16435 14893 21953 16624 8848 3676 14791
19173 14092 9836 14760 11173 13832 22481 10161 16655 13597 15875 19606 8169 16462 8805 11402 18860 22714 20517 13780 12121 20042 25510 20127 13534 14488
13461 13103 9413 19104 16879 8803 17245 11384 24874 21374 19767 7020 9088 20632 10875 11546 13913 16454 18674 14342 15360 22486 21374 11122 12786 12712
17386 13917 11583 20591 16274 15572 19373 8529 30526 15164 17718 12354 16743 11741 22189 18672 20576 23320 21040 32617 13342 21012 18295 6403 12559 8811
12434 14517 11599 23007 14557 15368 24049 12180 24508 16373 14399 13043 16220 16617 10911 29190 18488 13906 18862 22490 15254 16306 22204 2352 11099 8735
17623 16438 12980 13479 18306 15624 17321 9714 26918 14876 19485 6980 16596 16907 14575 15965 15274 15332 17799 28031 18189 21665 19849 9045 4327 18689
18788 18667 17600 20250 26255 12471 17884 12143 22962 13028 24666 6492 10403 19448 14053 4571 16364 15801 20831 17392 18233 24146 19093 12261 2057 7270
10635 17868 15897 20040 12973 10598 21945 13077 18505 18002 22775 12676 5586 20092 12947 24203 19687 24404 17292 17735 13662 20766 24122 18253 2583 15522
19421 18020 11883 9158 11766 11869 22682 16811 16166 14729 14082 12529 12783 11648 5788 20927 11578 18118 23175 11235 15155 20372 19859 10055 2553 12478
13780 19375 11740 25954 17274 9081 22944 12439 24700 18584 22717 13103 17403 14876 4416 11547 20943 17143 19378 12784 16582 17871 9118 21775 13786 12634
8977 16685 9191 9813 1193 16068 18568 19578 16805 12148 20211 7908 10388 18528 14837 13307 15072 9338 23437 21877 11890 18919 22639 3750 17267 16206
18645 22705 14385 24673 10769 15018 23112 13504 22524 15575 23767 16055 23742 17693 19497 20616 17803 17837 20764 24006 16241 17207 26782 13904 12933 15277
13487 15123 8112 19978 8165 4673 23112 14056 27372 17231 16040 14926 20240 13387 13500 24836 22724 13075 19833 28296 16578 19184 16980 20170 8349 13802
13608 20856 14587 22517 16527 14227 22722 10352 18201 12582 13315 15905 10371 12464 17759 18643 16897 23000 18880 18427 11481 21188 18442 14714 3182 0
12493 18161 11335 11023 10288 11024 27478 11849 24655 17548 24198 8479 21918 16308 14907 14054 18835 17941 19328 20283 14504 17152 12848 17690 12323 1155
16806 16584 13041 18717 11209 9245 25398 12012 15836 15228 18084 23451 18244 13611 3403 12355 18692 8253 20077 19109 13241 21035 27417 13967 14887 7677
27736 19225 9822 10294 14283 16975 23713 12361 6722 17530 10864 20328 8562 16759 2987 7826 14611 13377 20938 11676 18310 15166 24712 10424 1313 14866
18773 14031 9404 11187 21224 13316 25477 18317 16217 16765 20915 4038 27900 15004 15669 12027 13275 5109 22002 22649 11923 19052 20752 9978 11836 2604
13070 17931 4664 21056 11619 13243 20406 10297 19802 11729 20131 6656 6432 16064 16538 17230 11982 12952 22068 21949 13880 22304 32496 8477 19535 11485
16091 18171 10106 21551 11163 13558 18884 12295 14724 14581 19874 8816 3491 14932 6266 20492 19882 9117 17528 18609 12443 18134 19951 1418 20455 17069
13357 12962 14439 11406 0 14319 16750 13112 6152 13390 12203 17025 5984 14487 21202 13837 10889 13552 17422 13546 15250 21873 19400 1158 14468 7327
19271 13931 10408 11136 10789 11684 25658 13245 22258 15012 15195 18176 15380 15371 14717 16945 13201 14918 15754 21932 13804 19123 23589 5600 7791 21029
24760 15883 9606 16843 3895 13725 19823 12884 13602 15663 15366 13010 7989 17407 17139 16954 12736 1986 21727 16355 11615 20545 21047 16721 6884 10791
24061 14305 11773 11116 21282 11720 16424 11151 20326 17885 15261 21742 12435 10661 15482 19806 14896 13184 17858 17050 13435 16602 19175 8131 11293 19047
11828 19506 9521 13897 5635 14109 27097 9171 21052 14377 18641 13362 7761 11910 6431 44928 16220 7140 20545 22042 16851 19255 18260 8503 4842 15374
20124 18325 11726 11644 15013 13162 25078 11704 10606 15068 23521 12832 22330 21548 19846 18717 18668 14271 20889 18528 14906 22122 19155 3133 7836 17878
19054 25139 13385 5925 12323 12089 19173 12176 30700 18072 23386 12972 18169 13830 21598 25829 16054 18191 19343 22715 12756 23735 15610 4506 13945 9796
22947 18507 5885 12306 8844 14413 15618 10467 19700 15897 15043 12844 303 17870 10409 6823 11084 19114 25166 24694 13054 21864 20837 11867 7341 9114
24106 17666 12283 20066 20318 7557 9575 10813 18021 17835 20342 577 8716 12650 11610 22520 16225 10431 20882 18632 13587 16985 19724 14912 7946 16843
24827 16749 12330 10868 12542 12791 18139 10430 16928 17054 19230 10586 9243 15341 12886 3092 19294 13208 21182 16678 20098 18768 17950 18160 8711 16002
19559 14112 14450 17438 16854 8433 19413 14526 21754 16452 22223 14848 10664 12037 16438 16139 19812 17867 17630 22741 11369 19951 22244 12652 11654 12713
21205 16141 9781 26507 6853 15887 16104 15827 17335 16173 20812 4919 8503 16573 20455 23117 18013 10062 20830 15019 15676 20235 20441 11844 0 15916
14441 16221 11352 24501 19495 6868 13007 15775 20576 18103 21105 11663 21025 12448 27713 22238 22011 8084 19259 14316 13435 20470 19999 10788 9995 13659
17401 16406 13812 14142 14063 8393 15200 9100 38217 12442 12121 12162 14794 16126 15251 16044 14377 12648 20458 23480 13908 21105 22943 0 5096 14698
14588 18148 8785 8249 13526 12422 15223 11333 15492 18970 18982 17170 19847 19709 16720 18664 15947 20910 19792 21181 16414 18720 21712 12231 5389 8779
17919 15303 9782 20140 9145 11988 24015 10606 15205 14844 20890 18059 15431 17844 18035 20799 15462 13385 20734 18899 14845 19832 27066 11448 4603 9072
22335 17732 8850 15253 9929 10334 18749 12103 18836 14715 19844 24045 0 15820 22491 22157 18368 15648 21116 14342 12317 22812 23718 12678 14424 14478
17051 17148 11026 13831 12755 15986 21924 11047 17173 12236 21841 11387 3922 11361 17019 16785 16596 17920 17580 24317 11192 20676 19938 19926 7614 13486
22457 19472 11968 17375 12442 15821 18215 14781 25130 14689 20658 11008 17640 22629 22579 17607 22872 6334 22002 18870 11050 22601 13023 14380 11816 8329
4876 14236 8015 18734 11427 11159 13942 13602 23152 14945 23366 0 16910 18356 6809 19223 23078 16532 17913 16150 14439 21894 19252 10978 13950 16719
18048 18932 13914 18268 15652 18492 15094 15764 3506 15781 14876 5644 12370 14273 15962 22396 18670 8218 20113 15460 16304 20872 21327 9183 16592 11310
21393 18615 14007 12079 14570 15165 16253 12772 9038 13954 17477 5704 12294 8748 0 12568 20858 16590 17082 30555 13093 23863 24540 9842 16508 5259
14898 20087 8474 17216 17141 15525 13292 10234 20446 17440 17762 6350 8835 15980 13595 11574 18720 7637 21033 5745 14167 18956 30220 16532 13739 10899
12193 17731 14733 20073 6222 14116 23634 11396 21687 20121 24738 26929 9223 15032 19008 22162 19616 16487 16379 23899 13633 17763 15969 16043 15303 13069
7229 15271 13203 13276 5535 11072 22057 13475 10835 16201 16037 4802 13275 15858 13426 22711 17565 21707 13012 26844 12525 22845 30524 13380 4296 6176
24595 17333 6402 12899 15755 18120 21148 10776 16966 15754 12972 9258 22544 22163 10317 14883 19756 10735 20380 18827 14513 19833 21415 7854 3826 17192
18554 16306 15800 24260 15935 10638 17135 14295 5683 15187 13713 0 8040 12105 28524 26513 10112 6351 19149 19006 16957 21718 20629 10477 15157 12050
17782 14172 14430 21284 29 10297 19057 9624 18693 14951 24511 18303 11098 16655 13699 24454 22824 8638 18281 15847 17333 17265 23569 9385 13488 12866
26248 16628 7058 15631 3500 11819 19851 14368 19364 14282 18638 1208 13657 14348 15962 16510 17802 15403 18364 15924 14363 20284 24571 11379 12554 15946
19644 14286 12855 26882 3381 10252 22211 14275 14188 16919 17128 9058 20665 13697 12130 29840 16608 11794 24541 17155 19568 23110 26301 29172 7752 16537
15343 17841 11990 25816 9576 11672 19853 14005 25691 14867 14896 16133 12132 15969 5645 29527 17901 14523 22868 18770 14109 21447 9461 15341 6484 15429
16824 15067 15127 30688 4746 13519 19416 9194 20130 16313 16972 7837 22361 18266 19528 14715 18258 12225 22453 23429 10971 19168 23552 8785 15560 13964
13367 18740 15964 15795 25479 11477 17589 7740 6009 16808 16489 15412 13545 18773 4725 16792 17772 6797 16911 15755 13296 17295 22269 18415 17486 11448
15536 16679 10226 11946 10191 9504 18635 12110 19098 14262 20892 3787 24948 11816 11115 21248 10994 22557 18174 18221 13392 18518 24757 18633 6794 17331
20452 19529 8725 10895 14363 10823 17137 11492 14649 18644 19070 24138 10707 14347 16843 18214 21299 23020 16385 6446 15726 19022 25925 10502 9550 10392
28655 15112 10083 26842 1675 17593 22356 11719 24372 17343 19069 20108 12338 17474 18626 20107 15420 8615 23803 12635 14017 19484 22264 5831 16423 8378
20359 17789 11633 10310 7497 5336 19626 15410 24643 16596 26138 15573 13674 7127 12775 9423 14956 23512 19570 23582 13568 18370 9407 0 1241 11464
15643 14885 13566 13165 7263 15597 18878 10885 11880 17146 11875 1927 14737 17758 25041 10251 14684 7032 24264 15178 14092 18723 18072 12591 12747 13419
14499 22199 13767 13176 6826 11459 16897 13600 11075 15924 16515 13066 12608 16752 22794 25682 18683 20514 21234 20505 15637 19860 23108 20910 15234 2851
10840 15667 9837 12196 21532 13774 14048 10337 16183 15204 25132 18280 14072 13202 0 14032 23677 21461 17532 14765 16526 17716 17501 934 9114 13143
20787 17843 9524 19332 24910 13947 18824 14644 9914 15712 18297 21048 13092 14425 3622 14191 14961 14816 22049 15865 12082 16558 9206 19953 8586 9812
22786 17945 11954 17530 0 11597 18158 13533 26953 14244 17206 10679 21495 14452 16374 7426 21908 19920 22322 12646 19213 21876 17371 16367 14288 7711
14962 17701 12449 14056 9677 11728 24812 12686 15519 15665 18136 10852 11376 10053 11096 16300 15048 3133 20775 14078 14313 21562 18273 21637 15848 15400
18036 19708 7276 7215 18064 11879 14808 11647 16109 15976 15851 6604 24863 17552 15654 14476 14889 17160 22526 20936 15511 20080 15847 19473 15943 15730
19592 15440 9143 21337 16153 13550 16808 13510 19696 13829 14661 13586 12914 12224 22647 15367 24633 17622 22167 7261 13724 18168 15328 10161 5401 19706
12235 16451 14821 23829 11770 12064 19876 12517 15639 14312 15201 10885 14701 13936 8279 16823 18619 10065 22411 18137 13726 22535 29767 11818 21766 12069
21845 17222 13216 12291 20136 12204 18420 7495 11916 15353 18905 18494 6637 10739 8584 13876 14838 13244 19412 16067 15821 20530 27385 11394 15608 10236
7016 17458 14530 17495 9033 13542 13486 10497 18591 20821 23970 9459 28309 14230 30911 24436 13281 15876 23845 16345 8245 20471 16423 4575 9778 8462
17003 16745 12763 4984 14590 12283 8677 15612 12172 14262 13781 5316 13820 13169 6436 14602 20696 20133 18660 15087 14196 20492 13789 9045 12949 11037
23271 19323 5472 19856 17226 20256 15181 11023 18381 13562 15951 7369 15454 14014 15009 13795 20422 8901 15871 20991 18100 16734 27202 8721 11361 6737
15583 19609 2835 6268 9361 8699 14691 9492 18102 17242 20954 6214 13406 16317 9588 26584 15439 15003 20690 19188 13848 22630 22146 11727 11979 15559
14373 17699 6066 6170 11654 9091 24839 9138 35419 16695 16164 18712 12095 16737 17718 36967 16021 18266 20278 18174 13131 23782 11123 11434 9970 15068
24312 15860 12290 14798 12227 10355 18313 13301 12458 18096 19371 406 18661 8811 22118 16182 16040 13241 22359 16150 12122 18902 18414 20658 7922 5853
17439 16519 13877 11039 15732 8125 19124 16737 21844 17440 17842 14707 8738 13797 12866 11154 11875 13388 17011 16773 11061 18994 20256 25759 4821 7280
17590 18328 8090 12713 9148 11966 16432 8315 15722 14499 19921 11356 5698 13096 23251 25237 15611 18447 20886 11240 12443 23141 17947 14928 6110 17434
19047 15779 9714 19613 13781 7861 10403 16242 13397 15309 19983 3270 21811 17265 14466 16424 16656 15023 18521 19566 13323 21771 26030 13734 9203 11876
16948 15945 14014 13193 9175 11411 15388 10743 16467 17111 16737 11286 8151 13086 9626 16953 21892 12538 20245 25243 17561 21860 19826 7809 10461 10448
18313 16316 9945 8456 2926 11882 16127 9487 24752 13735 20059 1419 14119 19132 3485 20811 22622 24824 15929 19382 11868 16884 20419 14175 10793 10394
16828 14822 12678 15650 9856 8328 20680 13323 17794 15698 18517 8538 32093 9809 20888 18218 20443 14683 18759 11358 17394 16964 10273 9389 19150 19400
21766 20282 12979 25220 11845 10976 21525 14636 13059 14716 20793 9483 12733 5865 16858 21258 17659 15595 21016 19654 14673 23279 17027 14363 5008 14351
11939 20564 10378 5267 8892 13588 26070 11933 16494 22128 20131 16187 15371 14108 14571 15594 17689 394 23023 16607 14681 22559 8770 7705 2909 11423
18536 20821 12217 15295 8734 13843 14125 12935 11168 15630 15006 25259 2988 16380 22257 4905 10404 16790 24493 21889 13212 20327 19857 7592 3307 13501
21048 17511 10435 28005 10126 10422 22120 17908 18489 15460 20500 1289 13207 11991 5564 29982 17717 10071 18198 5226 17989 20802 18022 20580 6420 11498
6678 17787 11554 12360 8039 15297 17592 10929 20901 15482 24660 5196 15242 13674 17995 16093 12762 3913 22142 9482 15858 18955 15724 21893 2225 8468
20421 20060 9925 16743 14494 7014 21111 13684 7757 13765 20351 22724 23819 11455 17538 29652 18823 13957 20758 8721 14884 20431 24461 11609 14123 14204
20522 17080 9363 19209 20839 9330 21790 13206 22728 17623 18465 5665 10799 12468 16279 24036 15616 20276 21183 15331 15162 21373 18082 10873 11705 12603
19359 17356 10744 24309 12794 14650 17487 5869 15388 19378 23032 17439 6202 17218 20213 27925 15147 12838 21129 16790 18300 18061 19614 0 11091 15060
18468 20426 12423 24260 2231 15920 17922 11065 22595 11486 20811 19858 21941 12509 20112 9898 18913 23875 22482 28049 12304 17216 24722 18295 14580 17654
