365
24 87 93 100 66 54 43 69 57 91 81 72 16 56 8 71 47 36 12 38 21 23 69 43 46 85
19792 25699 13295 13440 14963 15449 8993 13703 15136 25476 5980 16374 10861 17614 17270 15821 11747 13976 8347 18014 15448 28005 20337 14820 6555 10424
18982 23375 14130 11924 11276 16442 10257 6936 11135 22321 15831 19714 12886 16133 32903 17794 19825 9456 20934 20012 13249 22976 14905 15144 2843 9792
14747 20346 11807 6990 12143 10922 13586 5572 12782 20076 17246 18327 16519 15054 11534 19349 1968 13344 2644 14360 28779 16386 18347 14197 20711 11337
16239 25803 10217 14944 11261 18311 10302 19451 15250 22359 16590 24994 4553 11602 13855 21642 27879 21994 5912 11400 16569 23470 29500 16246 10270 11726
17212 10276 0 13463 11983 18522 12528 831 14993 15382 23450 11812 18913 10435 10996 18848 8976 12682 16122 12035 24243 23626 36761 13813 22277 13001
12661 15894 10923 11774 7095 14462 12043 0 9737 21692 23109 25749 25328 13825 4491 21308 12091 11444 7370 3535 7502 18643 25230 15164 13290 8838
19080 15344 16668 14819 14097 18788 13174 23778 14173 22722 15738 13389 18190 11537 9740 22232 4969 13513 7263 6170 9912 28328 26396 10039 23056 2037
11925 28601 7861 8412 13298 18404 10556 20717 16224 16799 11695 21048 3422 11487 17097 16897 22474 21455 7987 12622 5546 12347 15931 17280 14515 11534
17175 28426 12578 14555 3714 17132 12368 16192 13019 24020 9186 20406 19984 15324 13618 19116 22997 15867 10075 21040 8820 23539 8504 13401 17469 11749
17813 21611 12954 12294 8940 16681 9995 16957 10102 17383 14388 23034 24215 17765 12816 20744 17964 12301 12302 21365 15649 17256 17463 15486 17055 0
17339 25113 6961 11875 7546 12965 9001 23206 15999 26821 8872 11340 12507 12110 12436 16953 22692 11435 13779 8193 15847 9852 3841 10442 14022 18143
18097 18154 14115 13155 5009 19026 13837 2473 13099 17940 16634 16264 19813 9616 17507 22096 10197 14370 8436 13965 12673 21203 11726 18159 19675 13140
10790 12562 9083 12542 0 10061 7698 9507 14378 15813 14578 21004 17339 12307 17409 12710 20234 7103 12205 19029 19546 21160 12181 14237 308 14978
13864 17710 3151 11612 23499 19245 11960 21026 17425 25305 14729 20253 19465 12624 12736 17062 1858 22215 11436 7149 11693 15019 23403 17789 13856 10302
18336 16247 13353 10218 3079 16236 8651 8624 15751 9362 8809 22218 13879 9362 8377 19308 5404 21158 6313 25871 15794 26110 14639 14664 4711 22382
19211 21724 13958 12209 16486 15087 8245 20418 15153 26285 4573 16293 19677 13616 10525 16038 8350 14805 15443 16989 13918 17521 17580 12135 13529 6467
16092 26465 528 10893 8446 20649 9391 14582 14521 21169 13901 15532 17468 17749 14359 16616 26389 11922 8747 10948 21532 10240 19385 12523 32630 17977
19355 23828 14111 13221 19624 17544 11889 11070 15358 10587 12740 18881 12443 14436 9207 20503 6582 10549 5933 8840 18822 15213 23502 13077 14969 14540
18678 22047 7987 17013 22875 14530 5581 12105 14607 17434 16145 21272 10806 10591 15557 18286 11664 15867 19672 14989 15081 21281 20923 12715 8938 13339
20542 19943 17614 10221 15549 20033 12034 12867 17691 18060 10979 20360 17111 14346 6216 20263 20834 13245 16128 11252 20324 21707 20771 12248 22370 13568
21385 20544 13895 7838 13475 16413 11560 0 12469 19658 21927 11416 20151 15391 15951 20144 25272 13894 8824 23239 7754 23613 13933 16070 15789 8863
23270 20633 13945 11142 9356 9017 10367 8604 14590 20130 17429 18585 7498 13354 15786 17858 0 17434 2648 18805 23938 24194 14328 16174 10773 21796
13318 20848 16495 11120 13177 13776 12135 14645 19659 20577 15308 18213 20117 16033 15841 19896 10674 11213 10496 15750 18755 10410 15342 14668 11225 8047
17172 17852 13013 11085 11118 21193 10987 17113 14398 22022 10545 13414 21316 13454 11454 19070 0 11703 7522 9414 19076 26637 15721 10936 11783 15845
15035 18928 12772 12447 12191 18297 10321 2229 20305 18845 8007 14129 19128 15141 18689 21724 13339 18741 13741 19246 16560 22724 21722 11343 11985 4783
12120 21207 595 12598 17510 17964 9294 14803 16351 17553 7634 16119 15369 9625 19424 20632 6793 18782 2305 16786 13777 24393 8373 15298 6865 17386
12945 25421 14861 12215 3793 15582 14782 19320 14477 16661 11295 12248 16773 9222 11906 20821 19444 10094 942 21547 20944 13517 8386 16650 6440 0
10133 21102 14018 16793 17859 14623 13398 8229 13146 20162 16190 16241 14127 16694 15261 17237 12130 13798 11769 14557 7459 25622 23361 11235 23328 4900
19218 20357 11238 15812 7558 17977 10603 12581 17057 19178 10851 10006 12022 19380 20658 18172 20949 15978 9369 22435 27575 26955 9327 11377 4160 15141
9880 13831 16964 11571 10421 17000 12099 22961 15149 15852 17966 19055 24036 9158 17764 18162 16019 17944 24035 17354 11499 10362 21890 17026 18237 12164
13516 21107 19373 12106 8154 17757 14383 20241 12404 25051 14547 18331 19649 12235 28205 20129 4846 9363 16430 14496 9963 23405 28597 9902 13528 19836
18110 10615 15729 14729 3573 19354 11182 6962 11889 22328 17190 20938 13742 21632 20113 16025 19718 12393 0 23663 10851 13522 20195 14837 13269 14296
16756 16629 1757 12456 17141 12490 10194 15705 16145 23155 7466 23551 13202 15281 11613 20701 8403 15586 13669 10502 1276 9442 19568 16931 11803 12518
10332 17001 9305 10478 12313 21979 10816 12834 15384 24758 8218 21252 10636 18172 9620 18235 28644 12510 11267 16199 2934 20328 14694 14053 16433 10086
15242 24701 8809 13321 17279 15695 12379 14078 16734 15155 12826 15377 22334 15688 9896 18508 7568 16381 6580 15275 17034 19198 12436 16626 15282 7590
22322 21696 16446 13999 11342 14019 14087 22330 16359 12456 14012 20492 11334 14993 19561 16111 8633 10337 14871 23301 16504 18531 25799 16387 1756 12078
13713 24618 13557 10546 10872 12585 11482 22941 12024 20309 15166 17183 33983 13270 20191 17075 23939 12975 11306 10401 11217 13314 13871 11956 6963 8456
20351 19819 20863 11889 19929 11921 8489 18643 7182 20238 18664 23897 19973 24558 11405 18031 10819 11247 12199 12253 14340 22949 22622 9682 15452 8078
17797 25062 4892 11099 8280 12419 10845 14150 9710 14345 13790 18262 19575 16670 12698 16341 16273 16312 14798 24762 10136 23916 15273 17388 8548 18145
16919 19139 10580 13040 14489 16296 8926 24492 18388 22071 13904 19581 11813 14822 10149 17183 16451 12482 3003 29584 21977 23968 13326 11077 8355 3904
13079 13452 6982 14301 7475 19282 13163 15972 13677 18323 10538 17997 20282 7854 11433 17879 0 20876 6458 16739 7433 20845 15186 15806 1854 7614
11067 15569 13214 9722 15384 11292 12643 10693 10676 14359 16534 17677 10297 15019 17628 12399 5171 21792 4769 16096 14107 16240 5915 13122 11370 9957
16934 25554 15297 11633 12010 18923 16305 16414 13309 20933 12912 16740 18973 10329 16111 20931 19519 12709 15617 18954 16476 21783 14536 15796 7738 12921
19599 22363 9674 14350 12228 16435 8537 11655 12462 18877 16897 15561 12262 12246 21391 14612 17088 8418 12674 16231 9315 24881 31737 9260 7710 0
22297 14353 9862 14472 20097 17067 14314 0 14661 18704 14569 22766 19846 15623 3207 13302 6780 15703 10557 26303 16515 18059 3896 13368 384 12455
18865 13525 5009 10546 4844 13098 11256 13263 15008 23373 16345 15727 12793 15955 18249 20185 11279 14354 2129 9001 9670 13201 21215 14022 4362 11706
20547 19572 11008 12819 11107 16880 10276 12837 16012 16269 14365 18601 12810 11424 11258 19276 14854 16143 4038 22906 17071 14446 17900 17610 25318 10988
18633 23765 6972 9721 0 20632 13301 12604 16908 14412 16139 20298 14717 14808 16059 17952 18415 17997 22330 13474 13327 22811 8834 12060 22714 12511
27722 27218 12397 15048 15356 17040 9814 14443 12678 13759 11109 20285 10768 14028 12914 13525 4853 15546 5912 11017 21515 8903 17492 14281 4952 6584
18540 31885 15072 11142 14517 18395 11473 19255 15179 17921 11634 25078 21523 15643 10839 19031 14894 11932 18395 14483 19816 27317 16207 12245 16515 11982
12584 30423 15457 10893 16162 16211 12245 7715 11598 27808 16651 19138 13244 17209 12407 15513 8918 18187 0 15574 10802 12394 34052 14117 16636 10124
18522 12765 11788 11457 5696 13980 7621 9190 20855 18490 13946 15770 9397 14584 15140 18041 1028 14147 13549 16193 18378 24373 16538 10564 13723 9773
17788 9403 12740 11710 3751 15021 13340 21317 9526 17718 13092 17769 15279 13891 15214 17554 8849 11651 6569 13476 26238 18075 19120 22193 17838 17904
14409 15705 15028 12274 23922 11562 15190 10294 14080 20461 11979 20123 22625 18147 20234 20892 1762 12476 25571 13269 16361 11642 13674 14078 19593 18868
21554 15574 9536 11140 15975 16201 9900 8624 13334 19287 13916 21391 26524 14749 14281 15968 0 12769 2864 15014 22573 14725 17230 13609 14128 21037
15131 21215 12496 11429 8420 17780 7262 12030 12564 23741 16003 27491 10821 14549 12542 18174 12205 15960 5928 12461 13923 18213 18589 14177 10058 5689
20985 28008 11834 13794 15802 22662 17433 7697 12160 20695 10728 9359 11073 14050 20245 21409 0 13060 17871 25220 16240 16893 12258 11360 10372 10117
18298 23641 7369 10556 12948 18805 9785 20768 16205 18014 16031 17780 15972 16327 14896 15520 15347 18902 12056 16657 9177 12160 16727 7049 18092 10762
18011 15410 5965 13573 14878 18820 14153 22154 11101 19960 13706 16469 16434 12392 20232 16974 12905 15088 5658 19948 5369 15838 37332 14589 21243 11286
14494 19839 17387 14207 15235 22887 11932 18937 15252 16013 13978 23836 19298 12675 15209 15291 12307 13818 10015 16327 3324 14902 15725 20548 11327 18040
14837 17477 15591 11869 6709 21108 11300 28688 12691 19985 16766 14220 10579 12347 9702 13881 12393 15874 2941 13428 9289 16625 11865 13755 10098 6429
17647 11103 5221 15623 8689 10692 9387 3425 8973 21635 10721 18479 25901 14845 16947 15823 0 16622 7575 14026 17235 21252 21393 9964 8499 5060
19488 17637 11340 16413 3136 14945 12190 23111 14911 25709 12144 19142 15057 18649 25720 18267 19291 16161 12188 13542 33688 0 7635 13340 7122 8504
10754 28178 9875 15680 21625 13946 9770 13177 12204 15844 15281 19297 13139 19785 12337 18326 15382 9327 1716 22517 5218 32827 10095 17237 18530 14726
21108 17428 10143 12381 16962 21327 16411 14386 14976 14977 18362 17477 27953 16195 19188 14427 3104 15711 9293 18140 16234 23984 34630 13933 6510 16667
21439 24380 21767 14115 17203 12348 11844 550 16598 18654 13393 24708 7890 12731 14195 19028 9577 12806 0 0 12178 14889 12097 20621 17146 5055
14361 25256 2545 13984 6893 19438 13253 17335 16816 29313 12543 14384 6155 14727 22262 11603 10738 15894 7717 15159 17903 14233 24885 9850 10186 0
18510 7247 6794 14393 10567 17495 14707 6964 17099 20509 20672 23827 19400 15489 14062 18072 11096 19389 12841 13633 11480 15522 15707 14576 14929 18220
16095 17799 10258 15613 6478 15834 15054 17125 11884 20461 13436 15222 13399 20025 9142 17748 8911 17610 19395 16358 14024 15746 30569 16580 13547 9260
6702 17075 10014 7290 10853 14469 17383 10692 14688 21958 11154 18578 18996 9162 11754 13704 0 16863 3145 12946 10920 21399 22134 8933 16311 14555
18110 11949 9061 11873 14950 17416 12000 13915 14825 18594 21669 16484 15226 14366 9736 19473 28236 16098 17133 22946 19564 15647 21648 14895 1160 11435
17630 19416 2988 13709 16696 15064 12092 7601 14123 23165 20406 13726 19674 10925 19591 17570 13699 9413 18405 25256 21261 20807 7602 13951 13221 12657
19873 21958 10288 9141 7875 19695 10053 22138 13133 21687 12938 24353 11264 15185 22341 21268 14407 11711 5062 0 1011 12617 23549 20524 23655 19727
18316 26997 11612 11076 10254 13098 12520 16244 13018 20805 17095 25262 27303 16956 17626 18057 5293 12423 3231 17545 1217 20316 5979 14929 5998 14384
19842 15807 20165 14532 11931 19394 10263 0 15028 12967 14032 11209 6590 14377 10141 17059 5348 15522 10516 11059 9479 21075 30153 18324 11838 11766
11991 17561 14225 14249 10337 18905 11006 30442 18598 23055 17851 21836 23049 12005 23024 20935 6381 14256 4837 14290 13641 15633 15296 13832 19412 11524
19241 26191 8357 10699 14410 13409 8732 10702 12605 24047 18077 17796 7295 14593 14301 21158 8730 11392 7698 13626 15196 15197 13059 14987 23636 1402
16580 13347 16085 10598 8235 16151 9729 16092 13415 21425 19486 14899 15797 11158 17869 17147 14646 11643 12290 10502 14420 1643 2982 15078 4663 16021
24985 22761 17097 12003 9844 15675 6922 15255 7876 16771 17111 16627 17931 16161 23731 18237 12054 18352 985 14767 25043 22402 0 15834 31789 6773
9730 21266 20299 12236 7987 18858 9708 10060 16855 15483 17479 14433 17555 11089 24616 17623 16551 17602 19574 22831 8571 9765 14929 14899 0 14897
13174 18328 9502 15628 427 13694 7477 5981 12261 16597 19775 17034 5415 16420 5867 16778 6851 10345 13253 24727 23293 12839 5169 11841 24681 454
15254 18372 10145 9005 621 15381 14020 6011 14466 11562 11087 15091 22763 5403 8935 18479 21888 15738 12622 6023 8584 22914 5633 17177 12187 7680
22552 18817 8429 11973 0 14994 13398 16448 15262 21553 16211 21686 9331 18963 15892 18681 13291 9821 9065 21411 19598 12073 6203 16067 9637 12518
14737 11309 14194 13574 19499 18531 14192 10879 11425 13704 6876 20126 18922 12591 19475 12099 8709 10437 7746 6880 3050 27139 13150 19410 0 16755
17855 20890 8281 11624 5347 16845 10926 10399 14425 17772 17947 17922 20011 15848 14625 20353 21420 14880 26064 14066 19886 21279 19420 14792 5749 14509
14375 22485 21925 11198 9508 14392 15020 12781 16370 21762 15632 10971 14340 18188 17479 19241 3493 16847 6252 11505 12887 7126 31880 13720 17023 20829
19014 16558 15673 12595 19597 16888 9947 20956 11156 18340 17035 20476 19054 13299 9067 18286 7601 12917 6785 18037 11037 16370 20571 17114 18847 1944
20698 22928 9652 11384 18354 17258 12578 9908 13203 18898 18404 17223 16762 13286 7881 20126 16814 5757 17117 17353 21651 8458 20048 13878 13709 14077
15191 15339 12424 13099 20794 15818 10286 9601 13186 11969 15597 13644 10665 11705 10093 17395 23109 14040 10606 22545 14561 19674 20455 13992 6415 5036
22286 14749 8534 10462 11375 20169 11911 9852 11328 21735 7509 20985 15827 10388 18178 17850 23779 13473 9114 11544 13388 21953 19684 10793 17435 8671
17618 15472 6513 13850 12614 16961 9533 7908 12671 13499 8283 17364 13310 19737 4255 19188 2727 13086 20147 19482 11054 15224 7247 12445 28575 14900
21669 23506 16887 11938 17235 15921 9481 0 10493 17538 19815 18542 3001 11117 7776 12325 23623 20711 8485 19878 6446 15634 19382 14601 13460 12074
16914 18925 11837 11401 14978 20750 14170 11773 12331 16324 16215 16340 26672 16687 6789 19118 13334 8265 9422 13175 21970 16424 23880 18009 7567 17437
14909 29436 17810 8868 18190 16742 13937 13980 13732 21675 18960 21838 7698 17783 18810 18385 11525 14829 4104 17597 20553 20253 20110 13455 15920 4940
2710 27901 7618 13832 16708 15700 13656 6056 13874 26750 14071 15718 14844 12855 17626 15378 5967 16569 11242 13571 11479 24960 28814 14094 9369 5080
15866 24568 14536 10018 22844 17891 13831 10699 11474 19262 14554 20548 12066 15364 6890 16393 17240 16670 14294 16884 21521 17702 20388 13731 17118 12494
10582 26126 18012 10449 13686 18513 16092 25056 4247 24629 10802 19704 7736 18559 13868 17955 21499 16278 0 11176 18852 22707 7400 10993 12783 13002
20588 20018 16629 15845 1587 18950 11883 15590 14645 12461 21687 20652 24819 13744 15186 17586 21885 9150 1839 9296 15329 18400 14907 11295 19491 4175
12748 23022 13087 11717 11154 20538 12460 32024 14038 15551 16138 7481 15089 17334 18358 22867 12564 6860 7046 25877 20090 17568 14337 16605 20520 6882
18206 19756 12113 16671 8434 16913 12263 7821 16160 11311 16301 17033 22516 12745 1516 22092 16386 15726 12695 16923 11764 13394 11797 13723 9253 11908
15182 19714 20051 9568 0 13551 14072 17438 13026 25763 20273 18476 18202 15586 14186 20275 16460 19734 21791 12828 3378 17526 25661 17215 11050 10746
16661 20045 15102 7584 0 17372 8881 17109 15780 22300 16193 10892 16952 19762 11485 16913 12882 11608 5662 22123 12066 16760 18906 21150 20801 5408
13157 20069 549 14806 17438 16186 11156 15610 12439 17651 23481 19921 17911 10939 5902 18859 18551 17874 1625 17018 10519 20053 718 13151 6807 17763
17436 19752 3869 16409 12882 19570 13635 13335 9465 23186 9383 23052 15162 16469 17313 16280 15713 15639 14845 15456 19259 14162 8257 10162 26838 12508
13931 13097 20587 13825 14328 13022 14212 9331 13437 17611 11448 17259 24332 14832 18704 16723 8736 16149 15404 13924 20718 20682 24986 12845 26979 12972
17224 23637 10742 15860 7355 18219 4915 19435 10661 20021 21827 23094 2095 17483 6650 16152 19319 10002 11719 17063 14861 14089 13837 15970 21078 20043
13427 17063 20723 13006 12085 21828 9341 15446 12609 20022 17096 16262 11481 11935 17326 16018 13006 16756 1733 13949 24396 13589 12442 15909 10829 4949
16856 15746 8538 16316 28927 18320 14956 8027 17228 19093 14426 19702 14524 14548 13422 17359 11657 15137 16835 5259 8886 17646 19718 12592 11398 17155
15331 18918 8867 13100 13157 16858 12452 5209 10184 20915 15258 22040 16440 14313 8515 15566 26317 12088 9518 15984 12591 11681 15793 15181 17185 26596
15048 18689 7701 11168 10081 15923 11730 8813 14823 18810 12340 14434 24861 17757 10390 19078 16427 14020 18923 14461 22407 14817 9861 10073 0 6526
18205 14549 7877 11585 12716 14150 8558 15241 9806 17399 20715 16935 23450 16471 13656 17028 11475 12799 9160 13236 23195 20185 16664 11093 16712 12162
15096 21258 10093 11983 16548 18355 13415 14533 10100 26391 7888 16655 19414 16800 12565 17872 31946 11770 10446 14186 6030 16829 25495 12080 21184 10300
13477 10736 8938 11466 18195 16497 13922 13051 15115 20384 17205 21772 14167 7901 10804 16456 5432 15540 14762 16670 25616 12291 15966 10569 10840 15457
13377 19285 14465 14613 6177 17049 12567 9472 7450 20831 14379 20005 19662 15679 11944 13449 8845 13448 6324 23730 20820 11737 8503 15474 16366 15437
19347 16295 11444 8912 14884 15172 11996 26401 19466 17416 11666 14296 24568 15158 7946 17572 4878 9277 14639 18756 15035 20355 20570 13592 11558 10430
16171 22259 23058 10456 6799 19621 8391 11752 16166 19738 17183 14623 27229 18258 13666 16937 21638 16078 210 16586 16051 9748 7617 12774 11777 18622
10730 29599 11523 11548 9008 17840 13940 18262 16489 27076 21785 14705 14730 15248 12296 13214 5280 15112 19807 16757 26533 21146 26117 16395 8996 14501
15789 20600 17220 13214 709 16339 15694 10631 12394 23000 8588 19379 11599 11874 23566 18034 21954 13904 3925 9124 30695 22026 19515 11223 16494 13488
10360 11424 21648 12533 9461 13267 9441 19202 13845 23575 16077 12506 12010 14023 15179 12600 16998 10945 18173 0 16170 17847 10000 13793 14218 19545
19199 12745 8852 13634 14953 16008 8657 19228 14309 18917 22265 18819 19521 15524 11472 17885 7310 15478 7533 20298 14609 17948 9681 11571 1599 12478
16984 21228 12842 12586 12211 14178 5109 18836 12127 18870 12656 18099 13502 14369 15792 15886 17222 14091 3959 12383 7487 21456 16718 16082 23349 1194
17850 13060 10639 9945 14546 18639 11586 0 12391 11211 19650 15578 18435 17428 16487 19911 16547 7038 10544 17066 21472 17537 13424 12686 10610 10832
10081 25587 6884 9252 13213 19055 13418 14973 11630 18908 17668 14799 30678 13776 22700 17998 24101 19336 8532 15684 21021 21831 8775 14002 9572 12716
20703 15303 8463 12068 14258 15532 13576 12863 12651 19283 15012 9297 26579 16336 13161 17900 9880 14593 12572 19483 21094 11792 15853 13210 11879 18001
22923 19079 7356 14168 4765 16805 10742 0 13741 18463 6262 18232 8586 19921 18048 19780 13008 21178 9262 17428 0 22634 28799 10300 4482 18719
15277 14720 13801 9559 10568 14470 13812 20987 15338 18505 19360 22477 20130 14469 15173 18188 17923 13244 8670 20778 6296 19582 12448 8647 17410 10906
20673 20984 16295 10863 18614 17775 14321 8601 18476 24477 8749 21208 16632 15844 11545 21116 17965 14617 7947 9878 15343 25937 14499 11480 22163 8879
16728 19902 12266 12315 17338 22365 10879 3848 12584 20607 11332 21114 2538 6556 9835 15141 13654 19538 7822 6326 0 25510 11058 13457 239 0
21886 21831 10923 11913 14513 16533 10269 9940 15752 14804 18675 16247 16939 13348 9760 19042 8632 20182 0 23428 0 19063 14621 18516 13424 6003
10753 9918 10202 12826 9701 10124 7430 20530 18133 14313 13262 19326 22308 9813 21992 17939 28606 6041 13199 20057 17027 24154 5440 16660 5499 13901
11695 12489 13031 11101 9183 16831 10033 20998 11293 23768 22974 17528 14820 15912 15246 16820 24037 13324 2780 12288 11568 27889 9577 15061 8209 5735
15934 18138 17222 13099 14501 22059 10596 1613 9899 23602 8578 15408 17557 14921 13677 16977 30403 14011 0 25532 11613 19957 17035 15295 8520 12903
10802 26825 16124 11057 12929 19816 12032 15197 13817 25842 18294 11521 20823 13797 18009 16758 5877 18602 12997 14563 9201 21566 26214 15203 28708 11637
16961 12919 5152 12767 12917 15417 7329 13215 16234 12655 19511 19118 23549 16617 7490 15719 16763 15784 7942 7712 8835 17022 11541 11484 8723 15379
14327 20246 15206 13469 14020 16089 7239 7389 13142 18192 13207 14830 8427 11593 7254 16683 13590 17130 9379 11179 8271 14932 17216 15539 13470 10940
17696 21324 12151 13438 11690 17854 6795 11346 17238 27936 17847 17214 15413 19990 19563 24349 10635 10968 14958 16414 17329 20681 18051 16412 2111 3366
10675 15257 7865 14026 14859 11464 16495 2091 12306 9188 14842 15169 9825 12985 11519 19952 7729 15048 1452 11564 8619 32559 11172 15575 2561 5200
11909 13788 11512 13674 11411 19736 8802 15705 12949 17848 14448 15790 17252 19124 11735 18996 11279 9780 4918 7968 15794 23610 8554 12778 18829 11422
18567 14054 2288 12023 16795 20132 16355 11056 8570 20978 17975 18211 16550 11067 15361 15187 24611 13923 0 13707 18962 21737 21947 14954 11883 2591
17202 16596 14056 8860 19296 15601 9158 12594 13184 15956 10810 14793 18033 15245 14093 18619 2067 18516 1966 11414 23310 11567 1410 11599 23431 19328
17746 15009 11253 10980 1011 17834 11553 21031 15692 18019 15231 19578 3221 16501 8411 19302 26601 15292 8960 19690 25294 19514 20551 15890 9384 18460
19471 19750 9891 13393 7365 22568 6658 31290 12844 20949 15166 25191 15112 3884 22991 16317 10677 11491 20090 6844 11930 21274 23767 12202 19564 9693
17893 17394 10862 8761 23009 15503 5330 0 11490 17866 20936 11885 14113 15969 12848 18678 21934 17185 13604 9198 16671 18733 14829 15008 20419 6162
16239 13267 12061 9276 3568 19231 13753 14494 18288 29227 21514 19998 11478 17029 8991 18197 13858 14919 21776 23210 8656 22762 9418 18453 3121 13139
16208 26262 9689 11898 10938 15031 5230 17869 14096 10823 14851 16523 25778 11053 13177 20160 9888 11044 11698 23119 12906 12225 17509 13717 11243 14023
17127 16409 11817 12202 4536 11715 6701 10112 14189 18512 15033 19854 20587 14840 15533 13155 10180 15071 1580 19795 24687 24970 8842 12709 14383 16326
16020 18825 8830 7833 11369 15915 8649 23672 12369 23549 16520 23171 19356 15987 15337 15178 2638 17387 11903 22663 17587 17283 9829 15597 20434 6085
18519 28931 12437 14802 903 15932 9398 10120 9542 20027 19742 23910 10878 16789 12139 16005 10165 14951 17979 12080 13373 19353 24540 11617 0 5804
16697 32371 12941 11237 3274 13179 10061 2710 12735 16179 17936 23613 17181 14001 52 21343 8068 16866 9458 12208 16896 13839 4697 13355 15106 14443
16045 21908 7019 14293 7543 14579 10439 4964 14031 18011 14455 20296 14948 13018 9851 20770 27869 7050 10648 21412 16646 18758 12003 16785 16551 12572
21837 8575 9712 10111 17332 18080 16284 8527 11953 22475 13402 20364 11876 10995 16680 18825 14565 17810 16800 7201 433 15589 28026 11661 11127 2489
18312 12938 12397 13039 834 15498 12856 14241 16768 25583 15956 16266 24942 16408 18767 16128 18551 17621 13215 17615 4138 24751 29654 14144 13206 14465
13207 30622 11404 11370 20954 17059 12213 32617 10041 14273 21371 17167 6586 5568 9800 17766 11742 11861 7502 13074 16180 16090 18160 11697 0 19087
20202 17277 16097 9727 10018 14360 14501 26810 6970 15819 15547 19355 14155 17982 9771 16865 14688 10173 12904 6862 27878 16226 14103 11703 15107 20037
16238 18792 19439 11497 11235 17485 7468 19760 9865 22733 22137 23901 13984 9220 16574 16978 26000 14810 16559 8248 12576 14321 14859 12251 12290 8459
14702 30129 14927 14729 18472 17281 12113 12997 17215 22680 8617 20576 24865 14412 16956 14240 3855 17225 11617 26330 477 15131 15833 19008 29745 7090
18342 16820 12301 9840 18093 16154 7031 11793 12067 14136 16395 21751 18348 16678 26428 14269 14340 18735 20536 19578 8903 27678 21321 9826 17706 4471
22376 18885 7360 15042 23330 17106 4695 8203 14597 19772 21786 25359 14130 17881 24034 19933 10381 17882 16321 18446 10773 16969 21514 14270 13251 17211
12180 22105 22591 10487 10443 15183 13430 15808 15507 13987 15081 19845 20266 20689 17631 20800 12814 18675 10970 15478 8182 12424 10820 12977 13683 13018
14640 20423 5025 14645 8497 12126 16260 24617 10972 21021 15530 14388 21445 15922 18149 22284 18889 17685 2284 6849 22458 17218 18721 10618 29280 13079
13889 19392 17566 11928 18821 14176 7854 19450 19891 10204 13847 22908 18165 15872 11644 17361 13011 13696 2583 14053 8800 17881 18285 18100 0 18355
19451 20616 17776 8737 13832 15128 9286 22101 18082 20107 13160 10209 23781 13619 15773 22579 13710 14316 12262 11575 24119 23351 8316 14874 485 22638
23732 24791 9861 12411 13210 17578 5792 10612 10437 19693 6936 17338 18127 16942 11614 18799 20745 10915 13523 10644 17420 8119 23018 16835 11967 8803
16120 21291 12849 10166 19850 18548 10958 4609 10077 16711 22299 15994 19896 17004 20035 15320 20567 19971 12511 19845 10898 20909 31023 12110 4144 9473
22110 24114 8720 16207 18616 15813 19170 16506 14952 28141 9330 20785 24579 16464 14554 16716 15881 11382 5604 9401 19774 23070 10686 14163 14569 10199
16826 18040 9055 13970 12099 18456 10733 18758 14226 23993 14388 26922 12247 14044 21492 16666 26445 14953 3613 21117 22471 12509 7495 11397 29396 10187
14002 26962 9384 10791 20199 14561 13107 8450 17378 22204 22146 19118 19639 10440 16586 12867 23592 10945 14054 17717 25186 18669 7411 19124 2830 11612
14294 25252 10285 13598 12178 15169 9155 19405 14533 16194 3776 19505 23639 8565 16837 18099 16994 12407 0 25616 15560 13382 8093 18161 5394 12420
11223 31131 9770 11493 4400 17728 10283 17236 12595 17004 10429 17383 11905 13492 21050 18795 10810 25017 5654 18897 8392 11405 17063 11443 6764 11456
19261 21009 11506 11092 8664 14986 12521 21491 16217 20399 12540 18514 19452 12674 10537 18205 18379 19801 13508 10276 10970 23387 22840 12735 21609 6833
22010 19816 0 14068 14585 13708 9956 10666 17322 17216 14480 13668 10242 20034 0 15872 0 15041 10164 26108 19899 24873 10965 9745 27524 11149
9762 17223 0 11828 20106 16384 10709 9362 16059 15447 12794 19910 23110 11229 15238 16625 26112 11765 0 17377 14397 20821 17071 19521 16247 22427
18055 23444 12010 9737 9397 24557 13830 4452 14554 16464 15768 15285 12066 10058 12878 20141 28739 20960 16964 19909 16352 18099 22873 13737 8835 10615
20293 23679 11878 8768 5874 14803 14263 0 9404 22439 15681 20431 15973 12737 4603 15232 11442 13259 22760 16652 22415 9590 21132 15543 9501 22027
15486 21391 18124 11551 16343 14463 10107 16410 17445 21616 19889 17986 19532 13895 12881 20130 12870 10930 3720 13408 23398 18339 19063 13573 0 18346
8786 25536 8068 14593 22177 14795 16370 8185 16075 17148 21736 15371 15798 15009 15443 18447 22873 21671 31994 18492 22673 25903 15084 10518 13442 5975
17940 22126 15396 13413 10075 17713 9930 26205 13261 18046 12019 16889 10110 17289 11708 19416 14098 7586 15319 21240 21679 23393 17431 13264 3123 30787
19354 23765 11607 12051 3954 14169 13525 7076 11300 23499 14099 24943 16559 19435 3373 19744 11517 23865 3737 8316 14470 19041 23902 19436 14228 13440
11633 19973 7535 16307 3006 12755 10281 15524 14325 19379 10483 10755 15231 9794 13381 17996 18989 22192 18812 15355 0 24466 8036 19573 15116 16338
13633 24080 15385 13942 19228 17508 14735 16060 13357 16280 6277 13910 22242 10846 20833 18538 18011 18744 9307 10642 11038 24442 6932 14671 21145 1291
22390 26070 21717 12728 2406 15880 13372 19242 14747 19025 17353 16520 15144 13659 8996 15101 11712 16450 7421 11664 15961 31502 16122 13358 9282 16917
15019 19322 7810 14154 9231 20609 11706 0 19089 24151 25286 16806 14956 13649 16346 19837 21322 14714 7429 13933 18900 10903 7968 12465 13829 14874
9690 21812 19055 12121 21968 19167 16268 11033 13266 10407 15221 16169 18085 14036 12425 23706 21377 12516 4948 12615 14482 16357 12158 16298 15751 8989
13410 16139 7968 9806 6852 15602 12170 15626 15114 21089 6677 17431 4576 17401 9656 19546 9471 13845 6516 7014 4773 18933 19058 15713 12890 12886
15168 19325 16895 14288 11384 16547 15588 17160 11237 21454 18114 20428 21225 11083 12658 15926 4762 11498 13142 25869 24000 12574 11035 17586 6570 19272
17075 19115 16031 14262 0 14785 14288 7335 14584 18434 17099 21469 21680 11537 9934 15884 5041 18655 20796 19835 9480 14930 11214 9086 17481 6451
18213 12571 8098 12962 9943 13785 17666 19013 17674 17199 18558 18963 14006 18504 12913 18012 28721 14896 16192 23537 11570 14092 14533 7943 10451 14152
17123 18321 13887 13208 16690 13084 12281 13057 14682 15894 19215 18070 20792 18417 12268 18075 879 11124 15276 4075 17334 10125 16049 15034 13032 11930
14147 16161 5807 13776 12445 15235 9261 3545 14593 17784 6921 25321 24726 22725 11973 18626 3304 18778 304 9377 23897 18102 30598 14751 9225 12807
11964 21343 11974 11724 15020 20564 9904 7006 17162 21323 14901 21402 21175 12696 16427 18095 17218 12087 16906 15098 10652 16158 19964 9516 15126 13125
16197 19700 10484 14740 4581 18883 13740 12765 10544 22618 20190 22531 11089 16798 14770 19550 13463 9950 5775 12372 20994 0 9750 17113 3059 8049
12358 22817 19071 9821 14308 19192 9853 12250 15597 23547 12361 11783 19356 10159 27985 15771 27030 14424 5798 10160 23681 21912 16927 11539 17481 15787
13126 13918 17746 11445 27889 19193 11252 26222 12063 20304 12990 16871 30692 12392 8915 19931 6389 11669 20262 25507 14089 20336 10095 16312 2109 11527
20861 20678 12223 13576 15740 15869 5412 13769 11915 21390 12111 18074 11732 12744 18053 20662 8979 24172 3548 15804 11685 20377 4247 14064 16262 4873
15802 21121 8740 9635 23260 18784 16431 12494 15548 25897 14939 16634 12228 13396 17974 17139 12876 9442 11448 1800 13853 21473 21761 9666 13533 11067
19813 12804 11943 9831 11101 21330 7445 6250 12763 18395 21909 17613 20026 16332 10152 17748 24694 6044 6657 18985 18327 16593 9971 9025 0 21004
18350 20073 12580 12558 15650 12299 12611 20321 17234 20502 19284 17066 15503 13231 15631 16066 22094 16906 2174 16966 21324 19668 13251 18857 2827 7320
20074 11429 10617 15194 29190 16543 9193 19968 13111 28514 12588 11661 23108 20910 17427 20314 4303 12876 4329 16984 18838 18259 12640 10600 24320 0
12960 22433 14292 12052 10937 13151 12766 23227 10704 19608 14113 11552 14518 8282 3921 19203 11051 20072 9564 20554 25031 11569 17807 9857 16153 8845
20034 20649 19484 12052 17159 17310 11842 28296 11077 13791 14357 21228 28953 11162 7808 14510 10670 18440 9829 17836 10163 29337 24507 12095 7799 10438
14777 24951 14058 10668 14638 10102 12376 6540 13339 15070 24544 15360 18571 11809 12234 16844 9848 16235 4996 22085 12938 23299 9916 11151 19707 823
10103 17975 6815 13020 10000 13361 11963 22837 15492 19616 18562 20755 20254 14119 24491 16852 2734 15066 5948 21569 24237 10056 22421 16866 16002 8683
15982 18679 7418 13475 664 18373 10491 27294 13619 22084 19442 13875 29529 15029 10250 12826 0 12775 0 20405 17961 20390 16763 15656 11949 12907
13073 21245 11924 8246 13152 18186 8726 7354 13289 19972 17912 24537 12771 10403 15216 17287 6629 12909 14376 15871 16588 15298 2577 17148 19601 13355
18918 26765 4867 9163 22841 16612 12696 24512 9774 16530 17840 17093 15170 15354 11146 16615 8017 12607 12629 18640 22815 24328 24501 14251 14155 18294
15780 21779 17026 14198 13069 12497 10608 12654 13565 26177 8294 19397 22892 13943 19909 19348 13787 16039 17879 19203 0 23048 20209 15777 18165 1216
15132 21077 14837 11692 12453 18455 11772 27174 8925 10807 10971 17309 14957 14021 11379 17917 13217 11121 13865 18271 11416 24328 11230 14082 10024 12159
21163 14783 12188 10590 20844 20743 13744 7139 15587 22629 11056 11262 11643 14832 9201 18147 3722 11336 1038 19438 9227 17813 8433 14871 172 12581
23409 15144 6487 11836 22069 14474 11450 31688 16707 21631 9994 16510 18397 13444 15764 18748 1915 14438 3604 18238 7213 17096 26599 12310 4740 4757
20834 21826 11094 11774 12791 19942 10761 17531 16796 16006 12551 16217 12689 13449 16744 17187 17981 14728 2089 13254 3977 15407 26309 14157 5343 14247
13409 20483 13097 11775 10842 18380 17400 20154 12447 14660 15274 25504 13017 12133 14246 18376 0 12810 16846 20001 20221 20424 12416 13382 0 6100
15660 22461 9464 12012 6314 14653 9278 2365 15495 19659 12164 19093 16023 16833 12225 20988 12315 12282 7820 15960 15456 21582 13458 22993 6415 7711
13129 32008 10870 14886 11981 20652 10593 23219 6807 17877 16891 22712 21499 16681 9585 19321 1744 20061 6691 11818 14978 15898 13149 13387 12854 7553
13698 25413 11006 9824 12244 15792 9583 22306 10199 15967 17339 18414 9913 12333 16019 17954 20603 9274 0 18748 9257 21788 16982 15606 14795 8813
13442 22375 11654 9570 0 17226 15645 14068 16502 21559 11167 13633 23112 10668 14838 12309 11230 17227 4937 8576 13165 29967 17700 16876 0 4958
16060 16185 13317 11248 15910 20012 12287 6513 14848 20690 9054 18114 7361 17348 17051 16754 1798 9899 13014 16778 18245 23842 26853 9161 6678 12820
16904 19631 12637 14123 9425 18965 12068 13146 15293 10416 14686 15735 16752 18413 17853 17062 0 10885 7277 12113 20944 23109 15850 9482 25916 18074
15091 25254 11091 18103 18748 17953 14564 19938 9527 19945 5018 13506 17236 16739 10725 16546 13232 15307 11518 18491 5797 24372 19251 12222 9648 17391
19447 23822 12318 13550 11794 16376 12467 15972 18870 19037 11929 19541 15527 15311 11821 16042 14800 12062 11007 22045 15160 20877 11276 16100 18392 18539
21825 25009 8225 7643 611 16678 13168 18202 10624 18624 15641 20519 17279 13321 8256 21141 15838 7601 4636 12930 19015 20707 22375 14571 14853 8540
15677 19084 8924 11644 5080 20369 10272 19446 15867 18517 14550 23219 25849 14952 12218 20724 16959 1258 6186 21807 30377 20994 23989 8773 0 12035
20690 15085 19954 13549 17421 17671 10762 17460 13284 14816 17818 10941 12964 16516 9514 20062 27341 18993 0 9356 17264 1581 6085 18237 24620 18307
18142 20449 10214 8899 7627 14112 11934 10796 10336 16001 21008 27905 16816 8433 16453 16435 6224 15560 6325 25565 14136 16205 11411 16967 2683 16090
12994 17546 9737 11262 15422 15420 11431 18182 13144 20643 20548 18349 16566 11414 12161 16309 20526 6597 11329 17280 21784 23327 16381 14153 5939 14399
19904 21503 12122 9113 4164 14640 13806 6563 13610 26149 15093 17075 18779 23358 16316 21580 828 8651 25622 22592 24763 4217 22418 18787 21077 14319
15451 16428 1502 12071 15562 12728 15628 10032 18425 19411 12261 22063 13887 16994 10833 16568 10444 17174 8117 15245 20440 21919 23503 9186 7454 9109
15969 15571 14903 13511 6971 14710 15291 18007 12918 21540 9722 23572 12896 11479 18823 13271 9537 8942 3146 5521 24337 29959 16245 13018 15302 14752
12963 18205 4625 11202 22008 16350 14082 23668 15910 15510 12686 16219 20840 17593 3784 19311 4333 14274 21030 5736 14599 27584 8988 17977 4375 13742
17216 21345 909 10805 12227 14596 12786 11401 15214 16426 23850 19752 23282 13974 17784 18943 7630 12680 14087 18606 21246 26178 6776 12518 10744 11069
24147 19682 7817 9043 21046 15087 14666 8226 11438 23267 15511 16253 21637 13170 8186 14679 7563 15307 21943 19864 17968 19425 16524 17349 15267 13862
21208 10618 11054 15232 12342 15977 6023 4030 16122 22910 11418 24447 11132 15570 20767 14267 20918 15573 0 26324 20765 26616 7902 16637 6830 0
17376 11906 5468 12181 781 18693 11189 15535 13012 22164 12290 12332 17778 18173 12939 16871 19618 18524 9885 20380 17487 21034 13912 16153 20278 10870
13603 26553 17272 12237 8641 17853 15513 18845 13338 21404 10884 11281 18666 10969 7953 19255 25740 19728 17271 20407 12279 22650 14384 13001 16359 280
16160 22303 12276 17432 5760 14971 7387 12734 10104 20624 9231 21197 19246 7100 5014 20342 15291 11650 14211 18021 9759 4463 15736 13555 19861 17780
14311 24637 12246 12300 19211 14427 10161 8587 18591 20232 14104 14421 23764 17814 10485 16624 25859 12064 6364 23068 17982 23121 17535 14769 10637 0
13301 13059 11730 13764 8926 15446 10445 5869 11530 16202 14869 14234 12965 13641 15318 14118 8236 14818 677 8021 16547 22698 5199 11805 2069 8644
20297 19466 26616 12666 21944 12315 12575 22737 16269 26054 16621 21520 22448 12428 20180 16753 12090 15984 3483 13792 27813 15324 14281 12949 18581 13470
14296 21287 13767 7189 15827 21293 14891 0 12541 23773 15331 19698 7449 12668 12236 18519 23770 15087 15497 5388 5440 17470 18821 14028 13384 17111
17000 20461 19040 15643 13524 18740 10238 11140 11629 15828 10051 19958 15759 8763 13680 19263 7540 10149 7072 7663 13234 20158 11545 18349 15090 16595
19571 28118 10551 12952 9632 10853 8993 10972 14283 18879 13032 14634 29891 18321 8229 17160 23186 12459 23272 22019 8240 23896 21777 13130 17581 10754
25848 19752 5856 13076 12815 14011 9062 13529 10902 17271 11028 16514 14923 13948 16453 15282 16685 8197 15312 11231 15189 17175 4423 19626 8054 15975
23568 13728 8809 9891 15019 11072 13381 19191 11857 25486 15855 25917 22149 15729 21087 18890 0 21679 13068 10483 13905 22731 3098 18815 24405 6619
13670 16492 8810 11129 7154 19744 10465 18380 14547 16185 18343 22339 17355 14838 17521 21851 0 10860 17750 17264 22203 13231 28200 9688 12671 12253
22257 28942 14587 12954 11952 14339 14180 3903 12061 9651 16430 21956 16181 13669 11623 13542 10075 17468 16633 23251 11702 22837 5627 15518 1832 6873
14970 18823 11942 12460 12896 10355 14584 6712 11898 18795 12878 14211 15944 10357 20157 17866 6130 18984 11806 9311 15159 14528 0 16501 25141 17929
19839 22835 7462 9953 14657 18765 10610 21803 13275 23833 17353 14909 14681 12086 14646 13928 18894 14444 6544 12426 23618 20184 12401 12307 0 14727
13013 22361 14713 9100 15696 17596 14685 13222 13078 17370 15504 14961 23894 17051 13692 16541 0 13940 15282 21238 0 17154 8476 11447 15695 9987
14841 26247 7819 15881 888 11473 11619 1569 15395 17266 14530 16540 25668 13442 11075 18561 14154 13592 19404 14875 9278 18125 16580 16304 16855 15370
16669 21474 5440 13418 9992 19277 13584 6863 11149 15201 13530 23222 24201 18115 25583 18617 16338 19720 3558 16614 17083 11782 25485 7206 9961 13169
9931 27623 11464 13330 8246 17049 13676 11771 17266 23067 10875 20256 19477 16653 16283 16516 12687 16508 7987 20115 21330 14438 11709 10398 19623 15298
15368 18425 15130 14199 9987 18505 9182 14644 9463 15356 22536 14019 17685 15613 0 19141 16797 12811 11047 10017 14891 17848 25355 10449 18422 11330
9289 24807 9906 10589 23113 19625 8925 14954 12912 17543 11874 15234 17785 13020 15609 21268 8017 8670 17482 27293 20201 20190 17217 12299 2627 17112
17306 11402 6561 16165 853 19338 5411 17571 10742 18838 12044 24280 8643 8689 19869 20369 18267 13878 0 16085 17003 14492 21880 14372 16522 11094
10120 20325 10291 12716 12358 16065 11349 18139 8195 20814 19201 7973 10855 9806 17634 17597 12741 13055 6606 9270 17054 20821 7364 7979 11261 18527
6023 21173 686 13838 21075 14274 12758 11326 18585 24704 16771 16789 17663 13602 2127 19163 4074 12450 1522 11014 1342 19309 17472 11054 16082 15021
12070 26044 5632 15858 18338 15018 11885 13658 14976 14962 15788 19110 15487 9097 14452 18722 0 17600 13623 17502 18013 12852 23081 17167 0 11243
14497 7355 5274 13471 1009 10381 9593 8317 16809 23043 14710 18142 29909 11895 4963 13589 1275 20520 13761 19194 7938 7445 8140 8667 19855 13358
17846 22428 8437 13187 20571 18712 15799 13937 15191 20117 18849 20354 15432 14288 23007 16641 25023 15984 2844 11628 10698 8303 16398 13409 11755 20044
9415 24119 11173 10606 6767 12825 9595 16393 11683 22423 14569 19100 25132 16634 7978 18382 22073 22493 11639 9206 4262 25910 26126 15701 0 12831
11290 21019 13082 9254 10430 19672 11136 10124 11559 11314 14061 17261 15705 18985 11167 16367 7490 14202 5073 11515 15989 28256 11601 11446 24200 11694
14766 24246 11397 14931 7370 14729 11697 35576 17469 20159 14212 15882 25035 13569 21543 18668 5198 10561 9115 6430 7925 17216 6850 14187 19558 0
17949 22817 10619 14581 13685 14399 8667 25257 13140 18677 11703 10621 14562 15657 12304 17942 12576 14565 15824 21635 14838 23482 21973 16092 5552 13880
16508 19952 11395 10144 18621 10395 11761 5949 11980 14791 12880 24301 19186 13685 13662 21191 12661 19505 3971 20449 28336 13496 16001 11384 10162 17993
14577 18575 12789 12903 14920 20174 13256 5881 13029 18995 19792 9948 15412 10971 13929 18372 18001 14872 16293 19098 28514 13695 20243 12859 31407 13843
12302 28280 9415 14800 14161 17971 12125 8346 14337 22242 14563 12899 15211 16951 11818 21473 11466 15601 4119 10986 18234 14126 22185 14478 17132 10102
25639 16495 10390 12990 12088 14545 13161 11189 13162 22077 20271 15486 21798 17019 13895 19099 5987 12447 775 25656 27617 11798 14197 14896 32974 9764
14954 21636 12125 12345 13517 13809 19840 11154 17652 21547 17181 12958 12675 7932 10559 20334 2926 10391 15408 14256 10427 22740 14403 8075 21742 19141
14657 19275 996 13534 10396 18131 17971 5752 10281 16854 19779 26443 27752 14040 11786 18188 23767 15781 5122 14017 21134 27834 7971 13817 15125 7750
15860 19074 12314 13762 6777 17153 11081 5925 13072 19860 21042 21379 15874 14520 4349 17016 20259 11455 18989 6387 11407 13179 14216 14337 24062 12706
17618 27322 12684 11849 1465 17961 12425 8722 13689 21659 15699 21885 21934 19904 19024 19365 21837 12985 810 7821 27256 22339 19082 16795 18834 6442
13202 29608 15302 11257 21860 11592 11396 9768 13419 23133 7658 17346 6320 10894 7660 16151 0 17872 10734 18715 0 20498 10966 11009 8884 14811
15951 24351 10862 12905 11633 19218 17596 23098 14482 23017 24244 22243 18490 12845 22901 18288 32178 15065 17347 23864 21618 20458 28202 7806 5971 10801
19164 18941 22048 15891 14282 21558 9858 14624 11362 20311 12985 23223 25410 13811 19628 18565 26286 15930 14591 6771 27960 17609 26305 15574 19498 13472
12459 25841 13023 13620 12930 15258 9048 11447 13918 18478 13491 19466 20825 16242 5057 17863 15023 14244 6921 11672 10190 29954 19608 11577 19106 18429
16760 15962 12292 11872 7060 17623 13402 8407 16923 24926 6644 16210 17047 17677 23901 19614 13813 12315 3045 7885 6891 17947 17361 10639 6808 6711
20092 24143 12732 12344 11498 16800 13128 14401 15325 15211 11897 13187 24657 20746 6374 20061 18310 14877 2576 7160 19044 9980 16477 13467 20339 11254
17638 24878 6841 13904 4434 16650 12914 13809 12799 21951 12497 16538 10790 21180 17683 18726 13983 14226 16016 20989 8196 15150 24208 13752 7763 27943
16314 20714 12340 11600 11325 11343 11163 16049 16265 20145 14385 23340 17019 15873 12621 15588 0 16611 12783 17028 29227 19413 0 9719 6751 17533
14428 11304 6182 13276 18943 14588 8303 20499 12298 16702 12496 20742 19208 17664 15763 15908 11296 21936 13746 2275 23904 22477 5931 10028 4906 5852
14016 10768 8055 14652 9444 14990 6929 11592 12139 18130 12649 16763 22379 13219 12887 22363 20236 13306 7609 5802 27973 18923 7858 14094 10764 4390
17951 24577 11617 12934 25244 23642 13213 14664 18286 19590 16042 16515 24503 12645 16720 13529 3881 10108 12237 9674 22952 12639 2808 6357 22435 9109
20562 23760 11513 10529 17240 19851 8754 12538 14252 17955 13536 18268 20002 14853 19507 15274 11497 11163 26217 7431 17232 14682 9506 6756 23966 8753
10677 15842 12446 11074 16036 13554 13269 13068 10154 23482 6476 16345 23558 17751 15912 16719 17974 9502 17324 5504 13867 23346 3526 13685 22189 12571
16229 20188 9959 13390 21021 16893 14422 18166 13287 18873 12127 14014 27482 14630 10869 21414 15372 12326 4845 12557 16709 23100 28326 17161 11052 0
16790 17299 9018 15281 11372 21877 10400 24866 14133 15205 9585 21205 3952 21126 26635 19847 16303 20152 14839 18103 12823 11388 20734 18373 6143 21674
21058 14699 14861 13989 10366 16854 11348 9999 7041 17161 18086 20046 15452 13549 19465 16093 2448 13338 569 12988 15837 10978 773 12233 7863 18706
19746 25858 21117 12857 7420 14621 16851 12336 10029 18474 19186 18413 13028 15741 9181 20836 15956 19578 23684 13911 20279 23755 11793 12451 4467 10370
17084 19900 9754 11265 10350 16358 11142 14767 11196 19085 16955 19885 16466 12900 16806 18040 15717 8388 12046 15102 8144 17616 13931 18883 12464 22720
14759 28070 13673 8307 15252 15620 12109 22068 14703 14695 10887 14393 17535 11228 10653 19465 16343 16336 12300 17077 4385 21116 26965 15315 18986 23197
16645 17399 11884 10785 15537 12757 12946 17473 16639 21519 13875 16049 21930 13168 16416 18048 17629 10659 6494 17186 100 17856 25621 15335 14835 7502
18202 9533 14086 11417 6981 14637 10096 11409 15706 22068 18530 19183 15353 11947 12325 19643 14098 12576 16357 20930 15166 16584 10457 11023 10062 14072
25266 25044 15115 14045 11858 15500 11419 15927 9545 21850 20282 18042 15309 12094 6415 22274 4471 17868 4830 17385 21065 24235 8784 11658 13315 9322
18642 17439 11451 11885 21535 16721 7539 31400 10706 15973 14298 12999 19885 11194 11183 19008 16815 16625 13154 24178 16861 27842 11009 15527 8797 16554
17246 20614 11659 10513 15814 19664 16560 8394 13018 12356 8426 15169 21387 15997 18845 18920 13417 10127 16078 15765 13175 13178 13243 14858 7395 15702
14498 18409 13476 15369 1304 17238 10454 29047 13328 18093 22021 29069 9612 13039 13603 16023 22286 19311 15242 10151 21079 18584 6677 12540 21090 13278
18013 25726 13530 10538 13361 17060 12031 13164 13621 16537 19432 14084 10252 12429 16003 14671 3303 15574 3406 13929 15082 23761 8232 15067 20366 4772
12823 19364 12780 10406 10464 17197 11010 18575 13844 11797 10735 20121 9126 10713 3852 19687 23963 19269 1227 22303 24072 15121 10783 17077 13533 13707
12376 19494 16993 16729 16994 16211 15744 29690 12495 23710 9074 12795 24873 19543 12563 17531 12347 12669 15823 24152 9071 23211 20300 14864 0 21946
21079 19988 7705 8019 16061 12036 11297 13315 10983 16282 17160 18481 17376 13581 11808 20372 16432 15436 16871 23420 13689 20926 11743 12197 2624 16703
18699 17653 1458 13390 9151 15629 13012 9797 11398 16308 24209 16175 19552 13680 12063 19445 16076 12828 4225 13594 24148 22654 31336 14679 3657 5396
16394 17430 954 12308 1892 8563 11137 15499 13099 23829 10447 12953 14298 15176 11418 20196 19865 8160 11254 23832 23275 13098 16904 12612 13027 16033
12403 19869 17190 12736 1982 15034 7944 7762 12336 23858 18511 17938 23999 9622 6932 19162 9349 8951 0 18875 2460 12405 4809 17039 15564 8169
17667 14577 7579 11054 12997 17756 8056 7558 12448 22836 14775 16110 28974 17574 15284 21132 17818 7358 7842 9336 10762 22507 12333 12677 7773 14500
17117 21547 14046 14731 14932 12212 9113 14727 13742 21948 9438 9058 20149 9563 14444 14340 14453 14355 10664 14690 25579 17969 7042 17305 21695 10655
20331 19119 7414 11382 16482 12588 13970 18068 13575 25151 21531 16197 8108 15973 21227 17439 6800 13927 12039 13171 7417 17800 10380 15450 13665 24994
12800 26630 9075 14588 11449 11884 13060 15472 15615 22323 21478 21339 24764 16782 12687 15436 19803 18303 16319 20450 19741 29706 20369 13750 17284 7647
14430 22365 18218 10770 8266 15237 11553 23665 13088 23352 9348 18763 16240 11255 21351 16582 20397 13173 10295 16773 14910 17538 20605 15501 5650 17374
15694 16780 6157 13283 13975 13166 14905 20689 12703 19482 10703 17276 15064 14352 16023 19962 14781 17112 4606 10657 11721 27692 9414 15360 11428 19583
18670 18771 12439 14535 5390 12788 14865 19926 12070 22078 19129 17359 19179 10489 9589 14961 5745 17300 1043 14678 19015 26635 38066 13115 10717 10546
12304 11708 13161 16151 2526 21043 12039 24121 13326 18324 7366 15624 13524 11929 6889 20713 18091 10616 822 10255 20260 26996 19057 11194 9836 14247
18947 27203 12986 14746 19546 19748 13302 9552 15459 24352 18583 16546 14342 9781 13093 21377 17394 20423 6576 5655 18592 11151 21497 16290 20161 14177
15529 28356 15602 13069 15156 13808 10714 18443 10727 9886 14668 16473 15626 17776 15396 17785 12208 17497 1998 8103 10492 17485 15548 10233 9240 13996
13834 20478 14821 13753 33984 12044 14864 12601 15653 23186 9722 14138 5245 15084 2894 17902 26221 15570 22275 19259 26894 5610 24692 9522 22875 14411
22677 29020 12032 9916 0 13090 13600 24936 15837 25109 9548 15959 12682 17269 11892 17816 16683 17763 0 20425 20875 6397 10880 15092 20682 15046
19127 32252 18313 12444 10299 15936 7166 19668 9237 14804 17893 16919 25718 23976 13725 21564 9048 13454 17580 14967 17325 28025 3407 13191 10511 11717
12083 23626 5696 11276 15018 17410 12779 5242 12365 15327 21094 20794 18966 18253 18666 13717 15124 10060 17367 2164 17909 8036 9036 11434 15925 62
20035 22743 11904 9614 14773 17235 10990 18700 14567 18763 14575 21136 15282 11994 15162 16264 8316 14253 15851 14699 16425 24560 17675 8583 22667 19280
15927 23804 11698 11455 12387 19059 12639 13955 13448 14659 15119 20649 17261 20059 13395 17885 14644 16083 16264 13052 199 24167 23069 20920 19103 8008
30187 24072 16087 10951 21597 11821 11464 11673 16024 21841 23601 26010 30329 14894 11345 18657 18895 11325 17845 18770 12284 18260 16654 10738 6910 13006
14561 23642 8513 13109 7510 21595 13469 3963 15042 20161 15896 19804 17929 13578 9381 17871 5985 13790 7451 29760 23322 12772 15799 12261 19120 6690
21965 24956 11052 13622 21077 12487 8818 3788 13010 14131 17616 19077 20248 13244 11963 19473 12050 13470 18706 11702 27138 18457 11471 17532 11999 10804
13696 30450 3397 14488 13900 15412 10136 18564 18291 22966 6809 18829 17252 16588 12238 15907 12088 12701 2386 8150 45 22868 5017 8168 17469 6606
16126 19020 13220 16673 15125 14658 10850 24471 14277 17473 7099 18188 15424 18192 17907 18671 16756 13888 5328 3792 9469 20412 22087 14557 16458 19966
13624 15407 6609 13392 7513 21339 10016 0 11945 18341 18181 18717 17073 14651 18106 14382 14374 13644 122 17570 14416 18001 21973 18096 9308 9644
11282 23448 3718 8184 8066 13923 9745 8660 12533 15459 12135 21646 14635 22607 13639 15956 17522 17308 6713 18916 5506 13225 17805 18536 13935 2927
17689 18210 8708 13271 11789 18630 15058 25556 13406 25122 16395 14892 15973 9851 17209 16511 15697 14872 5837 24442 4609 25423 7964 11773 27035 13660
15313 22562 15027 11191 18622 17514 14761 10005 14212 20450 19781 20579 16203 14137 16798 18208 28398 12873 4597 17099 22389 11631 17629 17242 16432 10228
11960 19172 7269 10333 4 12262 11617 18525 13550 18747 6968 19103 16974 15166 14188 12271 16264 13419 12095 23829 18881 18543 21631 15998 5434 15233
20531 19874 7117 12656 20235 11004 10332 18569 13852 18109 17259 13304 9136 10129 16432 14625 27454 17454 17692 6832 16706 15529 14213 11214 3625 10703
16178 22013 6007 13608 11738 17012 8506 15756 12898 16129 13240 21717 3471 15505 17179 18593 17762 16265 0 15441 29771 15067 17267 14016 11871 20528
28784 23410 9366 13096 14747 19028 9095 17438 11640 22464 19123 10926 20812 19513 22545 19019 11215 16619 12706 10097 10850 28852 13460 16150 0 11015
11767 15590 12554 8003 11413 17894 11878 6501 12334 18783 13908 24164 16941 15743 13726 20219 1897 16384 1719 15039 11273 17276 10344 20138 4460 6969
16556 27685 12900 15450 21331 18655 11902 0 12614 18208 20065 17703 18775 16928 15884 16605 11695 17455 10063 12209 20577 25064 14276 22176 6580 7283
22757 14052 11586 8681 6038 14912 8007 11388 14448 19152 19682 18096 15541 15945 2576 15341 0 11838 12368 12637 10827 18149 18896 14985 17775 11094
23329 8708 6878 14647 6454 9016 14549 16646 13390 20677 13049 17302 9358 11987 20355 20707 16667 13607 0 10178 10109 21680 21551 13746 21502 14854
18606 19745 9063 14723 13570 21245 11742 6020 9423 15787 11248 16418 9790 17712 15026 20601 20369 14496 13808 14150 22266 27274 21896 9414 0 6139
18851 18988 10381 12697 21615 16363 10185 39389 12356 13419 14839 18134 10946 16202 16405 17439 17633 15081 0 14665 12234 13040 16750 14862 16059 2941
13260 25425 10842 13418 8595 15116 11757 18498 11758 21432 13033 15476 24250 16625 10370 17323 3641 23578 6275 20146 21700 12651 15868 13773 18120 21769
14619 23874 13549 9456 11842 16992 13448 17237 11960 9371 14689 20229 11811 18434 16628 15862 12008 10330 23800 13941 15728 18652 11724 14101 16227 5301
10545 24101 11764 11883 15506 13237 9762 11679 12712 17616 17892 20311 22539 10672 6294 18531 2532 10508 11196 5752 13216 18059 11456 16840 6750 21889
23781 21571 2047 10517 10435 16576 10515 44455 12467 25710 15147 15380 7681 14079 12868 16794 17449 14824 11484 11729 3807 23603 26525 14394 29837 4101
15740 16964 11479 14302 21154 19417 15412 7278 11006 18887 24552 12423 21462 15630 14249 17188 22041 13017 4563 16390 19124 26276 16498 11518 22648 10931
16431 16123 6051 12830 10673 14908 14690 14990 16450 14364 18358 21007 15699 13555 16630 18451 13060 11521 12040 7219 5579 12037 13781 17692 5794 16133
17931 13486 11946 12103 10570 17385 8481 3207 14338 13598 7051 16199 10174 10510 17723 19457 11875 17138 23991 11453 21563 11443 16853 13396 4875 12727
19160 23681 0 9878 6121 10618 12526 14768 8638 17465 17318 20544 18711 13206 8950 19911 17544 14142 13583 8676 10029 17545 0 17803 22129 16560
16846 16508 8671 14973 25197 17613 10198 6582 14401 14779 10189 17487 8003 13400 6267 18259 14978 10790 9289 18171 20057 22215 18335 10975 23138 10991
18884 22819 9258 10989 6295 19309 13375 20364 12665 20004 10416 15294 17306 15952 10304 22901 1135 17747 6314 17975 5585 20599 3026 11315 13304 20787
17250 12923 7786 10860 11927 19547 12468 15106 13906 5810 11679 16074 26240 17201 14771 17537 10585 15263 13820 10305 17313 13683 18242 12715 9411 13179
12341 26193 13496 14351 20926 16591 12755 17209 9846 19569 21231 18392 13255 16216 10322 16124 14698 16315 15056 17706 4621 9638 15245 13087 7916 13562
18807 23019 5405 12752 14671 16418 10971 12027 16498 18281 16803 14179 12246 15992 9868 18167 59 12319 14757 7800 6649 23222 7979 16273 12113 2601
14332 14534 9812 10599 4821 17532 8925 23273 12436 18131 15807 14071 14163 14443 25547 18653 6417 15377 12055 14192 18511 27083 28320 14448 19257 6440
19619 26925 12791 10819 13361 17211 9322 21510 16209 19586 17261 18286 15366 10887 12044 19514 13086 12231 10318 20067 10264 25384 4329 10319 10310 6703
17302 26262 12984 11639 21409 23013 9180 27599 8249 17826 15619 16180 19321 17607 11026 17838 11038 16997 18492 19168 36817 20525 23417 14953 2670 7252
15077 16229 12216 11716 7309 14731 11014 6816 7566 23166 13487 19112 23075 14692 15999 13179 9317 10338 14122 22780 21938 9607 20310 18307 2288 10442
14256 21015 8266 15557 10710 21169 8867 20562 16355 22795 17547 19015 13864 12693 13030 16038 1192 13448 11490 16059 24813 20967 4334 14229 4352 13411
18678 18280 13011 9404 13856 13430 12985 15556 11480 26682 12109 21168 18660 14178 10310 19384 1246 15493 4784 9630 21735 19240 28172 16117 24899 3147
20746 27766 11185 11706 12314 16679 16385 20106 14630 22098 11555 22024 20829 11674 17657 12739 13499 19557 13143 22044 26469 13457 5442 13598 6121 7019
14359 16152 18197 8569 1821 14470 11591 10769 17532 20107 19008 23437 9719 10815 29195 17929 20044 19770 9518 9446 20716 18345 9515 10552 9400 15201
19014 13787 3112 12329 16175 18741 10716 7722 20532 21614 16064 18765 22100 13741 4983 14888 9795 10350 609 17341 1541 8108 13108 18585 4840 17287
12420 10105 13598 9092 11723 19438 14435 35479 12561 22235 13311 15330 17682 19728 14146 20928 14877 16969 480 18006 23822 18881 9243 12952 13406 17460
15243 19970 12002 9316 12140 14454 7419 11618 15441 18317 9962 23003 15539 12833 24579 15419 21852 16875 6844 3952 3936 28221 2766 16918 13840 16850
15917 19162 6904 11975 5332 14808 13252 310 11813 15744 13862 17575 15491 13428 17499 15519 23171 13813 15198 9258 26236 15922 13894 15138 20136 8107
18638 23058 6851 12474 8739 13980 11273 9970 13628 17937 15892 20621 17482 13048 4789 13160 7999 16879 5946 14516 21358 9216 25241 14879 22682 16158
9381 17641 13900 12240 7960 15751 13464 21410 16072 18016 20100 22368 25945 19715 6598 19735 6445 6882 12950 15275 16029 23626 21225 11662 13499 12506
15298 15507 7533 11497 14946 17403 13232 15957 11179 23497 11573 19468 23682 9181 16626 18497 21043 12988 12511 18387 17465 11733 30293 12561 1545 12263
