365
98 63 82 26 3 51 96 37 77 82 27 30 67 29 97 27 48 23 0 9 89 90 89 77 6 24
8810 15238 3447 18025 16659 19350 10977 13801 19335 16861 14003 9347 15054 14492 18375 24415 12876 19052 12009 15850 14784 11493 17094 17816 13783 19112
10955 7770 11555 17432 16185 23056 19897 14697 17599 16225 11225 13425 16036 14460 16643 12378 7926 13789 19295 10483 16973 19896 12761 15448 26522 24783
8737 11833 24593 10142 20772 17074 13768 17160 13276 17787 1909 3184 19274 5857 11434 13707 8004 20878 18725 15310 16716 17363 11426 13641 9364 684
10267 11551 13484 15626 15629 14729 18433 11807 6055 16156 19204 3383 19235 16342 14396 27333 11331 11319 11434 5930 16715 15479 15543 11249 25495 13165
12322 13782 13945 11670 18592 20899 19512 13008 12408 11674 9486 8148 15526 8449 15529 16386 6726 24295 22431 13984 14832 15777 5333 24987 32034 16719
13296 6357 8262 18132 19071 17696 15402 11756 21052 15883 14593 17514 21486 8647 14603 14447 9811 20695 5259 7589 13344 17035 15434 13291 26137 15737
13865 16067 10026 21386 22267 8505 11653 11957 20239 19321 11533 8968 22566 10995 20450 15372 16319 23644 20383 8015 13753 14665 7440 17085 11399 13837
6746 12048 5248 22744 20249 22175 21385 15977 16610 13502 13215 15741 20242 2778 17895 17563 15425 19350 11088 10493 13777 12301 8940 7826 18635 8844
8821 13285 20501 10206 18512 12377 7007 15227 22040 13061 7163 10578 17715 7788 14745 14638 12721 22960 9580 14936 13227 24413 10506 14612 7797 13688
13629 6666 6515 16725 17496 25597 7441 16600 6099 14469 12799 10860 21284 7041 12109 15072 11022 15179 16030 14227 17753 17777 11588 24580 13871 11729
13771 10874 17469 15041 19581 12623 20053 16026 3403 16533 10871 20764 19082 751 17810 11963 8679 22495 15948 12321 16563 14712 10521 11932 20881 12953
4035 12425 7966 29442 17828 16493 16225 15040 8371 18459 10512 15402 17350 18702 10546 18116 13842 21724 15555 10482 15765 13805 16668 3022 12601 28142
13934 19261 15796 9724 15573 16533 15689 11428 28490 13097 13559 9375 20286 12165 20425 12952 9371 21169 4207 9313 13096 9659 9480 13864 16891 18214
11507 5527 5398 20265 17721 17418 7392 15591 11309 16445 12096 8353 18056 14435 14861 15871 15639 20019 10417 9123 16876 11941 15182 17239 14019 17276
14245 11097 8051 21384 20619 20840 19090 15283 6026 19833 10813 20893 24365 0 15431 17834 12036 13015 5283 9936 15715 8895 19934 16477 8897 17975
10532 6022 10350 22065 18011 17083 12987 10931 13950 14013 12125 12137 23084 6156 16839 6726 17496 12695 2200 9185 18669 10694 8085 20673 10770 15114
9081 7869 12805 20576 19473 21631 13594 13164 20108 13031 9811 15318 14905 12617 12384 16773 20571 19611 9456 17068 14356 7358 4473 15495 15700 22666
8697 7238 11620 22516 15395 18617 19600 11627 11006 17943 14645 7883 16074 5649 15841 26965 15457 18151 15102 7405 18610 6393 11872 8211 17726 7445
9297 11547 10355 21038 15449 22627 23765 11118 12133 19915 13215 0 19692 13745 10125 22212 11265 19264 4700 14916 15350 4260 11099 17643 26276 21583
11504 10340 19044 21448 17297 28704 13092 13259 23890 13981 10582 21970 16118 10219 15719 14362 5613 14412 7181 9026 17058 3322 15467 13434 21528 15411
13045 12027 13176 17272 11926 19799 10930 9537 21331 14153 10015 19195 18803 14595 11910 12547 20747 18738 7333 7021 16562 8650 6609 22358 12961 19179
9080 8057 1685 22503 15870 21208 19587 9995 17058 12186 11281 8524 22249 18249 12248 8969 6226 24083 11300 9666 17974 16853 18341 6033 14229 18280
14854 15147 8191 19555 25637 16001 13616 13874 18154 19630 13175 10126 22004 5514 16894 11850 9353 16139 5066 12728 15445 9770 5336 20172 23471 11438
13316 11108 10963 15021 24492 20910 12422 15414 20760 14856 14746 13656 17861 9188 18797 9597 21677 17078 2410 12357 16166 17246 11691 20399 25306 11085
11121 8083 10857 21162 20707 15266 12484 14493 15276 20827 10222 20337 18582 13724 16706 25882 5604 21322 13708 15813 14501 13549 15885 17405 20063 15952
12847 15714 16578 10869 19367 12053 15835 11053 7537 15784 15569 10387 20773 10373 19063 14155 5451 17980 5740 10023 14807 10870 10299 6939 25406 9480
4622 13965 11475 19319 21176 13168 18054 16558 16392 14008 7041 8395 24359 16431 16785 8957 13381 16086 1342 11504 20828 0 17842 13903 12513 27297
11330 17219 6233 17853 16649 14310 15832 11112 10333 14044 15092 22113 20956 10563 14477 20290 4507 20133 0 10752 18220 9226 12284 15015 26814 20825
16950 10930 21650 16010 17996 16019 17925 17727 22570 14551 9143 14985 16874 16786 13521 29324 11317 20273 8239 14926 14492 14401 10410 13961 21372 24537
10509 14525 7750 13948 18357 20661 17645 10240 26306 21348 7733 21103 18250 8389 11790 13393 13255 20290 8548 10139 12040 17075 11299 9166 14523 24135
4065 9333 7368 12618 15130 9483 15935 14562 20674 16762 11978 13535 15677 17507 10794 22681 18643 15413 12232 5016 13754 5055 15090 2860 25312 18241
14802 15196 15187 14009 16612 24659 24756 12245 10797 15511 12778 5992 25370 12954 13365 8132 1672 17862 14216 13509 16097 11097 12723 11717 15526 19555
12994 16156 14530 18701 20898 19300 13342 10775 13359 15455 11460 3510 18186 12930 12768 12631 13785 15782 10959 12999 15437 12674 9642 16386 17202 10808
11887 13017 18715 25186 20516 7600 15124 11595 6290 15192 13705 14525 18090 864 13995 9571 12635 21222 10966 9275 18096 11340 9824 20737 22373 17883
13396 13419 9136 14800 23214 25439 15638 18871 8572 13775 8536 15809 19860 21323 11910 17412 8541 14681 0 5604 18724 11143 10716 0 18997 17184
15908 12887 19300 16694 14183 14455 17319 7620 6363 12925 13195 13040 22532 9238 16126 25063 0 19772 12272 16250 10686 8886 11323 14068 8447 11539
6551 10633 9825 16342 18755 24187 10715 12804 18227 11165 12164 15231 19486 7955 12096 21551 17544 14980 16180 12226 16346 19410 16855 20181 27515 9742
10506 11651 12222 12817 22854 20961 12051 12439 16105 19996 9260 13984 16966 9694 20254 7513 8397 17308 6768 12651 15014 12200 14095 11386 28523 19356
2926 7225 22153 18513 16714 18565 13937 8733 16202 14759 13059 16653 20276 5047 19896 6991 6033 21483 11451 14668 14450 9933 7739 7246 8318 15747
15918 11691 7931 16804 18301 13202 14098 14789 18168 10483 9115 8534 18669 13365 13340 16299 14938 19200 10568 7319 12572 7131 19433 15674 13449 4656
11937 17006 13897 23854 18789 16363 13874 16693 15498 14522 10519 16878 19722 11705 17562 21263 12826 19503 12372 5085 14469 22865 12812 11775 19327 24249
11837 19322 13485 13439 19476 15075 13899 13769 15925 13897 8085 15157 20875 5878 15603 11248 15208 19883 0 12095 14569 22703 16533 8457 18305 9907
10625 9745 9785 16913 22537 18467 8787 16448 30818 17113 18999 20629 21997 15725 15055 20271 8009 20756 10440 11720 19128 9876 7793 13890 12768 9198
10016 9423 9793 17326 20324 23214 10436 8806 12513 14047 8889 10028 21439 5609 14316 19670 19060 12617 11436 10240 19206 10408 19480 15308 19218 11922
9161 12100 10836 26461 18946 24178 8950 11901 9169 14974 11332 30 13638 16396 12969 21967 10136 18251 0 5890 12382 25099 6619 405 18343 19607
12237 11587 3991 20920 20693 15562 15559 11591 13130 12765 8530 17705 20827 9489 5409 9078 8732 24369 6892 10815 15284 13237 5523 19289 20344 14492
2990 11718 17508 15055 19082 12172 11631 13905 13019 17010 9597 9012 17277 12064 17638 22751 13861 14872 16031 12171 13158 16310 6805 17049 19820 18317
6434 9070 14414 9203 22846 22161 14407 11736 8127 16660 14133 5252 18415 9375 12813 35538 9667 15669 18297 14100 13317 20638 18529 19688 20162 20175
15672 5352 4274 15036 17013 25154 15597 8151 8269 16945 15711 18564 15801 13915 15978 16076 8813 20438 18696 11374 18418 10993 13609 11933 14607 19651
6766 14424 12836 20698 22113 12999 18878 14224 19207 17365 13834 15720 13019 13018 17495 12933 4061 18771 9429 17470 20272 14640 11760 9537 13413 24490
13096 10394 13829 18250 15588 14958 12111 12560 12895 16119 13102 14643 19280 15345 14842 13029 18255 20564 17288 11270 15461 13205 14174 9994 20685 21689
8278 9044 34354 12560 17575 9387 16827 10286 10814 20238 11936 9789 20775 12163 14135 11253 6535 19575 24185 9948 14346 17544 8388 13287 19165 25321
7798 10738 17285 22503 17470 23252 14472 13228 8853 15417 7088 28042 14970 8910 16244 8152 15064 18126 233 6300 14060 18710 15442 18028 23665 14919
12173 11183 3209 12369 19923 23753 15047 10146 19427 13598 7037 25317 20944 13583 14220 26057 11598 19958 14529 10250 14402 11560 12951 24195 12850 12169
13285 9901 8000 22742 17474 15779 17166 12788 22713 14040 13378 16156 18804 5371 17051 17555 8103 21050 12387 14017 17198 14405 20177 19138 17354 15848
10796 15397 18254 17165 11546 14329 7710 13465 25117 9712 10727 6670 14536 11093 16248 10976 19447 16750 16398 11314 17737 15742 13566 21708 8254 20399
15112 16789 4617 14000 21004 19495 12199 14935 21001 20262 10388 26839 13093 14020 15196 20516 3967 21648 17031 12043 14205 17707 7867 7084 24004 13084
8961 9847 9297 26080 17321 18459 13121 14165 12631 16043 7304 5707 21034 20097 16655 0 17529 13963 10154 11731 19134 18109 19433 15612 14015 21090
12005 20729 14109 21272 15102 18209 20422 12849 6525 14323 13273 20521 20144 14710 7598 14451 14513 13219 3713 12812 15456 18938 10367 17000 21943 13794
5330 13219 10127 4873 17274 15117 17596 12687 16533 12757 12735 7643 21990 3521 17615 18170 4328 18472 16179 7476 13317 14696 16030 12938 14896 11112
13510 10354 13715 20968 13326 17494 21774 17486 18977 13882 10469 15390 18691 6427 14677 24563 8015 17266 20649 10576 15793 6724 17306 6133 1978 24124
11506 18205 6091 6415 17560 14446 18209 11060 22985 12986 19005 13098 19947 6572 15168 12815 7387 20140 6123 9992 17412 13735 14415 13265 19587 16731
8242 11818 0 19703 14570 22259 17709 15426 11872 16173 10323 19082 22217 10889 14059 11962 4552 20957 15854 9286 15332 15382 11067 16225 11752 21017
17933 8291 11579 20932 19358 21311 7179 14139 16890 21584 13961 8335 20269 9459 16711 0 2431 20286 10651 5792 13213 13607 9040 0 9004 26705
9825 17749 18632 17232 17915 24729 16198 10210 21434 15971 8991 4377 21939 7977 16435 23733 8734 19625 20022 17680 17954 6682 18619 11693 22974 21802
8397 10724 9660 10080 21692 10338 16234 12926 10993 18898 16173 21807 15577 4729 16087 13875 3980 10645 11457 14379 15287 19607 15198 15915 26602 13540
10210 8251 6478 13374 21809 19447 10830 11125 20900 13788 14076 7472 18023 0 16233 9699 5807 18787 9642 17800 12315 4192 13949 14060 16449 20859
6381 12424 4050 19088 13235 17575 13253 13643 15248 16553 14034 0 17375 17877 16597 11621 22767 22809 17243 12812 14268 22977 19987 15048 13268 21074
8923 14127 16 20512 18766 11766 16503 16717 15430 15876 14880 10910 21418 8392 15644 11320 11269 19265 2145 12534 17076 0 11478 30748 17454 14786
10750 15055 10457 12476 18712 15066 23567 18132 21118 18236 10980 17943 18554 11275 17129 26331 4472 19490 2817 11696 16260 9658 18989 14078 13242 34213
9248 9872 5921 17403 20080 23015 15804 15507 18045 17900 13471 12549 18056 6575 15134 9023 8704 24884 7253 13722 16284 15810 13267 22398 12649 15897
6165 11173 1017 22111 18676 25005 20676 12805 21677 13778 12358 5183 21980 15705 15970 16202 2407 11841 10866 10491 19830 18843 11497 0 10231 27958
10481 11246 0 14827 18254 24318 14564 10601 10080 14663 11001 12396 18538 15948 11009 15927 9082 26442 15594 21964 11995 14400 14551 21516 19368 9564
13878 14733 25269 16390 23701 23761 12805 12295 4265 17476 9963 4850 21029 10932 12152 20725 9674 22824 3252 10766 15851 6820 9047 21875 25027 11856
14882 13530 9285 10408 16942 14403 13260 12757 22902 15067 12898 14177 21556 568 15807 26470 0 17697 3589 11373 11342 25601 11918 10056 15005 19461
8621 10183 5971 16022 16935 22156 14362 12480 3035 17128 11343 0 21226 0 15830 15139 0 18373 1708 11644 11146 15575 10753 20684 15288 27073
9187 11727 2211 18584 16864 17557 16660 19903 10574 13065 10123 3534 19054 9515 16807 10505 9749 26268 12465 7800 15356 3398 12131 19077 23662 5449
9242 11294 8905 21536 19086 19073 19117 14275 13861 19761 10771 10600 19591 8303 19945 33160 5574 12658 10335 7247 18139 22295 11094 20567 19521 12326
12590 12567 24451 19698 15150 17671 15437 10601 16042 17121 5409 8239 19874 6712 14412 24296 5440 20455 8235 14554 15035 14234 12752 24415 21833 18484
13374 12872 16246 22111 16064 17901 15425 11021 14574 18355 12989 12230 19539 9007 12210 23514 6421 22768 2222 17805 20002 9061 13763 17398 15049 4814
6269 10524 8432 16975 14353 20107 13401 14627 12971 16036 7540 10474 14687 14452 16014 9425 12351 17106 5991 10878 15020 9655 4053 9156 14744 10356
9614 14530 19308 11354 16102 15210 17937 12964 20950 16785 12044 25795 19618 3096 13759 20483 18868 18165 27004 13975 11470 16489 16005 16557 17916 22917
5665 8800 7907 21943 19611 18642 18314 14075 33003 8571 15199 19331 22220 12264 12381 21185 13212 15279 18928 8951 16455 16961 14359 12380 23735 15503
7037 5608 5474 16829 17822 12064 14869 12492 6286 19752 13660 20932 21583 5973 15146 7478 9193 25465 15135 9924 19392 10929 9647 9909 22847 9050
10070 13495 5505 16469 16205 21572 19271 15737 29146 16685 10547 18576 16556 10148 11888 24765 8199 22844 29614 9196 12830 11666 11285 14725 32455 24608
12027 9540 12865 16897 17430 8637 16482 15092 11766 12618 12659 4378 16794 14903 16160 0 799 17623 671 12045 14999 8213 17098 13411 17968 16170
6815 13544 13859 16698 23216 24863 14317 16473 26427 17424 15938 15205 22704 7191 12956 17611 12329 22780 6083 10034 13381 18247 12187 6514 25660 24257
8377 19084 6278 12110 21115 4063 10285 13009 23479 15753 7133 1600 17538 9008 16556 15504 15168 16096 8338 14131 21917 11643 17492 18518 9485 19410
8493 14571 4016 21909 15983 23390 15091 16417 19262 15277 8544 20585 18063 12548 18384 17455 14384 23635 6430 10539 13826 6209 13754 22258 15354 18655
11266 9182 13970 9532 17700 26061 14231 15521 23296 22378 7777 5380 15712 7968 14610 12956 8801 16654 16205 12820 18203 9538 15751 11695 18960 9921
15796 7627 8540 19690 17570 9075 14188 15222 22164 16315 10356 21569 15596 0 11479 32313 2794 21442 14865 3857 14711 11023 3437 4315 12128 14781
11991 16880 16704 16352 20672 21943 22099 11793 19450 20330 13167 8266 21475 12936 17914 17997 10717 19805 11646 8981 16373 6186 15761 19855 22353 16761
8530 12638 17837 16155 19134 19240 9364 16163 8671 16763 11713 11663 18127 10701 15676 21971 13471 13662 20533 4127 14515 21734 4909 22237 15210 18085
13863 7970 1698 11773 15591 21043 18611 16228 7632 20760 4582 8889 16586 8507 17162 20259 10576 25382 11559 8283 17075 10275 13914 13117 13796 11476
5815 11961 10316 23034 15304 21542 13524 13307 0 11318 12357 4969 21229 4407 14973 17065 14861 13236 19005 13613 16117 21482 14094 19691 17535 11269
2008 7699 0 18407 18599 8350 19435 16230 7118 19419 14159 4353 20705 11976 14796 13793 6753 15164 18403 11486 12716 4183 9418 14969 18806 16921
11742 7389 13184 16842 17612 16608 20717 12274 13859 13577 7507 20761 15622 5354 19641 31108 5984 22566 6300 8210 14461 21132 13529 9267 11379 27255
5658 20348 3631 5142 18311 14746 11961 9095 11318 16757 8112 16989 16313 14737 12461 16380 13560 12225 18356 10935 18634 15295 11524 18543 15077 19229
12676 12875 0 21227 18657 18206 15649 14072 12507 12557 13978 17627 20221 5937 12662 18294 20334 20618 12578 14445 14678 16936 7264 7083 16720 19070
8863 17079 14461 26001 22064 25288 15386 13829 16598 19078 12552 9424 19208 6149 14373 11585 17388 16933 11674 5656 15084 8826 10997 18488 19871 11719
11330 8350 20709 12808 21716 15930 11788 9741 26786 13295 7835 0 18694 9344 15563 12055 12240 24603 12448 9750 12816 14772 15109 19450 11569 16894
4887 10876 2150 9375 14901 23913 14710 15273 14063 15024 10544 6006 19509 2906 13261 29566 12474 22720 22446 18369 12488 18161 14195 15896 9700 18102
6833 11844 12654 14615 16121 17867 13527 8775 16359 15341 13634 4062 19931 17445 14427 37475 9788 14449 3393 11914 16562 12098 19023 12632 7669 16963
7625 7612 9358 12836 17814 18737 15458 19047 24328 19060 4587 294 21816 0 19884 3846 0 20116 19885 14374 16604 16044 20650 17365 19025 16936
2675 11116 16956 16158 22164 16823 15155 9510 12522 10834 9900 13182 20360 9807 12833 15342 9014 13985 15723 7865 18264 2340 7566 10395 21748 19043
4947 8001 11285 14400 21713 17798 12123 13679 8129 14542 3499 10160 16031 14436 15294 20582 3611 21437 10258 7904 13905 9487 10180 15319 16845 10858
11515 16098 10142 14914 19294 15128 15752 8209 17617 19812 14697 21841 19581 10093 16544 30360 5135 18780 13626 15638 18571 15970 14958 9868 14335 21575
9665 12622 10990 15954 21928 19130 9047 9063 8803 19882 9145 12495 21956 8193 15046 5461 5466 17657 6349 11604 17889 4055 8637 13693 18766 25817
13636 12291 11429 14878 21656 27635 14251 15061 16096 17292 11662 0 18775 10051 16488 16170 12153 27045 12864 18193 12793 16909 8694 20795 25360 14626
9421 2836 1063 9506 17744 19898 20095 12455 14934 14149 11175 10393 18201 7924 18348 8703 6599 21154 22104 13288 13362 16487 12990 14399 14471 16494
6019 19437 3462 20746 17808 18688 12558 18656 18499 13899 11915 5135 19106 8965 19194 12033 13450 17576 9814 13859 14463 11054 4945 26270 13542 15141
13067 5647 30681 19216 19394 14524 13537 14298 20892 15602 13472 3852 19148 8283 16931 17397 8272 18909 5693 11693 15700 18445 12990 14708 12932 19960
7115 7668 13366 17869 17598 28491 14241 5441 11109 13551 12658 11076 21196 8720 10817 10596 18847 19085 4528 13261 14495 12394 16887 19586 9181 15620
10801 10296 23393 19851 17409 14091 7422 12045 12420 18276 13017 22574 19502 9379 12806 15081 12566 18115 6400 14538 13872 13813 9754 14954 5192 14539
7783 9153 22206 18212 17725 14460 14651 17662 7767 15717 3667 4888 16456 12764 11510 16524 7757 13857 8991 12652 14800 18647 9651 9339 13104 16325
9886 11754 7133 11259 15585 20981 18960 10799 16917 18573 8909 15803 17829 3195 15062 7624 0 21971 1611 10351 13633 13068 18255 11205 35378 14943
12931 12745 11035 21602 20220 15323 11952 13444 17633 13026 7840 3035 22434 16689 17097 20327 8864 12823 21541 12367 15624 18055 11731 13966 19341 16141
8587 16575 14664 19689 16378 14118 14157 11651 8658 10055 14149 24066 18489 9765 13422 20146 0 14063 14269 6098 14416 15219 5304 18713 20648 21735
12348 17164 4542 15544 16290 19925 18811 9585 17217 14486 9347 17700 18624 16713 8957 33450 7941 11173 4616 9634 14922 17397 10885 14644 13437 16516
6680 10414 12372 14185 22252 24078 10304 11235 11793 15006 17206 22156 21916 3677 19247 14124 12038 28540 23512 7690 17427 15282 12599 22315 16469 20305
11840 16195 4248 11215 15752 13676 12118 12681 11344 19934 8294 14735 17881 13265 15944 7217 11169 17852 6596 9403 18399 11044 13564 23882 15538 22790
14456 16653 11698 19007 20717 12996 9219 15264 24558 13879 11538 10114 24795 0 17175 14959 8132 12869 6421 15776 15631 8802 14695 13754 7952 5941
7361 16826 7483 22269 19613 15384 9754 12742 17056 19122 10040 16594 19019 9913 14785 21109 8459 20134 15233 12894 15115 11427 10929 10918 22158 19999
10091 14104 18752 12027 18237 22597 14429 12999 4477 12082 2194 9523 19977 11338 16548 19393 12676 14659 17166 10785 20127 18836 9915 12694 17436 21736
9553 10296 12724 18219 17236 20268 20198 13582 16980 13897 11496 10312 18885 9984 16955 33310 1488 17961 18172 15788 14366 1874 20893 14551 21618 18866
19302 14609 4609 20488 21028 27605 20032 10155 7255 12716 10824 0 18879 22830 12982 9263 18091 21416 10079 20770 18044 15796 13669 13461 18475 9537
13738 25019 10998 16370 16153 13095 19165 14999 16757 14449 11267 15518 16657 11846 16712 4139 11787 26028 12783 14459 14663 17533 13862 10705 24286 13947
10626 13191 8662 19024 18347 19966 18660 7979 13707 13889 14749 8434 19470 4453 14110 14271 23673 19515 0 11566 17069 9685 14114 9470 20399 15049
9766 9492 5747 16429 19411 13884 19521 14501 14794 16676 10626 0 21798 14980 19827 9963 12693 18901 23793 11388 16658 20056 13079 17678 5769 12088
5949 14551 18075 19582 20788 18419 15029 11681 15220 13010 3897 0 19257 6511 15221 22699 5209 15932 14784 9583 18457 6202 10108 21741 15003 15626
12510 6936 13175 27885 19561 17388 17222 9754 11465 19546 13293 2996 17396 14762 15163 28551 3773 17982 14353 11085 15665 15367 10390 16992 8770 10377
13112 6633 17218 34877 22283 18975 10825 13259 16915 17446 11653 14135 17615 10508 15472 10837 13485 22901 7940 11182 15894 22595 16435 13405 13911 6511
4897 10017 3967 20464 17902 25604 16850 16967 25234 10837 11199 13309 20448 8858 18024 26763 11644 24602 14536 8453 15614 17872 12319 24504 21549 30749
6878 11310 5570 16839 13530 19235 15400 13827 15491 17817 11566 15899 23033 0 16278 19931 667 24536 11567 10765 15794 22471 13955 10353 18832 13437
11546 14868 8033 19530 18318 22431 13445 14305 13625 18368 8565 12710 23018 15227 10856 7085 12274 17787 13924 9491 16424 4331 9620 19924 28042 12842
15365 12736 7607 23018 19337 13902 13736 14945 9318 14876 6932 716 19795 9425 16029 16147 12042 22015 9949 10169 16394 13956 11652 20003 20262 10922
12410 9434 11658 11701 21150 26690 17615 18022 22348 15416 15064 15069 16847 12247 16148 26038 9241 16638 12259 4024 13457 9155 14935 13097 19379 16675
9736 10557 14954 14932 17225 17458 16626 14512 15287 16222 8424 21915 22337 16813 15859 5737 12433 24313 22515 14196 19160 9965 8297 13675 21827 16963
10651 11785 5313 10553 17901 14061 14766 11670 24032 11974 9896 8236 18674 9795 15992 12713 11664 22424 0 8468 17015 22340 10760 13342 21583 16003
13263 8841 0 21163 17875 13081 16478 14237 16169 16938 6787 0 22177 8761 19110 22873 14096 17593 16347 9319 18224 8953 11502 11178 9410 14593
7720 13144 18750 12281 20755 14059 14575 12493 16107 17212 12330 5623 20838 9079 15389 28597 4380 15281 15256 9574 17344 15432 6965 2642 28074 12637
13766 17406 13023 19538 21974 23044 15058 12067 6184 9775 14049 7962 14139 12551 15253 12891 3722 20233 2934 6880 12852 17327 14355 9335 15243 17612
7136 15446 0 7959 16551 20058 11504 10267 12152 8078 9778 19405 17858 9303 18036 22382 5017 23957 11363 15219 16711 20878 12126 10283 10514 16582
3109 6389 4312 14407 17002 21676 15052 9798 18516 12218 14475 16194 20811 10539 18862 27544 14057 17237 19345 9496 16551 10365 16388 5239 8710 25203
11067 10265 10216 9945 21517 10873 19178 10913 18025 17860 16191 19478 17547 12197 16632 12433 3054 22475 17972 11452 14990 7378 13977 23978 19521 15439
9965 11351 9886 18481 20334 19618 13637 11222 9223 10680 11523 6754 18640 13992 13362 11573 32 20162 2514 6911 16528 15426 10651 16484 22945 7361
13239 16036 5923 10193 16402 17735 17136 14667 21070 20167 11347 7888 25253 7395 10858 23550 17320 14457 13075 12435 15702 11879 18730 14945 17275 12970
12516 15782 3655 13562 15455 15568 8557 9705 8834 15742 12327 13532 19940 12826 17664 15782 12753 16368 12463 18155 21870 12056 10988 12873 13474 23565
9720 15561 20048 15565 20630 17241 20065 12137 17731 13440 13611 15625 18438 14102 14014 5365 12047 31601 5820 12509 13847 13985 8461 16625 13899 20204
8908 9956 15191 11288 21999 16538 12143 10455 22391 19444 12810 16684 17321 14374 10286 13183 17540 13507 12111 10658 14840 22170 9764 0 25111 17424
13322 17295 16820 14761 19243 16837 16499 12441 23529 11965 11575 11506 19240 18516 12655 21993 8132 18280 16122 11290 12284 15042 3321 21121 10578 8504
7284 10935 8652 17297 21115 22853 19123 12077 16052 12489 13964 3680 19757 10013 17440 15857 5588 22381 10450 8643 12755 10820 8731 24766 20521 15654
14191 16414 14735 12245 21653 17882 8618 10151 8183 15493 8229 16608 23151 11810 17492 4539 17263 19826 8259 8699 20022 8067 8858 20018 33587 27009
5632 15684 12161 16075 21177 21676 17384 15880 19629 14388 6343 9387 18057 6281 13302 11350 12882 19842 6872 14294 14068 20552 5716 19273 30014 20112
6798 11722 9067 17998 21568 24008 12471 8057 12385 15408 8523 14740 21391 18207 20207 8056 8579 14467 11150 12554 14716 17311 7146 11976 11284 23827
5622 12073 5364 21141 18767 19771 15720 14148 16112 20562 14065 18731 20953 13988 15032 6774 17852 22027 14080 10903 16211 13914 12349 13649 19826 11017
5632 18495 13172 14823 17818 21532 10046 11940 18775 15867 14778 17309 18917 8092 16101 9577 10725 23013 19966 11088 18644 14917 18656 13617 14526 9851
11454 16845 15680 20484 19885 24813 22829 12775 13531 15599 15928 5586 19320 17039 11001 25635 18745 20796 19952 13656 17947 21253 18219 18113 16832 17627
11020 12379 10936 18132 19537 17949 7895 14436 30969 18305 5107 8878 15536 18547 13367 24940 14335 20592 10674 12949 16862 13254 14183 16697 16302 9710
5679 17084 9761 18911 16073 14720 11571 16361 6033 17326 7763 15961 20101 5203 15688 24341 7768 17518 14331 7468 15280 13601 9099 23361 31342 10734
3574 5991 7448 12081 20678 16308 11601 11583 18829 13304 10785 5564 20499 14666 14743 20914 19130 15834 10288 7711 16346 20928 11195 9785 12123 17156
12581 12542 8340 16682 18059 26073 18683 12424 7717 17362 9734 14799 21116 8061 14175 28271 12568 22607 16837 9504 15067 9518 8210 11630 14246 10765
12281 8248 5358 14118 15536 17792 16709 13267 19397 14999 9439 21828 19199 5852 13463 12087 17540 11818 3984 12074 17118 11558 10983 12462 22579 10185
10499 11645 9357 14033 21619 17131 15185 15745 18976 16558 9874 2771 17008 3389 15608 20608 7146 29402 11908 5398 14339 8167 10269 10075 17179 20776
7287 13766 6133 14086 18165 18350 11121 11355 11656 17447 13702 8524 18010 12093 15034 13799 11778 23565 6697 15667 15307 8986 11330 16348 10314 16511
4981 16445 6460 13192 20438 19650 12545 12863 16358 12198 19356 8247 19258 18144 13303 12808 7025 24375 0 11444 16471 15231 12833 11414 24210 25477
5325 12447 3939 23239 17988 19141 18183 14946 15637 15895 16424 5632 22123 0 16452 11738 17424 18427 11507 9323 13845 11391 14088 9336 16824 8538
3273 12177 7965 12251 19001 23190 13949 7260 10370 12936 12555 8465 20222 9613 14806 26771 16259 28212 2897 12286 18914 16534 6410 15031 10595 22250
6482 15146 4938 14041 22333 20957 14790 10463 17950 9904 11381 23023 18524 7088 12894 31588 13470 18639 11724 10407 16534 11653 8189 8434 10711 15414
9285 11932 6558 9768 15270 17430 8748 8526 16708 14247 16869 2763 19872 15155 13415 21185 18415 21646 12073 15729 17474 19824 9576 18870 8371 15573
11051 10289 12025 23703 17972 19101 9441 14352 11026 17170 12923 14656 18686 9979 19292 22895 7258 27853 10115 9360 19544 13607 7583 9105 17847 8888
6499 16061 15494 16414 19457 22696 17246 21995 18065 15206 14521 14949 22341 6648 12999 18285 8568 20611 0 12351 14023 9734 9091 12461 30947 15205
12810 16504 10273 20057 18670 16317 13692 9887 17613 11447 14533 5715 22171 3867 13905 0 14477 16386 12979 14224 16443 16748 7847 20518 20737 17922
8700 9814 19960 17247 16426 25926 17182 11881 21894 18023 9617 111 22332 5137 16422 1354 21965 15358 5284 13002 17926 8494 15803 19357 13426 8343
11631 15614 11364 18810 17000 14933 18411 17148 25646 20387 10968 16619 17204 16633 14167 43965 13919 19374 15219 5783 17327 13913 10798 19303 27529 12902
10673 13999 17093 10690 14576 11494 15027 14431 12461 11994 12003 8400 25351 14167 14960 23559 9619 12738 5223 14489 14266 11702 6594 3929 26540 21317
7258 13316 9813 13519 17526 13612 17564 14280 12724 10678 11226 2380 13781 10335 12503 18407 4047 16276 12125 9252 15418 6365 12809 15500 20892 11821
8987 14325 15158 10682 21758 16241 17730 12843 13660 12838 13574 23035 17810 11283 16964 11472 13241 24504 7670 15780 18993 24149 15323 21400 32211 25418
9200 8563 19532 13467 24334 18977 17409 8624 8605 16906 8643 0 19983 10388 18632 18728 4752 12481 34063 5831 14189 20117 11817 8003 25121 11776
4477 16382 9424 11896 15042 15147 16271 13082 12262 17262 17260 19024 20892 0 15871 16033 12474 20595 21170 7917 15038 12660 18854 6683 21588 17161
9483 14460 10400 16611 19866 20008 17759 18099 13414 16751 10552 11233 19367 5150 13115 15611 9853 20164 0 9460 15983 14292 6020 18233 14943 25086
13853 17049 5942 16980 20141 14166 14908 9486 23027 13687 14160 14258 17144 9249 19137 16045 9521 13802 16777 11860 13407 7113 8201 18347 10442 19862
1916 10638 2997 19555 17996 14989 12609 13822 14955 10551 16686 17625 23246 12016 13224 12724 17604 20490 18813 10159 10995 7976 3550 18077 21220 11685
11713 10907 5876 15733 18306 18186 10903 10481 10871 14734 11839 11516 19463 14599 16901 33814 10981 21590 6402 8498 16511 19176 19145 4588 15404 21389
10282 9339 12415 20002 20185 27473 19065 13604 7843 16647 7739 28529 17155 9460 15278 5459 88 21487 20332 11337 16108 11936 15121 10713 9823 12269
10565 13729 0 17247 18608 22508 13880 14720 13378 13652 8329 27158 17418 8344 13367 18835 9636 16267 15164 11452 14440 26014 7565 13158 21375 19790
6991 9509 2303 14518 21312 19995 10345 12245 17997 13943 12070 0 17948 3025 13766 0 2886 14740 12897 9658 19670 13307 13412 14564 15894 15792
9989 14131 22559 13938 21402 8320 12620 10380 4920 15784 15046 12175 21622 9252 11405 12921 11358 15760 20272 3775 13343 17314 11968 21334 10352 18806
9703 7619 14278 13767 20958 17928 11715 9535 17010 17019 2235 2612 19014 7940 15744 18621 6435 23861 3605 8372 17551 18973 6141 19252 17041 22143
10474 10925 0 17028 23785 23867 16383 6032 20903 19416 6775 12180 21664 2920 11228 13540 8627 15767 10236 7827 18961 16217 15360 1315 31352 16017
7037 7167 7821 21987 19277 16481 16546 13175 24199 15314 13044 9190 17320 10001 14735 32537 16087 10558 16256 11463 18076 20055 12822 19264 23858 28558
11353 12107 13105 15277 16931 26342 15086 9420 10424 15167 12973 16045 16229 9408 16505 5700 9632 14451 4948 7565 17456 12179 8896 23567 15076 25701
7092 11481 8666 16438 18295 21225 6668 14657 10247 19835 16894 13677 22896 11778 15178 25617 5020 18546 20141 10016 17590 16915 11581 18450 28244 6367
8603 3370 17630 17492 14144 20348 10534 14037 1751 13100 9716 14570 16395 5521 14702 12140 13352 22767 9450 10406 18829 1859 11779 20520 14690 12738
7394 10786 12465 10813 23222 13764 15827 14238 9506 15747 16297 19963 16908 21086 14917 16429 15163 16622 13711 10783 13034 19898 11082 10714 12794 16819
7367 8685 7052 28366 22603 24704 12776 11649 10706 11523 5445 15889 21882 18635 16008 27496 21059 18217 18170 16996 18605 13169 13534 11693 11547 16849
12845 12295 10463 20280 15760 16988 11936 12566 14027 15462 7822 3101 20743 19551 12499 15645 10061 21887 15806 6476 17651 17436 17261 6440 19239 11840
8857 18140 19400 15689 19488 12655 14798 11167 26982 15937 15349 14336 22590 14902 16033 20015 15245 19459 9517 13087 14375 16383 8858 8488 13304 14449
12038 11265 6629 22239 16257 7292 18690 14165 15511 12348 15182 27009 19131 11591 14617 22876 16009 27491 9453 8249 15987 13610 14737 17136 17134 23179
6126 7321 12282 20687 16828 14509 13306 12216 20302 13186 12222 0 17813 8346 11900 0 10611 22544 5393 10234 14246 17489 7317 14357 22934 24973
7262 17119 20331 17604 23558 15359 10910 17699 16888 18799 17596 21811 20462 8885 17057 21198 16497 18530 5235 14930 15336 12743 9774 13162 17939 24194
16675 13103 20198 19132 18441 18108 11621 16351 6452 22307 17420 13380 19754 15262 15056 13578 14108 20066 16363 19652 13196 22513 16539 14999 18049 22405
9120 4749 53 13959 16609 23709 21032 10501 14299 17999 14395 22659 22233 8933 18758 16072 16695 17188 0 6471 17316 17973 16138 21696 21808 9846
12301 11745 17404 8035 20705 16436 16044 12156 17833 13664 7026 8063 18924 11780 13583 14334 18496 23708 25365 6648 12000 19606 14905 14241 31062 12600
10137 19619 9510 21156 16268 17654 21914 14824 15461 18502 11787 24528 17244 16650 16770 22743 4748 18062 9900 12632 13357 17352 14759 8045 21219 15106
4742 12400 0 17349 18956 22209 15308 13890 22041 13182 14583 20638 16756 4323 15501 12299 16275 14245 9698 11079 15805 8060 12288 17089 18065 9203
14751 13786 8362 14627 23366 21986 16868 11316 25643 14989 9820 19624 17367 6554 16469 29099 9102 17336 20659 13107 15978 5074 16320 23526 24131 15796
10211 15012 13776 14133 18644 18569 20773 11063 24784 17600 9884 19283 22876 10257 14665 0 9071 20660 12608 8330 18534 19517 8307 14518 15094 17158
11000 10128 12501 16936 18332 12462 18337 11154 10833 14867 8960 10149 16641 12609 17294 7333 14994 17366 17065 14266 17663 10452 6582 10981 16310 10891
7734 9720 23020 12655 21427 24737 10506 11989 6817 13495 6128 0 22371 8236 16301 8505 19110 10128 10102 14014 17718 17503 10345 13391 13996 23184
17870 8329 1815 11958 20174 22422 8698 10981 13441 22107 11618 4216 18623 14232 14243 19741 10025 17957 16521 11352 17029 15575 12136 12247 40579 16381
9292 8529 9444 22110 16027 13165 14386 16294 6877 14035 13325 17225 20991 11650 18313 18708 12239 18773 12549 8690 14521 20387 13225 6316 5575 23999
7643 14924 11611 18978 22710 19226 17149 12571 10022 12941 13160 0 19127 7137 14793 28426 8780 16741 8047 11895 16871 7432 17337 28514 24737 8379
7703 9129 7975 14341 16306 21749 14221 15569 13959 13345 11080 9159 19110 13859 13348 15069 7674 19921 776 9024 13942 3250 15419 8776 30081 13625
16289 10729 8385 11922 21710 17615 11829 15798 13103 9126 11548 18998 19352 20133 17458 19240 15294 22479 24840 11424 16892 16307 11896 15326 24303 7771
7609 11159 8760 18592 20206 19738 7994 14243 11256 14317 14920 7868 22735 10339 15289 27559 9981 20588 29237 8978 13543 11976 9565 22524 21964 22572
13407 13229 3631 21527 21372 14268 7393 15028 13599 9357 7610 6972 15014 9650 15155 15147 12121 17728 14185 9578 20088 10060 17683 8815 26737 8159
13812 6825 15253 17658 16079 20990 15921 15865 8900 16188 12531 15978 21926 15379 15895 4742 18867 19636 6854 6070 16699 26505 16154 6059 13706 16873
14820 11309 7125 7712 19512 18482 13287 12223 13861 15488 3794 0 18898 7547 14361 5362 16397 16850 7016 10027 13471 13880 13938 12481 19215 7192
10235 13564 9193 9596 26591 11844 17040 17674 19666 15300 12632 13210 21897 7879 18443 20751 13907 22208 21565 16565 16644 17571 11746 15893 14905 9878
6801 20441 17249 23142 17183 30775 16783 15063 16707 16309 10397 14586 19552 12019 14651 5936 0 18671 8287 9415 18036 10310 3491 11233 28311 15825
13974 12950 12939 14940 18462 24626 15683 10639 9087 17822 8791 10414 18868 4667 9546 23816 0 18787 5506 13803 14091 5079 16539 23857 20296 24876
8890 11946 1750 30272 20220 22601 14734 14967 17197 11128 9408 7803 21402 13918 15126 14191 14015 21999 4582 6812 18255 12480 11853 9108 10586 17336
12959 12908 4771 24111 21855 14244 19968 13372 21023 16046 12144 7147 21921 29260 21353 22451 2711 20471 12360 10607 12451 9684 8955 14447 22823 15249
9161 4717 17093 19340 15991 16701 6743 10165 19020 19330 16465 11377 19396 15710 15583 23117 16442 22179 16138 12352 18800 14009 15319 20101 13442 8885
16087 10638 18200 20022 20733 24148 20061 17968 19813 16255 14465 13520 20652 10327 16640 17576 17582 15264 9184 17259 16827 11124 5372 19354 24156 21615
5051 11335 188 19182 20149 17413 19343 12467 18098 13333 13606 8883 18689 8878 14929 0 0 17415 3778 9982 16629 14601 11469 7031 14565 9758
12519 10216 5596 15234 15264 18466 5957 13406 14886 15451 11239 9011 19260 11181 17035 15461 6725 14333 20643 16058 19397 9544 12234 7865 21374 14890
7166 14311 2506 3063 21394 19868 15854 3602 10161 15023 13673 19827 18742 3698 17726 27617 11343 12077 4408 17543 12831 17372 7577 13069 21328 17488
12047 17321 16102 14992 21873 15725 19021 15446 15505 16283 11650 3345 19645 13264 16703 7705 5804 20597 7984 7506 20952 9713 14237 15989 20949 11091
6916 11066 15980 22464 16626 24330 21580 9354 16218 16657 13357 7109 17302 13239 15587 18524 16017 16616 8251 8905 15655 10456 15720 8521 13532 14835
17387 15170 7766 16944 21227 22569 15315 14406 10244 17062 9664 6307 13893 5169 11203 19737 7639 29103 7535 13621 21243 21630 14568 0 22133 13486
8408 15146 0 22636 15287 21729 9246 12322 18460 15940 15074 6533 20035 6416 17932 23620 10431 12207 28042 12531 14033 13844 11494 13380 6381 20208
6897 18591 4863 20109 20827 27082 11627 11948 31302 17906 12633 14039 21547 2412 13570 16395 5796 16272 12981 12311 16549 17033 10802 6101 25587 6495
8989 14762 6537 6799 19362 25845 14054 9488 21540 17565 17267 27912 23685 3402 19307 20416 3650 13939 11669 11612 13199 20856 9466 12864 18840 14708
12803 17922 12990 18917 15409 14848 17043 13207 24226 13198 13564 20931 18057 0 16709 20321 12554 21120 17197 11402 18153 10254 13379 6313 8717 11371
4330 14234 6317 23743 20793 13992 15724 9118 10867 19073 11577 3137 17418 19828 17780 15931 14827 15506 1436 9596 12946 16869 13671 13067 13939 19413
5344 8526 17615 29101 18208 15184 12196 16741 10317 15722 11104 12454 21661 6768 16969 21292 16064 23901 0 17548 17316 12636 10711 16305 19808 18088
7691 8565 2800 15746 19749 15272 19814 14256 15978 11945 9561 8745 20596 8213 16552 7236 8328 22589 13676 6645 12427 13824 6087 12001 13000 16657
7357 14360 11861 16081 18492 21219 16141 14253 20623 11652 9995 11147 18242 9162 14073 9368 18567 18745 4334 16227 14590 7721 8611 9695 23877 20911
15110 12723 12214 22659 18984 11445 12184 14447 16543 10631 7893 18340 20573 13938 18196 22327 5415 12106 14196 13068 24168 19296 7916 16683 17133 4443
11138 13597 0 7574 22798 15807 14600 14011 24674 15257 10655 23257 22379 5360 11960 20379 11638 24597 18116 16195 13884 15729 9593 7757 18423 11410
12023 20765 10868 28065 18692 12816 14363 12844 17120 15924 10475 5583 18257 3482 18953 10460 10199 19777 18747 13197 13977 9962 8706 5357 15919 16515
5860 4386 9454 17362 19207 16483 10333 8117 17432 18789 10516 19125 18695 1445 16905 10339 11355 20820 15292 19357 17343 19714 14007 11463 24081 13501
5738 11367 15760 20497 16494 16211 11979 10628 9533 9991 14015 23036 18491 18515 17687 26154 14991 15193 3662 6307 12721 6359 18372 15914 15912 15571
16859 9674 17628 21757 18392 18741 18248 10164 17113 13355 13397 22602 19090 6691 11935 17511 9120 10598 11371 16440 15188 9432 13642 18944 15772 18445
12451 5609 6508 28771 20053 15667 13988 11327 21009 19084 4959 6717 22247 18228 16838 22815 9704 21601 11648 7568 16221 17605 16414 9879 18335 14738
10967 9237 5107 12418 18344 12352 9737 11190 15782 15567 14602 15321 13766 8626 18778 25729 14566 25990 0 11267 18257 9797 15538 12535 25369 14195
7909 17256 2672 21601 14784 23617 15385 9324 13450 16500 12040 21293 25686 6161 17354 13500 11265 17387 2031 9352 14937 13217 14871 13320 14128 14933
1841 6592 13681 20749 15000 13779 14566 18285 25497 12602 18406 23724 19427 13539 20009 16361 9560 18714 18369 16095 19430 14933 14799 14360 17784 34528
9068 18156 8929 16534 18697 8567 14721 19416 11795 17494 6007 3533 18030 11934 19967 2065 16186 17893 17307 11553 17338 7977 12718 25422 17472 22123
11293 9021 7981 15435 18058 32435 16903 15872 13965 17604 7855 6515 19916 13953 16369 13498 6557 22968 7722 12043 16245 20644 15727 27172 18613 7425
12625 14539 12414 17971 19024 10862 11028 15086 9901 16340 13439 16033 22047 21386 11066 26617 20214 16923 17093 16394 12398 18359 10427 5831 14277 25104
11986 14984 12585 19529 18439 17582 15902 8646 13717 13724 13100 10661 16929 5288 19317 32333 15382 27785 16199 10010 17280 16092 5006 1730 8585 11967
11560 15978 25189 11314 18528 14876 12925 11192 12279 18905 11938 19316 18794 15376 16018 26806 8516 20962 18762 11184 15587 17103 10976 8783 12677 22202
9148 11692 23514 17338 19430 18622 18417 10460 22727 18242 9331 8171 16461 17936 15817 12071 0 18736 14317 7903 17524 11647 7703 6756 24388 22622
9827 13270 18538 17250 18049 29735 13909 15485 9963 20306 14036 17639 21031 7719 18257 18203 13707 15490 13647 9112 13784 15287 9860 10273 18672 22295
7746 11310 8161 19759 15053 11061 13587 13717 4389 16292 14552 19276 18314 0 15554 15646 3074 25315 8229 12122 18738 12723 12814 21476 26120 9525
4983 17980 24845 23310 19256 20194 13453 8839 26010 16604 9922 12802 20752 12003 18700 25638 9642 18964 24743 6268 13737 18438 11458 12259 11309 17236
13006 6444 11569 16342 16236 14616 19363 12083 25860 14081 7568 24418 20602 13856 11423 29531 2968 19385 11827 16103 16626 23633 11883 14077 6887 10851
9144 8706 20500 16094 19788 17194 16339 13148 15519 17034 7988 14826 14973 8012 15029 21839 10138 17666 2317 8812 19808 14040 12509 20429 12161 9762
6876 15000 14957 10907 11314 18587 15312 15033 17236 14732 9788 2487 18489 10091 14607 29694 9943 18518 8909 8190 15782 8309 6899 553 11154 21436
15811 16725 4189 20048 19224 22954 11455 13965 13153 17908 9022 18411 16804 9940 13238 14848 12885 16793 0 8288 18461 6841 14135 17310 2242 13409
13657 10990 3967 17248 16624 14646 15943 19551 14454 16324 15070 13091 22220 15462 14917 15797 3720 25866 16928 12979 16327 10057 7337 18718 17105 5943
1121 15545 10955 26279 18378 19118 14361 16579 6294 16014 13958 17920 19919 5650 14536 21054 17416 19886 12493 13815 13772 19110 14006 20598 1857 18654
15458 15753 5714 21908 19546 19019 20202 15759 13322 13778 8760 28694 16103 13432 13139 14458 15416 21873 20558 13983 14919 22599 6759 21057 20560 6105
10568 6281 8751 22427 20029 13372 12757 11980 25332 19446 8870 14454 22097 8550 18833 16902 16561 23306 11802 14162 16247 21017 4493 11301 20450 15124
11354 14127 8883 22214 17814 18412 14613 15026 17118 16959 9021 17536 15923 5541 19135 19312 3142 22082 17212 11321 18876 17847 9402 26960 11172 16150
13705 8270 5126 19827 22940 8581 12488 15622 13360 19112 12620 16180 19227 13719 13509 13608 12429 21526 8578 10870 17297 11255 14452 17403 14560 12881
14708 11624 7866 20093 14044 15897 11028 14206 19711 15298 14806 11021 17672 6740 18029 24175 12362 21154 17437 7647 16995 10224 3005 18627 13624 7673
10088 11345 10363 17707 16401 20326 15318 12672 14331 19766 8482 23298 15044 11825 17652 22584 13051 19494 20390 6500 14684 12758 16048 24149 13230 13556
8657 7629 10991 15817 18895 23297 13493 10293 18675 17787 19727 10014 21358 13511 15625 8007 9137 22863 18997 10095 18961 18185 13902 12565 14301 18967
9244 13118 17693 9656 11053 20802 13336 9505 6886 6252 14512 6429 20917 6641 18051 18090 12513 21795 13958 8480 15607 16706 14728 3223 32963 9778
13903 13364 16438 17243 15342 23222 14663 14443 18106 13512 12378 25654 23121 5764 10237 20672 12734 17895 12661 19953 17820 20498 12267 23138 8311 11464
7966 14051 9136 21400 19137 16172 14191 9377 24455 17974 9052 17466 18229 10673 15642 15277 13879 19521 10374 11635 14867 22295 13733 6494 27989 19388
10591 10069 7136 21080 16801 20972 14348 15559 20607 10959 12793 22914 18832 7233 12081 13616 16141 17345 22739 15814 17189 18969 19721 21559 20733 10634
13480 21904 32409 20917 16252 16147 12108 12565 22178 16244 14492 2941 16680 7288 16033 20116 7126 14208 17373 7609 14236 4849 13418 14490 11693 20508
15027 11347 5567 19855 19993 11485 12027 16892 26400 15882 11508 7838 16060 4544 14511 33056 10898 23589 9099 7520 21393 11137 9838 14347 12339 22882
8511 11115 13712 16422 17438 25589 13482 12537 4959 17008 7301 7602 18379 9609 17256 15955 4334 18485 6642 13692 17980 15854 15093 25634 18795 16184
15673 13220 15968 9137 19460 15533 12327 12359 22378 12581 22719 21127 13688 8531 16612 21142 11786 15884 7858 16861 16492 13399 14388 9253 9366 19862
9782 8990 6925 15274 21183 11594 10467 17296 11983 17721 15222 14496 19483 12657 14999 22228 9192 8969 18668 4337 17130 10553 6339 15732 25729 18197
7579 5869 12285 11776 20184 23461 12302 11311 11260 12832 15102 2774 18830 17145 13911 20785 11556 15984 14071 10919 15795 18421 12080 24804 13625 12426
11327 20532 12415 21585 14203 19559 13249 11736 12919 20767 15401 12999 18899 16025 13129 23134 11830 17368 17849 10782 16361 9649 13034 15658 20594 18975
10979 15225 17231 12225 20195 13670 19405 12099 21024 16266 14142 12339 18339 13582 12884 9741 6517 17544 20027 14966 16307 8569 6420 1293 22290 6246
8470 10034 14280 15927 18554 20052 20826 12388 23543 8787 13135 8540 23887 3666 19358 21429 4171 18989 11550 8367 17866 11428 8437 11203 24791 3307
8448 14627 9358 10022 18705 17104 9467 12291 18450 15232 8494 643 18992 0 18767 20460 3571 21185 14360 11575 20829 8094 10863 14955 23661 12066
9140 14459 8226 18832 19114 18115 17675 8451 23701 16316 16291 6852 18752 3246 14435 24335 8956 14280 14428 11599 19533 16188 12170 17328 11680 9471
10866 8617 18301 18833 19175 17531 14958 14270 7002 17606 12799 4047 19626 9220 17122 7528 11905 21275 26186 16242 14955 14340 14720 16963 11817 7701
10480 16304 2421 24870 15928 15617 11910 11957 9768 12138 14942 18045 19703 12187 12788 20999 4652 23225 0 11569 14541 17317 15402 7047 11547 25627
7549 15088 10462 16833 21229 20401 11931 8736 5671 21695 11737 19833 18721 19671 13017 14419 15342 17005 9504 12197 17917 12407 10462 13701 15051 13297
5578 13883 17797 18382 18021 15976 12865 8713 6329 14015 10009 0 18152 7783 16655 20522 23914 19568 22708 12164 14673 10732 15436 9272 23757 29873
14442 12126 10793 20131 20159 16897 12627 16227 17786 16184 13684 12803 18669 11170 18595 18492 11462 18218 8028 14100 17155 16344 8448 966 22205 22248
14051 12988 14000 16045 20621 11282 23343 15954 22086 14977 11642 11911 22125 3109 14304 12143 9473 26268 22119 16943 13001 16700 12863 9440 11391 19303
4563 9502 7078 13567 15872 15796 16940 13766 15172 18418 11532 5419 16492 12269 16815 21324 9834 19582 14808 12474 15675 14823 19162 26303 23731 11922
11011 13385 21797 20133 16841 11434 14515 11237 18583 13469 6192 4919 16127 5263 12032 25395 15199 15151 20820 9440 19325 20232 6650 9551 14410 13823
9944 13385 14178 20670 22350 20830 15392 12841 13448 12867 8338 1874 17910 5343 12974 0 17880 21816 4982 10403 19370 10129 15708 2392 16020 20038
10060 9639 4563 12433 21611 18280 12045 12043 15920 17696 5313 20749 17415 14639 18423 16219 3182 20243 18679 4862 16075 12713 10740 18162 24396 19382
7251 13701 1446 25380 22043 18841 8155 12731 22810 17928 11753 6640 17374 8337 13220 23951 15920 16167 19040 10105 15345 7783 15350 17709 21514 16051
14150 13757 2158 19085 18314 16981 15268 16435 9472 19081 16564 19110 19955 4683 19774 8905 0 17070 3839 8065 17485 9565 9777 23975 24679 29084
7674 13567 14787 16595 18015 24636 6175 11210 11650 19842 17822 7463 15120 0 9808 15669 9685 14224 11284 6252 17927 8997 15001 8496 25292 28379
13240 15949 7056 15054 19581 16076 10999 16051 16830 16214 9729 9663 16518 9065 12417 6707 10366 19005 752 8019 20291 14383 14584 20569 27307 14770
12013 7365 10735 20946 19523 19472 21266 12477 9584 15589 13086 20089 15939 3269 13187 22842 15465 16968 9020 17421 18986 12311 7828 22196 16384 13668
7327 13106 20290 12873 16575 12038 17152 9373 9041 17044 6334 9310 20687 10433 16382 17108 14538 13474 9259 11335 15226 13861 9377 14227 30687 13405
8565 12659 13149 17197 18908 13716 10100 12367 8008 18669 10009 10809 18586 12195 18032 9721 15319 12695 11244 7450 16255 11607 12248 10063 17464 17540
10690 12972 22888 19993 19316 11535 16430 14695 11576 15390 14765 5642 19414 7317 18766 20663 10912 18161 9435 4396 19048 20511 17246 5308 17291 16617
11599 17276 30195 25328 20671 16187 20537 18675 10663 11463 10000 12841 19641 13533 17014 23906 4560 23832 14405 9327 15300 15021 11497 12480 10561 14081
8770 13446 14689 20445 18253 23111 14133 15044 2829 12643 13734 2529 17681 5436 17899 16480 11375 17921 14327 16912 19842 12480 13965 15620 15685 15960
7482 12210 14491 27686 22969 21705 19777 13143 8239 14050 10836 9752 19359 17076 13944 18930 20395 7452 8245 15300 15196 17385 8606 24675 28311 19123
7020 11438 11922 16603 19414 14198 17066 14411 13311 14084 11259 8407 22203 8112 15763 20143 14722 19565 12943 14040 19167 11180 18997 20211 17102 12766
14714 9816 12286 20954 21262 25315 17411 13818 0 15996 17135 28131 21898 15064 20017 19447 9907 22232 6933 4940 17606 17030 12141 11525 12078 14647
12220 18225 0 16707 21874 17442 13771 9725 18996 14383 13397 11731 22026 21374 10873 4609 22973 18947 12305 13799 15169 9154 17052 9346 10976 13356
11480 4103 9447 17217 20130 21845 20873 17051 13329 10679 15618 9146 20730 6811 18813 18476 19696 19162 3496 10053 16792 6094 6840 9453 24166 23400
7864 10817 9341 18415 18075 24294 14795 16313 15482 14805 10933 12631 19897 9848 11396 6292 14233 15336 21895 13458 13490 8464 13500 26587 17327 13071
13153 10165 12098 17660 15238 23508 20984 15836 8667 20348 11997 16127 21201 7745 12382 18772 4323 26064 8658 9867 18531 14429 9906 11569 15597 21532
10032 5680 11726 19783 14402 21539 10935 12178 8420 17016 10640 12873 17353 4397 14302 11035 10577 14370 8441 8367 16116 7088 12203 16055 13039 19736
10218 7105 9754 8899 20246 19346 19445 12465 9474 15697 12709 12041 19231 16653 14672 11206 12813 17869 16685 6396 12674 19228 11747 3182 24599 11211
4886 10757 4948 15947 13695 21284 14849 11488 24841 14398 13983 8793 20494 16660 17431 28112 8053 16285 4929 14276 14032 24860 13368 17814 25498 11236
12792 17886 14096 15741 12718 12760 16106 12693 14872 12909 14663 5887 17760 9040 18279 32265 10150 18708 18991 16803 12015 22096 16993 18671 8646 15720
13290 16884 10468 15392 17013 16068 18454 13121 31993 13421 11817 7512 15995 4336 11204 1263 10658 20371 14620 7998 16665 16426 14591 11013 14589 16846
9878 9937 7456 10277 16531 11870 18209 7583 20424 17626 11602 14570 21270 12730 14977 20116 7839 21584 10831 8465 14988 6645 13468 14167 20176 22608
3177 15320 20899 22693 20218 20782 10871 13725 28694 14382 12840 10069 20014 8963 15238 14941 5510 17281 0 9996 15521 16152 12883 8943 19864 19826
9790 8002 9694 12951 17887 20417 22134 13930 16020 17246 7891 20189 20187 1630 21314 19313 9287 23027 1289 7398 16551 17607 15212 14440 17298 13756
2435 9204 15070 17317 18624 20446 16490 10015 8879 15843 9318 11202 20623 6634 11324 14930 12531 20684 3653 11027 23604 10101 15183 12416 13818 16956
14790 8143 7529 19709 20090 15406 15463 13928 15769 15929 10225 10332 20599 0 13797 22974 4649 14627 17248 10482 14345 21700 6803 10988 11863 27097
7689 10297 22501 23066 15697 14704 18222 11867 3791 19236 11802 14987 21147 14463 14775 7993 16383 16976 15665 10771 20734 2122 6020 19653 16273 18804
15083 16150 17409 23327 15901 20488 11627 13686 12846 20640 8782 17268 22727 3632 11032 8322 0 20647 4936 9100 17296 26525 13495 11063 20008 21702
5497 10420 6322 14253 22683 18859 11999 7041 9941 13145 5925 11816 16099 2134 18772 0 10272 24605 5396 5284 17376 11327 14736 23237 13372 15184
6805 18040 2591 6782 18677 11578 10473 15679 20527 13177 2868 8055 17496 3620 21614 14920 5782 25501 17157 13188 17838 12908 11829 6743 20640 5662
10428 10837 14286 23730 22756 20353 10745 13769 5757 20634 10602 23922 23172 13455 18543 30379 15495 21341 16646 14634 12477 14312 13758 20460 11416 14126
11712 10472 13311 9013 21913 19467 18879 12316 15338 19070 14231 22726 22438 4122 14310 27709 5501 14921 20690 14146 16015 7687 10706 20789 22286 18133
9671 13098 11667 23229 19350 12278 14415 6347 8053 17036 7344 5936 20621 12062 18175 15102 746 17897 3474 11770 15966 19031 18510 10981 21598 16540
10301 10324 13137 10393 17290 22524 17980 11460 19679 15566 12339 14478 19948 15036 20431 3617 16236 14575 30020 11198 16439 5444 17869 14935 16521 20769
10116 8533 526 21056 17937 18938 14766 8663 17047 15132 11629 2086 18649 9731 15076 14665 13806 18475 15248 7689 19053 14809 11048 10160 14831 16675
8461 14818 20068 15433 18900 11222 19489 13674 18192 16424 18679 22414 18935 6408 15914 20793 8449 17135 1707 8382 15560 15429 15561 4838 15594 18889
12083 19905 19606 13509 18344 18047 12701 16167 17577 14998 15200 23369 21306 10989 12310 26172 7547 13633 16775 10502 16064 14207 8026 5039 16003 17950
7555 9919 4959 20605 21871 21571 12224 11796 15489 16615 17844 10024 22442 7601 14228 15014 5817 20439 21373 6232 13326 10239 10728 13266 29264 10907
8952 10402 11045 23903 25998 20626 11992 13738 12291 17603 8558 3594 16025 7165 12687 3481 3204 13306 19636 9816 15654 15067 11896 26675 17426 15999
8806 12215 9804 11957 19967 14469 16886 13866 17462 12745 11105 14145 19058 5355 17322 4983 14295 21438 3850 15412 15353 18304 15056 6494 15423 19619
13911 8511 6298 23861 21298 27524 10234 13153 9009 15116 15379 8004 21830 5195 15138 20809 10045 21763 7645 16172 17382 2221 11914 10444 15950 21668
7976 10360 13075 14894 13839 22460 14688 14779 14822 16858 14167 21690 16753 11176 14496 10447 5313 20472 13795 13070 13386 13767 7098 8378 19134 6256
12976 13450 15346 13637 20988 22763 18307 13822 3914 14277 9676 9307 15963 8193 15577 14999 16504 24137 10674 8300 19130 11814 13094 23748 11215 22067
9957 12765 20753 19925 14966 20159 16618 8871 11649 14370 12963 6723 17915 4930 18296 6946 5050 17751 3337 4248 15069 17771 12726 10389 19269 10872
13245 14636 9909 23704 16754 19592 9419 16380 13131 15365 8552 3584 25666 11847 14124 7557 7722 18079 14128 15678 14091 7298 11586 18653 13218 19564
7149 16306 8010 7435 17207 19500 10380 17653 11302 15511 13095 9908 18976 13189 15046 17729 9580 24446 668 9383 18540 15616 9943 10237 13355 19752
13572 9292 5774 18050 14215 18651 19182 11724 16977 10729 15936 10263 20905 6106 14893 20196 16059 23824 6046 5412 17224 19251 9667 21562 11496 17767
10643 15651 7805 18379 13934 20174 8500 14867 4675 19045 14734 10126 18922 8372 10719 11109 11795 11625 12139 10234 13134 21550 11589 17505 14657 9987
10196 16441 12884 18479 17342 16149 9975 17686 19682 14227 14787 28586 16262 6234 17756 9495 11279 14184 20014 11797 9335 20093 17364 23375 22888 21707
12255 9132 19043 15381 18298 18665 12262 15128 8705 17797 6948 18143 15544 13050 12186 13297 18418 30954 16138 13268 15390 22547 13409 8427 25722 7616
8119 5795 7914 10206 20294 14171 11762 11598 14243 16382 10769 8347 18505 3352 19038 3502 2172 17164 13813 7668 15797 14409 7202 13552 20865 3900
14675 13289 3112 16044 17599 24892 15405 16863 14854 16690 6233 19169 16404 15935 18081 11310 9989 16828 12458 10106 18146 18501 7666 21783 15263 15462
12338 5052 6564 18999 19237 15593 14446 10517 20685 17559 8914 3585 22793 12254 16138 20027 12927 21943 878 887 15404 15673 16948 368 17573 8805
15176 13665 9591 16902 16043 12595 14534 12416 19137 15555 13380 17453 16441 19144 17061 13362 2962 25291 3840 11555 15512 8334 9777 15601 11210 23540
10492 14641 14042 21152 16382 24750 10850 16569 14600 14360 6623 0 16855 14826 14758 11197 8614 13403 10626 10210 14817 19073 15154 5528 12860 9158
8150 16858 5895 15797 15951 18696 9670 12006 18642 14641 11995 10333 23995 3192 12266 1863 9369 15892 7089 5712 14887 12161 14891 18022 939 17113
10647 15494 13390 12200 18656 21431 18462 15148 10170 19398 16431 15830 24068 20297 11806 16466 18473 16984 4617 10570 18154 15151 11776 18976 6403 19743
521 9032 1826 11921 19511 19768 16425 15890 19037 23126 13950 11398 23480 2946 12096 20405 16067 24883 23331 11000 19522 19506 19375 18793 20847 12767
3183 10423 13447 3873 16796 13095 16272 12413 24781 15989 7002 11296 22521 9475 14887 14339 13589 19925 11194 14854 16348 9230 18923 13435 25139 12816
16007 11347 7458 13175 17509 14406 19785 13276 20769 14309 17501 12484 17650 8778 15404 21916 9145 20014 12853 17049 19094 11906 12689 13779 10620 14597
6443 12162 6284 27724 14064 14450 16586 13732 16164 16076 7749 10255 22135 7681 14977 21398 7814 17526 13693 6783 16907 15316 6393 8123 25406 18184
10386 13497 6615 13133 16364 19119 15525 11090 7051 12966 9454 3297 19854 32 15152 13534 11464 14226 3566 6360 14930 9179 6454 6768 6833 17300
7682 15240 8834 11688 17416 20938 16455 14819 13181 15771 10194 16456 21050 6678 17317 9791 16666 16457 17894 16788 17190 275 3587 19133 18492 8744
6624 9022 13106 19174 18552 21147 13848 18562 18093 15263 17383 13266 19730 6371 14806 15488 15776 21213 12209 9497 18363 17132 9834 15521 9752 23239
11263 8794 5694 15036 16221 21616 12934 9371 21195 16473 12026 12662 20462 11012 8353 18737 12504 15871 19302 11497 14335 5017 13155 7994 15676 10760
11568 9436 2670 17882 23409 23494 8781 9199 14963 13123 5916 14226 20042 563 15699 18614 13895 22137 18586 14967 18086 11486 11364 16346 21067 14178
12462 12344 16924 22184 18996 11374 18450 11897 15002 15111 8519 0 11738 7157 14718 18627 8637 13833 11340 10995 12470 8224 13830 17405 32041 16801
