365
23 6 17 45 94 41 99 69 75 37 37 83 38 99 78 68 35 50 95 44 95 77 33 72 48 83
14449 10952 7145 11796 17519 19602 8197 21866 17810 18794 15329 19583 0 24046 8384 22641 14537 14871 11214 15378 18784 23703 16298 18006 21282 7323
11454 23369 19272 9248 21792 26661 14241 20564 12505 17848 23408 19592 15471 19711 16275 22143 12476 14756 24719 8967 16242 23587 7528 4531 15624 11684
19860 13484 35663 15099 11015 23063 13950 18056 16619 18551 15054 20445 5291 12156 14496 21153 19948 24841 12066 7279 20802 7696 16997 25059 19353 15287
16833 16218 0 14097 6060 19275 5568 18214 12918 20886 25801 17878 9711 20329 12576 13118 16330 5641 17022 11744 14457 20835 18240 19698 19611 15454
13589 17813 28243 14265 0 21781 6335 20416 15426 20269 17943 10983 3178 22329 15879 15917 14940 23954 17642 16526 19412 25479 414 12604 18255 14075
19409 26189 15324 12644 17884 20149 12946 15217 14933 17334 11863 15472 8879 18923 9820 19597 17991 16458 19507 14936 17587 19144 13064 22591 22585 9045
16998 0 25969 12055 24716 20753 8370 19855 9878 16795 21736 12019 20962 23191 13239 15658 20598 17615 32312 7396 19998 16446 5025 3716 16100 13850
8123 19938 16011 13425 17555 23591 15078 19271 10581 23065 12876 16732 0 17664 14286 19988 13403 3567 25262 15437 17795 24762 2021 9199 18274 14134
11600 12783 19979 11669 6123 23116 12021 16225 15531 17464 16766 19947 28977 23619 16036 24048 7207 15100 21077 7629 21160 17554 11155 10512 20633 10749
8884 9389 20402 10867 0 22895 11491 21234 12597 20273 17451 14926 7836 12403 12622 18924 14584 20484 40759 18859 22220 20281 10085 2103 20247 11358
23825 11797 0 17960 19900 11872 11033 18537 7809 16692 19653 17002 5298 12338 22507 16696 28965 1121 5956 9100 17842 20413 22731 11723 15555 9643
7858 5494 0 9134 18741 21265 13452 20704 6856 21985 14386 15158 22536 19299 16947 7830 12355 10270 25031 13410 18693 25680 11525 11728 22920 12813
20705 11797 17593 12071 2764 23030 5411 17819 20385 18880 14115 16712 13262 13739 12379 21847 11460 9635 23999 14525 18923 16787 0 8295 19940 15872
20442 10033 24762 9580 14707 21415 12082 20055 9615 20229 10555 17448 22858 16130 11051 16392 17121 10748 29701 10548 15365 12370 21383 8808 21553 13520
19879 7110 9537 13406 21948 16904 5918 22054 15229 19513 16153 13658 9722 23041 13870 18241 17807 1051 44314 2516 18336 20033 3981 10776 17001 14160
15369 12359 11708 8735 0 20864 8810 19713 13746 16842 23999 15438 7064 17547 6664 10424 4798 3874 7982 7489 15375 16199 3821 0 16030 13735
17551 9829 23678 14442 7844 20678 11998 19717 15778 20861 17926 11213 18490 16327 11510 22458 16679 8118 13375 3731 17863 22761 13066 16139 13710 13107
19455 1671 20610 11358 6462 21988 13828 15002 12043 17599 16195 17984 20828 7824 20082 16958 12636 10767 23500 12954 16734 28386 21559 9354 17449 13625
11527 10407 11974 10314 4352 18105 12352 16989 13509 20087 20027 19674 0 13641 14367 19978 16040 17914 24381 14756 19017 19655 14490 6648 18768 11844
16813 17733 24410 9410 4835 17418 8376 22998 13032 18544 19741 15316 18285 14986 18571 11290 28474 10130 23175 11649 19245 18616 9071 7768 24378 12550
20005 16721 25258 10185 3322 19139 8185 20737 11607 20193 23083 18476 4566 22785 18631 23911 14574 18892 13533 11850 17318 18233 4581 8675 13839 11554
15811 16598 18604 12647 9368 27975 15390 17660 13180 18242 12165 10621 0 20520 14481 17977 27570 22596 18242 12508 17493 16880 18039 11223 17282 14991
19610 5618 7275 11663 19573 15963 8380 17713 13570 21665 21316 14685 14336 9994 8866 16985 11548 12230 41165 8739 15435 19974 22423 8397 19609 10055
26654 9597 18051 10235 15583 17271 13460 22018 11808 20141 16721 14320 3483 14487 14645 15709 17570 7164 28510 11761 18303 26620 19167 2217 19661 15145
14983 20851 16898 13960 9037 27252 14304 17810 13282 18675 17003 17095 18842 18746 12333 20546 17926 21523 24638 10248 22502 26522 9823 6421 20013 15725
16075 18655 18548 12779 8046 16005 9853 20120 12206 18072 18037 15834 11510 18035 8857 21966 7278 17894 25606 0 19556 16661 17534 13792 17294 10035
9715 18515 10427 12838 5908 27060 10856 18608 14073 18873 27915 15172 7425 9929 10885 15960 18797 17496 22458 10787 17609 23465 15118 13848 28976 10226
17440 16922 10120 11789 20890 25715 11016 16979 11925 17904 13052 17048 20433 14311 13848 13328 16082 8405 5676 9089 18981 14242 11422 5542 17344 11351
15864 4525 17388 12098 2504 21530 14077 23396 16722 20314 18275 16464 2534 15068 15513 23103 26449 18309 28105 8985 17913 22064 16624 9734 19296 11073
19670 9940 10611 9995 14319 21979 9291 16785 11240 21804 18656 17747 0 15335 14466 16470 11330 15056 15852 8312 17188 21688 13972 8258 21965 18472
10335 16839 16914 15324 0 20162 10189 22549 14457 19544 16254 17822 13767 13402 12542 15932 18098 8766 19731 10362 14302 27011 16354 21807 17043 14156
3570 15764 6938 15553 0 18101 10241 15442 13933 19309 22381 18380 19145 24653 13175 15342 20939 7929 17713 14313 16175 16938 32398 12943 13825 12161
22382 14578 8224 13896 0 26328 5883 17715 15013 19375 20104 12621 24215 17436 17978 31726 24854 8790 20845 11885 17676 17424 21393 8034 14821 13339
18959 9844 16849 9649 8225 24877 11515 16375 15016 19079 10756 15817 0 5594 14555 13233 25287 15709 17481 10822 16789 24981 8356 15606 12881 8096
10517 24180 8409 15052 2622 23124 12938 17556 13843 18453 26948 20238 9397 25170 10966 17756 11651 10885 25156 19715 14919 22630 12347 7176 24534 9925
12322 931 14185 13953 5519 17987 7711 18738 13973 19674 23821 11438 9339 20936 16591 18521 7725 15292 16274 14913 20996 24718 7801 15301 19731 14428
4797 25257 21753 16102 4619 18823 10424 22996 13928 19727 19620 11276 6353 22327 14109 19446 18759 0 30579 10073 15344 26619 15976 15134 15075 11555
13958 8529 13736 15125 18375 20561 13219 15062 18685 19464 19855 13840 2515 19343 18145 9871 9382 9209 14168 14292 20020 25914 3928 11877 19484 10758
8528 8838 13345 12583 7388 19096 12239 20387 10131 19897 26232 17644 11728 14273 15626 7095 12464 20365 19097 12287 15287 15291 13587 12285 20326 15240
12800 23979 25760 19923 12598 19191 11451 21721 18747 22166 26137 16356 4714 24950 17488 11579 10579 2786 24953 19727 21289 21366 10715 10899 19427 12055
15487 4617 13156 13196 7565 15519 7889 21289 11938 18073 29355 16106 1076 13464 10548 19918 27354 21397 20926 13338 16579 17667 15481 8015 17875 10426
17211 14451 19327 10377 8549 9915 8984 18193 17077 20834 19098 19666 8968 17052 19993 13751 25289 0 23764 15896 19386 21345 19490 11375 12656 8142
8095 17789 8771 13235 6084 19680 10915 20621 8480 20641 19809 14738 11321 16919 10526 13352 19682 12768 30283 9917 22362 11660 9297 10506 21254 10983
19851 13162 20981 16426 24413 24566 8974 17266 19498 21822 18480 16248 3683 10014 15426 16077 15371 13100 31424 6239 21294 18701 19931 17213 26316 12654
20488 16417 23009 18821 11197 21565 5064 21938 8630 23043 17129 14705 19354 19312 14685 21079 14546 4676 16623 15377 16012 13928 18308 10369 21063 13669
19073 16577 10460 11445 6888 16013 15669 19548 13023 20736 14391 15006 9848 25917 15296 13122 9705 18241 12301 9629 19048 26661 0 12713 21263 11856
11845 7546 24029 10805 16520 24007 9334 14611 17450 20988 18862 16846 0 17810 22350 24441 13139 15338 8275 2783 18685 20271 16273 1158 13971 14765
17204 8134 33055 6675 6283 14430 16065 20699 12032 16374 20040 14670 12772 15897 10015 18570 15001 3113 14024 8683 18199 15514 11676 12828 19557 14834
12576 7541 18693 10359 12578 19319 8768 20935 14001 17860 16023 15882 4137 26812 17489 15869 21825 4133 27919 9400 15401 20361 18426 14660 18655 13854
23717 10298 10195 15008 6861 21579 13457 19629 8446 17563 15036 14171 12759 21314 8344 19745 21180 11177 11671 14801 17054 24696 6501 12634 20181 13576
14473 13149 14178 12387 16270 20058 12677 15921 12059 18916 30103 18781 0 29959 20376 20358 14799 15018 24718 7110 15782 17678 12200 14301 20988 10700
23827 18664 25324 16985 5936 26587 9044 18206 12204 19380 18845 17169 7089 13451 16778 21522 16735 11507 9058 8869 17549 15146 0 16179 14940 13889
12916 14508 20324 8805 12742 15206 6939 16503 17455 19308 8011 16571 9921 12282 20838 11430 10338 22790 36361 11628 16883 24497 17748 16517 16035 13393
13144 4306 21445 11861 21024 25114 15182 19757 14687 21639 21744 20093 13060 10474 24386 24937 14712 8471 29202 7326 18598 16227 13170 14097 17322 10886
10957 25697 18427 14206 14581 21723 9131 17644 13069 18161 12664 18426 7562 16506 11192 17755 8785 12252 15564 9921 15016 20270 21853 14455 15453 15225
7669 15650 11195 14484 19479 14977 6202 20798 10826 18601 17374 14778 0 22470 11318 12346 18643 12311 22226 16397 17256 21478 18807 5607 19213 16883
11348 14025 6920 12125 14452 18539 13870 18100 9198 18937 16387 18329 19296 13985 20242 16871 22683 14389 20613 8674 18376 29153 32467 17363 14315 9060
15213 8627 31225 13689 74 19604 10583 19390 14218 17270 17090 18353 2982 16367 12505 27050 15509 6549 16937 7464 19123 22353 1799 14359 22509 13345
19884 3966 2891 10463 23364 19132 6179 17841 14727 18984 27591 19731 10073 11736 14371 14788 8046 112 23210 13322 15036 24066 21953 10242 26506 17065
11796 17682 3493 10529 18385 19840 6262 17524 14419 19383 14325 13779 7968 20217 10019 16698 13738 14091 25433 12596 19257 19847 6412 12306 16965 10690
9549 22414 16691 15198 10842 17202 10625 20859 17380 21217 20168 13363 15278 25304 13449 12307 27675 2189 15923 20305 21876 28750 1822 10993 18021 9195
16646 16487 21780 17059 19547 19864 8658 22133 16607 23087 21974 11728 0 21662 16697 15497 23719 13790 26272 8766 15141 20161 22100 10520 31350 14639
10248 21109 4533 12822 10755 17644 6766 19831 6935 20674 21083 20344 7294 28736 18008 22840 15501 22000 23929 17062 21108 18075 7713 17558 20714 17415
8975 8132 21537 15179 3641 15979 8731 19268 20000 18194 21821 18067 6257 19596 10750 21711 5300 6612 30225 10484 20615 18359 14259 982 21126 10940
14105 21166 16233 12600 5545 15365 11207 17272 7218 18617 18673 17592 5835 13279 9639 21647 14535 12974 41299 14579 18511 15525 21222 13137 12956 10024
8313 11146 12363 15828 0 21542 10182 16821 15562 20108 22554 15382 12308 16692 18843 14039 13824 9729 11137 12555 17208 10731 5005 10688 21383 12627
22999 13263 25151 17253 8334 22105 12208 23734 11565 20243 21234 21338 10884 14609 13771 21152 15216 12960 18591 13394 18602 21032 10644 12039 23358 12810
12381 12449 2311 10589 9126 21072 10938 21092 12588 19475 23847 12004 12950 15970 11928 18981 14278 15122 16067 2564 18935 10624 17004 11207 23786 14812
16974 10195 14209 12772 14809 11985 12580 20382 17007 20582 23184 14690 5551 21370 14197 15845 14095 20357 36967 7996 19875 25182 18398 10919 17550 6969
24525 20835 14920 14379 13478 10972 11488 21179 9911 21329 25103 20110 21822 22431 16862 17679 9659 1903 21767 4952 16310 13687 28045 10720 16040 13416
3155 17486 30842 12841 9657 27213 14016 20016 14589 18336 12079 20452 2650 21239 23644 21178 10523 12015 8953 11913 16850 21748 2212 11663 20980 13278
7279 5222 23144 10405 24281 29383 9227 16689 9281 24151 9496 13449 7570 23584 16484 14919 3549 21965 28916 8206 15679 22670 3595 12292 21528 15878
20581 15670 9280 9926 8307 15372 14155 22148 13410 19171 21443 14152 15160 14695 16152 26053 25935 0 21615 9762 17403 13242 16777 5988 18596 11991
21849 8775 17120 15648 189 17079 7409 12368 10524 20266 24922 17955 19688 15679 22861 18241 18036 15853 26752 6461 19232 20639 8539 5152 19772 11812
13195 11692 24043 13156 18441 17112 14383 22028 8549 20392 19382 13928 18758 16844 14995 22544 16747 16495 15979 10782 18546 17669 9183 13589 12492 13075
13146 17348 14680 12885 13690 19349 12307 23166 6163 19565 24037 19399 7105 27366 10959 28179 15867 24364 22622 5365 20839 9123 15446 7087 19990 10773
21011 14837 14514 11972 26371 16926 14455 21011 15969 20648 17730 18257 19913 17773 19711 22743 13482 14128 8381 7353 17050 20544 8306 9782 12279 14088
24298 8336 9834 14740 18292 18296 12151 24413 14846 18994 15108 14368 25962 17537 10007 16066 17235 10600 23811 6048 22563 24194 16431 2831 18140 13053
9036 4522 22043 11409 0 21517 12055 15133 10959 20319 22212 16194 6503 14137 10981 12201 13965 14751 37413 16172 19892 11242 15741 18875 14032 15959
17841 14665 27045 15691 18054 26286 10065 20586 7967 22761 14544 14092 14822 18045 13269 12869 8344 4555 16172 15739 18881 21512 9415 8513 16140 9380
19743 13512 0 14027 14208 18060 7450 18632 10830 18758 18773 17878 0 17424 8259 24220 18294 12698 10959 8117 19312 10978 4242 4920 17052 14133
19880 6366 1181 9570 4210 25570 7095 18857 12069 20931 19895 16573 18427 17156 17781 16098 11619 17664 15542 8343 22695 21664 19757 18622 21930 14313
5590 17776 15406 9169 4623 22612 7626 23233 7885 16918 19364 14361 24709 13732 10910 18650 6274 888 12542 13287 16493 19068 10040 9751 21684 11167
19358 19781 20413 16313 19048 22653 10025 18385 12927 19923 14531 20144 17551 15222 15600 9912 24015 11866 5566 8510 13951 23544 18968 4551 31559 15201
21938 16532 8968 18389 18116 16649 9525 18761 10116 19696 24251 20664 10496 19581 20678 24966 23311 9661 15080 3920 16913 24628 26291 10592 15130 14656
14969 10756 0 8085 1949 23293 11973 18776 10121 15847 19933 19734 13371 17720 19221 18968 17309 16641 18567 5823 20124 19485 16816 6321 21957 11701
15549 5297 7138 10301 4472 23794 12660 20279 13779 20143 24108 14489 9198 23243 14521 20456 13592 13125 38002 7699 15929 23157 7167 18223 16496 9369
27094 6145 16134 9847 16764 20888 13115 21872 12067 19440 14202 21454 13674 17846 13255 23848 5177 20499 19728 10777 20443 10958 17782 11246 17478 16076
21533 8171 7555 7453 13480 15147 8381 19042 11038 18409 17035 18583 8495 14704 14289 22446 11175 7896 21607 14710 18044 12086 14488 8560 18343 17274
14438 16112 28143 15678 16777 17574 11310 20064 9704 21076 15900 20030 2953 14103 19572 19848 12798 21121 10256 16882 16976 23862 19399 11318 17915 10506
20732 9847 24842 11861 5945 17883 9296 20164 15991 21316 6786 23675 11289 18763 20213 21642 12765 17289 16031 12042 21528 16681 3435 167 16866 15833
13162 10052 11713 19284 11560 15962 11178 19790 6730 18820 14652 20384 921 8927 17915 16873 22649 19129 24792 6692 19366 25724 4372 14294 17470 11948
24103 23410 11710 12024 21798 15516 7609 16858 14516 17980 15209 17450 11048 9046 13522 16136 14313 9422 23884 13397 19313 22681 14475 11050 16548 12834
9362 9480 12766 13047 18638 19658 14618 16514 10885 18239 23212 15671 14505 19018 16996 18659 6515 17417 21790 10465 15629 23106 13282 7277 23763 12817
16904 25468 9864 14347 8306 26061 3038 20863 14475 20793 25933 14653 14029 19674 15119 22818 19115 14272 16196 11204 19513 22768 13998 14792 21419 12740
13668 30105 11458 17593 16306 18372 12175 16410 6252 19900 7689 17937 6712 9517 20254 18554 18097 16311 23847 12178 17290 13664 17203 11627 32299 13642
15016 22264 15759 11064 20054 17622 9332 13221 11431 20462 12868 17660 22569 11393 23005 23381 19470 5392 16244 8395 18722 27009 6953 11236 25445 13997
15083 4942 12405 9304 9695 31215 10585 22632 10422 21793 17927 16565 6272 13589 11381 23842 19297 16803 17349 14979 16004 22007 9979 11689 16440 11803
17887 2408 8832 11963 11674 16583 12578 19773 10238 16982 13773 14224 12178 16803 17388 16615 13255 19280 22777 15745 17422 24297 12332 6389 24867 6651
5335 10601 6130 9886 2200 22119 8914 18302 9629 18812 13117 19789 3037 15798 14589 19806 5873 11183 19543 10772 17057 24911 15986 8530 21716 13152
10291 0 13264 11425 1266 23667 12502 18908 13445 20028 20637 16245 26750 24371 13441 9938 20154 3865 23460 10342 19222 21871 7075 13248 19484 8790
18609 18144 14420 11385 20566 16504 9982 18298 10515 18296 11751 17463 13157 18865 19401 15912 19944 13416 4964 9159 18943 14519 14961 10174 12127 14862
9824 2650 7759 11824 18034 16412 11999 16260 18512 17555 15746 19309 0 12001 17413 14781 18546 3297 20232 9910 17107 16840 10650 13426 16236 15281
14438 15619 23499 13551 7902 16766 9985 15066 20460 22003 18240 19331 17442 14237 15158 19723 18763 14472 25987 3130 13784 21911 14426 13984 19542 13564
13906 19304 24425 7919 6060 17802 8704 22106 10753 20821 23929 15237 5639 18249 13439 16169 10885 15145 24399 13314 21114 16500 15005 18915 19185 10546
17612 0 13118 17200 22413 12013 11764 20803 12014 16756 21575 14715 357 8988 12675 18796 18460 29106 23361 15034 19557 17498 23895 4777 15068 15053
23635 7659 14167 12809 12504 24148 4167 22627 8965 18869 26655 14317 13854 18310 23345 24307 18609 14078 9561 9608 14553 17018 17527 15526 20886 14235
15810 19431 8773 13077 17418 23639 9328 16388 14888 20514 15332 18943 5368 22758 15353 17283 8506 14590 13800 14086 19130 20214 15436 7692 16861 16934
17241 23320 23248 15747 16415 25596 6429 22183 14990 15168 19207 15507 11276 29324 13363 7293 8016 25183 24448 12300 16870 17777 11228 17428 19228 15461
14282 13352 13879 15712 11050 17949 12908 22817 20379 17741 20412 16258 22941 26629 12573 22228 20310 12469 10349 7833 19916 22484 15832 12007 9463 16176
12861 6816 6976 14940 9527 20149 10286 24048 16801 18839 14723 17569 12035 7853 12053 15193 21406 11107 28505 10445 19613 24065 15821 14517 20984 14768
16212 20748 13322 13165 25467 22161 6235 18659 13266 19647 22261 21632 24206 9709 15106 15326 18242 13052 21344 16388 16124 21542 17361 9067 17894 14342
12905 11894 22636 16498 7154 24395 11608 23428 13993 19581 20224 13743 10460 22995 13897 19977 14167 15642 19178 14685 15809 26117 9254 14509 15268 7143
19066 9819 0 15954 11120 17687 10020 20367 17848 19325 14820 16354 16402 21259 10789 17432 3011 9096 15132 10588 19160 15411 12759 10457 21074 10411
18131 15497 8911 16133 20724 22916 12628 18392 9522 18905 21682 20567 5345 13781 14211 22399 19484 16762 22207 19381 17220 20302 19508 11166 15427 10210
17475 23530 14613 16475 1361 17921 12029 19331 12907 18580 23029 14388 0 20014 16848 19908 15860 18812 25508 11742 13454 16823 20833 14827 12123 14373
19657 4001 10395 12044 14094 19038 11147 19410 13361 20868 11847 20457 22740 15470 20711 15420 11113 13231 20787 20867 15496 22606 16680 13555 19326 12474
17710 7823 23470 16115 23755 21126 10570 19608 11190 17877 11620 18080 8522 17613 16008 19558 21563 14040 29981 19443 17751 27176 10689 1695 17400 12820
11456 0 14820 12587 6953 26624 12797 18336 15339 21276 22194 19661 9796 13250 21679 21786 14260 4961 19621 9201 19419 9078 2160 18813 21504 12350
24751 0 13762 14230 7557 18409 14247 19779 16874 20618 22955 17044 17643 15919 16731 17572 9546 14056 19789 6371 16059 18185 26344 12188 18564 12195
18142 17935 19129 11836 16468 18735 4420 15969 17520 19584 15591 15996 29399 18190 15053 21183 19141 16337 12961 7324 20042 21487 19127 9784 19694 18452
14714 10201 14125 14126 18999 20595 15535 17028 14701 22863 14788 15059 14049 19486 8838 17400 16942 19139 24139 9198 18244 13534 9332 15055 20913 10686
21367 0 17160 11028 9368 22005 11204 15283 15636 18847 19667 18052 9023 22883 18637 24448 25702 17949 29428 11056 16445 23740 11686 15171 14351 11234
18866 12628 1434 17576 16061 18668 14568 19169 11952 18463 21635 16539 8400 15001 17850 29836 19900 3355 21068 5074 21092 18313 11614 18112 16835 17157
14422 8554 13953 19406 13394 21524 14468 19784 14759 16554 17323 10906 6051 20481 16719 17377 25120 17168 10022 13228 17875 14447 1398 14288 29070 13973
18567 21301 14594 14058 15348 18588 10294 17514 12674 17835 25649 14179 2363 21734 17689 18559 6994 6137 22387 9257 17931 23305 11800 17464 18663 19910
17720 4481 9767 5440 14842 17798 16053 18526 13568 18098 24681 14692 11723 13116 23113 17110 17025 3752 11011 12763 17044 24124 2104 15123 20937 11806
20812 2124 20099 18095 8827 23133 13526 21116 7246 18649 7730 18413 21760 23800 12501 11931 13448 24923 24309 15807 16513 28274 8309 16083 20269 15305
9688 8697 6816 14461 16280 24267 17016 23352 12243 17513 23218 12335 9501 19484 10170 21260 9360 2742 4610 15459 16070 18981 8384 11558 16949 8960
17228 16974 21872 16837 10730 16326 7707 18689 14097 22958 26679 18509 3445 18220 21422 15989 16549 18139 8904 12857 19170 24943 18863 16692 24597 13026
22509 16858 14887 12590 0 16746 11811 13716 10373 15646 20666 16010 6473 14960 18105 21695 22167 18498 24391 11802 17990 21661 9732 15599 23768 14933
17114 22300 26902 16379 7666 16986 9385 16974 8898 20947 19528 15287 15958 21499 9999 18596 18352 11148 20641 9790 14932 25912 6078 13122 22164 8685
12780 15965 18170 13820 20453 19318 14662 16983 12350 16420 14688 13680 16452 16722 15458 17934 7296 6522 26021 15974 15917 16613 15732 15558 14195 11192
21354 16646 13937 14321 4557 13369 7516 22076 13923 22110 11516 11283 0 25934 18195 17213 14325 14162 16517 13216 17082 24628 12007 11992 17161 14708
20914 10776 10391 11212 11958 23278 13020 21713 10391 17159 17188 18535 5212 14006 11554 18012 3215 11810 14126 13358 19192 19149 15206 14441 17918 16907
18447 16601 23755 7953 19538 19068 10081 22049 11321 17145 9950 14384 11513 10607 19359 15503 15390 10412 13689 16417 21460 19701 4965 10376 23681 9303
11797 9929 20143 10783 12249 22569 9093 19885 18065 19052 18615 20044 9386 29481 19211 15747 17033 24174 14327 16765 16253 21625 0 15089 20261 13964
5258 15091 20809 14847 5729 19084 10875 19386 10192 19401 15573 18349 22699 28407 1696 22397 3799 6807 21095 8975 17851 9791 7460 10299 20832 14160
22036 10876 17955 10353 15929 20670 10469 18111 11538 20849 10717 18319 15328 9240 10097 14558 9250 5397 19699 19371 19369 18143 716 12448 26172 13693
6983 14216 22965 18675 12173 18041 14818 19632 8061 18158 27655 16838 4555 23439 14132 22926 19721 18273 27929 7622 15938 20851 12250 12107 19639 9647
9612 6601 21959 15659 27024 20329 7768 23000 12080 20446 13930 17397 8427 22001 18839 24480 6279 18583 19681 6672 20613 19201 14385 14703 16093 10633
15751 14497 29496 14912 10663 23070 14263 21296 16006 16174 19348 16159 1789 19350 15301 25019 6307 13788 11479 9514 19987 19326 15454 13854 13257 9714
3295 3961 21055 15915 7385 21691 13360 18925 19804 18173 11298 22059 13354 17400 12554 16719 18854 20080 22113 18282 15729 17693 16554 6054 16023 12805
14895 15106 28822 15050 5885 28390 8790 17897 13037 19598 21501 15074 7472 23551 25959 15529 759 17259 4258 11864 17916 27358 10118 10426 20961 7389
25814 6373 4604 12021 10919 17746 14420 20725 14432 19498 19500 14003 4685 19070 21239 22521 19859 0 35470 13454 14100 23345 12648 14989 21715 10065
16880 19752 17404 15564 8470 15077 7911 16855 14794 23210 18932 14997 18502 25710 17224 16769 21323 9093 17945 9350 20212 16821 14317 10761 15448 9368
17811 10011 5042 14790 9724 21276 9875 21021 15824 21023 10503 12924 0 13139 16859 23201 21894 14642 21446 10452 21052 22038 16011 6304 23008 15245
19876 17784 24348 10619 23793 20772 4575 20072 9928 17109 19790 19350 14379 24176 16791 10278 9393 25548 9825 14405 20969 18896 9555 17895 25136 14859
19371 24989 7910 14922 6785 22666 10786 18435 8515 23467 11908 21757 14355 10483 1906 13188 17184 10146 36379 13009 14432 15747 8964 17761 18493 12230
15575 14638 12546 13053 20670 20841 15930 13860 14169 16637 10840 14496 11691 13378 15993 18544 17958 23154 23110 15716 18483 17132 19598 6780 16256 14286
15218 2365 10170 12907 16584 19615 11647 20448 11079 21588 18027 17067 11833 21174 12068 21129 16927 12105 11174 5812 20448 16577 2353 18880 15089 11075
14788 4210 13548 13228 5660 21616 6792 13976 14018 19766 11579 19636 6767 18744 18011 15404 10388 9841 19942 8812 20444 19811 24817 19070 22394 6867
24397 11207 27891 14174 6573 28562 7545 19208 9161 18845 22347 13310 4401 14788 13672 16517 16501 20924 21174 6627 20350 18541 1489 15184 17845 17698
15868 11960 22431 13655 2463 14113 13551 18167 13795 16096 11116 18621 10033 20007 20256 23326 14906 8470 18776 8772 20834 14804 7916 11495 19248 13403
16430 6856 8803 13719 16290 23685 17780 18302 13203 17890 12902 12392 0 25427 13060 20362 17037 18359 17318 12364 13530 13793 17325 2222 22544 15550
12727 22538 26850 15007 9722 23542 15059 21056 11276 16094 17037 14026 18718 17777 19196 20233 14473 10766 27114 15783 20022 19576 9502 11788 13015 14450
6678 16696 18883 16541 21849 22913 14205 17740 15221 20443 15947 16905 7229 14995 12927 18417 25852 10906 30172 10904 18731 25208 6090 6788 17962 12240
14026 13070 1040 17955 10302 24510 12617 22429 13608 19305 10260 20178 5819 14530 19432 15657 11977 6621 17445 18631 20043 18762 26132 12291 18842 12224
20557 16102 12301 17911 9428 18060 10140 20128 15403 17713 26473 19770 10155 10233 13817 19670 17800 8720 16347 3283 18813 30510 17514 17463 12783 14325
23069 17402 26101 14665 655 22806 14766 19869 10039 19677 21105 18817 12255 4090 16652 16619 27668 10786 30519 14858 16484 23481 14608 12611 9651 7267
14649 15204 18465 12667 21426 19342 9453 15984 12068 18091 20418 16739 21849 14266 15233 10669 21354 6690 19722 16384 16610 16663 5330 7118 17470 12738
11081 6001 16476 12074 24168 12239 4856 19517 14456 20793 23823 21011 10429 21651 13947 23265 15954 11295 29869 10129 17736 10873 7840 13406 15284 12389
17625 23280 15085 16901 14917 19931 14181 18502 11026 19635 16955 15238 18512 8397 8760 19029 17103 9137 17657 11701 16209 17007 15830 15179 19194 11256
17213 17980 13532 14244 18740 17361 8332 19428 11444 17205 23047 16821 5878 19563 20496 8851 27363 11504 17089 10967 21553 16576 5066 13304 25227 11954
15828 6320 10962 10275 17228 17747 7509 15235 15927 19379 12791 14912 14045 23945 22164 21584 14679 4902 17113 13081 20630 17792 8104 11917 18820 13499
11730 12670 21494 13794 2991 24418 9580 18927 14826 18263 13342 15464 9355 22311 15724 17426 18413 8778 6074 10346 21087 17346 22704 12365 14051 13920
19535 13911 29058 7252 21392 9929 13917 21670 15012 18916 18414 17848 4508 17217 7831 10136 14791 8941 27287 9741 21290 18462 10760 5104 20542 14837
22319 9014 13529 10947 9630 10930 8909 16410 20368 19743 25668 20673 4986 15099 11973 17971 9602 18928 14760 14061 17094 14577 29889 14197 19377 14107
21138 11010 22443 14701 17521 10586 11164 18153 13730 20993 15346 17932 6373 21328 16365 9447 27124 14518 19754 9732 19116 17344 25083 4477 22863 17239
28470 12452 15214 12481 14312 20088 13605 17420 15964 18382 24626 20054 11478 23463 16516 16302 16141 15501 19246 10469 11640 19144 7510 16626 16557 12928
16049 7837 34905 10980 25439 23517 14821 17132 12353 19158 17835 19805 9335 21364 15196 16242 11325 18379 16944 9718 18788 21223 2628 10224 14619 9312
10958 10189 9857 14316 17111 10010 12762 22526 12770 15684 16124 15036 0 14812 18012 18437 4144 13379 13394 7595 22609 16893 12024 13299 15309 15060
15072 6078 23593 13217 9124 25750 10707 19725 16215 22402 17535 19895 4252 16970 18109 11813 9974 9989 7547 12086 16088 12347 19975 17003 16238 11340
18469 11514 5261 13539 14947 18828 15171 19942 11856 22303 17938 17241 5813 21979 10980 11096 12776 13729 26053 16606 18597 18945 23851 19021 20279 12066
18697 21034 3664 11729 6944 18689 14289 17664 17349 20578 17424 19655 7186 16947 14407 21356 5413 11435 20899 10576 15437 15059 16391 11185 7606 5915
13432 7275 20238 8537 6622 26292 10147 16109 17073 15006 15178 13933 10744 17402 20043 20127 12900 21467 6414 7206 15995 20733 14020 13104 24034 14455
9319 4156 6419 15815 1310 7517 14363 16824 9442 17966 11235 13649 4732 18096 12809 18395 5880 9861 18844 7361 18715 24878 1745 6865 17826 14699
11246 15937 14698 10656 17735 18274 7817 17254 14745 20443 26706 16564 15574 6271 18499 22983 18818 13566 28828 10506 17789 16121 5688 11011 13806 14570
16338 8118 8320 16827 18856 13649 8145 15668 12632 20329 18704 17657 10351 17573 15548 11298 12325 18225 25492 614 19924 15921 5107 3340 16192 15178
18180 6659 0 14867 16508 18065 10634 18699 15528 20898 20511 16855 12925 18271 10964 7801 23573 18695 30868 9748 15774 15081 6200 13565 17845 12252
20507 16065 10555 17532 14186 21019 5468 18915 12331 21553 17465 16661 24742 16615 14569 17095 14687 11129 26940 16770 20276 15764 3635 7155 22377 14186
22361 13346 21733 12394 10903 19423 9877 19219 15037 21480 19444 11306 4161 17516 24105 19824 18851 11666 29935 5966 16944 23893 14673 17033 19749 11505
16866 5585 17876 14659 10298 17395 14612 21914 16104 20468 13766 19106 9979 10239 13430 15285 15684 23332 10291 6474 19089 23786 13602 3794 24304 9158
8092 15203 13412 11499 16534 19830 10095 18356 10685 20999 19054 18049 10381 21062 16869 14000 10516 19655 17600 7857 13606 21587 14158 14504 9172 11964
24818 15188 13570 18224 0 13036 14551 19728 19726 20825 17791 15085 8224 13663 18838 18443 23345 12025 19529 2578 18199 19443 16771 16185 21617 16899
16558 13771 3654 10597 8609 15144 8548 17131 16879 18182 15273 14785 13888 18229 20713 20467 10367 17409 18115 12431 19818 20360 11237 4092 18802 11988
5160 14650 14976 13436 13125 16181 11318 18423 13967 20800 22305 18607 0 23250 21346 19770 28105 14268 6699 7057 17086 22758 22978 5806 24088 18959
22470 19893 17873 13777 7367 27032 15065 14487 11301 18488 19113 18679 11036 19912 11507 17264 17951 7781 11924 6859 17894 21139 8270 8747 15185 6927
16483 21304 30990 15717 19881 13207 8300 19433 16937 18763 10468 21616 10536 17280 12501 21292 23493 12053 13807 14272 20046 22283 10917 19360 19354 18653
15734 21561 28436 12055 0 24482 11262 17813 15523 18990 20058 16651 3085 24673 15943 15658 5167 6560 13178 8596 20415 20538 11727 13361 22655 8539
25941 18124 11434 12427 14300 19855 5276 19563 16593 16437 18860 18893 20682 18606 15148 17877 24273 16999 26416 6613 16826 16412 13437 12012 10146 14178
18090 15271 8745 11501 2736 12076 8219 19978 10024 20788 19157 18117 18325 9132 11095 20203 9858 23679 8343 12572 18524 22243 468 23792 26054 12482
12598 7854 12168 10154 8188 14165 14839 18461 10641 19329 9949 20944 20434 19735 15440 14516 23627 21361 16590 11667 17102 25621 9704 6796 12150 11239
15947 23778 15660 6315 1042 17429 8031 18524 13366 18532 23664 17781 3126 16069 9911 17231 10581 17871 13929 18017 16288 21145 10353 17441 28373 19833
12127 11823 11672 13142 19066 20869 11590 17906 20382 17348 12925 16824 20959 13010 17767 19808 12772 6605 10094 12238 16587 23901 2286 7488 5491 14574
13287 16050 20614 17653 15062 19222 14646 20060 14101 20129 23580 17979 14460 13717 20621 23637 26530 14150 32322 22594 18387 25106 10199 7966 11604 8343
22757 3869 17986 10369 11010 22827 11247 17613 11474 22228 21758 17156 7936 16542 7499 19645 13770 4496 20930 15074 18974 19014 4891 15560 18340 17125
15512 16982 21894 14712 266 19653 13654 19827 15928 20345 18480 16296 8329 18659 11280 20230 13300 20121 26270 5666 18019 19355 14991 14093 15879 14140
23079 8296 18841 14110 20598 26164 11096 19568 15249 17507 14966 17513 17877 17474 11026 20191 7350 27976 26075 10802 12212 19106 15411 12279 22026 13214
13604 12290 13422 15453 7964 13775 14639 18851 10256 19024 14425 17346 0 20439 14513 23675 15156 18386 25530 10248 20038 14057 12181 4885 19236 10303
14126 8830 18416 11987 18076 19301 9998 18868 12688 20093 15440 21358 11802 20717 20718 7424 9837 10933 27912 5470 19882 27493 10653 20365 13104 9941
19683 26797 18846 13098 3958 18600 11265 16430 13823 24234 22196 20437 5973 17091 15087 16437 17394 16440 17400 20237 19015 19536 0 5729 13160 13591
16993 12224 26866 13581 7029 21815 8596 15520 10554 18161 20801 15153 9379 13663 12084 17465 12694 27 19672 17649 16190 15649 24375 11405 24532 15203
10720 208 18789 13992 14810 17304 7697 19824 9125 17953 10094 15857 9791 13683 7541 14786 19438 16617 12183 16296 18606 14044 14845 16689 13128 13687
16358 12628 16137 12423 22285 15541 12898 20159 9096 18000 19400 16626 0 20592 10364 22114 9892 8544 16569 15476 17418 22406 14654 13108 21419 11741
16117 9788 7319 17533 2264 18237 9841 20842 9336 18915 8207 23025 4323 12739 12408 25208 23836 20445 22692 7789 18153 28112 10787 15601 18298 11603
19673 0 13841 22170 5306 18244 5214 16685 16928 17635 17443 17618 15077 7304 13731 18153 18371 14882 24152 14626 19796 12080 16800 10390 15359 10609
14803 26729 10139 13543 5730 26140 8313 19769 12836 19578 14862 14812 15349 12627 18778 24865 1527 12224 22580 23186 15756 14829 6170 5979 15615 12337
15883 18771 19184 15394 4265 17213 11045 21314 10288 18570 8089 21379 13004 17385 10183 23250 17372 7983 14951 10979 19044 18115 9760 8816 14194 14380
11823 20742 12771 12159 10835 25247 7478 24682 14376 21781 25176 13018 0 24272 12409 22552 9712 8343 9045 4447 16220 20221 9776 14101 17945 13178
10183 324 18200 14910 0 18320 5030 20326 9787 20466 28961 13725 6423 15308 17215 17888 10067 988 21941 14270 16943 19693 9827 14323 18498 15540
8406 21489 25061 8113 6696 17199 16464 21849 13209 21802 26757 18376 972 20821 14453 19602 16594 11025 16880 7588 14099 22128 10499 6391 24767 11317
17881 18264 7992 15103 5540 29761 12144 16030 14273 18040 23312 16268 8033 21466 14666 11276 7346 7597 9805 16327 16909 16931 7590 3702 20618 14423
16338 17345 16843 15924 5522 27876 7043 19303 10929 19135 21147 17831 8297 21822 9744 8604 8061 4195 6364 13266 15722 18204 12357 10885 19157 8583
12652 0 31076 9706 5501 25364 10289 24224 11648 15693 22093 20007 6981 12536 15181 14526 18342 11940 28526 17290 21325 24492 24226 8316 19314 15218
14305 13186 12707 15837 14538 14392 13323 19735 14879 20990 22041 18856 12224 26384 17589 25827 15494 14428 17318 5972 19904 23431 3299 9020 17353 14298
20720 17033 3679 15726 8693 17610 12198 15696 17956 19355 19664 16062 12654 6478 14474 17353 12993 0 11874 10412 17370 14366 12678 3417 22270 13522
11027 8067 15572 15937 14066 20280 9233 17422 4941 18214 19506 15817 1787 16931 18154 13416 19117 14064 16151 6161 18011 17406 5603 15439 20852 13198
27465 1493 17179 12525 4322 19241 9784 16929 9336 19226 20955 18712 11120 20282 20365 21864 8277 1853 6592 10996 17406 22347 16801 6086 15619 12710
11559 9076 14987 17732 14605 23181 9528 16087 12979 18928 17929 18814 0 17705 12765 20408 12414 21978 1242 3112 14600 19368 10776 3988 15229 11148
19319 12932 3803 12551 4149 27866 5035 19560 14632 16795 16566 16875 4218 11539 18200 16703 8429 24908 23333 8965 14329 27592 22875 15486 20298 19857
11719 6683 11303 15235 12940 25822 13699 18486 15063 22836 10090 16103 9046 17528 15272 14784 16587 4766 18174 13939 18227 24550 19178 19795 18638 12360
9045 12155 22880 12102 11817 19029 9509 20472 14820 16970 16120 15314 12739 14194 15887 18679 20585 2720 29746 13910 20194 13721 0 8693 23407 7861
15354 17265 18200 15385 13190 16512 10724 24115 9088 18636 14390 13902 13938 18392 24377 12903 17034 3280 16899 5297 19511 22044 10767 6776 18332 7747
11418 0 15060 12341 24768 27608 10076 17343 14174 24551 19903 15134 0 11383 22791 19434 8407 16436 8014 6062 21618 15861 15366 16435 20744 11874
11861 11675 17844 9451 11467 15229 9849 17589 18126 18342 22175 15805 8389 16078 8570 24181 14655 16860 18092 23136 19022 21099 7807 14833 15541 12836
13237 18604 24340 8496 9311 17316 12960 15961 10454 20297 14045 19052 9507 17924 17304 12698 4805 23304 11655 4114 19911 21431 13052 14787 29314 11034
5787 25953 27100 8885 9727 22195 11887 17338 13492 18449 14262 15374 10920 9394 18210 28919 17923 15108 18456 13873 20366 15233 9986 14511 15317 12382
17131 9499 11258 17081 13098 18720 6455 16112 14557 20300 19663 13799 8245 23362 13793 22054 10920 18077 14645 8955 16707 23728 9358 9261 17328 13716
20082 16698 20969 17016 0 13947 12602 21096 14033 16196 17523 21179 5320 25840 18724 14364 18034 16410 17245 11697 17822 25422 24072 0 17297 14892
12537 12726 9989 13106 2064 17327 6095 18910 10267 18519 21798 13506 9364 15090 19074 13731 21871 3911 20770 5602 19924 13960 0 14175 22199 11805
9866 6648 3917 12018 10825 20016 14028 19876 15871 22466 12492 16112 16591 14676 18834 22528 4997 9377 19424 8908 16631 11830 2907 8875 19332 10909
24200 11112 11213 13215 7953 18188 8708 24444 11763 22702 21776 14772 13430 23676 18202 12317 22950 6621 12586 2885 16828 22260 17187 11106 12245 11171
8804 18407 10044 21856 10030 21732 11298 21350 9856 21009 27742 21815 11498 14064 9881 16470 12620 10958 16191 9102 20708 11113 6004 3042 17969 12018
27065 17690 11416 12699 15103 26805 11627 27409 13105 17947 23023 15047 23939 11164 11270 13015 12536 9845 25167 8174 17083 16613 19866 10878 21085 11297
11195 13595 24935 10831 0 19524 10053 21063 13226 17920 20958 21728 4349 20940 14785 22928 15240 5745 26699 18577 15175 17434 11785 9387 17119 11558
14107 12225 17153 11268 20369 18737 11840 20803 15270 18539 14926 18787 13744 9369 12012 9978 1371 10830 19808 8824 15036 13853 21169 7499 19661 13824
9454 22241 12977 12466 16591 22961 8860 16092 12304 18812 14745 21164 3906 17998 28237 22041 6535 17393 23212 14748 17456 26364 0 18124 19800 11987
16759 13830 18380 13356 8172 15012 6806 20432 8904 19852 25502 14067 1195 18508 15086 14184 18588 19396 22125 16669 14024 13608 10542 6795 20513 12548
8141 6845 16839 13029 13182 21046 8869 15052 13521 19237 20643 18337 6623 27423 9453 21937 13157 9163 25065 14144 19004 23255 0 7952 26244 16432
15098 4748 23602 11391 15189 15288 12601 14531 14761 19602 16073 15068 18759 10901 10133 16706 20838 11742 6590 13000 19159 20270 20663 20205 12491 9629
16048 12411 17313 12693 0 17645 8985 21821 7748 18000 15706 22679 793 23799 19147 22792 8363 13217 25527 13115 17748 17839 15424 315 21921 11790
4508 9565 9853 14119 5339 17195 14729 17337 21130 19175 19610 18569 13228 10791 24614 17639 4573 17785 21022 11826 21637 25063 19811 21059 13443 13719
9643 7964 20667 16400 13461 22555 12155 21518 16735 19000 19350 15907 17897 19714 20860 24327 8465 13823 17256 9232 17110 27840 18019 11216 27887 10595
15268 18147 5010 15056 12835 14546 7445 18066 11774 18027 20944 17251 22523 11016 19292 16353 9201 18600 20333 10246 21289 28162 22198 12647 19210 17604
18277 15159 29033 16202 0 12702 7416 18327 14046 21094 17666 16927 8339 16094 21825 22664 7303 11743 13644 11977 16050 19817 7143 13826 25146 10731
11233 18086 10522 14083 2966 20406 13123 17857 14858 15606 19166 20152 8895 29650 21272 18660 15099 14639 24398 13540 20849 24927 0 11796 27691 14027
15958 12688 12510 11312 15825 19714 13835 22753 13243 21830 16893 15399 27327 20154 19674 26752 7231 7231 25563 12205 16099 27959 6870 8965 26075 7261
15858 16001 11837 15243 0 21974 7429 18323 14237 17903 14180 17201 13323 23092 9321 14359 27207 21212 18665 8721 19115 20123 10697 14069 24594 15895
17396 6645 26957 10562 17143 23320 12993 19529 9363 21101 15701 21169 0 16874 6139 20919 19846 5283 23262 4573 17420 13509 9940 12938 30702 10392
12852 20068 26777 12981 13904 19581 11762 14406 13116 23215 10733 16948 16924 18141 21428 13599 14098 20031 7511 10741 16770 15881 10687 14608 15347 14850
26158 9526 20325 12092 19941 18070 11294 17395 11792 19207 20534 16386 13165 14392 18436 17927 15242 16332 23400 10581 15942 19599 8060 15726 9637 12844
12136 12230 33758 12201 6890 18060 7665 16377 9065 15627 12195 14752 17291 16801 13311 14989 16841 26765 30500 1173 21569 12321 13048 17011 13530 15610
12830 22855 7171 17299 5341 24244 11350 19037 12729 19117 11492 13353 20456 14014 14319 21304 9142 7519 14372 7390 19790 19153 17279 4541 17714 16199
4427 11029 23002 16661 10729 23673 7894 18610 12990 18131 19321 15835 0 10583 7896 14739 16532 17482 24391 10921 19004 16031 807 10225 25999 12788
8333 601 1979 16385 25593 19158 11077 21967 16722 17668 15467 17907 16486 23752 11578 12086 4958 4254 13719 4007 16811 15802 6528 16003 20159 7163
17114 19861 25231 10136 2056 21684 7104 23185 12739 19038 13566 19952 16368 12853 15926 18559 19664 2877 13344 12301 18251 17734 8011 14929 16006 12730
22662 4759 10561 10997 243 24273 13830 18193 15881 20844 18159 15166 11672 24439 16695 23852 13008 2580 24429 10303 19003 30356 22015 18184 14163 14279
22281 7033 18753 14069 0 15160 10342 17802 11310 19646 21683 14191 18431 17341 15171 20849 17716 20867 18225 5834 15938 16852 11920 19135 15998 9975
18004 34986 14425 13468 13180 21661 9974 21415 12354 18045 6849 17664 6581 25822 14506 19062 12746 20505 12819 7356 17417 14204 3961 8827 13523 13916
19485 8765 27869 11856 9683 17152 5937 20075 17000 20969 22995 16241 18648 16738 10418 9780 22475 9154 29876 17883 16549 9152 20049 11687 17766 14914
21716 21318 5830 13625 15209 20801 13165 20704 13330 19344 14411 16605 3109 15163 13668 23068 5337 4438 19565 2422 16237 16844 11717 18277 19453 9268
532 4185 14529 15048 5243 19585 9796 15308 21519 15685 22067 14392 19211 18198 17108 13262 6169 11641 10401 8678 19177 21174 2760 8866 24126 11141
12866 5732 18756 17539 3739 20919 12693 21211 15888 20983 20451 15022 0 16061 19431 21268 17502 18835 33175 12099 21966 13294 14692 9194 16659 13212
11343 11989 11636 12666 17150 25910 13722 18889 12059 23249 21628 16693 9736 20279 18344 16536 9326 13945 16172 8696 18137 12132 9384 8533 18976 10702
12660 17972 0 16072 8314 17317 11594 21130 13731 21881 22085 17086 30616 21526 23801 21829 11904 6254 28077 7261 21233 18008 8037 7836 12853 8357
21088 17691 24873 16680 10465 20822 10185 20882 11545 17160 22336 20949 6820 23419 19766 16477 19333 3487 4449 13247 17300 9264 9498 19875 20603 11945
11310 16781 19682 15713 21031 16858 13930 21677 12981 19076 9204 11603 3252 30732 11781 15860 10139 13458 12416 12591 17813 21671 12376 12464 24080 8172
7656 9311 15383 15528 24721 19288 11874 15282 13013 19670 18225 18586 0 21830 19097 20821 16480 9412 11254 8551 18848 23829 0 7733 17724 8243
12073 14819 14528 15677 18238 21601 13417 14714 13294 18205 12927 15491 10740 10508 22616 12478 17267 14910 24534 12452 16761 20123 12656 11067 19512 16444
18019 14179 17431 16629 8616 20488 9309 19458 13571 18897 18125 15830 7224 17049 15375 16606 16685 4638 17624 9068 19732 12579 9760 11938 20280 17541
20768 10971 7443 10962 635 24553 7083 20103 9398 21002 16251 19346 24720 12399 15503 12873 18118 14987 17447 13016 20187 21365 26249 11437 27032 15488
14630 6392 24567 11482 23058 20670 13972 21014 9923 16782 11315 22791 15925 13220 15392 14935 16874 1812 8900 12644 15615 21439 14910 6860 21295 13752
9852 12718 9157 9836 0 17843 12068 22365 15107 20505 16543 19990 9912 22942 2957 17179 17472 5683 19601 3485 22102 25614 8350 11122 19539 16146
13143 12824 14503 8101 13904 22847 9862 16538 11966 19267 20811 17170 12440 21639 15408 12951 26289 22347 20796 7920 20357 27821 21571 15731 17901 11218
15600 10248 17720 12327 3991 17346 11822 18245 15074 19175 21697 16974 9774 23581 17599 19012 17462 1694 28038 15522 19383 25014 23878 17171 11774 14734
19270 13018 20957 14286 8272 18270 10765 17599 15472 19765 15155 15354 3413 14149 15847 15925 16843 16753 19185 12138 18458 18651 0 16624 14763 15898
14026 4247 18762 13370 12563 17999 11372 13960 12265 20147 20880 16103 2031 11883 7145 25949 11254 5721 10956 6239 20679 25009 10187 2892 18100 12887
9546 1600 23281 13097 16207 16447 9923 20772 12167 17762 17066 14845 7678 19648 14599 17739 14496 9441 12477 9429 18757 23205 11595 11207 19059 8622
10607 6560 11233 9551 16482 15949 4135 20068 8874 18436 16140 15565 6963 19621 17836 20327 8555 3714 26536 13357 15903 12847 10053 7323 14309 12584
18926 9515 13295 10938 20708 17700 10775 17567 14994 16591 27956 14184 714 18804 18920 11938 2485 12500 14055 16498 16729 12572 9268 1682 20039 13850
8202 14977 15962 11685 15496 22291 9686 21567 14620 21434 21491 13780 7826 13886 12427 20294 18666 20581 19435 11791 21740 24216 13118 13926 20680 12931
14087 18651 25134 14875 0 10707 15535 16773 17767 17796 17196 19381 7608 17471 17041 23945 22186 11402 24055 6892 17204 16962 12317 3986 17314 16642
19707 9633 9281 15250 9221 24428 10647 18314 7762 20005 19807 18296 5100 22370 16615 11631 12157 7428 19622 11352 16397 21883 15313 5199 19861 14241
21909 7576 17646 14615 13375 21532 15654 24696 16872 19069 17846 20524 19589 24764 17367 27045 17028 5929 23439 11398 17007 25394 7178 2773 15298 13058
17618 3513 21825 12824 11351 25435 9366 21187 14470 19429 23920 18394 17769 17543 6001 17866 14380 5769 20258 15508 19412 14294 18399 2613 18382 14567
21414 12707 27488 14836 3547 18583 15756 17815 17258 19396 21628 14488 12897 12595 19196 20549 22778 21907 22336 7870 19219 17805 6011 12901 23530 10734
19142 16934 18958 13472 4868 10903 8617 18336 17312 18011 21777 17929 0 22912 16189 12980 14112 14918 24462 19368 19586 13994 8225 12412 16179 12872
20768 8086 17596 11826 17083 23100 8907 23382 13380 20033 20136 16649 11994 22517 24770 15256 20700 7957 2842 6518 18924 9755 12054 12092 20586 15661
12021 14664 16402 11023 6463 18484 13474 24087 18223 21169 26296 15221 12471 17904 11567 18461 11016 5575 19039 4944 15272 19522 5807 10831 14118 13851
18331 10100 21099 11489 15716 21422 14297 22153 12151 20445 16191 17929 18753 19042 11373 20189 14757 23422 29464 14731 15827 17307 15652 13365 12768 7971
6457 12814 8088 12304 0 14263 14952 20595 7196 24037 12876 14610 12700 16416 11832 14386 11129 12848 16952 12629 19910 22823 22522 13672 12065 10847
6164 16208 12123 14945 7943 18668 9906 19742 15904 21116 13314 21131 27295 18953 18880 15865 13570 13938 16869 8329 16393 27642 20330 10359 19401 8368
18607 7889 4704 11818 7091 25888 8100 15336 12930 20263 11779 19607 16147 12099 11625 19936 13105 12743 11348 16856 16292 19088 20870 21845 13975 17641
19429 20522 11775 19692 5768 20383 8371 17738 14144 21106 11857 11640 2389 6888 14766 19843 6399 9657 21765 18639 18835 20798 0 1991 23926 13524
18595 8167 25376 11992 16347 19626 8311 17198 11649 19253 16855 16204 11121 19165 15495 16718 4811 11290 21214 9307 22164 8974 26341 2769 12015 15179
15336 14305 22383 13817 8444 20084 10227 17518 8196 20945 16572 12242 24192 22858 16072 19764 3505 14207 12496 25391 15024 27745 4002 11248 21194 7747
14109 14780 15601 13423 15458 22069 9494 15114 11394 17896 22536 17098 5554 22957 14253 23712 0 22842 16821 10827 17278 21695 7196 15140 19050 16277
14005 25613 15343 16856 5484 17775 9793 16703 15478 16197 14760 19683 11498 15558 14437 23781 23986 6692 29127 6348 19432 19820 0 18440 16870 15684
16242 289 23964 11094 0 16359 10725 25192 17578 16864 19164 19499 19189 22133 12049 18696 16727 9417 20826 10539 15553 26064 13578 15097 18856 9545
24570 9152 11070 10480 9114 19247 11960 21090 18570 18916 19432 17520 6383 13312 15287 26929 7482 11228 5903 6845 20825 11130 6932 12102 20188 11184
18779 24613 4290 10110 18183 20708 10734 14450 14508 16888 13775 21886 0 22448 10257 19792 13379 15291 11908 18162 15939 23902 16949 15202 9760 12992
16916 7222 16586 13788 5807 24338 12403 24411 12056 22502 18706 19477 0 19299 11923 20783 11827 6311 25000 8955 16303 21442 8337 8363 17764 15022
24285 12498 23970 13295 13221 18427 5153 15923 11333 15140 16330 16486 10990 13335 24409 24177 15514 15679 22953 9604 16595 20027 11724 8170 19948 16196
18402 6378 11305 16955 0 24781 13253 20492 15951 20904 15321 18781 19828 14885 20618 21249 16557 10946 27529 12464 23435 26674 7175 0 15400 10987
16201 16257 21293 12836 4940 15128 7055 17852 11217 18144 16122 17028 18294 20061 15198 21409 12232 9548 12124 18175 20362 7982 11720 10551 16845 10745
9824 11543 14523 17905 17054 22717 9844 15385 17037 17321 21906 15087 16857 16630 16494 12899 20946 8218 38241 8607 17820 20419 15175 8572 19873 14363
12736 15672 18603 11407 0 19804 13938 15327 10180 20237 18510 17774 5731 15511 13381 23729 9909 5736 24248 4561 20591 20003 12062 12611 15704 13424
13331 17220 11563 12383 4610 15674 10345 19260 13512 24783 18111 15470 14903 20480 18964 12985 14012 17564 14878 13499 18931 13108 8155 11637 12205 14496
11848 25263 10869 20339 4964 22310 11114 17481 17277 21637 14790 14461 3294 18123 15346 26880 14487 15493 21371 12604 17996 17929 8866 17122 21880 14397
19053 3877 40001 11973 11537 17645 10558 21854 16438 18370 13582 16898 9485 13097 7867 21898 16580 19364 15119 6865 17063 16266 16752 14561 17748 13794
18107 11954 23782 14590 6384 19647 6520 19964 14053 22559 19888 16934 0 17912 16291 12968 25690 1883 34053 11692 18540 19556 0 11379 9521 9669
11713 9111 30652 16636 14848 25179 10038 16875 19455 17930 16678 13467 10007 17796 23276 20794 0 8066 11846 12533 19558 19891 4823 20609 16143 16554
21918 15731 1440 13588 21821 15983 9947 20996 19099 16394 10817 12800 8978 18249 18652 11284 12003 8878 23738 8091 18698 17037 10240 5390 13437 10602
16416 7878 29122 13661 11451 23120 5886 22311 17011 18412 16946 18773 16382 16607 16231 13808 5700 16363 20729 6323 19282 26595 567 7114 13937 13205
20632 10324 6923 13939 15627 21704 3850 15046 10711 18685 10396 13664 12982 21675 7869 11535 1148 8834 34589 14603 20817 16240 5707 17963 11353 11129
9338 5925 13221 11344 8711 19116 13955 18537 12898 18732 17656 22097 12623 23220 18201 12982 15072 9068 17465 14521 19534 23456 23292 3379 21436 11996
10524 9730 14990 15416 14158 22124 9125 19022 16113 22423 16536 15030 8178 25265 23375 14787 22166 9697 18801 2771 17757 16339 11825 14605 24015 11458
13506 10448 13979 16644 12154 18929 16523 20096 14580 20865 23684 10555 4603 19132 6377 18575 11481 2672 14248 9217 13061 22377 3225 22380 22941 12151
12918 19075 15587 13688 2747 16316 19637 16772 16039 19125 13210 15893 19168 11872 13064 17391 11010 9209 26967 20441 17012 19569 12017 10291 17437 9237
14453 14769 13357 16442 34971 22549 12359 24718 14002 18424 15724 16107 7608 20202 19101 20084 12909 18626 21483 10931 19348 11356 0 14392 16805 7604
22978 15603 23772 12662 5903 21029 9334 15029 15606 17271 21564 16562 10688 13853 12699 10931 9219 13919 16450 13722 20366 20246 14438 12189 20638 15332
13739 7609 2252 13335 21969 18405 12831 19749 19779 22588 16204 14511 32678 18226 19433 22818 12875 3501 15580 18872 21690 14905 13137 13396 31805 16324
13039 13957 13501 14096 9045 12240 10290 21721 14171 18742 27728 17556 7401 14374 14112 11623 14430 19876 18835 17951 23225 21851 9159 11839 16212 12588
16005 9365 7863 14667 29223 15948 9657 21803 17833 18724 12992 21496 20780 11221 15620 20204 10263 15716 19374 6548 20973 19336 27470 10177 18858 13204
13817 7256 5665 12183 21388 27605 7783 15094 12725 17969 14349 13633 0 26190 12940 14200 13685 18874 7306 14469 21609 17829 9864 7740 17853 14555
9389 13276 10407 19859 0 16246 3435 18303 18031 17941 10387 14916 17776 10592 13081 17359 8351 8057 37151 12443 20718 18892 13832 19287 15709 19192
12748 14219 6371 15718 17995 25094 10793 20463 16787 17621 25724 16314 12003 10513 17987 25140 0 17057 24448 11808 19516 12015 4993 9945 17816 12292
24117 11871 24932 14327 16604 20259 13215 21207 12330 18108 17759 15254 6734 17294 16386 20506 21190 3187 18661 10878 17181 20396 12435 8082 19262 11507
5101 11999 30976 14585 9283 13122 15905 21177 18241 14718 14926 17917 17706 26504 18893 23943 17749 8866 21470 5193 15728 23691 14524 8737 22441 10682
15833 14209 13832 14214 8979 19973 5559 19799 8584 18962 13530 19113 7133 8675 11925 7727 18937 15084 10834 13628 15717 28419 14543 10241 19511 13190
12971 16469 10400 15573 7546 20136 8408 18764 12575 16394 19533 12406 0 14943 19882 13578 3730 13418 12965 1983 19684 13554 21073 19339 21968 9791
15091 16401 19330 11119 2891 18908 12057 17244 12012 15457 26413 11288 13670 15726 12280 20782 21407 10807 21770 5470 21192 21978 9724 15757 22195 19876
19887 22363 11527 13987 4425 25573 8027 25312 11902 16472 14707 18624 11873 15843 10856 19133 5034 23728 14126 2886 17612 14947 9607 17294 15984 13324
13154 24020 14314 12082 17250 25993 9986 17885 14337 21457 15815 17559 2893 22301 19891 19984 14396 14470 18728 6572 16065 23908 2574 9029 14742 15440
20254 13547 7845 14268 14198 18753 17726 17399 18006 17573 12304 16449 6891 12327 8439 17794 16907 14467 12195 12269 18938 23518 6803 9155 19199 13240
18606 12463 14739 14618 16415 20487 10634 20765 8683 17844 11628 18631 20073 20676 12596 8411 17387 20092 24104 14254 14232 24147 10152 13859 18967 12592
10989 17137 7742 15587 24202 26476 14894 18321 12285 19407 6285 17061 11781 25987 14825 9584 7377 20895 33744 13488 16157 33159 12884 11292 11739 7263
12560 15515 24491 5760 3631 21650 12577 20614 13864 17493 20048 21583 9263 13389 11387 14597 13890 7315 16179 6447 15680 11735 11332 14605 15968 19087
13345 10378 26405 10711 6072 21872 12457 23424 5452 18350 18935 16713 3113 18084 21735 7998 16755 23972 21048 11866 14899 28303 13094 16903 14672 11742
18776 13011 6879 16731 10772 18729 9158 26490 15069 21084 20392 23255 12505 14344 17731 13565 17187 19384 21764 12185 18276 17024 0 6651 14752 13366
11833 12846 16548 14597 6737 20967 7120 17267 6683 20343 14373 17917 4509 17137 19355 15707 23100 23266 13917 6098 20478 16608 14401 16011 16727 11179
21927 27989 8495 13096 22318 12282 12778 16908 11170 19379 17209 16878 1596 22302 9235 19767 14284 30363 30551 852 20781 21692 17814 18157 9534 12395
11398 14672 24782 11760 12862 17178 10313 20201 14226 18208 28671 18640 15435 22598 14318 16016 9563 17950 20326 18134 15535 24618 13945 13954 20766 12883
18455 16943 15452 7143 23182 18991 9667 21987 17928 20466 14337 16914 17091 18978 18333 16728 16546 9567 28822 13590 16613 21828 4506 10692 24479 14007
19680 21259 14100 18045 11422 17366 10471 15842 10053 17974 26309 19839 13057 26825 19926 18241 21371 11963 6619 14039 18559 32897 15139 6009 21204 10475
14187 7 16845 13619 4739 26990 12557 8994 16268 16601 13343 17527 0 16832 11150 14390 19722 9395 8202 3582 17867 23142 19626 20694 24779 15125
13949 19057 23777 10861 10288 24341 12505 20570 12239 15808 12119 19824 12707 17830 13295 18471 5585 14129 8376 3810 17694 11355 1395 9433 14713 21428
13948 15565 13299 16496 18422 13685 10273 15013 15642 16574 15380 15946 4137 21278 12093 20749 8721 21585 13701 8714 19693 7685 9175 5422 17342 12919
14723 12840 16771 15441 14326 20083 9656 18892 8871 19112 24775 18150 0 26420 18443 17334 28257 8092 28111 14529 17275 14178 15504 9460 17493 9432
9706 26902 20885 11495 8077 26107 12232 16501 11204 19987 23000 12988 10351 18300 17822 16421 14478 20194 12694 12799 17805 16766 19835 3630 22641 13134
22025 18624 4506 11665 19930 21111 8833 21210 15831 17095 24973 17754 2501 16484 14313 21632 4569 21145 20857 14559 18526 21674 5246 14474 16010 13196
7241 3979 10335 13505 10677 18589 10964 19711 16028 19090 16242 19655 775 14900 13681 20707 15837 6608 19922 6885 19411 12341 5963 4922 19719 13444
17255 22664 11849 10234 25710 19980 15987 22810 11068 23377 28192 12743 4476 18659 9574 12899 27767 16504 23848 8873 19160 21032 10308 13433 19456 8017
9586 6442 19267 10771 15841 24894 8167 19180 13333 21216 19546 15457 19276 25139 20679 21958 15696 3748 15725 15068 22267 17801 10444 6448 17724 11380
19504 0 14929 14751 7470 28997 5609 21304 14241 17763 23162 20025 18578 10964 13820 16999 18873 14491 30425 5650 18274 21584 8315 19509 17229 14719
11531 20746 2979 14947 22486 19663 8428 19809 17664 16490 15223 21909 0 17245 19038 16149 12526 16742 23357 18685 22642 29530 208 19022 16710 11410
11639 17101 7176 17640 21775 26079 8683 19281 9232 17311 24229 18782 5033 16852 2709 13508 13328 15790 6352 9223 19451 19213 15864 19699 16471 8883
17438 21690 26725 9151 5221 13219 5578 24274 15476 19504 17290 17462 0 16608 13719 16683 22694 2921 14125 10542 17081 17505 5626 11598 12029 12973
7779 13720 17077 11742 17516 18198 8948 19286 12456 19650 14566 17841 0 22164 21131 19151 10630 14540 14572 20257 20437 11217 8512 7400 15197 13928
27386 4746 11299 15657 20195 12306 11284 17139 16381 19940 11521 19845 8640 19737 26918 20147 26311 11707 16272 21280 18514 13701 10919 13965 17184 12594
19506 18191 14361 12853 16669 15796 13912 17867 10767 19162 21806 18138 0 15471 12558 20004 0 21849 24308 13367 17494 12396 2895 7201 12371 14946
16656 4696 4735 10277 3315 17049 9465 20216 15571 19211 18794 15643 18747 21519 15333 17600 2763 9540 24351 18347 15712 23967 21258 13275 22695 12072
16291 15141 22306 12525 21933 25236 7097 22937 11203 20075 12094 14562 14418 22179 15090 24578 14368 16085 22503 20500 19573 19954 9017 12496 18509 17380
13456 3328 18198 10784 0 19749 15331 17390 14368 19578 15799 18002 15358 20551 21601 15363 14026 12868 10547 12110 17880 11812 22524 14849 14663 9130
