365
73 46 55 83 66 31 28 97 93 30 25 18 96 53 92 86 45 56 13 1 72 100 92 45 71 20
11987 13646 3690 19762 13224 12715 0 12089 34246 14282 10185 22532 15241 10566 14474 3236 13007 12992 5617 15101 11478 12588 14868 13481 24117 3036
9486 11267 13655 18576 21602 11869 7311 6541 32917 14432 10962 13778 15653 17218 19373 5027 10774 14151 7698 15268 14413 13429 17343 13309 18423 25970
7372 17196 7031 14166 12595 12020 13462 3230 22768 12290 10152 15017 20897 12214 12514 12793 16081 16938 8808 16748 6038 9358 11106 10599 17377 9664
20647 16546 0 14334 16792 12668 11879 10650 20986 17503 13734 21735 18207 9727 14151 18590 27948 11937 13568 16239 18150 13369 14498 13245 17155 15054
8454 5220 16052 13638 15010 13499 18612 7417 22621 14000 13070 10476 16925 9282 17908 20636 11298 14062 4007 15159 21296 11179 18072 10561 29966 16281
12773 16741 5713 22767 19854 12955 12022 7884 6428 15595 14918 18612 13002 10185 13474 13416 9074 12669 17482 18325 14739 15383 14821 5910 18378 20878
12851 24552 13065 16158 19897 14458 14012 9917 9161 18123 11724 17432 13323 10047 9905 12689 22026 10197 11011 18445 18170 12556 15390 20282 23220 16808
13153 12054 9713 19125 20766 14465 23291 4405 20907 14359 11492 17309 22836 10363 11950 21085 16776 10572 12507 15887 8087 14812 12732 16496 16946 15171
14951 16945 8637 14361 21423 16246 19597 7003 17368 13406 13024 17956 19052 5692 15812 10714 13950 9917 13304 17593 29914 8680 16601 18318 15727 29418
10692 20868 13802 20717 22535 14457 14302 19120 22706 17865 11652 20743 18088 9519 13687 11996 8387 7799 893 17554 19644 10541 13197 11704 14502 11263
13716 15437 587 15172 5507 12555 5788 12269 18438 16788 7762 15201 14967 11640 10496 11895 7270 14451 10204 17619 18111 8380 14970 15126 17710 10140
9697 10068 16897 19285 21806 17905 23319 15513 26772 18474 14957 20316 20571 11891 14585 16337 13639 10105 7224 16887 18084 8796 13734 14012 18470 24379
6817 22547 15542 17872 17164 11927 6704 10587 20048 20251 12859 16339 24201 10635 20921 12905 2749 7187 11545 16893 22216 15186 16977 14654 17149 20897
12850 11601 12487 25743 20128 17277 13665 12974 26929 13869 14735 15628 10025 9665 13586 5704 12953 10802 11194 19196 7458 8614 15677 8837 19840 25805
12923 8653 11030 20515 15207 16840 15704 11346 20830 16028 12943 17338 14673 6299 13994 3823 15672 13223 14464 16401 23875 15648 18114 22588 16133 23155
6816 23290 11482 12622 16958 15061 6562 9317 17743 15064 7181 19152 21278 10140 18715 21542 12133 9387 11283 13705 7089 18502 12513 7138 15541 8400
14954 22259 13887 15710 17644 12227 9634 8695 16803 17003 10935 17001 18962 12909 7345 13263 18676 6380 15069 15729 14862 18944 13578 8774 19654 12866
9631 11295 5488 20225 23890 13852 16503 9822 16511 15833 12693 16826 14349 12042 11548 10176 8263 13571 11947 15499 6827 8765 15521 9462 19398 27777
13071 11113 6697 18639 22572 11310 12768 3985 4586 18872 11347 22579 17755 12865 11505 6823 4194 11322 22479 17449 19325 15058 13058 3048 13111 11967
14224 20288 11174 16060 10815 14355 13936 7218 15584 17103 7987 16997 19781 12808 12621 18496 19373 12681 795 16186 17167 12793 16598 3131 13593 22713
7249 14556 19956 17023 17846 12846 16379 14520 15718 18543 11825 17279 20847 9921 9686 16613 15577 9708 11457 13776 20648 18792 16416 4819 24133 12771
9404 9204 13770 16788 18505 14444 10046 3643 23883 16964 16555 14429 15978 11414 9950 12138 19017 12100 14604 16506 14566 11101 14751 7653 16910 25962
13407 24831 10384 18218 19238 14833 17817 4107 18393 17623 16469 20171 22811 9550 18841 14698 14146 14833 11536 17461 13704 11570 12440 14427 8879 30800
15398 6737 4649 19297 21799 19093 12328 13967 24267 17278 15918 20017 21834 8747 8591 15797 20027 16315 9390 15418 19136 18429 11285 12891 25614 18261
8790 24125 15848 21391 26166 17301 12362 11888 19859 20102 6320 17684 17540 13248 4463 10444 7460 10847 18264 16482 16886 13162 11516 15741 17519 18620
13918 6181 4863 23768 20879 15985 2445 8979 20414 16777 11595 16325 19949 14920 16148 11636 15049 10434 8555 17372 5934 8358 15432 17710 19961 10057
13559 5867 8272 20431 19282 15957 28397 11912 22454 14955 8108 23955 23675 13896 16225 5120 13847 11913 12039 13585 11426 13023 12608 13978 9696 19361
10378 23577 5516 18207 16271 14912 15263 9290 16467 14720 12499 20676 27403 12105 12306 7370 12870 9419 14349 15824 16986 8248 13076 14798 17111 13657
16094 11898 13749 17694 14978 16973 22430 9905 17501 13399 10779 15495 13921 12108 14680 2911 23758 18941 10197 14895 13858 15495 9993 15400 17778 19239
6215 18788 16068 21141 17157 17290 9999 12902 31507 19408 11697 22412 18077 11479 12842 11636 8816 13479 8692 15570 3164 18909 19420 6860 11754 28571
8445 19949 11477 19139 21427 7766 16597 12375 23126 17987 13597 22435 18963 12401 14140 11596 1077 11879 1935 17229 20100 13162 18098 13948 24086 9800
15420 19526 12646 15566 14485 17675 14110 12608 22568 14544 8012 17603 21524 8438 10632 19459 18669 14054 9311 16221 6832 13851 13978 2303 21373 15337
14402 11258 20608 17280 26896 15549 11857 10551 28095 18398 8950 17524 20773 11546 7497 15923 9709 14299 15083 15252 12307 13365 11165 16541 16716 4546
11906 10621 12208 16980 20039 11713 13399 11345 21286 17734 15136 16121 19491 13272 14889 9655 1741 10001 22972 15016 20199 9927 15149 9877 14411 16039
8572 10523 13470 17997 20041 9592 17732 11624 19454 17067 13024 13533 19982 7053 17898 15806 15678 14334 16846 19346 14498 10415 16026 9238 16235 11694
9818 14617 9211 17068 29797 18537 16879 1435 26797 20121 9768 14122 15597 9673 14399 8205 8660 11900 19261 16905 16590 13614 14456 10004 14391 10890
12770 8588 17365 18902 12113 14673 13297 11077 19045 17536 8645 17064 19826 7483 11422 5735 17734 10128 11286 13915 16927 13950 16689 13243 10970 35360
10854 15360 6619 20580 21004 11842 12618 10122 22175 17799 7868 17459 13309 11958 9731 18648 13464 11609 11255 17399 27757 13740 15649 17323 13428 12560
14524 16491 13321 21915 15033 14105 20175 10132 23297 19338 9703 20089 21000 12399 15338 12349 5611 13856 9374 15378 25567 20206 14536 19311 11310 15628
14632 15183 10188 19840 22188 15224 15036 13831 23702 12200 10267 19931 17714 11540 13416 11662 3987 19306 14943 17282 12309 14063 14659 6518 13233 16623
9866 7862 10297 23651 5950 15661 10165 13262 9575 18128 14887 15693 13282 11349 11760 13333 16743 10642 5406 15028 19063 16023 16500 13714 25341 11594
13336 14167 12589 24889 17232 8770 12171 10795 29669 14803 9666 16453 19177 11139 14264 19587 2549 7076 14337 13080 12958 13232 14314 13557 23348 19057
17545 8236 13952 27535 19624 12955 10271 10433 19029 16900 15588 13210 18658 12006 10608 19669 25287 15659 16124 12764 15072 11285 11792 18871 17297 7032
7073 10106 8990 11924 16105 15404 12033 9037 32430 19279 13223 16672 18266 9698 8654 12535 8544 12795 14482 18726 14156 8001 14770 4873 10170 15761
11228 15953 5817 22365 13239 12249 5850 7017 22607 19301 13575 14923 20903 11851 15914 12705 16631 7947 19454 21500 8752 16995 14794 11814 13296 16521
12963 15808 18790 19386 15421 15927 15225 7826 14950 17531 14407 15190 15143 9307 7221 13450 14069 14843 8802 18520 12974 21600 11678 14098 23198 14205
16186 24649 7441 14718 13017 10950 12469 15064 29518 14608 10891 18700 20925 14068 17035 13591 16989 9260 8081 15428 17145 9519 13310 14039 6630 26575
4256 21897 10323 22684 8826 14096 14471 14114 25227 17032 12090 16382 15404 11676 20682 10448 17810 11846 16381 18285 16332 16772 15966 18961 20127 4756
15620 15154 11828 15917 26882 13437 0 4431 17755 18969 11483 16067 18977 15741 7278 13261 17686 11875 17506 14532 11572 11237 13680 11285 5378 2123
8200 21006 7255 16409 23152 11061 20121 8551 20202 15702 16656 17857 22574 13740 16877 17475 23431 11525 5419 17894 17416 8035 14535 16564 11577 18379
9736 18849 11239 13276 24708 15527 21494 11034 15754 16000 9373 20571 17255 9353 14761 11278 10901 13085 13424 15583 19011 16965 11793 11030 16302 12609
16396 18510 10726 16516 15651 14166 6050 8096 17855 15034 8137 20045 14923 11372 15553 17990 0 10387 16909 19764 13607 13862 15925 11927 22206 9389
12192 20426 14717 19733 20213 18071 5736 8670 21962 16762 11829 20684 15281 13507 9624 21092 5670 11645 11649 16757 15847 13674 11605 7722 12522 19602
13551 11667 713 16342 18399 17590 13770 8399 5853 16531 11359 21071 21542 12905 24246 11301 19897 13174 17775 16654 22722 11420 15480 7626 17020 7058
3785 8077 5507 14449 14345 16401 18326 11569 9005 11307 10183 18562 18685 15088 10813 16336 1991 13560 9000 16491 29224 14387 14694 18354 32165 17622
11822 16791 13274 15732 7479 6692 10921 10833 15533 16052 14075 18404 18334 6511 17070 8199 0 11267 10104 15864 20807 13852 16156 7815 20326 18475
13929 10817 16213 20962 18323 16225 18580 13348 31289 18305 15041 18077 14667 12663 16087 12660 24422 16480 15538 13787 28450 13838 15308 20656 17177 28309
9435 8308 5908 19958 14875 18898 14586 11134 22998 18281 13866 17608 13980 10756 11069 14648 11564 11129 5029 18741 4911 12495 13364 15842 22435 15470
16191 10029 12944 24324 15866 17003 15833 12858 18036 19852 14854 20556 24853 12795 10154 7642 16651 14826 6349 17084 20882 14636 15976 10035 21989 5283
13553 21122 10014 17724 12165 13776 12167 9701 12465 17803 15200 18405 18757 8249 12476 16663 9551 13690 5597 19117 7121 8451 13149 8996 18002 26557
8172 14760 9804 19478 18887 17159 6539 15240 24784 16743 9956 16787 17087 9999 16119 10833 13376 16340 4239 15120 12783 12215 13089 13229 17352 23040
13545 15847 13838 19618 19699 14931 3530 11106 16628 18232 12581 20983 17310 9661 13800 14544 20345 12044 14170 15169 23486 19150 17836 11599 19978 8171
12476 12990 14392 17266 22238 11332 2204 11612 22961 15336 9571 12932 20073 14103 23191 8290 8244 10453 12137 19703 13815 15487 10589 14754 27636 13078
12948 12926 3525 19726 17323 13781 13450 14277 13992 14754 12332 16910 16727 9013 14367 5364 10698 13491 13772 17089 15606 8233 12936 18043 27529 23025
6326 8379 6827 20479 16676 12141 10597 5278 28723 13137 9488 16129 10890 12254 14374 13242 12574 12608 13092 14483 24336 7070 13009 8022 15183 17839
11197 9450 5968 19433 26119 13267 14859 11821 14180 18252 15461 18430 11835 8904 10345 9675 9560 14153 9860 15961 22450 10462 15119 7348 14796 12734
1483 11970 11591 16503 21387 9393 20854 7066 16987 14584 11642 20918 20542 11602 9657 18695 0 12772 13721 17310 16403 15060 16251 15514 13571 15619
11018 10160 11020 19105 22091 11417 9102 13569 15203 17868 12877 14685 16954 13033 14462 13166 18699 13672 17061 16585 9638 13906 13869 12913 15814 12994
2870 21814 298 14126 14225 14986 11672 7849 15402 16131 9609 17482 22879 11795 76 20128 6825 7608 7409 17352 6844 15146 15474 11978 27692 20966
12949 20090 17421 18550 18175 18862 32736 11587 16110 17414 7957 18021 16384 11174 12384 21826 19358 11976 11852 16251 15241 17861 17100 16563 22166 22773
18504 19636 12007 26279 16322 8493 11283 4317 24591 18137 13408 14744 15954 13182 9919 16220 0 13971 17015 18915 8951 5401 14285 8627 18541 26579
15125 13190 9297 22254 24161 16257 8079 15943 7723 16968 13973 18118 19014 12178 5838 15734 10306 13500 14983 12167 18612 12385 12924 19044 9951 5772
9477 24840 17405 19520 24162 9813 21763 9230 24824 14313 16126 21798 23960 8586 11477 20125 12913 13084 11654 16919 9423 20474 16659 11561 18387 22819
13160 15887 10377 19169 14675 14862 15466 3936 24872 17075 13115 18416 16882 10720 19001 3208 21587 13080 16486 16781 14613 12828 12412 20720 10515 20061
11760 18795 9931 18621 15573 13495 26631 7848 9461 14568 9086 16228 15534 9616 12729 24592 17797 11600 10216 18236 20303 14932 14729 14560 12978 15862
9976 14557 11400 21485 18665 13602 28980 15328 15022 19772 9556 18257 17596 10863 11808 11312 5261 11841 13169 12791 21195 14804 16654 14006 20364 12565
14304 21719 16174 13568 19490 16730 5261 14159 18591 13818 14498 16964 21099 11648 12346 4068 16243 11991 12330 14618 21078 9692 14697 12100 8805 17776
11245 9213 10318 14929 13961 13841 14778 14628 12531 19760 15072 18093 24981 8084 10555 16376 5036 12863 14066 16119 15271 9769 12321 10489 19519 0
13541 16971 16959 12718 24414 18022 9289 11014 21756 17702 14585 17537 20383 7154 11504 11926 11486 14150 13412 16634 9399 12165 16242 21035 12902 20207
12576 17814 17754 20305 5101 8188 6242 6783 22910 19974 9860 16012 22858 9346 12467 17891 8042 12510 21622 18664 15463 12494 17774 20467 20854 20259
12840 16760 17781 23300 16376 14927 11508 13544 25354 16681 15819 17892 16169 8125 12349 18204 20420 16830 7300 16932 11093 14822 12880 1870 26979 19327
13914 16492 6727 24578 20469 13343 0 7349 24312 16419 8719 11875 20939 13142 15569 18895 12042 10338 8184 15345 17041 20311 16244 10744 22922 16837
13546 14634 6905 19892 24454 14765 11386 7828 10461 14596 13047 16665 18498 11424 18399 14943 15791 11059 12666 20809 13797 9760 14633 10051 24849 31372
7391 19479 23996 21622 16582 12617 14587 12026 20311 17928 10838 17298 20096 7324 8267 14215 3892 13077 5661 14455 21098 12443 14664 16417 11311 707
2269 3916 11988 12686 20577 14552 16708 13340 13910 18408 10158 18217 20590 6989 7585 7095 17623 10875 6544 15318 14478 10102 12367 19918 11582 29692
12546 16437 16109 16542 16325 19808 15215 13716 18886 18205 14986 19385 18576 10326 19620 6773 20472 12764 13019 16648 23466 10744 16407 8871 18164 0
14055 11891 5703 20323 17044 22839 15008 10156 24128 19584 11648 17673 17159 12097 14774 13862 13741 13878 16801 21134 17057 18605 17304 17521 35433 26146
12383 17354 4138 23297 19901 14329 19540 16834 24596 18973 12889 19462 17298 11734 23388 14733 11679 11865 10777 15645 18309 9203 13557 6576 20670 13409
14119 9404 17178 20077 17151 14122 4098 5724 17981 13836 13403 17128 16958 8770 10983 16367 25852 11534 9460 15761 8986 13877 15619 22635 18398 20293
11040 21072 12617 16327 24516 16155 13456 24944 25670 16335 10554 15828 19043 13548 20314 11777 15463 8898 12057 17864 14120 8829 13632 11109 16845 17729
12093 16136 9636 23981 12234 15900 10524 17721 24165 16872 12504 16589 17321 10275 8405 12051 17138 13564 7396 18427 19196 19617 13440 6824 27185 9163
9766 18066 1376 20429 22292 12539 12739 9180 21832 17657 8520 22333 15347 15468 19867 12971 16965 9021 14568 17603 24507 12521 13664 7070 12648 10746
11825 9737 16413 17231 24410 9403 13522 5610 22813 17138 12672 16622 12507 10102 8149 14541 15867 11585 22509 18538 12546 14979 11889 12343 15158 25886
15374 9968 4198 17820 22529 15476 23146 6528 24301 17462 8801 15529 15966 14278 8820 5217 24138 13090 12737 17835 19073 11134 16581 6090 25449 22923
8172 22386 10925 20593 21485 13805 9846 5568 20286 17897 11687 14735 23241 13815 16772 19106 7700 10310 9331 16310 10773 6375 15611 17780 18147 13338
10990 14253 15913 13932 19424 12477 13953 7136 3977 14660 12272 19703 18272 7824 20012 14446 9205 9832 13177 19539 18970 18816 13746 13290 18252 22502
9299 26059 8090 22799 20293 18566 18620 13053 11813 17866 6925 21969 25341 12426 15989 23093 8168 14927 18395 16975 20175 11429 12314 11296 20457 15961
7714 22783 17421 21017 17963 12086 23671 11902 12906 14133 13789 17683 15095 12086 7660 12546 12965 5264 11072 14752 17252 9592 13910 11894 17359 20388
12153 9587 13888 23606 22117 17076 15736 8631 19504 19402 11102 18829 15436 11111 18662 18919 26823 15950 2438 19654 14407 9360 12175 11662 17187 25152
18405 15143 11017 12535 6429 15657 4949 11959 32149 15820 9872 14243 6993 12883 18352 9003 9361 11004 6805 16906 9164 9264 15662 9151 10972 21639
14379 8977 24222 18681 19104 13490 4357 15264 28558 15449 11476 20148 13622 12020 9115 16511 21230 13923 10171 13976 19717 10407 14840 11288 24972 17618
10695 22632 4976 20795 13481 14097 12139 6507 18776 15775 10690 18745 26029 12117 10971 18435 23071 9730 12758 15850 10901 13203 13986 10111 23631 11267
13368 12088 15503 18061 23755 18215 19399 10005 22674 17487 13702 18496 19747 13400 18437 6644 4573 14605 16306 14272 12557 13127 14071 19436 21161 24182
8417 14644 9965 19540 14006 16047 18444 8802 27086 12732 13404 19208 26995 11132 11116 16997 7142 9668 11292 13930 9692 15631 11655 6410 14587 10147
8966 11685 18045 21348 23058 16605 11137 10516 24614 20597 11987 16375 20300 10287 9027 12312 10304 11475 17659 15969 11935 3706 14510 9308 16290 12490
7631 15222 9521 16783 15771 17743 25347 10528 24645 14189 12108 17585 15747 11225 14273 10557 8201 14457 14448 14127 20277 16456 15310 16230 16420 11974
18528 22533 9896 20235 11036 11739 5567 17121 21895 12392 14051 17409 15966 7973 15907 16318 19911 9083 0 17033 15544 14663 14318 14348 22807 19614
9855 16338 9286 24712 9015 15081 21107 10701 30621 13359 10242 20012 19683 11332 12352 14526 17678 13455 9466 17735 13538 17387 16439 17258 14941 18888
8828 15768 19188 22569 11840 16090 9579 11502 20583 18542 14789 18674 17460 12523 8585 16055 13260 12158 10457 20351 9500 7315 10072 11002 16424 15968
9225 17022 7714 22240 21192 16623 9534 6124 15543 19677 17651 16262 18035 9894 17966 17454 13770 13075 10972 19595 19463 8940 12728 15453 23082 22619
21896 9617 16587 21027 9412 8501 15879 2881 7147 13377 8545 16305 17078 9686 9883 14367 21453 18706 16874 18679 15246 5083 15030 13130 182 17537
11828 15206 14903 23560 14356 18637 21493 8207 2824 17395 9083 18211 16710 11488 7485 16251 11690 17502 12810 17982 14030 8995 10246 14435 27911 11136
13764 17823 13160 20562 19636 16897 22396 7161 11996 18888 15164 20744 14739 15014 10458 8022 8722 12323 7022 16258 23446 10718 13273 11646 10451 25314
12172 12378 11542 23711 23738 15378 15318 7392 19656 17179 9678 17197 18996 10277 9940 17436 8147 12472 17975 18354 10699 13230 15992 13759 17801 16220
12008 18017 6401 19519 30969 15980 10819 9733 35998 16243 13496 16549 15006 4771 13956 10514 12589 14873 8213 16443 21500 13239 14298 15890 12615 15291
17016 22927 13884 18115 22451 13280 5773 19358 12483 17829 14666 15533 22454 7220 10015 12993 22629 9700 21001 19985 21130 15688 17380 6513 30163 19225
7689 5062 10373 18137 19564 14725 15300 10143 6658 15771 13820 19591 20106 12334 8079 23387 16392 9322 15659 17202 10297 6657 16232 12446 14030 12045
11120 16637 10203 21239 9286 15235 5192 6101 25342 15612 12751 19397 9699 15270 12200 8600 15788 12862 13486 18663 17087 11247 14801 8365 11313 25069
12245 23370 13531 15030 8594 10420 12621 5788 23313 13047 14001 17753 15396 10573 12113 14955 15161 12700 13496 16602 18625 10883 14898 4950 18522 17032
15365 12305 12334 22969 16658 14062 10416 5596 18260 17394 11896 15040 16119 10881 7102 15131 7868 18631 7484 16149 23622 10182 17416 22246 16300 24517
11603 9673 10660 21898 25089 14355 12239 6895 17132 18529 8736 14689 20218 10000 20174 11243 7454 10124 8133 13263 19007 8554 13231 21056 23251 20019
7474 11913 10434 17005 13237 10896 10804 0 11038 17439 12285 19806 24313 11303 6727 10986 21271 12098 17253 19063 23124 11434 12106 7560 19304 11544
10470 12100 12302 18469 21885 9051 11293 12127 24996 13982 15042 19321 18038 12432 13397 13900 12163 13663 8106 19344 16990 8001 14680 10054 11900 4968
12765 23615 11028 24195 17818 13553 16707 9133 11166 19509 10677 17150 23455 12576 12011 15797 7051 14033 11974 15333 16184 8096 15312 832 11399 27794
13478 13792 10696 14762 21067 15357 6171 16540 30587 17886 12751 20562 16961 9623 13396 13204 20649 11811 13681 15733 17145 15598 17824 6021 8969 21662
7988 8979 6705 14952 9046 15265 8827 8042 22389 16614 11225 19941 21523 13467 5281 7321 4417 10961 18304 18704 8478 11102 13184 12792 15519 17335
11943 6707 16983 18861 9698 10262 9054 14471 22399 16841 8950 22169 16711 7518 11848 17648 10235 11068 6254 17365 13864 16180 12885 11938 18665 0
9172 19358 11329 22283 25215 14582 16445 7095 21961 17760 15539 17418 14705 11998 8816 11726 10744 13551 11301 11303 9476 15090 16751 17902 17703 21431
11498 16575 16331 25261 8586 17639 8650 10773 15350 14613 15655 20281 18785 13088 16688 18596 22660 12084 12409 15632 16948 17261 12365 19043 23856 17847
14361 15580 7645 19768 17462 16435 20269 8933 15628 14202 11742 17844 10706 9893 15147 9794 14010 12378 11913 15300 20525 10151 15180 26815 24805 12136
6336 10422 6815 14466 13164 13160 17860 12024 23665 17988 10065 23945 15030 8714 18524 14732 9546 14891 14837 15075 26790 12971 11340 20529 20558 18922
10987 14627 9984 16438 12860 14098 20415 2624 10451 16898 5856 17805 15164 13343 14723 19213 19853 10275 7109 14783 19225 13836 14380 22221 23665 17979
14014 8263 7069 18925 25396 16461 7331 5952 16136 13977 11225 19995 18010 13674 16039 9481 13564 9904 15430 18020 15391 10863 13361 22270 6049 15234
11436 10124 18290 20414 16916 13148 8404 13437 31233 17967 16776 18474 20243 9549 20361 9132 7815 15738 4325 16161 19148 8819 15948 14495 13199 25002
16002 10543 16797 19788 25622 17952 28430 7185 23957 19038 8714 13669 20222 12339 18486 15325 123 6481 8562 17096 18113 10632 13034 12912 16497 25919
11885 13626 14301 13552 19847 14918 14199 6335 38716 15909 14443 15771 18566 5733 3368 7540 17834 17073 0 22413 5957 13879 16046 3134 14920 7624
16105 10646 13759 25789 21441 14640 16468 9847 13615 17174 10597 18737 23656 10345 13681 10959 20870 12583 12168 15631 9056 16834 14468 13681 29032 6444
12905 12849 16067 19511 21427 15792 13968 8496 27845 16573 15138 15573 24374 8615 5882 18471 1137 15667 8716 11781 16990 10445 13208 6144 22241 20993
14805 11012 11072 18780 22736 11442 2293 11059 23517 20060 8599 24575 12746 10911 9898 19176 12581 13477 13239 14199 25994 13488 15343 8001 11806 24470
9532 20967 21664 22503 18309 12590 18267 11686 17315 14286 14292 16148 22665 12045 14511 13458 12417 11757 9904 17260 15545 6576 15021 8950 22423 13431
13744 12128 8647 18496 16993 19387 22523 10995 27381 16397 14204 19726 17098 8308 13036 11650 28556 16953 10713 14992 19432 15039 10318 18001 12864 4587
14210 3124 13372 21521 11128 11339 17495 6298 3003 15514 13403 15641 21901 11955 13892 26938 15072 14981 13056 11370 18274 13323 16732 21751 12609 20127
19447 9988 11062 16954 10856 17133 20478 8330 19923 18388 16263 18446 19738 5576 14627 13558 18149 12282 18469 12388 22868 10506 12990 22181 4578 14263
9416 22398 12982 23454 15324 14690 18698 17794 37047 17469 11406 16566 17182 10373 14581 13088 13573 10173 10551 15589 19219 13631 18885 16417 12978 21584
12309 14004 0 16996 13813 22703 10330 5550 13180 18734 11963 17209 25247 14645 10913 14897 21652 15429 8331 18282 18602 16662 13157 11333 7279 22257
10130 14256 17371 20011 17650 13964 14262 11981 27252 16145 13578 16924 25474 15419 12776 16179 0 15429 9297 11791 31781 17545 17745 6127 18347 6179
15190 17742 8446 18470 17427 11743 23171 11245 19118 12023 11669 18259 16606 6438 11928 6802 24240 16356 11439 18441 8493 22222 15366 16113 15417 11674
12278 14416 11860 15958 22258 17730 19413 10624 33639 19887 11984 14298 12963 12331 13601 11115 11668 10604 14134 18217 13451 12236 12883 7573 12862 17342
19512 10138 10062 18607 16869 13465 20627 8355 0 18497 14917 20939 21123 12418 12783 15765 14692 12747 5816 13583 14659 14067 12361 15185 9664 18490
13936 20391 6434 20740 23008 15213 17757 10832 25730 14792 11485 16397 12868 10888 24457 13562 8401 14034 15613 17677 23139 7792 14371 18348 23007 14244
13705 16848 18620 21983 21351 15564 18427 11987 20949 13776 11863 14908 22854 11182 16687 14673 15708 13560 8835 14270 7715 15697 17530 23618 12460 19711
13645 17004 7275 14578 9863 12593 14219 7885 10905 16007 10926 18100 16239 13148 14334 12899 14523 11737 12657 18771 33854 12104 16819 9522 13716 10226
8367 22515 9720 20855 10327 14524 20822 14396 17745 16698 5717 15863 22594 14139 13166 5482 17952 9218 15112 18436 22937 9623 17125 14665 17674 21053
9790 367 10914 17049 16535 17186 5929 10570 24266 17864 11298 20628 19454 13325 11413 10727 23789 16431 11738 19959 14837 16700 13390 7598 13906 26341
7798 1326 8255 13627 19839 16421 9339 10073 11058 16149 6811 19828 21326 8122 16174 20008 20071 12104 16066 15316 28682 11640 16502 18877 20239 16115
15548 13247 18594 20458 14978 15977 10444 15331 28007 16173 13800 20702 14695 11107 12631 12781 9805 12900 13343 15412 13464 6490 11671 12729 16394 26024
9973 11545 13618 13845 17322 19059 4600 15884 30543 18513 13819 17048 13830 9424 12397 15744 20128 6355 13503 17165 22918 9668 15924 22241 15498 9921
18701 3014 19248 17437 10217 17130 17461 10233 23536 16835 5158 17772 17759 11931 20521 5483 16221 11150 14242 15066 26612 13883 18736 11328 26157 10825
7999 13059 6871 16423 17353 13618 16303 7681 14637 17375 11847 14983 13220 12156 15189 18275 18136 6402 5350 15586 20336 8863 13445 11600 14054 30643
16014 20160 8039 15275 16360 13781 16451 9144 21403 17372 11900 19193 19528 9621 7554 17084 7362 13332 7950 20186 26226 13203 12275 11959 16001 19738
8510 14590 3297 15821 13214 12539 20785 11357 16989 16217 12855 17498 25653 12549 7507 18085 15952 13738 13694 12866 7129 9939 16214 20924 12961 6969
8009 21915 12294 18810 20434 18005 5806 7709 27189 16417 11723 18113 20523 10969 15654 21450 10996 12117 8126 15711 23395 8423 15727 13842 11858 14572
9358 12075 12602 18743 13354 19451 25583 14840 31717 15735 10100 16553 17018 9771 12223 13453 11135 11838 13071 14773 14348 11026 11045 5008 20850 10786
13768 11825 6424 17153 13650 20386 14923 10964 11349 16798 10340 16825 13509 9660 10798 14084 13874 12006 13681 17192 21580 6798 12420 17188 15035 18823
15481 19385 13417 22178 11052 11651 13143 8004 29113 15143 13834 15877 18254 9666 16754 10804 24021 14479 13807 16148 21231 11073 17313 3814 18890 18926
9886 18639 16491 19113 23285 17887 6312 16150 33490 15760 7984 19592 17733 8859 15594 15666 16175 12761 11856 18855 22216 12859 15072 17124 7418 12352
16300 382 15642 10300 19220 19106 18971 8059 12062 14896 10436 15921 17988 12257 9044 8447 7120 13276 13882 18039 15172 14830 11422 0 26275 19680
13350 19258 16252 24632 19468 9667 16049 6459 12169 15071 11399 19970 15468 10828 17064 12510 6152 12689 8158 15334 13096 18180 16822 15150 16124 13978
19441 24066 10704 16009 19842 19252 21825 3262 13920 15317 11295 13003 16617 7548 11525 15356 5487 6554 8391 16310 14936 15656 18651 12055 10356 23825
14187 16859 6575 20592 5371 21213 14680 10176 17511 17091 11495 22811 14538 9966 7171 13316 21008 16615 18684 18973 18184 12969 16149 15763 16779 9886
11811 8235 15926 16203 16634 15373 11037 5549 26248 15052 12342 12822 14132 10681 7690 17270 19031 11285 19979 17758 8760 19239 16324 7994 18402 17914
14231 9065 15761 20438 14382 15171 23787 18475 15490 17642 13133 19212 14552 13383 6666 15928 32314 8293 11698 14981 13981 18912 13712 19870 20635 13645
14574 13725 20670 19759 21637 20278 16474 12173 24127 14932 14935 21027 19299 12387 11036 12739 20586 9031 9287 17525 15640 14248 14574 12934 13489 16293
10896 7949 6305 21525 13212 12693 10112 8897 9866 15880 13006 14636 16915 11595 6015 9599 18297 11893 10856 17928 28134 12195 14125 19973 14833 13759
9511 15765 8042 18453 18782 13286 18594 8318 15747 15076 11469 20513 12284 15342 12915 6470 10467 11567 13065 14820 20378 11675 15808 11731 21312 18444
16731 24613 9616 15279 15337 14149 6146 11988 10604 17058 13417 14185 16281 10820 17516 16080 33035 11816 5320 16354 5168 19903 15879 10998 13090 15623
13858 6665 5612 16283 27162 12998 12312 5140 30200 17007 13654 14476 19854 13498 5834 13830 7902 9768 14691 17410 10533 15231 12139 13584 8689 21253
5493 28823 14914 19404 24845 12715 12433 8975 38226 14197 10372 18795 18865 10865 20461 9793 20998 13982 17078 18739 16823 3003 17211 9839 25043 17644
16252 12186 11435 16002 25642 11220 12376 10562 12663 21092 12750 20035 19247 12062 15084 20369 11874 12578 6515 16723 13317 16132 15299 18425 23986 14981
3875 9701 7165 20832 26027 16829 10247 6338 28514 13980 12009 18633 19212 15844 21802 12195 28061 6686 8720 17290 21608 17736 15388 9385 27590 17329
11366 20436 13870 16860 15883 11776 18592 12302 17225 15593 12314 17885 17876 12869 14599 14843 3461 11119 6776 15221 22921 13515 13996 12195 24458 22171
16475 9439 16954 17586 12281 9276 11664 12842 29772 18014 11876 13366 23677 10763 12543 14667 16912 12658 7789 18839 13315 13302 13819 12330 7906 7728
7045 24232 5873 19770 16312 19256 16532 15484 19904 16295 8055 14931 16642 7222 6554 4460 11709 13390 15862 22553 24817 8550 18212 21378 25364 11494
12357 15894 10531 21145 9991 17025 4035 11471 32111 17419 11230 28686 22196 9352 4791 12027 15363 8743 5782 18095 19454 7630 11906 12841 16710 25134
8346 13092 7641 20275 13786 15515 8691 5759 14210 16410 11471 14470 21500 11334 5856 15979 8895 11134 8686 16835 22541 11772 14731 5774 22205 25206
17019 16612 11657 16205 24519 12390 9568 16171 18052 16193 5096 13884 14437 12758 5788 7757 9051 10391 25720 17047 10860 11427 18249 15429 11146 26703
16161 3868 3553 21071 11364 19102 3924 3064 10114 16244 12784 14473 17317 10391 14609 20606 11246 10260 16062 17121 13761 19066 15535 12067 14783 19879
7941 16356 14985 17004 28594 11355 8759 10140 20133 14507 11133 15916 16790 13131 20543 13801 9108 13590 9172 17760 18741 11473 15183 12413 19355 14355
14462 9200 10686 24027 15361 14525 2660 15614 5791 14719 11748 22181 21692 11601 13565 11059 13572 11874 19185 16013 15351 10339 10947 19345 24153 25836
13501 10483 13234 19444 17597 18185 17357 7995 24852 14227 16302 16679 18811 13052 15664 13105 12854 11106 10804 18504 18405 14207 13360 13859 15436 24423
15107 13863 6938 11079 21358 16743 11237 11948 16639 19275 11977 23853 22085 9769 9631 17461 32218 15446 22683 16580 11214 20269 15070 17867 20264 13158
13113 10497 9521 20396 24452 18215 5972 10815 18653 15189 11777 21358 18297 11162 14083 17951 24074 4659 6918 19349 10512 13058 14811 6614 22191 11551
10165 25939 2349 22274 24400 21950 18975 6290 22808 17054 16335 21256 17002 6459 16426 12559 25618 15662 16444 13193 5171 14681 17110 11973 23267 11425
6259 19634 11990 21408 12577 15511 14969 7231 18794 22400 11606 19315 19101 10564 8461 14233 27159 9413 13672 17674 24622 14548 15227 20845 13118 21900
5703 24479 11013 20267 22514 18571 11908 16990 17385 17770 11561 23289 18079 10390 10999 14803 5613 15561 12863 14003 29669 15197 11039 6680 17258 28188
9410 15342 11269 17711 17713 12795 16240 9500 5651 16864 6107 19900 21426 13306 15826 19942 16341 12695 17679 16255 11076 19367 15237 20146 24597 15069
13551 15783 13114 13430 11380 10752 15358 17397 7072 18441 15230 13066 18579 10319 15598 15552 14049 10127 10192 15386 11108 11194 18941 22213 20551 22739
15251 22015 13955 17685 19403 14435 5510 13757 17411 17335 10265 16512 18098 11988 12778 7418 28633 12219 16511 15068 22411 17955 15836 13592 14591 8560
10937 15456 13163 14062 7485 12726 8897 14729 13352 17998 11874 19810 23439 12132 13007 9303 23756 13893 11115 16435 16451 17446 15623 6227 13526 24155
14624 16319 18022 19836 25112 14602 10266 14419 35617 16282 16438 18402 22667 7454 11634 13076 13340 15007 15113 12594 9640 14201 12971 11365 12816 15607
13997 12496 17623 17266 14825 18358 16839 13155 3075 17980 12944 22657 17070 10743 14336 17044 152 9521 15174 17190 19108 10692 15953 19770 22345 15943
6073 13794 15846 13934 12857 15191 3575 8490 22705 17285 14835 19953 19410 10731 15491 9624 14387 11025 10015 15246 21964 1546 19028 10068 22382 29116
11584 14381 10589 13553 10869 16122 11180 15658 30570 22332 9889 15811 21726 10556 12804 9083 9947 12077 10162 15115 9698 8526 16809 13187 24699 22634
12624 13257 21890 23464 19288 17503 21310 14675 26139 20155 10533 16489 18670 14697 16367 20318 13811 7123 13969 16575 12784 14155 16670 15293 22726 18239
16289 13929 11583 15255 19268 11945 18032 10147 17119 13292 11504 22115 12473 12760 9735 11620 18341 9391 15356 16109 24399 7894 16776 11213 15894 20562
11756 19264 15769 18401 14526 12553 19258 16244 29460 13437 14219 16899 12588 6846 7911 17084 14086 8843 15613 16976 15722 14847 15548 16955 19397 16572
12860 17570 21870 14857 12548 19710 11397 10364 15141 15026 14180 19606 18628 9488 6645 14070 13503 11205 8322 17165 21600 13605 15016 14933 23103 19722
9335 19273 13028 21682 16241 15316 6237 9570 22489 15757 14004 17328 14896 13056 11976 12787 8252 6737 19438 21599 15711 13084 16243 20651 21188 1271
6867 12268 7670 17848 19192 18095 3008 7630 26340 15690 5186 18610 15504 13250 16464 10427 8008 9166 14874 16069 14773 20874 11104 6532 13128 20053
11023 14659 9968 17229 26477 5961 16419 12160 27363 16023 15781 15560 15038 13673 5259 11792 29399 11700 3855 16318 14172 5082 17211 7520 19346 31692
13579 7702 13831 18136 20982 20159 11686 16100 25021 16313 9279 20626 19687 8763 12771 10051 10853 11272 11504 17888 22645 8259 13809 11954 14269 6693
10362 14102 15294 17944 17945 16275 13131 11395 23171 18374 13358 16004 19617 11030 7982 12312 11349 11427 15698 13647 17190 10035 14223 11340 22055 19190
10990 3958 7058 16515 12707 10811 15301 0 27746 20049 20174 14840 17109 10937 16682 13132 5929 11631 11424 20689 8858 12762 15093 7006 21854 17492
16354 17189 19817 18185 12334 16967 17012 10630 20175 16810 12110 13997 17358 14882 8410 10164 8521 8792 9832 19599 11772 3674 18809 14883 10079 13155
13907 6187 11526 15219 16238 13043 15611 8156 30991 14671 12091 19262 18029 12669 8218 17867 1164 12795 12554 13452 11924 13079 14036 8177 8881 24624
9503 13259 9148 21280 18012 20947 11524 6836 11808 16433 11773 16141 19856 10583 8608 19386 10157 13485 16782 17529 16556 10226 17397 11366 13078 30384
10272 6007 17264 22592 10455 10552 9820 19256 20892 17003 9434 17995 22075 10049 12107 2700 24141 6661 13045 16278 20213 18602 16228 14042 23965 21625
13138 4937 10081 15332 13980 16692 9417 6795 21154 16984 9554 13487 17559 10987 12772 14130 20328 12898 4920 15165 19288 7576 16845 13657 19106 28752
15867 25799 12962 23887 23149 14423 26572 11955 21166 13492 12864 13168 17054 9584 14545 11926 7649 9940 5845 19015 4880 16764 16529 6502 11443 15801
7898 15690 15516 20242 7967 21598 11220 12570 8709 19076 13160 18071 20606 7771 7769 17524 21036 8091 17666 17545 22107 14276 12473 9012 18404 14921
8160 13520 11606 21685 21477 13679 14669 8895 28422 16059 15871 19370 22880 9832 14950 12068 11258 10108 11786 14242 18072 16222 14468 14605 13947 27185
16452 16457 14818 21131 23506 12243 10921 5248 19692 13402 12990 17584 18037 12335 18552 21656 21764 9090 13501 18001 11135 10736 17544 9726 22623 16454
14337 12058 14194 17895 29364 17019 16890 7568 31421 11225 14487 16460 16817 16288 3841 7777 8938 10410 10969 16933 9923 13659 9376 19757 27630 17512
16982 14743 10679 21319 11556 12188 10598 6187 21853 14876 11800 18709 23708 8371 20624 12378 17312 9484 12561 15070 21023 12995 13613 10258 19042 9748
10272 14980 863 16243 15888 13702 18237 8910 15968 13282 13140 14684 18579 13997 21594 14307 15103 10481 14859 15782 13232 14825 9953 16684 12343 10811
17890 16592 15366 22430 21308 12085 5396 14318 0 17958 13208 14237 19920 10078 17428 8770 4634 12687 11423 14689 17012 17539 14641 21041 14409 23439
7573 16819 16119 30864 26495 21879 997 7090 15251 13679 6540 14984 12242 14086 4505 15587 9096 11597 13614 17730 11906 14703 12140 10941 21849 10214
11778 23082 9336 15535 20478 10696 13222 16689 24914 15741 9625 18224 20775 12172 16958 21165 13926 9675 12832 15865 14897 8762 14008 14851 12774 21828
8747 9955 3576 26905 26753 16470 20988 12466 17729 17942 9103 27601 20701 11968 16561 17122 19494 13697 14791 18776 15733 9469 14598 14191 11915 9350
16753 20062 12135 22208 13821 14675 7522 11980 21184 15976 11170 19770 18059 9263 9586 15596 14404 14249 17557 15020 12823 12278 10627 19404 19378 11341
14988 11391 7228 14619 12919 11848 23445 8981 23552 18886 9025 18692 24544 12972 16200 20550 9484 12615 15135 16476 29107 14415 9625 7810 14382 0
17007 25334 8081 23389 19470 13327 21067 12275 22229 13842 12952 18412 14423 9763 8972 17748 8015 10451 16269 20536 14618 15538 13885 14258 15785 16608
6020 16225 12205 18148 15188 6797 13107 14547 25306 11025 15905 21783 11689 8440 12799 5179 28645 15198 18360 17533 15393 9863 13499 20131 27362 28855
7789 11102 10882 16449 25170 16482 14488 9030 19751 20221 7183 14257 16812 11373 19475 21719 10123 12214 11107 20359 18442 11129 17667 21532 19274 11462
12038 12165 7251 19185 16509 18791 16079 12107 43757 18812 13684 15221 15684 10419 15823 12199 18866 14960 6516 13740 8567 6014 18297 15944 15058 25999
15641 15082 17447 22096 20106 13854 20816 19302 15144 19649 9116 14306 10638 12009 13457 6181 7638 11151 18323 16104 12461 8654 15748 8852 9027 29768
11298 12001 653 14685 11437 13935 10454 8870 24984 19749 14755 17240 13144 9270 10667 15311 10488 5645 7141 15772 22318 15380 18414 16410 21823 19687
14140 18387 12899 21658 13176 15329 16524 11135 21917 22517 12182 15160 18072 12357 9828 7077 13363 7097 9544 14272 18331 14601 17118 10116 13841 15175
10214 14602 16345 18477 13242 15735 20700 8368 28908 14153 9168 17888 26754 10768 12516 10270 6353 14549 8122 11034 19003 18868 15437 14421 21675 18193
15849 15074 10232 21772 22226 14595 16617 10750 19262 17647 12823 16447 16477 15598 8258 12480 11548 12077 11686 12288 13518 7012 14229 21052 22080 34124
12486 16646 4221 19429 23348 16053 19758 15981 5008 16613 14494 21145 18344 12027 5382 18172 24292 6669 13310 16287 20120 10171 16187 9932 24261 28187
16464 19817 8699 19600 15964 15547 20847 12027 25284 18151 11488 20611 21319 11526 15619 17961 6640 9602 17680 21354 17447 11517 14126 23789 22367 23615
14052 13150 16130 16147 13969 14126 16100 5117 24652 15824 8562 12769 14501 12376 19372 9514 11226 14596 8583 14167 6403 17882 14982 13465 22542 4985
14156 16166 12341 20633 13889 14772 7558 11999 25305 17363 18927 16154 22944 7939 19476 15523 11436 8842 13798 16524 24210 13928 14872 13185 13890 18234
7445 8502 7763 16576 21181 9927 12909 6194 22499 16501 11464 16391 22469 14459 11661 18077 14147 11461 13767 16181 33647 8759 13790 19147 8584 17462
10688 16323 13995 24325 13062 13546 23746 7621 31874 19039 7509 13333 23083 12478 11990 4953 23177 16860 14091 15823 15839 6988 15957 11103 15951 9190
14596 12241 6291 25541 10480 16012 18697 8381 22294 17441 13960 15773 14999 9811 16886 11771 18044 10429 8898 18799 17470 9428 14865 18269 19429 15514
8310 11570 16113 16315 23121 21047 14194 16996 4304 18402 10270 20601 20985 11003 18871 12491 11112 13878 8161 17215 18105 13588 17460 7493 25482 13615
10302 8785 17790 21519 14707 13071 27148 8619 40302 16652 11508 17414 16875 9673 6719 16300 27452 12484 11701 16138 14416 17134 12780 8634 22321 16102
11782 12326 14023 17656 12365 13164 8655 0 30022 15117 15287 17487 12270 11768 16047 14840 9024 11979 14888 15390 20455 10667 17679 14105 21028 33330
10202 14694 7101 21137 11390 13860 11015 5187 21397 16711 15961 17380 19113 11312 12849 24404 10713 15892 16117 12223 18878 10538 16815 10502 18788 8768
9331 23021 4828 13979 9821 15474 20848 13894 17866 16992 11655 15340 11683 8334 19232 20016 16201 7680 11730 16906 11718 13981 14015 3661 16274 14924
6183 9257 3856 23078 23038 14280 5502 9123 24635 16586 12231 16787 15451 7642 13479 14260 10913 11477 12387 17438 18494 19010 10027 14289 15392 21511
12180 16885 5832 17402 13686 8644 22754 8150 21616 17085 10256 19690 18730 8823 16534 6953 22999 7089 14716 11530 13504 5113 13297 13356 15129 24093
11284 6633 14828 20138 23315 14707 9594 13876 11862 10715 14617 15226 18589 5984 14922 11261 20895 17736 14130 18036 16409 15003 14315 14523 22719 30777
8603 379 20016 12817 21922 18232 20353 4793 31205 20983 12772 13241 23750 9092 8090 13084 9168 14069 13432 14727 20316 12215 17654 9539 12899 17780
8306 20730 16107 17613 26267 13024 15596 5999 18905 15668 14515 18291 19406 12797 12146 14179 19050 9399 15234 18399 23531 5466 14898 16291 16552 27317
11546 14469 10270 21816 20926 6703 13110 586 17631 17299 4178 14269 21944 11112 10480 23336 11642 11780 11209 15549 22398 13607 13583 16490 18342 15759
15540 11557 12858 19154 12542 16838 15315 9884 8800 16894 9424 20038 15027 11209 12402 8950 7689 11041 12227 17498 16031 13176 14152 16143 19365 23454
16398 13548 10136 14449 15516 18035 18933 4112 25246 15917 11661 17438 17610 13874 9558 7753 8767 14267 14853 14612 20857 9217 17880 10444 25377 8610
10780 20692 5932 15123 16541 10701 11733 9875 19795 20314 12247 18378 18526 9971 15149 13906 20344 18986 14488 14427 19532 9521 13461 22366 19645 22208
9724 18446 7707 22393 21457 7599 19917 8717 4513 16349 10511 19994 18851 13962 6028 17438 13430 10334 18871 13459 23248 16230 13842 9626 16880 17998
17966 23963 14232 19375 20876 17338 22525 14089 29495 15414 13640 18423 12652 12579 11632 4493 22035 9130 0 14399 27917 12884 15695 16502 18521 18289
11122 14576 16138 13354 27755 15844 27212 8336 21237 17001 10189 19822 19373 12522 10617 17456 33436 12973 13694 17379 16753 10138 21109 15966 28090 19656
10071 14026 14492 18996 18903 11384 18472 6968 23204 18730 20286 16457 10859 13108 6788 17160 11520 9705 11479 16272 16103 8017 12341 7217 24103 27330
12827 13845 5865 20794 14493 16690 25891 2441 20185 16624 8828 22147 16826 12114 14456 17096 14834 8990 3503 13320 18147 8888 14463 17819 17373 24677
13086 18407 10951 18435 11069 15260 13631 13470 31537 13284 10412 14393 17645 6670 13894 4446 11160 13556 25262 16654 29151 14939 16386 12556 20749 30382
8686 24127 7994 17550 14274 13219 22005 6681 24876 12479 9681 11576 16557 12592 17993 15732 12060 10411 9373 12574 13993 13382 15364 20890 4558 29171
10509 12992 19971 19617 16671 14021 10182 9752 24481 12200 12600 15979 20688 8355 10211 13547 11772 10479 8894 15102 26375 10117 17035 9710 17010 13325
7570 18785 9160 25964 19104 13525 18790 11178 16639 16185 16053 21883 19738 10017 20030 3712 13027 12779 17058 17096 18994 9662 13049 17102 16624 34936
13935 3958 9403 20769 21117 19276 17537 15274 12193 14335 11952 12925 16264 15162 16762 15303 17431 8051 15001 19654 12908 8960 14493 12649 16172 15878
4043 24992 5311 21354 26284 12125 14932 4131 27827 13715 11540 17404 21849 8615 9837 13057 21321 12907 7254 18717 10230 15840 16042 18126 7123 22232
8473 17941 14437 23910 0 16964 16956 15877 30797 17969 13709 15000 15458 9966 16688 11855 10673 10921 6467 17402 26517 12930 14063 20235 12825 12438
12307 12388 14093 19425 17220 18001 6991 9876 9495 15206 10500 17605 19740 10989 14109 12967 13514 11919 22099 14308 10508 13715 13654 13692 23062 11369
11016 16154 14915 20624 18724 12396 17603 12303 9410 11078 14627 20892 16978 11061 15936 12812 12338 10564 15119 16941 21108 16237 14156 16153 19584 21900
10517 22043 7555 20867 18220 12151 18565 11974 40732 17480 11644 18961 18069 9788 19917 11865 14459 11561 16300 18714 19094 17805 19320 20807 20396 22782
10195 14756 8286 17801 14235 14519 8734 13127 24849 16982 14202 15016 17530 8969 1205 18286 12267 6109 7368 16481 10973 12498 16034 10113 19305 14193
16770 27016 10311 16536 9146 16631 19199 8741 20994 17480 10572 18284 10763 8608 12244 21593 11233 10690 15604 18389 9820 11525 14194 10732 16443 29322
12527 12013 13086 20711 15370 11099 21024 13758 25046 13613 12844 17259 16691 10972 8147 17088 14223 13464 7277 19949 8412 14661 13257 5224 16153 16066
13378 2906 7731 10774 25848 15493 9625 5134 17038 16663 10351 16887 20656 16105 20053 9392 15247 12877 11015 14126 8733 13900 13306 15935 11932 20360
10098 13184 12185 18036 16101 15471 6911 13085 36149 13752 12348 20881 11678 10265 9619 18992 3585 9718 16186 18449 11546 11663 18857 14149 12771 14748
15637 14872 10731 18922 16904 13859 13728 7257 25896 14073 15326 17525 14524 11035 11610 16726 21687 11294 17073 16951 8636 12401 17939 15587 15714 16336
10900 17461 9730 18857 24950 17113 7870 3903 32584 15944 7628 18047 17960 8531 13457 9601 12009 10113 15559 20797 11652 10567 15762 10278 6220 7256
13871 13053 11074 22810 22267 16871 10459 4696 15030 18686 10302 18667 16013 11707 5794 9729 4616 7793 8675 17728 21874 10540 14276 20478 26263 11147
7688 16113 12545 20930 17277 13931 17190 7238 19377 20582 8071 19898 16979 13106 13513 10418 19835 11443 18814 19079 12559 7940 14925 7160 10021 15205
20874 7375 10127 22752 15562 17375 13062 11651 15827 17617 10591 23017 18498 13491 17336 12626 25595 14638 17865 18475 23199 13690 13964 11589 22453 9683
10459 15610 15893 19560 18501 18874 14223 13954 18190 15876 8832 19057 19110 12070 20961 11816 19551 13777 9217 15143 19891 19559 12644 13850 18558 26818
14440 18317 7650 22661 22687 14750 14168 15683 14148 18262 7149 19981 14018 13412 11682 16983 7635 12923 13697 14165 19327 19177 12878 8413 14264 2861
16317 26395 8130 21265 16629 19558 16467 8647 10584 16093 10857 16234 21966 9051 10097 10114 15590 10738 15994 14161 14319 19422 17349 12465 17848 17344
17151 24758 7439 18313 21068 16314 24170 12394 17811 17813 9883 19585 17421 5154 5020 14769 9716 14133 10513 17738 10644 13914 11555 7054 20501 14008
15327 17231 7776 20554 24930 19091 26694 11707 22060 13441 7203 16584 17760 13047 0 7037 17073 16938 11841 14950 24015 14178 15622 6716 15935 16410
10782 19091 10962 18409 11242 20845 8258 15005 0 14884 10523 17229 15619 11656 12058 14453 15000 10950 12750 14230 24740 19692 11355 16288 22477 15317
10509 13637 10464 18605 20868 13320 10317 4114 29032 19111 9849 13979 20079 9337 21393 12459 20570 16282 12290 19194 20378 18072 14234 12093 27836 14241
12989 22940 3737 18609 19394 11333 21242 8128 31434 18552 10702 17484 13742 11971 12143 10326 20348 9847 15425 18043 14695 10024 15976 18701 24944 22468
12562 9438 9461 23133 14665 10189 22494 0 18964 12882 8552 20852 19880 7458 9832 9822 18752 13530 14805 14757 16285 12668 11922 17930 15325 11589
16283 16350 10577 20277 21010 17651 17914 3110 10929 18677 14871 17828 20252 10489 14530 22951 9892 9357 8237 13686 19618 10830 18719 12049 26083 24426
14476 19868 2752 19065 19418 13745 8881 13862 14584 20467 14027 13913 18024 12505 10569 9628 4636 14560 13025 13446 15011 12318 15184 6387 19176 17931
8424 21178 9942 22419 14946 16181 10385 3823 33522 15985 6823 8548 20948 14850 11840 16455 20782 12052 8070 14851 27999 17179 15010 7682 21565 18073
14517 7471 20671 17339 19861 12284 16844 6671 27302 12186 5223 18392 16934 11713 21419 10046 10745 16080 14287 18547 12360 11379 15525 15529 14916 26940
9868 23560 13802 17141 26811 11970 10556 12772 3971 16530 7995 20482 13638 13958 8031 6469 19267 12543 5713 14733 19777 13362 15099 12423 19268 26575
8055 21995 14646 20410 31017 14477 6629 1632 19111 17337 12056 18492 18208 11208 6288 17525 13680 11800 10934 18359 10324 4577 11549 14372 24164 12876
13479 20071 5299 16467 18485 14403 18787 15842 25080 18288 9953 16750 24803 10879 6814 19343 10238 9693 4210 18066 15266 14971 13924 12292 23407 7949
13510 15401 10234 23650 16901 8613 9873 14341 21653 15860 9668 17179 8080 6482 12525 19850 3536 11554 8177 14535 12892 5990 16064 18105 23150 18448
11775 17028 5002 17236 22082 7767 2862 10380 30634 18511 14016 17528 14463 9887 8961 16983 9479 7131 10371 18164 18879 16177 13339 19718 9998 21802
13792 18236 10174 21827 28114 15301 15520 11951 13723 16867 14282 17709 23355 8772 8690 15347 17409 11083 15270 18039 14399 12585 15687 3840 19271 17374
9614 10535 10213 19655 9277 11524 14821 13346 18547 16804 12272 16964 8404 10390 15297 18851 23689 9291 9057 17607 19723 15350 12615 20544 19856 17145
10065 31885 11640 17274 11886 11695 1515 5854 15278 16046 13288 18200 23517 9636 11005 7411 1742 9104 17027 13009 14045 15099 16569 22536 18436 11921
16348 6874 14192 18838 12108 17119 22669 12618 15080 14555 10815 16537 17064 8134 7879 18094 24960 12089 12985 11448 15790 6241 13160 17944 22220 36355
12457 23013 1486 14274 19951 15003 14458 7903 25308 16861 8251 16535 14027 12289 16381 13823 13413 11019 15142 13502 20048 10540 18282 12949 7050 9882
11630 13448 12846 26575 19621 16087 19039 12720 12765 16713 10340 22421 21317 10497 9124 5869 4763 13196 13749 16179 21712 12492 14527 12434 22197 16250
11231 8550 17809 19592 20691 9541 10674 7838 19797 12876 12975 17469 18524 9051 13407 16820 20973 14710 27077 18853 20450 16870 13763 10999 18210 26637
14556 15218 19960 16523 13950 20725 9774 12601 34504 20421 8214 19979 12512 13584 12971 8980 20613 14370 11460 15836 22586 10693 15221 15913 13833 21879
14415 17287 21584 19373 23071 13554 16740 11079 17180 16101 11802 21902 18609 13806 18330 9339 16714 10316 8773 15366 15589 5128 13866 9589 23540 26911
18899 18943 16141 20449 18317 15192 6814 13106 15190 17707 14029 12864 16933 14598 6900 15161 3870 10362 18798 13695 17916 18915 14627 17765 18609 13905
16078 32606 10316 17490 27244 21038 20622 10482 20473 17444 15906 13608 20504 9440 11609 15024 11683 10923 10770 13331 8296 23648 15158 17752 12903 12668
10395 22281 13859 18523 23419 15468 17798 13692 19161 16399 9507 21274 15746 11066 8448 22048 15426 18034 4580 18071 12152 16451 15559 15140 10417 4031
19531 18571 9750 20440 9769 16945 11136 5230 35018 15082 10104 16090 21865 9073 11524 16307 40690 12716 6491 21132 21244 5719 18072 9702 15091 13922
12596 14713 8818 19253 21057 13274 5065 13362 20733 19482 9573 19050 12426 13637 12184 11541 11563 13935 10109 14024 14169 15629 13900 19391 20163 21869
5966 8256 13112 10603 15373 11844 5908 11914 23474 17235 13555 16884 20384 11618 11197 10892 15362 4235 14314 18288 14858 15192 15561 13128 18088 6453
10536 12605 8599 18770 11159 13532 11607 13517 16956 17684 13344 18675 15822 11435 11281 18613 14928 15496 14252 9930 8766 16068 15371 11068 25907 23475
8098 18328 13553 17076 23393 11803 10542 17209 29309 15765 14097 17677 15928 10592 10510 9914 9912 11276 10832 13834 16699 9333 11293 12065 19246 36175
9238 10280 14974 17147 28118 14995 10401 12339 25786 15928 10518 17848 19111 13292 8366 12020 2740 15766 4713 15334 10487 13178 13351 4011 26218 28280
14244 11723 14101 14569 35440 12646 18996 8486 14672 13475 14675 24042 23909 9909 13921 5822 20503 12166 21088 16317 26349 11264 17075 868 18006 14190
17824 18213 8679 21238 11423 14760 16485 14519 21940 16980 12251 16715 14511 13159 24669 14234 9397 11378 10256 15380 14902 17801 16184 18554 14801 10262
12171 17540 16068 20574 19548 19113 11723 1332 21731 19258 10624 23076 12294 10415 17977 8824 12706 11242 683 18157 21587 17043 16159 14284 14118 11117
13166 21499 10701 22903 6216 11952 15915 2149 24641 17466 14338 15441 15486 9832 19289 11707 6748 11985 22085 18329 14911 16119 14852 8988 16835 26826
10569 13292 11287 19995 11600 7868 9557 15827 24690 16707 8874 21549 17885 7377 15085 10719 8950 16687 8826 14244 16840 15010 14844 18033 13683 14660
10181 21709 15465 18448 17936 16516 14325 11981 14118 13865 9339 21514 21194 12016 14977 18115 14704 14695 8987 15297 27039 7454 13425 18090 18043 18950
12254 18843 17453 21494 24837 14748 20103 7443 13626 17434 11826 17978 19703 11445 11127 16219 9032 13574 16202 14729 5704 13503 13865 12278 15629 13388
7180 21503 15622 23841 23124 17072 16834 12199 22895 14919 10395 15179 17736 13711 16986 12629 14395 15325 8449 16581 14858 17042 15043 15921 18842 5038
13833 6240 12730 16119 7759 16451 25860 13351 19106 17388 9294 21699 19411 14363 9914 18389 23201 12544 17891 17072 19699 9950 16570 16433 15808 26416
7863 17682 19069 22031 18641 10828 14998 19433 12777 16332 12247 18157 22229 6688 12017 12675 12578 12835 13201 16043 22931 8279 14502 10502 19972 10997
10704 21700 18191 18403 8233 13861 22644 11530 24744 19788 9890 19359 16949 11582 13561 12314 22967 13541 15668 17296 23838 13489 13948 13501 18827 25772
12101 18060 10905 19043 12270 18705 10220 2904 38340 20505 16399 15690 18253 6146 11665 16385 6368 12030 12903 12889 14345 9114 16029 10817 11961 7336
10955 20626 15819 19986 10880 17488 8761 5606 21443 14493 14462 18918 17487 10693 11932 8235 17671 8259 16182 17610 17947 13572 14685 17699 23452 25825
12885 24496 13213 17107 5989 16380 8629 16435 11217 16471 13633 18818 15208 6788 18257 12025 225 13324 659 17329 19135 16710 15577 25618 18106 19639
12775 5747 12964 11558 15735 12761 15604 14046 32860 15615 5607 20185 19849 8964 9634 17251 7248 12604 12089 13722 18200 12451 15771 8017 18694 24802
15367 9719 14880 17699 18935 13439 13810 7764 10055 15497 11316 13533 17942 10846 16194 16674 23570 15881 15637 16644 19645 20049 16022 18221 17163 20777
11864 16734 7300 20196 22891 9261 9923 16506 32147 19175 9640 19984 16144 8403 13962 12323 13925 9848 10420 17357 19541 9766 14157 9360 16975 17557
16182 7323 5228 21229 14495 10350 9519 11489 21501 16838 12093 17907 18131 15338 13183 11436 19419 15559 12335 19402 8272 10900 15091 17921 26058 28179
10625 7390 11214 17962 17238 12933 4821 17025 12388 15897 12743 17429 16776 11801 14599 12411 16007 11612 7946 16515 24036 20201 15626 11779 34523 12533
13905 13890 9560 21782 22592 15451 8832 13647 16970 14974 12512 14791 21509 14427 11749 11026 8575 12336 13115 15755 18603 17746 14386 7259 13315 27142
13600 17561 9427 15403 20773 16010 17913 11241 31328 19398 13903 17199 14205 8227 10872 17772 30306 12935 10919 17960 14147 12391 14754 14085 22643 16904
7266 16257 17869 18017 17768 13976 17172 8849 34456 16904 10048 20288 13820 14437 9227 16497 9856 7007 16294 17128 17720 15697 14654 23199 21046 26113
9035 9694 17912 17442 13554 20679 13299 7020 16314 16006 9760 11767 19920 9427 14253 15125 23052 11940 16526 15712 13309 13030 15090 15750 11305 12009
9584 19146 7972 21994 3301 14590 19506 10492 43723 16084 10497 18259 14779 9208 12573 17116 22705 10418 13516 18361 21641 17685 16730 11920 17076 16771
7787 18559 11272 18354 19278 12871 7982 7420 22689 14766 7327 16716 11575 15655 16758 16194 17840 13867 10510 19641 15467 13565 13123 15193 20266 26098
9852 11852 13411 21951 22821 10837 14427 19187 9771 16397 7136 12850 19976 12770 15918 15440 16183 13650 8913 19102 17066 13378 16290 8010 23885 23379
10732 15067 3879 14861 15791 16723 11964 15023 28394 15054 8662 19297 16967 15315 11597 7718 27709 13845 17371 14597 8989 16259 12625 16728 27171 21590
11680 13147 14018 16852 16298 13215 8453 7679 23863 19611 11570 16648 21054 11492 15506 14613 19208 8638 8996 18618 10219 12226 15360 16173 25466 14733
15769 16350 9466 14707 18480 18047 13875 3888 17960 15171 11368 15145 20295 11293 12301 10080 7434 11607 8531 19164 18697 3849 12043 16607 10004 32967
14835 12936 15702 15328 23068 13233 12238 11119 22472 13414 10731 24470 12789 12979 12569 18523 25218 10799 20974 17795 8582 16670 13550 16732 21695 20390
10928 15042 12652 24159 13702 13174 14083 8957 5393 16681 11983 20583 17721 8737 17956 7708 15040 13473 6884 17760 6044 7264 14082 19797 22117 18825
14361 9583 9351 12446 17941 15369 15537 7416 11168 17068 9303 12413 31753 10225 7522 14985 5436 14464 12385 15569 8364 17430 13113 11168 25428 17215
11350 15490 10707 25794 16301 10597 18148 8778 23630 17485 11919 20719 18424 10197 10045 11592 4012 9357 11435 16272 13231 22975 13138 10760 21703 18003
15140 21474 8210 16302 22974 11932 15006 6217 18205 15625 9074 12253 23471 10238 11996 12589 13861 9626 13002 13245 28857 8303 18005 12527 29439 19917
9436 4757 12070 20227 24996 18835 27796 8701 20218 20049 12419 16758 9249 13011 12261 7724 9006 12849 13657 15824 10605 5587 12862 11446 18096 30059
15234 13471 10843 14228 15293 15387 24799 7008 21947 16394 12620 16242 16488 9876 14608 7985 2454 15401 11352 16042 7324 12931 11073 8201 12556 13799
16531 8215 11926 18213 12836 17660 11765 8399 24287 16665 9879 16589 18377 6061 5521 13168 10300 11564 16988 13063 13385 10816 13079 11013 14658 27647
7279 11991 17271 19547 19382 19677 18835 8519 41535 16090 10864 18620 22356 11577 10343 6070 19754 9552 6186 17742 16648 16655 18620 14775 10732 7413
15261 6015 6665 18610 19167 14340 30057 8732 13641 15966 8845 21094 15858 6904 16521 14150 27629 12918 7389 16246 22529 18429 10890 21415 18032 19000
13074 18172 10334 17953 8456 18554 10348 9544 27433 15500 15322 21950 22692 6282 15559 11872 9836 10952 16686 16653 25775 16898 14718 8423 14990 12690
10499 19310 12259 17827 17265 12748 15669 8567 10754 13357 15378 15724 25942 12433 22731 17051 20104 13499 6569 17410 2143 15522 13428 0 11680 21261
13197 10385 12157 16933 18773 15279 6077 15316 25431 21506 12180 12793 22890 13636 13940 10494 16129 13619 3217 17603 16169 18809 17052 12678 21290 31279
7104 12769 13920 21105 24712 10482 15862 15656 14110 12984 15126 14599 18387 10643 6807 14291 8431 12829 9274 13095 14959 5072 14929 10766 16650 229
