365
23 55 59 33 69 72 15 47 78 73 53 30 88 1 70 87 70 68 10 16 13 99 94 53 80 1
20697 18745 21695 5458 15944 5499 19055 16573 10372 22347 9764 11529 2474 17244 14966 21668 19034 24737 14559 14040 5520 14573 17051 11655 7520 10312
11502 20138 20846 8463 15432 11934 23528 18030 24966 19259 5235 13031 9713 6571 13891 21176 18636 17889 16439 19325 12871 13049 20979 11811 11825 9267
7924 15999 26721 5104 4141 3898 5822 14327 14388 23730 24347 13022 16433 15155 17303 17062 21012 20693 21363 25378 12642 10736 16463 21282 11821 10444
8896 16824 18591 12192 17397 9971 14650 16555 19655 24616 19266 12081 13782 12561 16192 10846 19312 21159 16862 18525 9825 20099 8930 8646 14298 11301
4707 14732 23582 6324 14595 12772 8118 13498 13840 13347 269 10205 7754 8671 17911 19457 15410 16206 13108 21622 11786 17804 17883 20322 9896 12872
2739 16947 20728 15584 14605 11700 9253 15368 16342 20413 7311 16939 20262 10279 20962 11576 20965 22160 13553 12189 5869 15772 16905 16883 14102 12472
14245 23098 19944 15277 1914 10773 5973 17744 26611 12200 14273 7961 13091 10402 15507 19108 15456 18425 10479 17827 8810 21563 10722 6706 21473 7186
2642 16798 22116 20074 16948 12386 19773 15639 24226 17446 6911 0 12854 13262 14623 16975 22099 17973 14284 9198 13410 17003 12109 8355 18317 9697
12047 19104 18153 19500 9602 14734 12296 18753 15057 20087 17541 9680 13788 10524 21186 18898 18771 18388 12881 17512 11423 10786 20473 16720 11267 6947
9739 19894 14430 17879 12884 9260 13800 18038 14645 14470 16937 11626 6535 19083 10670 24763 16144 20501 4772 13992 3288 8410 16249 15608 17529 12367
28112 14280 16519 7453 16300 14906 8019 17001 15694 20249 7777 5240 11473 6024 11869 12248 24542 21021 22165 20372 15105 13915 17628 8743 12898 10545
20468 18202 10071 11054 8704 12083 8228 13578 14423 17872 7597 16189 19577 14186 32220 20986 12172 18588 15908 12209 11096 9183 16156 23142 5489 8493
8840 17401 21747 17746 12914 10904 10979 15748 20166 12769 19306 7608 6349 16046 15006 14809 21904 20166 14870 18087 12062 15465 21511 20349 27465 2418
0 18994 11301 7450 10839 6235 15533 16498 19289 15290 6335 0 16525 13525 24565 17850 20925 18548 14472 18454 6509 11747 18588 15581 10965 12673
15122 15744 20190 10548 14295 8099 19820 18466 18046 11296 11248 4562 4198 11137 21332 24854 15098 22222 16516 21342 9932 21077 15785 19420 15550 9557
0 16061 17740 18226 17733 12191 9709 15520 20942 16384 12306 20296 5341 8039 13634 34838 19939 15078 24208 14917 15961 14965 18094 5089 18352 10911
7752 21883 19575 19949 14342 18032 17403 15723 32816 12425 10948 17594 22597 16602 24622 8471 20018 18047 10778 21413 6445 13757 9502 14750 16351 11257
6336 20952 24595 10562 10463 9951 13513 17600 11099 15475 13342 27277 5212 8579 19578 4857 15043 20364 13841 22954 8400 7524 14838 17160 17056 10195
12820 16049 20160 20399 16260 5348 19403 12741 3233 13760 9769 13200 17946 16727 16025 21855 15731 27681 13283 18979 8500 15307 21963 15858 13700 10799
14916 17474 16940 13996 10667 10977 15282 15598 22981 9795 19656 8941 9817 12186 20151 12254 19059 22182 17891 11579 15645 15314 16878 14802 13238 7961
6272 17084 21243 16401 17604 8085 12002 12721 24284 16012 18390 15483 7146 15427 12572 31181 15700 16163 19194 23474 11229 19069 14198 20388 764 8016
13921 18986 20835 15591 5985 13208 7104 12513 13932 19598 2540 15290 13917 13963 19307 5983 17496 17333 10594 20142 9134 19099 19946 11082 16865 7792
6826 16210 17355 11169 15258 10372 10430 14758 5487 13700 9578 16825 20194 14451 19236 15892 15266 15155 10306 21507 10437 11467 16584 7111 11482 10432
4491 16200 22408 17394 12836 3925 12407 16525 6723 18680 4659 13538 7283 13524 17375 23055 18273 26786 19183 15316 11337 17241 20234 14428 12490 9077
4284 16121 20078 18151 18517 11165 19291 12033 22132 21427 5316 10763 10597 10066 30909 26041 15335 20929 14222 25588 16261 17305 11755 5573 8247 10813
11710 15947 23990 11411 11920 16750 18679 14242 22676 13321 5138 4621 17888 14618 19917 27445 16998 21516 17634 14655 10802 19106 18747 9151 4760 11297
22850 18068 23963 21876 10959 16538 16451 13095 22569 19400 6210 11317 9972 15548 14683 12734 12221 18972 23753 27215 8248 11645 27396 10146 9869 11034
12616 20710 21617 31480 11458 12259 16874 14313 22205 19480 15603 6284 20571 17580 14291 21414 18214 16004 17621 14793 7374 9365 20113 20924 17668 11675
3866 19964 24226 14311 14394 7034 13140 13939 16393 15187 11382 12740 3724 9747 20228 14618 16352 14750 4370 14694 9052 12785 15714 13326 3191 13201
15502 16434 24065 16163 17979 15045 9559 18333 24834 24034 20251 19943 8657 12117 25308 9634 18767 19099 7255 15667 10333 9196 12770 17584 13884 11684
4258 12912 16513 9836 15951 12010 6470 15172 6849 16550 6867 173 0 10065 20969 23779 19691 19017 14928 24638 12205 12846 22551 9731 9277 8500
7137 16538 22466 12915 17877 10557 18130 14274 21891 14479 6859 9693 6314 12913 30124 28898 21031 20537 8130 21090 10216 11258 23568 9332 15736 9879
5010 16013 25086 15367 17007 10739 10133 16288 15106 18814 8283 6002 11469 13368 21757 12467 17478 17887 15300 20376 10073 11150 14156 0 11753 10482
13202 19419 15638 13385 24484 9534 16184 12838 13499 19019 5483 17780 10991 15399 19823 4511 23212 17685 23140 14989 11095 15129 12891 21096 8049 14007
16843 16430 17592 11737 14778 8734 11455 16768 15442 18782 3391 15508 13562 7848 19264 18404 15557 21883 14494 29837 12904 11682 12851 16706 13685 8139
12013 18653 21493 3160 13522 10448 8943 18834 32411 18478 22019 14831 13418 14220 13019 15054 16796 26145 13932 23620 12091 23452 17999 22646 5603 13241
9448 16737 23936 16547 12224 7957 20525 16401 23500 19861 1154 5333 313 15756 29306 21594 15279 23605 8796 13281 14242 20860 18459 6574 9182 7919
9791 20486 14399 12968 8614 7051 13920 17097 22371 26170 9767 11980 14263 14599 26277 8722 16103 17032 13946 27644 16692 11604 20792 22735 0 9002
10647 15972 18972 18980 22809 10624 15618 14793 25649 14770 14349 12635 12336 13634 20814 16840 19446 26438 15488 15921 10972 9034 14787 23053 20454 11219
17961 16818 19251 23478 15686 13322 135 15508 15497 17502 30264 13811 5976 13559 18807 16586 15823 19855 2822 16312 6122 11077 7340 15079 12058 9697
13670 18864 21622 8649 20586 7253 8049 15056 16618 10414 17298 14206 9042 10573 24129 24457 13312 20390 18022 9014 4844 12396 20326 24491 9022 9766
15554 18698 16372 9476 12152 12204 20765 10629 25337 15679 8930 13031 9298 14557 18925 14360 17061 20390 7466 17966 9348 20069 9740 7811 11562 10842
9072 16707 18765 7910 20172 6641 10313 15326 17217 18491 0 15380 11725 11814 26785 20953 16521 24843 5866 17067 10773 24442 16326 16425 9961 9532
16844 14272 20126 4425 19379 4815 11668 14072 15621 24412 10260 15125 11875 12578 21800 14773 17371 24462 14623 22207 5865 19340 6422 21389 13653 6238
18793 18967 27009 8537 19505 7150 18495 17817 1768 18644 5645 16040 9373 11167 22031 26280 14483 18482 11782 21525 14353 13433 12424 9288 18462 8290
10923 17425 21428 5085 9182 13662 20994 19369 11401 15884 8840 7446 5616 8251 20358 11156 19926 21375 10689 15185 13997 14033 13243 15284 13447 10002
12901 17469 26528 14235 11557 16606 20802 15845 16225 13806 20614 6993 2116 8143 18471 17435 18914 20821 12462 11756 8394 16876 21129 10873 13182 10666
0 15937 24165 17458 17104 17418 12557 16376 27760 17735 0 17116 27616 14141 29288 29441 17048 14172 24885 13773 13261 18486 17982 9956 508 13945
13967 19851 23255 27591 11861 11024 16665 17422 17781 23070 20387 8837 7214 13210 19030 3655 16648 17693 3403 21650 17797 16863 16318 0 14261 9630
12681 17496 21840 27659 19596 8967 8187 13422 18732 13729 0 10861 0 8374 23831 4686 19470 16450 18114 19346 12520 17969 15650 6636 13559 6411
16616 16655 16358 14384 18419 14023 7081 17472 23850 15790 3382 22134 17064 15696 23779 5450 22266 14478 17170 27124 10741 2731 14626 18200 634 9647
4242 14376 19476 13028 5251 10392 19913 19673 21257 21992 9706 16143 18833 9580 16065 27132 14903 22146 5067 25484 13617 9562 16368 5766 8769 8273
16398 17674 17504 16428 11159 10876 11201 12132 30339 20341 0 10023 14817 14885 19444 29795 17226 22275 6815 17979 17317 12665 19562 21377 11526 10359
9548 15769 19077 10902 19077 15283 16707 14882 28451 19160 10731 14237 13146 5184 13476 28019 21241 21771 12007 18642 8764 11553 15936 23743 17361 9528
18258 17872 19758 16648 10261 8025 9411 21629 9927 17756 13898 11842 9467 6424 26653 7710 15696 20798 16937 11163 6119 11828 19767 12601 9615 11391
10908 17213 16231 15273 17730 11039 15634 17580 14564 17239 8870 14359 9000 13766 24123 24523 13884 19232 17537 22986 6480 18304 20964 12809 10211 7290
13883 15098 15576 21529 19761 9358 25965 16260 19690 21602 4282 9979 7384 14120 23349 9470 15584 14225 22120 15775 14280 12555 19180 15131 9458 9497
5773 16076 17224 5076 14486 14168 12553 15410 23762 22346 15147 9465 15956 9465 21224 18184 16903 21977 17902 21721 13813 15512 19306 1192 0 10643
7073 17415 19304 6003 24918 11412 13061 16978 22706 10662 18935 9180 15904 17537 29324 25174 16799 21315 19067 20705 14278 17518 13371 22367 4268 6798
13436 13872 21238 0 12532 15061 22915 18570 19413 17352 7639 18758 11909 13121 27636 11598 15440 18921 7172 22699 13861 14161 21193 6784 9158 12371
12725 18110 18572 0 11922 12956 4501 14897 12817 16609 4705 4364 3902 11593 22017 36487 13106 19400 14113 29011 10555 10295 7161 15123 16632 8530
7001 16628 13408 26322 18938 2397 25033 16640 8497 17161 25630 14529 9032 16256 18497 15055 18012 24328 15772 18581 14685 9804 14825 19092 8363 13766
12022 15855 20882 18871 17535 16321 11209 20108 18101 15313 17790 21250 10898 19858 18665 13284 17062 16730 14549 20130 11386 9119 15159 9354 2956 11515
9064 16062 15282 8317 25618 10238 12136 14543 16544 18603 15382 11823 8946 11746 14959 19287 16370 24493 19756 11222 12015 10676 15081 14733 15797 9536
16118 19955 12896 25273 16534 8686 10236 19981 20509 21679 0 23437 13048 13756 23695 24891 22312 17590 14067 23093 6310 14388 12748 10776 18358 11165
10377 16748 18594 27270 10324 5198 5418 16191 11539 15575 24098 8572 10275 8699 27317 13288 17292 20251 11976 10588 11367 16820 10821 10248 11211 7786
14804 16566 20150 28560 14657 11541 25014 13677 24623 19545 14931 10282 19145 9140 19172 20611 16565 22506 19472 10617 5066 7772 16130 22577 18296 12632
5044 16191 23959 12614 16983 8903 15810 18554 12907 17464 3056 9481 13028 10166 15942 22485 20288 24078 9003 20847 7143 15766 19082 10606 14732 10919
13410 17656 15876 7022 14027 6405 12003 16655 24703 9646 10319 15549 5360 15113 20139 29095 19242 18872 13347 2043 10559 11009 7729 13533 6207 12797
10997 17946 21978 24411 8001 11717 18024 18902 18136 13343 13272 12280 9310 17025 19047 24663 21023 18797 13929 24927 10717 12057 16568 15151 10675 9300
18072 13668 21364 22668 14251 9924 10286 18528 21138 10990 0 12084 11071 12693 24492 11836 17298 19452 14113 23424 9249 20519 20541 12164 11120 9084
22889 16346 20991 15235 21637 5610 7624 19528 13733 16968 12481 17272 11606 12784 16254 8749 14209 20681 23448 15247 13980 15602 15689 16200 15720 7152
10126 16119 18311 7972 13721 11286 13700 17585 19107 29056 6466 13415 4347 13817 14132 17741 16869 22186 19674 25910 7772 18994 22043 11521 13246 7718
11622 16349 25587 17749 23417 12456 2549 14734 27005 17843 5315 10193 18755 20946 16211 18263 18427 16666 19205 22804 9943 10174 21409 11007 21885 12221
14213 20566 19666 16175 15483 19467 14410 17572 14922 10389 24375 13481 9189 13443 26442 28961 20137 20071 8512 11628 7147 6075 19288 36092 15520 11022
0 20213 14484 681 18743 8000 8983 17778 14481 17825 14064 13575 0 11344 12772 2679 18341 19040 14762 12837 8645 12151 17045 20119 15116 10597
12107 15716 22033 15997 9460 10043 16205 15422 17241 12618 16530 5295 21771 15024 14119 24478 14841 21938 20356 13873 7875 14195 16588 13946 16137 12843
13798 16722 14458 23150 17010 6862 10692 15381 18645 19489 19118 18996 8166 11436 23717 25245 21753 25493 21132 17154 6173 15224 18232 26261 9613 14073
13496 16548 22866 0 8494 8759 19335 17155 15265 17150 7740 14253 5577 13577 19325 15790 18787 22003 9869 21157 6382 12768 25626 12046 21238 6938
3173 17071 17528 10126 15301 11477 14567 16021 19719 19125 8475 10441 5566 9410 26090 23800 21994 19840 15773 18702 5380 19410 17784 16085 9656 9351
18823 18624 14297 11428 26011 15191 23018 11417 21271 28423 14074 4485 8922 10499 20724 3097 16634 20747 13968 16083 12118 16225 14088 23956 11876 12022
12701 17559 11177 8524 14261 8285 21870 18616 18342 26752 8692 6072 11504 14512 16487 17821 10849 17688 9999 21540 8559 16919 18181 15293 17764 12032
17624 19767 26353 20307 10373 11772 17878 16264 17468 17996 8815 13735 10103 13771 28315 26156 17636 17229 14677 17218 9795 10518 5478 21420 18177 9842
7862 21828 24411 989 20305 6310 9250 17832 25628 16512 24673 6671 12129 15785 17895 13708 12142 18200 15923 25189 9115 17109 11443 11018 4499 11681
14722 17375 18396 21049 21684 8608 11798 18597 15620 22549 27476 15236 18329 13081 18637 12315 16321 20405 14226 16824 6369 15288 9597 26057 10945 14528
8725 20133 25564 17669 18458 15593 21762 16405 28438 17228 19001 11692 1661 17397 13993 819 20013 23439 17559 13524 4521 5209 9959 2127 8158 10897
14295 21051 22902 27515 11883 9506 15284 18572 12500 10473 15070 6663 13885 9433 24293 27962 17802 19687 15174 21908 8335 10690 22552 10257 13586 13489
26548 17649 21014 7238 7599 8553 23126 22328 18600 21220 2692 19425 16597 9012 29281 22527 15011 20610 25970 22067 10349 11122 15655 13964 17067 13785
4012 18128 18841 14680 23417 14347 15130 15126 23748 21097 7445 4563 14909 18578 19180 20024 16306 17695 10283 22882 11251 15450 15362 8289 14653 6546
11040 17250 23675 11898 20394 18230 21325 17364 23154 17495 25507 4441 15869 13836 19825 34074 17701 23369 1664 18627 10769 10019 18023 20326 7998 6265
7467 17522 18208 13262 11016 9949 16529 17830 26120 8368 15042 0 14658 8263 20542 10045 20531 25815 14271 14379 9832 10404 23788 20068 11420 11349
16451 17669 19653 20972 15609 5896 19041 15949 13190 16783 16611 9813 16053 13956 15365 26557 17711 18832 13027 24882 6204 22535 14344 10362 10211 10973
9488 17380 17878 14284 12873 9372 13347 13830 15435 17504 4368 17024 7894 14683 20724 17921 16474 22680 21437 18198 11041 11464 15601 11518 1296 8347
12873 18874 21972 8428 12397 9693 13819 15853 14062 12827 3959 11235 14881 14014 24199 9094 21165 17472 11266 21874 4544 16132 13082 1012 0 14574
18336 18223 17321 8659 13061 12609 5160 17319 13774 20045 24014 10240 21795 15846 15400 26322 17669 23496 4968 23560 14698 10609 22856 17622 7131 10499
12677 15365 10737 2911 4841 5046 8809 17050 13568 22581 10018 6734 15303 16951 22668 30162 18492 15768 19377 33208 3853 17184 18908 20933 4641 8172
3882 15692 21753 10809 16657 8988 21834 15914 20627 18452 20238 2585 7730 10549 21870 17724 18920 24669 13306 11808 8886 8756 22770 16388 14116 13746
15117 17857 16050 18167 5833 11302 9211 18404 16169 18301 11230 5244 12534 14337 5574 9525 21453 14660 11166 24666 14755 8486 15182 20654 7601 9803
18425 14024 16854 10748 16499 13365 23036 15462 22308 15758 21934 22627 9541 15642 21667 17642 17903 16135 13684 19973 8285 9404 10712 21861 6219 7845
0 17952 21854 18777 11578 13527 19898 13963 12188 14970 22643 9581 18011 14888 25037 15781 18228 15222 18327 21948 7173 21002 9235 19257 18351 12483
2158 18002 22607 26208 15286 11782 19357 16819 12396 21056 10710 5590 18143 8264 12201 17401 14901 16923 18025 19253 8867 21571 7444 15968 12830 9894
3417 20570 17601 24898 10364 3119 16006 18063 22789 23122 15408 5252 2874 11454 29379 18780 18422 13465 19003 17123 13628 21118 19576 10402 9133 12497
6542 14760 22105 4930 13716 10274 19129 17834 20744 13537 14618 13497 13333 8552 20886 20823 18960 23002 12441 19101 7902 20562 20692 14488 13800 10841
9451 19523 18059 20918 11510 5115 16397 19248 18436 15538 16367 0 10453 14679 20558 15648 18330 16307 15473 16201 3414 12707 20364 25286 10689 11084
16593 14967 25067 10260 11410 9933 22362 18523 20452 19251 17903 17817 10340 15082 24126 14145 14444 23387 6718 14356 10790 12704 16923 6313 12780 11902
12361 13561 22626 16721 11917 11712 17106 15405 15342 19619 11854 3181 15777 13871 19860 22261 17552 24247 6831 18253 8566 12833 17363 14984 10450 7694
12779 15842 25019 20370 16442 13778 15351 13160 17764 23525 19390 9550 16496 16700 14579 13332 12112 22348 10311 12532 10130 14813 17946 17016 17975 9466
14848 16773 19264 17444 6370 6505 15231 20246 2252 18677 21789 14519 6396 15064 18985 23041 16609 23364 15037 22233 13133 20759 15966 13615 10146 10387
3534 12079 20109 13267 13844 10535 6229 13593 26590 11629 3457 15604 19975 14856 10335 14505 14072 21165 18050 16216 8322 19667 19878 24801 8551 9074
16896 20478 16902 10313 4983 5522 18795 18250 14310 22727 9121 6812 12744 7645 18397 24162 16256 17985 21214 24902 11663 20407 15346 18089 6691 9732
6360 16022 20731 19359 11833 16486 21664 15097 19269 19683 10395 18543 4729 16320 19381 27660 22000 21408 15294 18427 8070 18805 21666 19853 20135 9759
6268 16907 18008 18631 19461 16955 12298 16671 20676 11066 11414 10002 13727 13165 24746 8419 20287 12290 20594 12832 11560 12583 16043 32563 12318 13317
5267 16912 20194 1660 10375 5321 11213 17087 17048 19142 3681 13308 4874 7411 25035 25783 15716 20024 13939 12206 14451 16295 11346 20588 555 5055
13679 18024 16587 25310 5268 12953 15803 14834 3850 15651 11026 18416 0 14717 18200 24943 16589 17843 20187 15966 8883 23730 14464 16689 16023 10909
157 16988 19130 7661 14568 9358 15544 15046 9869 17057 19456 14050 12042 8135 15045 21901 14519 20677 15061 23975 8609 15737 15839 16502 9447 13096
11519 17820 25286 3419 7383 9479 4303 18179 18587 25426 15692 16118 12753 10546 16447 21250 14152 16909 17624 23980 6000 17109 14860 17633 12085 8003
1762 14252 23812 9086 18286 8258 19418 17813 20648 13484 9617 18486 22014 11929 16463 12896 20866 19761 6391 17502 12445 13799 16461 14331 14735 11676
8900 20117 14889 8283 24561 14940 13612 15098 21755 18993 3590 10778 8352 12362 25100 18464 15505 22263 19718 20313 4058 18688 13441 18856 4945 16289
11230 17973 12878 9467 15631 7709 2927 15347 14768 16422 649 11428 13392 9824 19789 505 12214 21500 9806 18590 5867 10368 19088 17989 10595 11646
12143 19325 20027 14697 11814 6247 4373 13484 27248 19246 4556 19787 19232 21712 20008 28503 17335 20223 14225 18606 12222 20207 14506 10674 8930 11230
19180 17973 13851 7889 21873 8718 9094 17830 3262 20400 5862 10349 8777 9728 22302 13512 14974 15974 13090 23081 14390 10843 14453 0 17025 12423
5140 14651 24874 13105 5855 7874 2956 18079 22563 13708 18129 16767 15583 16589 24557 11466 17790 20738 9466 19959 11909 15164 17675 15095 18660 14276
9928 14206 18932 8889 17601 13818 13520 19133 9977 24308 4563 21868 20103 18027 17935 31485 20220 19174 9497 17731 13323 15430 15760 13043 7923 13582
11480 19999 18257 22353 6272 12548 18253 16216 15362 21350 2412 17464 7899 13248 22653 5055 15870 21831 15865 22464 13872 16713 17241 13981 9111 8362
15083 17517 23672 14262 18740 14448 6306 16334 19141 15209 5917 7278 5714 13467 20560 11355 17251 16778 8571 23719 8094 8379 22074 12439 7517 8363
16478 17357 26730 7315 17207 8718 19065 17935 15872 15674 7918 12767 10678 12869 27270 24088 14539 20504 9500 13149 14446 16035 11349 18763 1434 12389
8797 20101 13222 3283 12376 7987 13597 16411 14272 17830 6654 4920 8910 10798 17576 15254 18244 15348 18023 26146 8806 8940 14469 8403 20940 11067
9401 19525 21641 11594 12816 7929 16051 20741 14349 22599 8978 21550 3195 9389 25859 6894 19569 20421 13372 19883 11269 10113 18409 7984 9600 10219
10787 17299 17379 15165 2681 15917 11221 12917 19580 23784 7736 16062 9079 12819 19862 8150 17563 19691 11592 17169 6832 20823 17514 17379 6318 8850
25472 14722 21933 16389 9344 8746 15159 17480 20585 18826 14644 19221 7275 13323 19559 11377 17397 14131 7576 23788 12682 11224 23816 16428 8312 9671
8989 17027 17270 4959 17354 14844 7818 19048 16539 18639 28616 14357 11929 13821 21024 32150 15626 19740 11470 22570 9927 19763 23612 18141 15926 8879
7340 15951 18111 18042 20176 10665 25172 17597 6849 21133 18493 12295 9676 15075 13120 16560 17022 15944 13811 19242 5963 14565 20068 12962 17964 7881
15485 20093 17570 8106 15059 10155 10717 16681 17972 27476 10294 24509 9729 15995 23940 8696 20912 17235 19206 25040 7797 18068 13183 3282 13044 11785
1073 17986 16961 25195 16546 17070 7075 14745 12530 16140 6666 15738 6000 13820 18206 13250 13445 23142 9242 28519 7290 6916 12890 21214 939 9898
11610 18835 19141 13976 18468 8107 13818 17776 30661 11308 7508 17807 15968 7694 18167 10097 16019 24090 13766 20014 8527 13458 13868 14449 654 11681
22776 21747 20847 17178 17374 4994 9570 18073 19470 21718 10286 18222 12284 8438 17250 7432 17967 20796 13919 25686 6618 21618 10595 6560 9101 6633
13928 15689 20037 13620 8785 5951 7511 17854 24732 21013 7680 13181 11627 11913 20321 6821 16418 20814 23530 27375 7048 12708 19220 16274 16411 6160
15313 18546 24834 15473 16485 11698 21616 17654 20710 22394 0 16015 18130 8781 24615 24586 16739 18900 18701 13608 14666 19786 16822 21712 10806 11613
5084 16239 20755 0 15071 9061 18605 20621 11275 19359 2813 17456 11167 15328 21764 17737 21032 15070 14672 23955 6554 7986 19854 21520 16974 8459
13270 20592 20814 10868 14735 5641 11768 14983 13374 11532 0 20481 20169 16828 14938 14315 15122 19701 10650 22123 10169 16794 13847 15403 6928 11617
1384 19146 16669 20245 12528 8474 19423 12578 6366 26592 6694 5176 13356 8669 20132 25678 15759 16063 11726 19051 8077 19130 15160 13924 12599 12152
16132 15864 16986 5628 17341 14251 14250 17065 22869 10417 6627 15533 12804 19466 25756 24533 14064 20288 12604 23623 13150 12095 20260 4378 2400 13734
6294 19761 23196 11113 17504 13480 14445 15061 10455 22994 8599 5708 17677 12751 11571 21307 18274 15442 7118 16852 13686 12993 16382 20249 2658 9602
6916 16885 13890 21595 1787 5593 15837 13710 10684 14584 0 10961 2705 10930 24548 28508 17043 20609 12678 9504 9369 8481 17092 0 6744 7970
8530 15436 21290 18798 14141 6371 8487 15266 18130 25062 21069 3763 9563 10212 16267 20244 13472 21706 17023 23611 15017 11484 17355 15630 11304 10522
8440 17007 22863 7018 11024 9590 21563 14731 26074 15050 18279 12709 14257 12700 24402 21430 14293 18064 15086 26098 8582 13217 12115 17723 15848 11411
12642 17887 12880 12568 22956 15676 7243 19004 21694 18849 14834 18582 11685 17072 24545 25186 16441 17561 13270 10251 15950 12095 9980 22886 7027 14117
12719 18278 21738 23070 15535 12659 18687 15175 11897 23951 10367 11465 8464 7958 18212 14849 17915 17546 10412 20214 9228 14451 21200 30088 5882 10862
7737 15232 14904 14833 16587 6847 21884 17320 8656 15808 19214 13519 13412 14929 23754 31071 19422 20273 3306 18479 13815 5622 15545 20248 8585 6443
0 16356 20852 0 18024 9603 14729 13769 24198 16026 25811 10679 11114 15715 22886 9968 23225 18964 18324 20732 9429 17795 18239 17425 5804 8681
6118 18033 23817 9369 14825 10667 9559 16979 18733 20964 13834 19505 9964 14681 18667 6517 17225 15361 22031 10518 10830 21043 12484 10460 10160 4154
6703 18316 14414 16983 17189 8486 14311 16466 18758 10768 8248 23221 16561 18177 21762 16592 21794 17054 19270 11122 6339 11123 20926 15108 7242 7216
7139 16515 20264 21455 12679 17544 24215 16599 21065 16219 14061 13125 19844 15279 12873 24748 17756 24494 17304 17629 9181 12332 22311 8293 13275 10664
1687 19939 19242 14654 8572 4649 19369 12893 24059 15585 13538 9408 11045 5016 22049 22439 23692 18029 14577 24166 11175 12757 17019 14160 15195 12909
9447 17167 16667 9540 12731 8672 19931 17915 31382 17157 8241 4087 23207 14741 15816 29973 16148 22570 14604 19002 6317 14842 14090 16305 4298 9603
15227 16211 22226 16718 22940 10152 14540 16837 17633 16832 0 19487 10007 19024 20914 5687 16742 20531 16134 22693 11583 18029 19215 19849 19942 10804
10102 16493 15389 12002 18622 12201 9797 14848 9863 18439 22018 9855 5325 16987 22098 21772 16602 23279 14812 23595 4135 13169 12479 20346 14683 9920
13899 15909 19981 27163 4178 20534 4621 13795 19329 14950 7168 15640 563 13014 25524 19950 15248 17478 7083 20394 5654 4176 16588 15244 15565 10227
14681 15322 15441 9674 14862 6414 16123 16807 26118 10931 15290 23295 15685 10137 18769 19741 21036 24012 10261 27337 9195 20263 16251 10088 5786 13097
16535 17264 20916 18464 18179 8017 5336 19909 22281 14099 11618 13914 14007 9100 24103 17460 17150 22074 23680 24233 9836 19919 18760 16724 13958 8143
12653 18081 21335 5615 13664 16899 12718 20255 15897 25664 25261 4491 8449 16018 20031 14676 19454 20046 16392 20163 10273 10315 15600 13550 8971 13059
6745 20333 23718 18900 13883 7816 21497 16475 14149 15680 2642 18064 14643 12266 13099 10934 15656 23270 20160 18585 11168 16355 21473 10198 6049 10270
11922 18379 16204 17678 12561 15187 10481 17109 17638 19290 26129 16977 8715 8044 27506 10825 22069 20363 18073 17725 11640 18775 20821 22520 14123 7390
8905 18938 21689 17644 10404 10564 16808 14617 12604 23746 3613 20736 5446 7776 18325 18772 20865 20490 13013 22392 7413 19412 13216 23051 9851 11314
6256 17714 18603 11850 23473 16939 21791 18556 17546 22576 12136 14168 10696 15036 21436 4380 17377 19477 11805 17282 15146 12873 16433 16011 18932 12931
5017 19093 13448 0 9974 11024 4686 17981 26117 17813 13836 17211 13847 12003 9622 8513 16884 18972 17108 17103 9879 20076 20475 9248 24863 9886
14790 17528 21162 8881 13667 12262 16208 12651 11761 3778 12427 15003 14030 14358 14775 13565 20258 19039 20487 14437 14018 9757 19999 9833 7430 4760
11879 17574 21934 1680 13301 12799 4844 13157 14290 11660 13530 10179 13113 10613 17531 21857 18848 18245 23812 9891 1829 11032 12013 14746 13716 9455
3695 18138 25918 7606 17267 14308 10127 15703 22629 23502 4950 25746 14117 15961 23785 0 17187 16666 19898 14345 8600 11441 20252 10612 6036 12138
8164 20835 27299 24368 19022 11519 17761 16298 20421 19262 22806 7287 5690 20681 7391 20716 20824 19188 9949 22476 9976 8425 23201 2893 10902 12801
6276 17695 19178 2088 9786 10212 8441 13784 17099 16770 18866 16989 6926 8837 21727 20626 19177 20569 13285 23681 13293 12884 17890 13165 15716 14011
8091 16526 11438 20560 4259 12075 15971 14423 9982 26947 16390 6088 11069 15931 19824 21902 17755 23458 21614 27233 10340 21637 17273 19802 14449 11087
13934 16759 15112 9627 9838 12302 15231 14285 22229 10447 8541 5730 6284 13615 21020 2498 18212 19867 19110 19970 6095 13043 14695 9770 7942 12485
8089 16505 24582 12419 17151 15432 17502 14553 17541 26194 4650 11851 7933 9764 20919 31883 21774 20552 10832 17171 7787 16435 17549 16083 8516 4573
13865 16319 19587 16704 14369 11692 5720 19518 31513 16371 12134 19108 17443 17096 13970 19447 18337 13816 15283 16347 8633 15605 5721 4326 12139 12166
11754 17518 19423 0 14955 7877 14647 17303 23315 18854 1846 15321 18153 14422 19393 21486 16821 21106 3401 20786 9448 9795 16753 18659 3894 10164
12982 19493 10976 14647 21678 10688 5312 16833 22479 10383 14766 0 13780 16234 22227 13356 18188 26256 16045 23671 8476 8759 15321 19706 19725 8375
22112 17337 25811 8100 16891 2032 14112 17986 2304 18207 4970 4473 17771 11940 14572 31490 20904 21644 10450 21033 8536 12775 12961 12343 20356 10261
20300 17304 25210 3477 13286 12009 10535 18781 13149 17551 13280 9681 18638 16393 25312 23064 19475 21505 8879 14790 13148 15466 17271 11195 9332 10823
2584 18827 25386 15896 5176 13437 10134 14956 24085 18311 12477 15882 0 8975 23626 15064 17833 18242 19110 21966 16695 13830 21114 15797 17505 12458
6852 16858 16550 7566 8893 15096 7793 12930 12185 23763 14393 5762 12705 10689 23313 11354 19330 22050 14318 16064 9819 16821 23488 16105 13758 11898
13953 21270 20215 15805 8567 14772 7703 17619 7755 17886 16423 11576 12171 17417 16828 21077 11714 23179 15196 21932 10836 24598 15588 12885 12129 10208
14695 18012 16263 0 21071 12312 9047 17413 29444 17641 7249 15847 7029 22975 22991 23506 16226 26048 15818 16292 13119 14563 21154 26303 11531 8258
0 18952 20858 8238 11337 9717 24859 17500 27184 21081 15710 17365 5215 9399 7660 25594 23338 17474 25902 10921 8948 16693 16032 9911 5606 5522
9142 14783 20221 13270 21076 11909 8993 12128 19303 11438 19379 18048 0 14068 21347 3056 18808 22595 14509 14964 12721 15101 17048 23288 16225 10123
8165 18825 22262 18268 17966 4436 19383 14436 8382 19385 8727 15758 18237 12875 17397 20927 18134 17684 15691 17774 11999 8174 21121 19606 8071 8149
7167 18740 17523 14580 7075 12996 14169 18251 19908 20723 10852 7736 16153 10365 20391 23668 19421 16745 16327 9832 4038 20062 21624 9669 12137 14783
12768 17237 20909 12581 15717 11062 21514 16748 13745 10722 19262 2653 12726 12489 19780 18090 16972 21007 6980 24305 9388 16956 17394 2472 13717 13555
0 14456 24403 13417 15796 6591 15476 17099 20087 17333 20419 10385 18432 12313 14441 22489 17392 19229 17073 27697 12424 12931 21708 7638 11615 6814
8883 17223 20719 17452 11378 6589 12421 14755 17012 24567 6951 5822 15788 10176 27857 9078 18561 23674 13027 14706 16201 8625 12383 8428 11666 11063
12802 17345 21478 20216 9337 12832 3026 17664 21478 14313 0 12257 8492 10130 18670 15390 20462 20362 18115 9724 7211 12702 9126 3540 17219 13424
7078 19574 23670 12993 19588 15664 18749 17076 11278 18533 13863 7365 8201 15590 20670 6854 17764 15530 13402 20172 8493 10873 10985 12742 5220 9157
7033 18509 21222 7037 22554 5666 6458 14514 12781 16410 6189 21031 13606 11510 18542 19161 21379 18825 9605 15899 6252 21304 11107 14511 16916 11124
17876 18285 23073 13462 13303 7073 12050 16685 29951 10961 21009 6815 14080 10404 18308 7234 17445 24096 9878 25720 9284 13417 10887 4610 5624 9559
12423 16640 23871 13268 13576 14739 6709 18999 24880 12490 2950 15768 7618 5323 15438 17606 17395 22144 9516 11197 4882 16498 15392 13888 3536 10253
21062 19369 21667 19160 14968 14764 18673 16949 3674 24590 0 14686 4217 9667 18747 8650 20570 18642 12594 24536 3600 14571 17729 18445 12118 10655
17436 19420 13730 8827 4587 8581 18461 18538 14653 13657 14687 19168 5737 12681 20364 32571 11876 17785 10892 17178 9568 17783 16473 13967 10344 13816
20357 19287 16686 19198 6492 10696 4895 18347 22631 10783 13412 11089 7634 10415 16751 20721 15378 26569 9595 13100 11302 21425 10616 19481 14561 14087
8407 19565 17840 4554 12785 10897 21356 17608 25689 14365 0 14009 10983 12862 22949 29028 14595 26630 13329 19645 5873 8819 18313 22125 10667 10502
9911 18227 12767 0 9367 13040 11780 16137 16494 11093 13244 14202 6990 15601 21450 13376 17480 21059 20772 16105 6300 20712 13408 18636 17962 8089
8905 17163 16653 6406 9132 10502 17599 13423 21152 17141 22239 3933 20212 18690 25978 22039 15551 28377 20619 15854 8951 16822 17064 13575 5564 8569
10165 18225 22246 25298 12462 9787 15117 15651 19475 23896 11045 16015 17850 13873 23812 19698 15462 21982 16438 16749 16389 15581 18967 13851 11057 10315
10817 17640 24461 3144 7602 5647 16951 17869 21351 19265 19241 20080 10543 10143 15453 13272 18900 19188 15966 12009 12589 13934 18296 11000 441 11367
21744 16432 17920 19162 11159 10657 17049 17613 20360 16854 12493 13007 7496 6184 14335 18322 19134 24069 4802 13450 10451 23015 19375 19942 12138 11267
9426 16180 22926 6814 4074 8292 13592 14136 25362 20110 13483 6479 18744 13137 13727 24965 15317 18118 14773 15075 8614 11111 13252 6232 8434 8503
8894 18227 18231 21086 16901 10643 14704 14694 25404 20421 13764 9427 11850 11670 25078 23232 16011 19572 15375 14835 7430 12311 14457 23514 11922 10097
7 16951 19945 6213 10223 9212 0 15247 23245 17175 0 16762 1419 10533 18891 9252 19914 17765 9912 20286 6383 15176 13497 1695 10918 12400
14006 15078 23411 13302 19733 8192 5867 15703 25458 11478 13727 9126 1177 12715 18554 5397 15508 22714 7360 21429 15549 10610 18186 11950 19173 8755
11042 21600 18367 3942 20787 9215 14759 18562 17142 13729 18275 5242 10272 10112 22010 29117 21406 24399 8247 13916 5749 13140 22148 8432 10791 9836
21507 16551 18572 5044 15370 11972 10365 16060 13224 13217 14610 18882 6946 9132 26398 12319 15775 22339 20301 16761 5098 19032 15385 13683 14547 12935
8828 15389 24083 6654 14493 9239 14794 17000 13070 18677 9842 17455 10730 20327 25868 15815 22246 25573 19622 24828 11869 22473 21064 26018 10481 13511
7036 14693 16614 14079 14338 14348 7915 19573 14667 20049 21112 13414 12015 13186 17697 18417 18978 19430 16701 27560 12495 11709 20235 12609 16837 12687
6426 19832 23269 20676 12480 8276 20140 18762 8713 13891 12346 10813 10397 9936 17769 25670 21636 19930 21008 19325 12771 15314 11900 13581 5705 12668
3071 22067 11016 5756 13915 5655 13173 17676 11406 10247 23016 9649 15325 11677 19689 0 17611 20961 11514 25165 10535 13562 14401 13098 10415 9045
9467 16408 20848 6590 5070 3429 8529 17251 24261 16537 15809 24874 9396 17498 22294 0 15228 21677 16285 14114 8199 11365 18104 15655 6025 12390
19180 15522 21785 9219 17401 6458 27350 14811 10965 21085 11708 17405 10440 13915 20530 21661 17693 18857 4899 15356 11812 8858 15189 22214 8864 10135
714 17414 15584 21230 13541 9410 15708 15743 9751 16891 2944 12419 10126 9317 15289 22097 18881 18838 9705 28937 8600 9980 17775 20640 11544 9587
12722 18584 17282 21301 12834 6680 25189 17925 12092 8187 16736 17363 6647 11464 17570 20093 17189 15961 14313 26918 13620 11403 11193 22746 14150 9753
11949 15039 22354 4262 14092 13026 9844 15317 26991 12351 5922 1864 9876 8211 25502 21155 19017 20205 17834 22319 9300 16600 15052 13867 6857 11205
11404 17319 19866 16609 9677 5333 8462 14248 20484 17945 5663 9232 12209 11497 16728 18016 19237 17476 23888 17366 10800 8724 15595 11850 6618 13077
8708 15985 15254 13505 10398 13281 3424 16374 9580 8366 19993 11194 14945 14310 19043 26246 16844 18908 17951 18447 9291 15923 16109 19117 11999 9539
0 17546 18429 22801 12487 5236 13774 14869 20956 15918 1905 16018 6805 10037 13637 27658 13821 19817 14096 18160 8843 15112 17272 5109 16529 7420
10351 20166 20842 16187 9018 8112 18092 19569 6749 8465 9474 7013 14420 15690 18314 24940 16417 21812 18893 26433 6216 15164 16597 9692 10910 9543
5523 22250 19232 16811 16324 9654 8703 14248 27139 26971 9264 4769 20148 12299 18947 28469 17164 16093 19138 16644 20187 14121 19724 16044 0 12520
13084 18981 23476 12772 9392 11316 17262 20419 13168 15442 22292 8108 8227 12056 16175 9660 19796 15301 9063 20165 6251 13501 15070 14190 19875 9574
0 15089 20476 10901 10038 14063 8264 16832 14250 16258 15496 15055 14514 17412 26690 15905 22034 22901 17243 15019 8050 19863 20318 12740 9890 7789
12965 17280 18158 23450 14346 15124 17229 17397 9537 14551 13223 10525 21297 15103 7045 6516 16145 18825 8451 26349 5453 8983 14277 10143 7171 8634
22632 13202 21904 14331 15772 8493 13634 14466 27228 10802 6436 11677 14141 20055 12718 15356 14721 18198 12168 15864 10170 11548 25807 14163 13693 11157
0 19885 16183 6863 8994 10478 15347 18404 13282 14199 0 4880 16256 16162 25131 12982 18090 16185 7882 20109 12785 13572 20204 30520 5245 9456
2720 16521 27550 2329 17374 5000 4599 16092 24128 17009 26788 22256 15388 14068 26178 30733 19725 19988 2434 14955 14098 14806 17003 20589 16645 14924
18581 18621 24315 17942 13129 4997 6345 18904 3843 15050 7130 7034 15469 14019 16234 26761 20726 19402 16607 20630 9756 16659 15465 18351 4592 11351
6578 17371 21069 19888 21356 10960 7320 14728 16264 10415 16513 16408 4981 12107 25209 15533 18802 19579 17971 22498 4184 13054 13883 21345 8025 9953
7007 15137 23002 20557 22037 19404 15516 18779 12793 14242 11532 16623 17662 13112 19679 7412 12925 17958 15739 22795 10504 10663 21336 17672 8507 11073
5623 18446 20136 14496 22939 8893 14197 15307 15183 14235 12815 13634 2375 9598 18500 24817 20216 15132 14899 13645 12337 12449 15897 16188 14283 12691
11220 21031 21302 10575 23695 11156 15084 17332 15270 20192 18240 14001 9310 13747 21563 9605 14985 28221 8361 12220 17010 12092 10603 17036 10205 5593
3882 20134 13859 11588 15840 6967 10297 21636 15346 18145 13223 5779 5249 11425 9091 21606 20936 20748 17958 17465 14260 11205 16506 25356 11665 9032
7962 18448 18692 11507 19095 11486 10034 18236 21456 17538 6641 4121 2994 18386 17519 22356 19204 19381 18614 22847 10217 15404 15875 9522 13201 11004
8763 19947 16370 9069 8979 12498 11165 18055 15925 17082 20102 27116 9454 7848 21521 17294 13827 19379 30176 16718 6344 15891 20359 22675 7074 10361
11872 17550 17788 25706 16953 10556 2846 16258 18051 21535 6000 13626 8061 14873 18052 25185 21473 19549 8469 21179 9489 11526 17176 10255 15945 10920
682 16472 18539 269 10020 10720 6630 17619 26390 7383 9654 10319 2299 15509 10157 10481 22118 22912 14022 22810 7943 15016 19502 19499 0 13277
6728 19520 14758 18705 10046 14101 18946 20055 13441 13912 22150 18574 14963 7036 22773 16130 15368 19379 17597 14732 12234 13921 22227 10112 12590 6561
6362 18110 20438 31459 1593 9586 9178 17187 14693 20420 5204 2582 8623 10873 21101 17856 17263 20415 13326 24685 11520 15700 13295 3346 4668 10163
3910 19748 18485 4239 12928 524 13981 13448 14080 13240 28905 18540 16185 12065 19960 24402 17942 23376 19198 19173 11082 25132 19288 21689 12097 6596
0 17865 14614 31720 6759 10776 22933 15903 25487 20098 24799 8778 11301 20486 20430 9022 18448 22704 12531 18775 7566 19809 18733 17752 5176 11160
9276 18384 19841 26396 20820 7779 2138 17450 17980 17929 12592 10441 22849 20582 25153 10255 17441 24185 22028 10284 9177 7196 13035 11315 14199 11595
6214 15508 24316 18582 13871 10616 13968 13942 20129 19854 15103 20057 11032 14908 19570 15336 18721 20261 19263 17906 14745 17965 16847 21611 18796 11935
6242 20369 18801 14543 18005 9763 15994 14443 23197 20073 16175 11671 12994 8869 21016 18321 21261 20324 19706 22231 8555 20376 22443 11693 12541 8100
8485 15378 25623 15052 17232 18541 10891 14223 4255 16655 9434 9089 9768 14328 12313 22195 18213 13943 11240 23799 8655 17625 18383 19459 6830 11651
8416 18846 26902 15178 15270 6766 7605 9279 14702 14392 17210 15085 12281 12630 33251 30448 20022 20334 15730 16000 8404 7738 16179 16904 2554 8214
7307 14931 13021 17826 17479 10358 16309 18008 19151 21222 11554 23059 9072 12964 25401 18302 15976 12463 12781 22493 5933 13666 11467 18797 11405 10890
3097 20417 26919 4948 16786 8911 13722 15541 19106 10965 12568 7984 11650 12956 20903 17833 22801 20592 9936 18610 6925 19450 17848 14438 13960 10334
4633 21730 19993 13744 11435 11026 20924 18338 15237 23451 9071 15940 10009 13922 23924 12456 23570 17308 7205 22076 9413 12748 15074 0 16977 10329
12345 16978 17521 26644 15424 8072 15387 18731 18894 24392 11004 14142 10646 18364 22269 19862 21772 18373 15484 25018 10469 17023 13899 2056 16262 9274
21790 17951 13689 0 19178 6400 7970 15290 16095 20026 10553 13194 10998 16309 21037 19171 21194 20232 21418 23937 11712 11889 12921 8000 10248 7087
12451 20479 17805 6696 15258 5917 12317 16189 18061 15204 21459 5672 16254 12091 24165 17616 23631 19590 16381 21223 2705 9314 20565 17241 4343 10587
8348 21502 25940 6815 10641 15532 14347 17743 17982 17103 28688 11936 11086 11036 13098 10283 22559 20604 12595 20196 8642 13576 15477 26092 12297 7959
703 16792 18642 13045 13796 17547 12573 16014 11432 19126 15858 16048 22541 19532 17206 15871 12060 25575 12936 25463 11310 15401 21121 17569 8092 9739
5956 17626 18462 29864 11390 9735 8721 15294 19771 13599 14708 17169 6183 10464 22324 10998 21308 20927 11164 23737 12084 17437 19064 14640 8956 9491
19918 16351 21261 13467 16808 11755 14744 17702 5972 22033 8721 11660 0 10437 20339 13760 16458 15870 13257 16473 7323 6379 20529 11477 9011 11746
12537 18166 22174 3817 10100 12596 11746 16183 17311 10559 17957 18270 4334 13872 22474 18844 19602 19523 18075 16837 9849 9130 22602 19865 8006 10990
12964 17873 23234 16468 9911 10884 12116 17379 13860 18920 4511 10690 9420 12015 23043 21600 19229 23535 17643 22308 13099 15316 21446 21819 17743 9350
11748 21515 21334 23739 13376 9615 18908 13818 21037 14958 14764 17221 14355 14613 21350 12449 17697 23024 14529 17650 12691 10159 14449 5806 15921 10597
8784 15913 22676 11701 16040 5290 3158 14212 16729 18464 17773 18138 11195 16418 24242 20982 16971 23780 19035 21802 9909 8414 17498 13692 14365 14994
12172 18779 23408 8532 16502 17176 6623 15853 0 14200 13337 9125 10982 16375 27594 13386 18445 29387 6984 25754 12472 4727 28388 6084 20114 9918
7064 18455 27617 25362 12918 14485 14783 17099 20954 18225 21037 10979 11817 13767 19386 14177 18730 18278 18055 15113 9087 15700 19060 14814 9077 9310
13526 15341 20302 18657 20549 8670 21566 16146 24575 21179 14541 13544 9559 17738 19079 23039 16487 21709 13776 22287 6625 15833 17598 13754 7562 8311
12577 18150 16265 3747 24096 10099 18658 14041 5255 17775 11035 22807 11499 16479 19343 26346 20634 17969 17163 17595 10071 14254 15506 14976 4424 9083
14168 16135 22208 1956 7004 9128 5616 13927 24682 19191 10014 6907 6389 22004 19102 21429 16543 18450 24342 25152 8414 13988 19977 12342 15282 12438
12043 15473 20495 17415 15325 13302 8623 17153 3599 28418 14446 13953 7086 6103 20943 27930 21940 17780 25527 12612 10401 14640 7154 19435 16166 11416
21034 16620 16154 12817 18556 3380 20126 18669 19178 12021 19698 18101 10575 11826 28251 13800 17630 21177 16786 16864 13442 14786 14208 17024 19521 12851
13118 15232 29104 17802 7132 7996 2996 19139 17407 10031 0 9996 11624 17635 16590 16701 15978 17667 10900 24507 13857 17648 16424 15578 15697 12272
392 14744 16811 15042 15193 16251 11875 15966 8603 14137 27581 10714 7743 17562 22887 7166 20787 15214 21015 17735 9669 20225 12768 11136 7456 12272
6692 16890 19526 8647 11720 10454 4024 18097 13501 13461 8110 14417 17388 8116 7559 8061 20102 17613 19141 23553 5746 16382 17220 14945 16899 8676
6707 17708 23193 17186 7886 15148 14519 17034 12156 19094 16452 12593 5751 4959 20393 5882 14854 19192 15670 24643 15466 14493 23167 15787 18279 13215
22093 17850 18200 23767 13838 15119 10875 17830 13697 11216 14489 6255 15003 15671 23312 9296 17610 21627 8848 20237 12039 1647 23024 15930 7949 11311
0 16044 19076 11393 6991 12545 8185 16252 17537 18749 7583 11621 16065 13052 17247 23323 15150 20290 11778 21434 9829 16749 20246 15366 12200 9288
12388 15525 18941 5854 17030 15642 25147 16317 32301 12952 12399 12271 14794 12465 15217 21868 16634 25328 8773 20173 6381 15059 12419 10253 17905 8196
0 21720 18999 13452 21761 12212 5901 16742 17774 16093 15736 11610 8189 17132 10998 18252 19101 15883 24726 26289 9682 15188 18275 24514 6144 12572
12885 17195 23501 14367 6931 9892 19592 20850 14855 18426 5696 18892 13983 15192 21876 14154 23639 18671 20860 19645 7935 18782 15597 22019 13516 7966
5652 20567 17532 26818 18272 7048 12960 17576 19276 18851 5592 3890 12227 9945 23638 23748 18952 20302 9963 22878 7306 10582 20430 24519 8775 9870
9859 16375 11229 24088 7162 11642 15767 14399 13404 15738 159 14523 8569 19494 27118 9830 16260 23266 17908 20424 13419 7441 20828 22064 9672 14770
9792 17623 15354 17609 18840 12347 3492 14176 19830 20205 14307 17573 11735 7066 17881 2245 17688 22214 11917 20336 9984 13226 13928 27106 12984 9220
5507 14536 23379 21317 16606 13833 10497 16685 2615 19260 13523 23197 8480 13122 20845 16563 11599 22090 22154 18811 9041 12657 15947 13078 10656 8678
1961 16177 22628 14001 10796 10242 8895 16444 7064 19580 11300 15861 3900 10196 27276 17801 14598 16204 12382 16499 11046 17492 18337 21462 10332 9403
6853 15354 22247 18348 21151 13183 13091 15591 14401 15106 13514 11299 11800 11992 16026 18762 13383 19733 12074 13615 8180 22145 6070 7876 9959 8493
5021 17140 21824 16306 11383 7935 10418 19420 10437 17373 27412 16867 7862 12645 20010 22969 18625 19483 19585 8935 12483 14412 12084 18080 11930 10578
6001 17157 15479 541 13930 12288 18243 17583 18250 15336 13489 4783 18329 15502 19227 28307 15392 15757 14578 16513 15356 12982 9153 12361 19128 12221
15827 18322 19700 20379 17533 11274 11618 14456 13627 21314 26404 21971 6944 11577 17478 20931 21133 22491 12667 20049 8847 3079 21260 25362 5826 9145
2726 17000 19384 13783 8997 9372 19724 18261 12516 11429 16726 9621 7725 6928 22130 17424 21359 18361 13453 27842 5310 13958 13475 23395 128 13000
8552 13860 21762 3038 7533 10602 18849 14909 28180 12787 1923 12406 18267 15322 24809 15614 18597 24723 13495 18709 12606 14772 14085 20362 16719 11656
2236 17865 22587 8793 19652 7934 19167 17584 19148 17122 4292 13590 15244 7133 25449 26775 15882 22082 13386 14740 10158 18422 19411 7541 6335 13497
6690 19578 15536 15644 15037 10491 21812 16245 12352 20340 7008 15907 8985 13802 17868 11880 16749 21317 24516 21352 8362 14560 17942 10020 8448 13434
12193 19766 22448 11311 10362 6413 12536 18587 12181 28083 4284 17140 9054 12971 13594 16497 17192 23930 11261 13094 12121 20914 24048 26184 11666 10319
8581 22340 16242 6935 16903 11376 15971 18973 18263 25838 11535 18901 8014 16276 25321 4998 19500 15360 11138 20200 8011 16344 12578 7620 16745 9646
17697 18692 18096 1662 16620 11668 12821 14827 14984 27987 17537 8758 9268 17047 12483 10314 20699 18400 12856 18626 5554 9632 16130 11328 12522 10168
5517 19567 15794 14759 17474 10366 12896 16212 26594 11988 12923 7748 3474 16730 21653 18611 18950 22154 13825 14743 9207 16631 14901 17863 3286 11079
11090 17390 14760 12820 17387 12182 20047 16028 25890 19800 16783 19571 7347 9780 25214 20710 17572 22613 18674 14862 10814 13126 14282 18384 11481 6676
20067 17134 25027 9214 7371 14462 5510 15756 19666 14326 17361 17566 6568 12346 21625 26394 19121 21237 4461 21033 7550 10164 14161 11369 21781 7661
1059 14017 19031 4142 17978 15247 7301 15158 30638 20745 19161 0 11208 13486 25532 24140 18704 17008 10929 21434 10593 11468 17993 17578 15125 5483
491 14011 21300 18979 15145 10425 11075 14136 24650 22793 14535 4845 14176 11610 23412 10706 22212 23551 11861 20801 10870 13008 19812 26559 15968 10532
15309 21442 24889 23820 8921 12498 11725 14946 24229 12517 24775 17501 11972 13302 20150 19582 17221 22792 15705 18712 2593 4915 10479 16551 8762 10188
9453 18822 17424 14226 17248 8554 19280 17692 13427 26905 752 6015 11777 10466 15709 5711 17280 26240 14654 24375 15991 13639 11617 19245 372 15122
6786 14803 22613 11327 12952 8078 2615 20469 12746 18968 20555 5573 17156 13625 20306 14512 17722 20174 9032 17723 11401 17081 11240 31501 0 11669
3996 16290 18480 15186 11219 14922 13534 18619 19632 17390 16127 9467 15888 19733 15066 8470 16016 17647 0 9330 9706 22618 13091 15510 11196 12465
0 19701 17746 17896 4342 5857 19099 16918 18322 29222 4617 17637 15464 15452 29495 21750 15985 23761 22206 13333 9451 7648 13540 11630 18774 11291
19761 20840 21634 23069 19931 0 10665 16440 28831 19862 18596 8370 14853 12180 26121 6805 15689 27266 10645 24747 9439 7056 17294 5594 17419 12123
10221 18175 18947 27710 18213 8838 9777 17540 14792 20847 7493 17298 2639 6850 27885 21675 16124 22618 15117 22031 9219 23630 19010 0 17603 10856
0 20369 25287 23690 20236 11131 20349 14621 32841 21910 8438 20331 11752 7171 11474 15546 13547 16309 13660 17239 10147 13645 18183 7826 2266 9740
9218 18562 23997 14109 15736 13796 7837 13533 12855 22462 8445 15429 14623 17312 10237 18371 20998 21850 8947 20318 8037 13286 14685 22152 14611 10523
7911 19273 18713 5154 13566 8218 7589 16629 9337 20879 15905 11520 11250 19267 18944 17545 14333 18251 10623 13560 7792 10296 14077 7546 14835 12056
9868 16520 18630 16366 23036 9448 14846 16103 3829 20499 8661 12774 7207 11816 19411 15094 14684 21498 21149 10307 7803 12891 20038 12316 14192 10231
9099 15383 22494 16912 11092 5717 14958 19401 12983 13066 4593 10270 7113 3203 17183 18975 19769 27083 11316 21214 10746 23679 21583 10471 8564 8036
12468 14986 21084 0 10029 10394 20720 17200 28061 24575 8378 13601 4872 9647 25128 15863 17719 19243 13818 13726 6169 7589 24737 13722 9133 9520
4649 17161 22202 25443 15884 8156 16112 17926 23430 20752 10897 13879 7412 12520 22158 17382 14099 20719 11695 16981 13569 11779 20829 14947 6773 9617
9580 19750 12580 19182 22917 13532 12242 11645 12373 21596 9149 19615 5174 19760 22717 12619 17483 19711 12217 13520 11125 15453 10090 10571 18588 13749
5909 19149 24850 2588 13269 10119 16658 14303 17852 11694 18623 7920 20742 10802 20364 29307 22314 20075 11571 23521 9613 14238 18364 13278 12076 6894
8904 18890 18157 4178 8748 9177 9780 14914 10960 16924 15271 14478 6863 4291 13387 18803 17432 18498 17751 22590 7632 14012 18158 21716 15802 8665
20127 18843 19388 19364 17625 9369 10469 20263 22301 17745 12686 14766 9511 12042 27852 15065 17618 20921 11567 22245 10023 11822 12738 9573 14050 9607
17592 17504 14683 12137 12257 7239 10104 19223 18510 12123 9734 16724 12635 15584 16156 0 15849 16168 25155 24359 10218 15547 18670 11325 9443 10348
12655 19771 23650 20812 11233 11066 17632 18683 17697 14924 13247 9449 14420 21311 23683 18065 17528 16846 15007 25469 11729 15047 19646 11955 9909 10922
5077 15121 23685 0 7553 8331 11443 16576 16508 10945 15940 8572 11672 11462 18147 10242 16426 20349 10914 12304 12847 17625 17771 16606 12122 10097
11945 18271 22725 9971 15755 8378 3654 15591 23923 15715 20147 10581 15026 7368 15579 17268 16650 17617 19341 18514 13894 14392 9319 12121 11776 12098
4717 18651 22736 4305 14273 10959 10632 14781 17972 7063 30855 19543 10045 14038 12676 13455 20795 24205 12659 12887 12285 15423 13231 18217 13936 10775
13528 16204 21840 14230 15796 12176 8420 18212 15234 20997 2529 9966 15176 12219 26652 17995 18651 22730 21710 24994 14439 20032 13952 21930 7592 14142
5779 16808 17763 11996 18809 8933 2426 17269 16001 12094 9916 10006 7319 7594 20861 23774 18732 18989 13845 20718 9548 15818 14044 20218 17081 9527
6792 18384 25586 6704 13867 9393 30899 17729 27978 20157 0 20705 7433 11879 16417 5115 19341 20835 21164 29416 3620 13937 17368 15353 14527 9043
11971 14786 12115 18238 17388 6871 9714 14956 9397 21785 17454 5668 12348 13918 8315 12076 21828 15726 8141 19951 14737 15105 18028 18135 18432 11046
16115 13762 22435 17195 21881 8894 6819 15717 21652 17574 11733 10770 5774 20976 14714 17973 15810 21040 24792 17750 9454 13939 14627 12096 12482 7454
4608 19895 23723 21819 15216 3618 9160 15842 16060 17974 9109 2061 7519 14142 21894 13493 20072 15803 0 22881 13247 15734 15547 16513 8289 15090
8243 15894 23254 2964 13674 5811 3482 16533 20976 14558 0 3445 8493 14181 20096 17384 19381 16848 19022 11261 6339 14596 15361 20824 7954 11534
14399 18473 18108 27587 18612 15211 12790 16771 4078 19343 3672 14987 22081 16369 25568 12562 19831 22269 24001 21218 6378 14814 12518 24957 15080 13231
3765 17831 24181 8103 6972 7839 8763 15864 9894 16281 10013 9459 12861 18218 27315 8616 17713 28800 19308 17512 8196 11296 19686 22344 9974 9142
0 16567 13236 18762 6367 11871 7843 12728 23141 13654 13012 11467 6941 12326 27030 18870 16738 17499 18771 19903 13331 23338 12215 23083 9916 9693
13733 16412 19161 11438 15888 10885 1571 17544 9156 19115 7139 10703 3197 15447 17779 4690 19775 22660 21619 15423 10796 10370 20340 18383 15232 11962
9726 16090 19302 27723 15493 10667 12792 12209 12867 18052 18643 13594 6185 15154 24029 14885 18309 20278 12360 17575 7138 9770 15244 20455 17424 9534
0 15754 10709 28587 14471 9656 12397 14605 22270 11748 8949 20762 11273 7646 18514 13837 18467 17187 22520 18402 6874 12648 19893 20279 17339 9239
17357 15970 18421 13483 9846 9299 12328 14340 12933 14702 7651 15628 20150 10790 25747 33111 19127 14759 16039 20451 11271 23334 22059 14074 3486 13753
8980 19264 20066 10046 17651 3082 21686 17579 16359 14085 7935 11441 15830 8541 20105 15682 15957 18855 16376 24800 9507 14259 21502 8048 2316 9967
6867 17241 18888 883 19128 13153 13629 13087 24801 21164 9943 5713 13390 14121 14184 15700 16833 17511 6185 15029 4511 11332 9934 14243 13043 12281
3211 18109 23826 11778 9559 12949 18168 12590 14935 21974 7282 12341 8918 11519 22690 16121 16481 23513 16782 11530 14852 11838 19443 26574 19071 8965
5809 19634 20514 17114 15167 4946 7126 17208 9426 16807 14260 13231 6339 12789 26697 13748 18570 23435 11715 17791 6790 20980 20796 19244 4173 5652
16406 14886 24272 22165 17220 13117 5927 18010 18103 20347 16381 18404 11577 16297 16504 11496 18406 21279 17861 15829 10850 18315 10945 14816 7503 11213
3156 19422 16594 0 6018 10148 23169 21899 10905 19984 14262 5411 16894 10009 15285 35103 15448 24973 20161 17368 7000 17599 12599 12029 20991 6245
7613 14537 24409 12844 13701 9369 3958 11394 16229 11683 2611 6422 7357 15950 21668 12631 15008 20333 11015 14115 6195 17532 13982 9478 9296 11392
10277 19274 20966 3302 18002 10719 15018 19266 13101 15568 0 18158 13957 13462 19821 23169 16782 25770 14668 18237 7866 14937 17881 15890 12563 9257
17280 16376 20251 23664 9931 6491 874 14851 21420 16729 10362 6820 8849 10836 20219 13033 18313 20413 22427 22452 16062 13598 13708 12148 6533 12130
2684 17222 16864 13755 9632 5980 10567 16784 8768 17456 19180 8752 15217 18137 22632 22558 19621 17404 19390 23523 12162 25058 12341 18775 9041 13991
21595 16587 18987 433 15212 9374 17209 9964 22800 18529 11830 15323 14046 13398 19441 29917 19730 23337 11190 12033 12133 14168 23422 5372 10687 11883
11060 16009 24919 20802 12167 13749 23505 15289 28147 11866 8972 18750 2489 8600 14460 16349 21315 16671 19537 25050 11631 13237 14464 26416 13336 5548
1603 19396 19327 24533 18948 8561 13860 15261 26054 5616 3506 20799 6069 8295 21989 19902 16375 21793 12688 15498 10358 15902 19367 26011 8085 10485
13931 13903 25804 19332 16998 9727 17014 19073 18950 12490 22131 9667 8344 20317 24078 22715 18174 20389 16803 27441 7585 19589 18075 22276 8447 8462
14295 17361 15467 20717 13737 12948 4373 13403 26891 20291 9738 14306 9114 8887 12518 19059 19711 18796 14052 21968 3897 13420 13676 13714 16019 9878
14050 16873 20473 23366 14548 14177 5617 20086 12835 13479 9199 10283 12127 11969 16736 30886 15818 20055 15075 13364 6478 20998 6004 17660 3148 9429
17232 21348 19585 11022 13934 8384 6680 18375 20479 17647 10141 16359 1870 12418 27181 20144 13608 20320 20300 23691 12385 21000 15151 14830 2467 9549
20292 17750 20705 21662 16738 17750 17770 16272 13701 23529 17061 9257 11375 20766 24300 0 16281 21331 16501 10783 4329 12469 21438 19213 5162 13069
6779 18307 17426 13231 11394 4925 6912 15876 20219 21351 21198 19054 10149 17180 17892 15404 20548 23055 15360 20733 11385 19430 24622 12248 17786 11441
9048 18426 14461 23302 11508 8864 21888 15170 12666 12268 4737 5522 11887 7550 28502 10664 18105 17451 17318 18728 11330 16326 17625 10419 8645 9963
10365 16744 20286 14541 19250 14649 18172 20877 25294 12266 18027 4791 9954 18351 17048 16369 19707 15490 11710 23391 11475 12229 14702 13584 4926 15527
7495 18878 21626 21804 3452 13569 9208 20647 21478 14810 13327 14536 9471 11552 13319 15861 14045 22662 2279 23415 8666 12757 19914 18711 19342 8241
7628 15512 15258 24277 15596 13485 5983 20381 13800 13936 4100 11183 10430 10298 19591 24546 19643 24117 9980 19775 9318 14184 21478 23003 14685 8783
16301 16470 21383 24505 13766 5413 14455 18139 30992 21254 9822 21258 123 10083 20123 18266 14998 17762 16546 15517 8238 11248 17402 15441 18667 9933
17821 16140 17715 127 26662 10972 9660 15612 17994 18529 18177 12685 4632 13023 20097 25136 15396 22842 12360 21254 9036 11782 8269 15409 11616 9954
0 12686 17650 9712 13973 14049 12734 12805 13128 14963 13246 14125 18508 12585 18037 23429 14796 21859 10735 22856 10254 15626 16046 6137 16481 12499
826 16357 17860 3847 23229 9882 10032 18669 8968 15787 8057 24412 14617 16301 17052 4986 18732 23297 13505 23884 5507 17025 14466 9335 1509 10218
17369 16665 23068 7338 17168 15065 18963 17667 15739 15058 9568 20728 16913 14041 21556 4433 19088 24943 10548 15687 13738 4119 12038 22660 13106 7977
