365
87 40 23 95 24 34 10 16 97 39 0 78 80 82 44 34 43 74 66 30 79 94 61 72 67 45
20563 12386 19895 19127 18014 17639 14846 20563 10788 16982 17146 15356 19992 7018 9221 22177 4027 22375 14068 14721 32088 0 2724 17168 14966 17409
16872 14706 14802 21808 24791 3020 20569 21509 12827 13991 7402 16606 17496 11095 20803 16303 7458 22754 15284 20526 16107 12360 15590 14242 17673 22400
14410 9498 12661 18315 14794 9191 16807 22639 10613 18975 12072 15586 25991 13086 7687 30701 22307 22334 21607 9754 18872 13307 13269 18453 12702 1309
16081 9642 11438 18039 15870 17409 14085 12837 13781 13616 13119 16608 20035 8265 13027 23078 14384 17447 0 15846 11804 13170 13228 18819 19520 9533
21188 10818 18940 14553 19199 25822 13460 20275 15034 14228 21428 15312 23847 7487 15609 3562 1766 11583 20489 15587 15890 18687 14274 14334 19669 6414
15185 12553 16467 13077 16885 15803 19334 19307 12488 18126 10986 16922 21058 10968 14268 26889 1227 15940 4127 13013 22270 0 1801 14826 16810 1264
15804 11904 21199 24133 10317 13358 19462 21217 12483 19829 13359 13364 11522 10618 17910 7961 13099 28544 5029 12432 20240 19725 13383 9625 22842 8947
17194 12142 23871 13180 15376 16066 19216 18331 10906 15623 9190 19867 17469 15626 6358 11295 8389 13351 26012 14441 9417 13781 15720 16599 17840 15050
20791 9109 19804 20635 18352 8537 12586 14283 14359 12600 9658 25755 20208 15612 12092 21612 5152 25666 15373 20556 26155 5199 17230 16726 15553 15770
17879 10326 22661 26732 16482 11694 18799 19975 14749 16518 8252 20897 24875 14201 11035 9960 18285 23205 28994 9396 6099 3892 11202 14723 16681 0
16098 10232 28996 5291 15291 12239 22915 14770 12102 20570 5618 22283 16085 10976 10745 12088 15249 20262 10040 16541 18195 16649 12714 24745 10979 415
17839 12137 20595 18017 26014 17388 16442 20930 13051 9854 7374 9914 17047 10643 14308 12131 8943 23263 0 9133 25720 14123 19575 18203 14857 3267
24352 9344 23173 20724 23490 3158 16611 11805 10440 10807 10831 19874 14307 0 12175 4756 31518 16117 11003 23544 17746 11666 10397 22895 15090 12977
20073 9709 12908 10893 33003 19395 12979 15662 10140 14297 6779 13821 18276 16493 13887 21478 4847 20596 8825 16450 24472 4825 10372 12513 18147 10991
9785 11947 24968 11641 13853 8325 23474 13611 16106 13763 9710 17018 26222 14962 19580 26538 13022 25471 19089 25376 20091 19350 7957 15909 18940 10277
18545 15642 29017 15047 16307 15197 15648 21647 7543 18038 13594 15560 17306 21473 12514 17900 25729 27588 0 15257 8488 16283 15776 13546 15898 10954
18639 12540 21245 16560 21433 18206 18917 24015 17159 12463 17729 16714 18702 14399 15251 23257 2849 21973 5785 29324 14751 2297 22186 12741 14811 17184
16503 16171 22946 13504 21479 16068 19187 15052 10808 14173 4806 14605 27037 11680 5085 20650 9745 12295 1176 18080 21650 15629 11431 17760 11204 12105
21637 10692 16691 12213 15929 6333 7876 20283 10324 14290 15719 19901 27957 12206 11205 10992 16053 21569 15559 11090 13820 11604 15408 12885 15979 13826
15893 7962 18109 15128 18876 7553 14543 17817 9691 10350 20407 20793 18487 17764 17390 14181 19947 17549 18771 6873 17893 6702 9321 16429 17369 2836
24582 10423 15237 17859 24899 10619 10870 16085 10492 12970 16681 13312 24388 4551 10522 7961 19408 23610 4282 18050 16892 11256 8841 10129 18114 9975
29234 14757 23362 17169 11931 11248 16579 12137 10616 16312 19722 18371 16177 4629 18948 25040 15209 12230 4565 16654 23655 17430 13085 13666 16850 0
23097 4490 16831 20511 18401 7547 18006 14071 13722 14580 18464 22978 15005 11799 4837 16508 8470 14989 9750 28606 22815 17098 13399 8496 14276 5901
17836 9325 24322 11171 15175 19287 21275 20329 10061 15998 7764 13257 12042 5811 14649 12668 27679 20604 10246 16290 14816 4702 17155 16152 14956 17795
23354 11359 15427 10681 9987 8936 17494 22195 15671 15335 11294 14848 20449 10659 16311 20183 7291 18746 12620 27225 17782 9494 9169 18135 18726 0
25509 7999 21400 8800 13398 11952 15523 21884 12624 17775 10496 15819 15118 7289 11015 20541 11465 1597 16437 19736 23323 16972 15962 19449 12724 7936
17010 11376 18630 16664 20709 8728 13031 13616 12957 12926 9018 16454 16563 8508 17215 25511 5365 21961 12725 18589 17404 13928 19372 12516 13417 5838
24822 14088 19960 10359 20417 16208 17827 19511 13052 11665 10470 12309 29513 7060 9447 18564 16633 23947 0 18156 25426 16317 14408 11414 19139 7895
25510 9717 15335 7751 23558 8900 15889 15985 11411 10350 14535 18416 17667 4554 7956 15649 16381 13503 7568 20275 13555 15505 9705 6426 15277 18401
22687 8057 30562 24862 22534 8283 14982 16002 10229 18811 17943 14638 23061 9373 7126 16895 21003 25510 12203 18652 24132 17399 12047 9780 12944 0
18884 11209 18024 18977 20870 16527 14835 18337 9710 17035 6645 18729 17401 7638 7398 23590 12779 22004 28259 17578 15626 16154 8869 14668 19147 10625
26944 11074 21687 17846 20070 15458 14658 20775 12818 22240 12653 10528 18068 3427 10981 31561 18195 21055 6657 12111 26015 10219 13881 22173 17840 10896
18712 11665 24782 18865 18182 12236 26247 20711 14477 12223 17285 21248 16721 10891 15367 13055 21745 21966 14537 20360 13197 19562 14448 17991 14331 18120
16432 8200 16365 15521 13683 9559 12394 21934 11885 17704 16603 18414 18363 6786 8971 20792 12005 28288 15262 10658 25699 9590 15042 19445 16490 12794
20194 11511 18278 13734 12102 13626 13181 19925 8353 11336 18720 23025 14661 13074 7623 24911 13441 26967 10179 12039 23125 11591 14539 16762 14470 16479
26145 10358 9393 7537 19413 13713 15023 19381 13447 11299 10255 17877 12022 18789 9395 13909 0 24791 0 22039 20834 9053 14165 13214 10263 17837
16776 12605 22607 4613 25842 7319 16520 21820 10969 17585 17840 6792 18567 15937 15189 21765 10349 22205 8496 4004 26309 13231 9652 13154 19934 2499
25437 13768 15965 14366 11914 19272 9726 17761 12275 21649 13182 15277 23145 10189 8456 4518 24290 11111 8609 19717 26475 25176 14442 13090 13332 9925
20240 13751 11758 18760 17057 9909 21288 18700 13474 13388 12741 16010 19144 3041 13796 1120 20360 16876 406 12893 18348 12827 10490 15796 17085 4473
18458 11663 16367 11430 15909 22507 15864 15255 15443 24720 11561 12534 28796 12725 8422 31904 16891 24823 8496 16075 24796 9762 10864 17447 16553 13270
24628 10934 18382 10578 22776 2469 21803 18803 14121 20380 20960 15162 14940 16727 11203 15942 9110 11831 21167 5061 20455 2083 15013 25566 14568 13051
12409 10266 23801 17465 18203 14177 14253 16333 13818 17477 18558 16291 17413 15304 22483 9189 16516 26136 34299 19247 23572 13187 10156 15266 17023 7553
25149 11347 21007 10863 10085 6387 19811 15707 14448 6290 15082 15786 27463 16834 10002 5123 18669 24560 16659 11701 18001 15728 14026 22770 14115 8196
17011 11855 22577 11907 15387 15088 26415 17596 12133 12948 24058 18342 17552 9270 0 24351 20589 22295 0 13455 22212 11896 16391 18521 19957 8330
16347 12532 10393 20642 20803 8859 14073 20164 10860 10931 14986 16804 22609 14068 14243 9890 22340 11367 9978 24951 19350 4506 9063 6816 21357 11289
17724 5480 17753 16556 18473 16897 11395 17839 13273 14596 10753 7794 18332 12205 14722 11471 12265 17189 0 25603 14827 7669 5304 11522 17744 9796
18686 9712 19208 13367 19303 9586 15335 19082 15575 9461 9199 19360 16826 21956 15764 12513 25638 21520 7645 22495 23880 18204 9163 23451 19325 13397
20481 11192 14463 21147 9542 10357 22259 24120 13095 12962 20425 18547 20296 18837 10815 10290 15190 23949 15142 21134 17934 30180 7785 17214 17426 13811
21300 12017 13153 9585 27504 4179 11495 20428 11614 15770 14137 12523 22578 7762 8282 13673 13836 20934 4801 23438 16040 11691 10924 16699 17099 19041
26663 13258 16666 15442 17630 12564 19607 20722 14980 15776 6945 16714 10015 9701 15536 11788 15290 10314 17483 19534 24671 12472 18790 11901 17826 22359
17679 7901 11381 16561 8920 22759 23298 20733 10011 17076 19379 8381 14639 11558 11062 22067 30694 19369 3977 8207 17697 14143 3330 12303 20243 0
17646 11856 17256 12164 17106 13779 16071 15005 11451 18553 0 14640 17881 12222 13263 21330 11260 8083 17605 15910 23637 13650 8808 18053 16367 9968
15750 9707 20109 8386 29726 13328 12487 17523 15756 11596 20658 21547 18124 5704 13344 24223 11989 27642 6591 27056 11818 20780 8732 18559 14585 9781
19783 8090 18126 20135 19279 10556 19894 15698 10463 11355 10768 17534 17629 14859 14399 7296 22774 12464 14212 23237 15874 22158 18536 16566 15237 51
18059 8238 9482 11013 21860 13883 15505 18442 12610 15480 8331 11604 22400 7081 9104 15284 12410 26925 20976 19402 26390 12682 12649 24276 19121 1757
11683 10097 15925 25833 28807 12452 15217 18986 11722 15818 17687 23258 18096 5911 14788 12727 2951 15663 17968 25132 19667 6470 6184 13099 20734 13893
25146 10804 20964 6357 22614 15575 10757 17664 15249 14682 16449 17869 14821 15662 5290 22486 2487 24710 5108 10386 15570 14717 15198 10232 14618 12867
28797 11564 10811 9548 18970 14173 18663 15768 11832 14466 8798 22470 20811 6943 13581 10477 18367 17765 17792 13364 26349 15398 18920 13034 17330 0
20104 7795 19808 5946 17784 14543 12331 17785 13274 15964 7401 15125 23394 10738 23777 16417 10346 21942 24558 22761 13067 9722 14296 15678 16597 11758
29199 10628 19977 15286 12269 9972 16843 21873 15132 17617 15856 14973 22640 16415 9175 13304 18522 20798 0 13126 20874 9430 15077 11379 15553 2519
24400 11504 9850 14389 16470 14251 16656 22980 11304 16710 6726 16770 29176 13450 16391 22531 10693 23525 19071 18049 18052 21432 12367 11871 18215 20311
20861 12793 12407 15515 18791 6818 8031 14715 14236 15702 19221 13471 13231 15006 19731 4692 12425 19316 8044 11831 24376 13565 8102 22627 20561 7666
17722 12141 18182 4359 18421 9381 22794 22214 9261 15226 10745 21852 26838 18447 18131 17743 24866 14828 16885 13299 10942 9566 13389 15320 18919 2684
23970 13447 7221 10265 23421 13295 18162 14342 13486 13630 5048 15929 20960 5372 14620 18226 13373 24481 20402 15149 14482 0 17385 14952 16909 19457
18758 13491 15484 15036 15581 13685 21949 17321 13939 17572 11886 11137 12330 17768 20305 11510 28238 24230 11441 13051 14359 14418 15679 8295 19825 23640
23340 6757 19643 11430 19190 13309 16186 19631 11600 10586 7184 22185 19809 13877 8461 21150 7088 16041 10559 7138 12567 10502 12395 11216 21919 12315
17708 9994 20966 8266 19081 18484 16401 20132 15242 18556 23953 16071 20050 15970 19398 21924 24334 21574 17726 11626 15639 3243 9860 9945 16600 15470
20085 9961 25697 13252 13079 7214 13414 20873 12044 13854 15660 11469 16490 18196 11054 19844 23523 12030 10440 13775 15224 1796 14143 6967 18554 7674
21937 12641 23815 10049 26074 14133 19925 20046 12346 20501 11158 15644 12389 12356 8687 12695 26366 23030 2141 16459 14075 16183 16891 19277 16436 14202
17953 8392 27729 19371 17912 17283 14367 17898 8633 13468 16111 17610 17881 12137 15734 16152 10442 12879 1724 20290 20946 10520 14276 18127 14693 9116
18548 10220 18111 12644 19374 16209 18268 20849 9467 13843 9587 12783 17083 15687 11420 26747 27533 17249 25675 3431 17463 6140 15028 17290 12839 18200
18158 11091 21360 5567 27399 16391 20327 17461 7641 16659 19084 11002 17737 9913 16767 10991 26303 14165 12812 19198 20642 55 17219 12157 20088 10237
24495 12194 14999 6357 18763 12721 16349 18312 9568 17215 10697 15358 25651 12174 7682 18129 20058 16550 1215 11610 27390 13133 24395 9844 18576 20491
19555 10146 17753 14528 12819 15475 15521 21386 6687 14686 31023 23654 25472 15663 16074 10920 25632 26715 0 24872 23186 20333 7777 19627 21566 20317
16748 8725 23507 6339 19315 19322 20956 17532 13015 14846 11672 14084 21357 4472 11345 24826 17234 16463 7269 28482 24909 18518 3174 14590 17967 14905
24801 12433 17502 13861 14841 15976 17147 17323 14365 8126 22580 27664 16764 12321 11792 24871 25049 19551 8572 13560 22784 0 7741 8477 19464 0
23927 10021 18854 9704 23018 8843 14753 18450 13276 12830 22464 19411 16146 12749 18423 15990 12840 21197 9389 22541 28913 9873 16600 11088 18694 21927
16969 13078 20242 5991 17746 10197 18048 24168 13526 10747 10066 14426 16062 5869 13402 24777 14640 30627 9083 8912 19821 11261 7042 8008 17864 6254
21691 10218 18057 8114 19412 10455 15776 21962 13569 19135 14416 16493 24334 16476 18997 16737 14009 23693 20407 33375 16388 20695 6655 4486 16082 13531
21881 9595 14819 16397 17096 10516 13523 20054 14636 10115 20878 21598 31772 5767 23281 10219 4758 15816 17278 15266 15594 17551 18212 18140 16292 9517
15252 12084 16178 17610 21115 16479 12651 8355 13099 21134 20883 24945 24433 6056 10647 20993 14475 16044 11055 9325 17115 7531 21907 13060 14041 6554
19604 8619 23196 20833 11317 14978 14204 19744 12958 17389 2027 18753 19310 12543 13274 17626 10427 16931 23534 12305 8736 10118 15766 16032 19313 2809
20326 7359 14822 4365 25759 12514 23351 17276 9253 14532 14418 15617 15735 3712 12743 24452 15904 22132 3979 24552 22842 19834 20529 9243 17276 5740
22786 9471 23219 25095 13770 6901 24735 19616 11270 13674 5697 21082 16745 9027 20132 25110 19670 29623 14617 19638 14461 14841 15878 16520 15937 11786
17031 9362 15236 8556 16160 9302 18957 11370 9076 17587 10350 19262 16529 14639 16353 21986 32424 19932 11892 7067 28104 4393 15564 6655 16068 14985
17048 9050 30158 10853 13257 8739 12535 21767 12281 12217 20104 14997 9600 9238 14805 7106 17211 25326 4875 18926 28744 20174 11306 15833 20884 17870
18222 10953 18784 12326 13015 19124 23142 18984 14202 19304 9783 23165 27703 8367 10703 26518 9838 13226 3163 16711 23889 5890 20537 1673 16958 7044
20950 12365 18156 13080 20232 12974 12149 13733 9139 13966 21620 21234 20811 3473 2850 2347 27479 11341 20924 8244 19612 19730 13959 10838 21455 8708
23263 8525 16283 13184 16607 20317 21458 17082 11275 7468 10672 15796 7695 18146 8545 11155 13856 13689 11170 18338 16292 13014 18103 12238 21147 12400
18817 12408 12475 7959 17446 14457 11604 22648 12005 13879 11386 15094 19389 2033 10275 13785 15970 21997 20052 16643 20000 18310 9369 10652 19465 13983
20743 8133 19514 15167 11755 14239 20124 16721 12418 21834 20745 19517 20844 9937 7416 10648 27973 13285 4017 14376 26476 4769 13874 12179 15382 5513
23852 12718 18436 12000 19484 12738 13378 13764 8161 4410 15362 23156 24260 7577 9607 18071 19763 11749 16039 19019 16688 9724 14902 19230 16934 6580
18488 11566 14707 24640 22064 8799 12716 18423 10805 14076 2957 18972 19234 15047 15379 25942 23505 18604 10257 15970 338 16837 8306 19402 16915 4244
28404 11669 17092 16320 19430 18817 17730 18156 12869 11611 18994 14898 18462 10888 6427 21413 16160 12888 14001 20233 22449 3876 12493 8759 16223 0
18107 9689 23489 19043 23669 8598 12877 16641 11863 21123 10193 13229 16346 9501 15004 22387 18371 24639 11304 16307 13511 11208 17062 14564 16017 9787
23794 11345 20988 16689 19109 12687 22204 21925 10759 23272 22328 21124 16553 23092 12525 13179 17889 20466 17078 14264 28368 10265 9501 15281 19544 7644
15168 8374 15678 20525 18659 17030 21205 13682 11925 22251 19071 17209 25643 0 11556 26673 19886 15796 631 18734 35705 8289 14120 24016 12954 2050
15210 10550 17047 11197 23433 10269 17969 20863 11085 14093 22810 22152 29664 7167 503 23812 14559 16787 2937 10646 11998 10180 6902 14235 19361 16000
20863 12212 26156 11502 12401 13610 20657 14855 13389 14388 12547 18040 18987 9838 14302 19042 16599 16855 30406 17827 20442 1878 11939 21040 19959 14211
15512 10771 24580 15346 27147 10634 19334 19216 9338 13228 7705 20789 25118 8777 20251 12793 20656 17108 1847 11388 24336 14970 7557 7990 19167 18705
15452 14513 18010 11787 13510 10548 13489 17328 16635 18102 16073 14492 25222 2061 13405 20375 14522 19735 19414 21691 10309 4818 13354 9780 17437 8333
12806 5989 28289 18776 18326 16347 14373 13406 13153 15434 10650 21810 20780 11313 14810 8828 22130 21737 7465 14021 25135 11106 12541 17437 15175 16356
18825 10708 17255 21650 20940 8295 19695 18162 14091 13228 17118 18582 11993 11360 12636 11315 16420 23244 9624 17315 16651 3810 7535 10111 15213 15089
18874 10426 16693 23363 20281 8346 22373 17683 14954 20613 12287 16328 16936 12149 6682 27535 19389 20235 17932 10928 12084 9824 5495 13625 18811 17774
21644 10596 17404 20207 17861 112 24682 15430 7762 14089 15589 21991 21936 11212 18493 27470 10316 22690 2583 17087 16265 14806 9871 14577 18483 4414
25297 7938 10243 9091 18321 11794 14462 15668 13635 20911 7581 19251 20331 11068 5587 6487 11978 17615 27337 9231 22949 11026 4776 19487 18198 0
19048 13334 18350 1145 11767 16396 29619 14701 12794 15905 12941 16604 21090 6794 6930 27148 0 14769 10138 15737 21618 7319 8508 12106 14496 6777
12278 10501 12002 6360 19348 20517 15851 13601 13107 17921 11438 25463 20479 13421 15816 13852 27096 21326 4415 8331 14263 11239 16714 18991 19012 0
24523 10945 25389 13171 24348 15483 13805 20810 9722 18618 9987 13847 23650 6205 5891 21761 1176 20027 10354 12190 16144 14705 9931 20126 18046 11407
15634 11796 8264 10441 17524 18134 12867 14902 12924 13596 13089 13015 21822 10191 11839 12961 21385 21876 17998 19209 12873 5249 22684 8960 16347 14338
16902 9400 16629 4453 13064 13510 14369 17394 14177 13875 15628 10646 16813 15197 18404 8370 13211 28787 13491 7771 22366 19582 10827 19071 19167 17082
19514 11987 16859 12741 16452 15671 9150 19293 11998 15475 7549 19757 21436 2500 14337 17392 13174 21572 0 19325 20744 19888 16237 14204 20478 31075
19491 12593 17656 13232 19383 7322 21654 20196 11474 16375 8237 10928 16394 6028 5533 10069 6704 19434 16534 22869 20646 21916 10995 15526 11953 13551
16845 12637 21008 4073 19137 6731 16599 19918 15823 18090 13936 21707 19563 6400 13460 10187 10534 25627 4749 25342 11974 7721 14487 17730 19125 15613
14010 10013 18422 18545 22720 11581 16989 20493 14386 11220 16439 15830 15501 14727 9631 3818 5771 13768 13359 14028 27254 7476 11165 18362 20791 4084
20456 9199 18246 12274 25768 6924 15104 24302 13782 17097 13034 20192 24116 9726 20213 18089 4000 20021 6887 7799 13603 13315 12808 5949 15621 5873
17749 8702 13543 14141 20379 16519 19571 21604 8035 14422 9549 25606 23283 8365 13404 20458 10753 19947 15913 20395 15482 14108 13169 12548 16887 8434
23666 8456 11927 15955 14651 10512 19936 16904 13647 13243 7716 18574 21015 2224 9443 11170 6764 20536 6076 17771 15583 13424 19664 17659 20391 15356
20815 12483 16331 5567 22201 16630 16238 23262 9376 17167 17280 20354 20587 13326 13451 25334 21901 13297 16580 19529 24172 6847 7800 13862 17400 15340
24551 7255 19984 12026 18681 9412 21309 23768 8773 17154 19105 10120 21466 21530 15933 30882 24369 21926 16180 12946 21665 21280 17280 11784 17907 9485
14248 11351 7742 16344 12440 8595 15366 22393 15343 9264 16008 17776 15960 12018 4741 19768 12845 27081 10150 14679 22529 4248 11862 10848 16600 6794
15375 8431 13901 15719 25729 14004 20884 16105 12460 13361 8411 4029 18472 15838 12933 11930 15647 17648 8226 20455 15349 17688 6981 23252 20327 11494
23102 7514 22322 11944 15370 15011 17484 22384 12074 13931 20753 17423 11813 7976 11311 8525 22137 29672 19750 6773 21059 5489 18507 9465 15503 10587
13935 12590 20389 17359 19262 15862 13761 15686 14830 14798 5535 21810 19467 11421 13171 25009 23961 21678 18913 22310 19177 14572 12673 16544 17715 12851
15221 11789 23997 11385 14240 8871 17948 14231 10608 18726 14644 19700 24220 14876 16276 26189 23750 23029 12349 23535 18657 18040 9770 9827 21848 15709
15719 10204 26382 7843 19197 13102 17245 19646 13485 13399 14697 17421 19403 11444 10093 10443 26717 16199 1544 18142 23825 10913 5822 17995 17477 18049
16632 12387 11128 12478 21872 19778 13434 18514 9813 6982 19046 17987 18685 6031 20834 25553 10407 25570 8750 18454 10306 13616 12819 10477 19832 11098
12264 13285 22002 15281 13301 16205 7562 18948 10469 18760 14456 16716 28237 14178 16905 27801 15309 23219 16439 24793 12847 11360 12232 13565 14838 6668
21260 9492 10914 2190 23202 24436 21145 16981 12995 17989 8671 16089 19189 15171 20353 20186 8804 15372 29948 19418 21449 4464 11432 12676 18790 13711
15667 14992 18538 11102 18482 13828 17650 14294 12353 14449 16123 11398 16110 15545 8577 16632 4461 16020 0 20872 18865 27780 11734 19017 13044 0
24388 9182 18664 0 21759 13485 13934 13964 14515 10581 15702 12877 16242 16858 14339 18759 27931 23215 3808 17027 13457 12768 3620 18447 18700 12579
15152 10066 17805 8948 24826 11794 24280 25645 10090 8742 17050 18696 21422 0 16002 7889 0 27538 14998 18792 9137 8760 8187 0 18361 23046
22569 10786 24601 5693 18694 14281 13655 21605 12997 11858 7618 19157 19211 5861 11175 17694 20586 22518 23095 6070 25805 17325 8784 12169 21005 15845
16101 9767 24002 9093 24965 13183 14924 21089 12956 15825 8627 24672 24095 3037 5894 17718 16041 19822 6539 19430 4108 14532 8929 15098 18475 0
12861 6663 28543 11380 15350 16449 15202 15053 18363 10823 12681 19997 13090 17988 11370 16104 13160 17006 16403 27128 12480 6366 11728 18543 17217 21984
14688 9680 16798 14167 26828 16869 19037 15325 11758 17778 22226 20484 18443 9684 8629 13160 19299 21500 16587 11805 19299 13320 11422 15560 16549 11566
17038 8077 21710 17065 15514 17094 8577 23057 7308 17352 19041 19937 22502 10104 9917 9938 6533 22910 4657 15048 6010 0 16208 10653 17887 11254
13060 14411 13128 12022 22824 22053 18712 22850 14184 11819 12546 15952 15318 9306 12271 16141 15896 16523 5941 6727 24505 17658 10164 19528 16351 7580
20702 11418 31210 17695 8889 17946 22280 17505 15992 18841 10523 14629 24703 10347 9476 14186 14647 19111 4190 18981 32527 11175 7698 19874 24477 6702
19091 9961 11177 14911 20892 9562 20768 18204 14651 14015 9844 19327 22109 9728 10046 8791 13095 27068 8570 12054 25175 13694 15609 10594 15748 7602
24042 16438 27767 12184 21241 12240 11557 19014 15452 17891 9292 10042 12640 14244 7654 24013 0 22456 14118 16764 27010 13297 7703 25996 14915 0
14871 12337 23019 15517 25438 17069 20664 21244 8943 12782 12712 13043 18880 10996 17928 17587 12832 20491 9656 11005 11992 26812 11751 20776 18854 1013
21294 11719 19980 7578 21412 12616 19231 16992 11042 16653 6652 21092 32918 11102 8623 15260 12346 17912 17424 16020 19263 8743 15796 10500 17448 8045
17025 11909 16073 17241 17430 14891 8832 16261 11585 13006 8403 14506 20656 921 14657 28144 17718 19587 4252 15053 34727 13201 7957 13005 18330 11334
14154 14632 21694 11075 24972 11260 17921 18533 12806 13774 14855 23988 17607 8634 18448 15255 13118 25604 9491 19667 26131 24778 13924 16693 17981 13430
14576 11448 24049 16464 16771 10188 17056 17416 11083 20311 12711 15753 18613 5070 8485 13097 26762 26214 7452 19079 27848 8771 14574 1343 14329 2580
21133 9705 12283 11864 12509 14105 25355 19618 13223 17615 20003 14661 12508 5410 14497 7425 30280 19532 19725 14649 25819 23345 19139 13351 17754 14591
13842 9792 19021 18187 19742 7876 13456 19476 10943 9441 20836 14229 21415 14160 2890 14162 19829 18586 2548 21128 20701 6688 17776 10685 11956 7346
24627 5473 14398 21596 20855 17510 15287 22512 5444 21866 0 11260 20571 9890 12025 12375 13146 16135 16732 22786 18947 17165 19308 17192 17811 15574
18727 11746 22094 14691 12741 15423 18342 19804 7852 10083 18063 10898 5698 18440 8847 23157 21608 15623 23952 23790 24830 23808 13973 8969 19604 13953
13448 10128 19268 12047 13821 9784 18396 19603 15315 12602 2613 16265 23409 13558 16344 23256 6213 8948 6672 18642 17687 15977 16189 15058 18888 11634
22762 9203 25214 7784 24311 14501 13107 23438 9471 20043 13330 5842 23372 10831 21222 24359 15188 20743 3350 12427 15317 4360 4144 12931 18105 6968
16034 14844 17045 14078 25123 16293 22163 21370 10705 16103 12879 17469 19147 7743 5115 5877 11792 20426 14758 13246 26016 12723 11664 9917 13555 8857
17507 13788 22902 21788 12574 18709 10099 15000 8467 17207 11314 15481 14345 1490 11176 16587 6575 18243 20358 14766 24317 12931 6534 11550 22247 2682
24152 13869 26516 13391 21039 7878 20447 16839 11438 13847 11539 15804 23978 10125 10759 18392 11866 24029 15724 17864 22414 16561 17208 18267 15014 5246
19134 13048 13964 12194 18473 8068 12139 22669 14041 13643 11241 12308 21336 15141 13920 9295 3868 13969 14454 29655 13493 14623 14504 18011 16988 14200
18262 8848 19102 12764 25965 12046 13359 12156 9886 20246 16813 28274 22875 4524 11755 3140 17119 15572 6712 18402 26103 22636 11741 20166 16448 12014
18898 9122 16681 21035 10258 11827 20518 15975 9447 21120 9991 10999 18643 5173 5405 28518 20845 12705 19467 19396 20920 15344 12668 17422 22038 8567
15604 10149 13814 17364 27666 12924 19909 18355 9016 18572 17289 14985 18238 2657 9049 30083 25021 21157 0 21812 27385 9041 14854 17835 11726 18141
23456 10570 18586 23389 22638 13991 10302 24685 15339 15974 17308 20618 19523 0 21569 5101 3385 20892 16062 19305 12243 27514 18260 16408 13210 21863
12711 7670 22994 9642 16801 8658 14930 22204 9480 17958 9232 17569 18629 9297 10514 27351 13393 19083 4259 12843 20604 0 14895 25557 22749 2057
26242 11552 24770 12260 24485 11410 12730 19888 11421 14561 7741 22217 19701 5524 12278 17227 13309 22581 0 18065 14383 6894 13685 5952 19198 14256
14569 7229 21770 19964 13650 5546 17865 21710 12384 18775 14177 16326 9960 9838 15526 18283 33250 18053 27203 9306 13839 9708 7050 8161 15657 9333
23776 11949 19599 19543 24838 6022 19983 20109 9227 17408 16987 15952 29113 11251 7866 11894 5863 17262 12795 22189 26923 9935 3159 20156 16774 16000
19481 5844 15625 10612 27659 9381 9552 14007 12762 18261 12699 16658 24911 14318 8239 21381 16684 22092 10893 11249 22504 13695 9799 18626 14661 12220
17757 9767 21132 7832 21632 10285 16107 17417 15200 16143 9211 16103 19098 6703 15100 11236 10601 17194 15955 13588 12893 9700 14059 10714 14821 0
17315 7272 17327 4879 10329 10735 18592 20525 13780 21581 18018 18868 20552 14304 17131 19937 5481 14326 272 22775 21851 14655 6080 13392 15252 11377
16561 11133 20277 12188 27719 14549 18377 22117 9642 10734 11640 22876 29448 15336 16591 21826 9056 17712 5142 17540 13117 0 20245 13594 19698 16306
22438 11143 19725 14783 18087 13014 18124 15310 13029 22093 18186 10128 16743 2209 7506 20153 14803 15545 13932 24961 19478 26845 14018 16763 18043 20453
21773 11957 15595 22131 21677 13636 18056 17939 8960 16206 13909 15726 21579 805 10533 13899 8975 17796 6421 9711 13923 9207 6084 17640 16079 11725
17820 9340 22298 13443 17222 20120 20847 15704 12211 17203 13985 24687 10159 4262 10506 16706 16045 21909 276 6898 19417 12103 11749 10919 14651 17166
15569 10071 24960 9997 20933 17777 17786 14369 14421 19453 9468 22880 16284 0 13139 15960 23039 20467 22630 19626 26890 18741 10107 17192 15765 3967
22875 9698 27085 12419 16323 12709 12343 21539 3838 19519 12473 10269 17004 6849 8743 25486 11357 14525 23325 13352 23442 2047 6510 6915 15266 9862
16873 12559 16011 10380 23153 11214 7712 17037 10709 22587 17781 8676 9684 7991 17254 18209 8731 20784 13064 9492 21063 21581 11709 20788 13810 8251
19133 8030 22918 15166 19633 14809 20923 20637 11754 19029 20975 14384 22106 885 14012 10052 15400 13765 11433 8905 21607 24592 4299 14923 21064 6398
19456 7848 22328 10406 24112 14650 19583 18589 10405 18299 6547 17526 24343 3081 10654 30336 12567 28657 20832 10472 26188 15607 9620 15950 18678 17864
18760 10882 21749 2528 15341 21368 13935 21279 15334 20520 4099 16936 13087 16638 12691 10344 8842 24295 6557 15161 12740 9993 16190 14476 14354 11014
23398 11985 22485 13262 22594 7908 14011 18664 8561 20951 6429 19333 16909 2422 6134 399 14352 14587 1461 13065 12288 18502 12906 8007 18107 12136
23603 12447 25819 14425 23463 13856 15384 14810 10101 16289 8360 14494 6098 0 14333 26201 6455 17803 0 28365 26474 17214 3644 5770 18788 6204
16676 13897 20396 13065 17908 13632 18647 16929 12240 14826 12295 17726 21862 13602 5576 14002 8391 20210 24881 13319 15579 10235 16307 11282 16819 4487
19366 11709 16251 9405 14555 16643 19690 13654 10828 20233 21765 24139 18810 13643 12951 16887 9007 23065 12336 28433 8157 13099 5765 19658 14613 8234
15617 12840 23384 15887 22556 11527 22672 17548 7976 14354 15356 26835 16128 14865 21429 22455 3607 19311 19784 8550 16605 8136 10790 4254 20627 10189
6295 16370 21181 5730 16238 13095 18310 23071 18126 19249 12351 15280 18691 5514 7776 14734 15818 16341 6924 15259 24622 28538 21168 11227 17976 19908
27089 14184 10241 19083 17470 15401 22609 20172 10782 7918 7825 9923 23319 11755 19971 14263 12426 22895 9344 17166 26731 2845 10390 16414 17978 4727
16035 8726 11627 12467 17638 14089 19337 17150 11517 5864 15422 18027 23154 13982 5757 16108 1327 21731 6249 10201 22996 6446 7212 20086 18849 1023
18431 6294 22297 6542 13243 14635 14176 18424 14551 14991 10647 13987 13003 5912 13668 10633 30894 24517 14636 17304 27913 6494 10388 12926 15696 10370
17415 8156 13660 4670 23854 12430 22449 18017 11598 16315 7164 16201 15262 0 13022 13271 18235 23505 17627 23847 17173 12038 9560 7726 13788 19216
24899 8703 18433 4751 15406 14848 26887 19427 12195 15429 18942 11977 22360 18053 11689 11074 17657 19550 12716 10397 29152 12463 16367 11016 17303 15263
19519 13562 18259 16401 22009 9286 22956 20954 15864 17528 20446 14097 10487 2979 17565 27122 27173 15285 16726 10693 11727 12661 6339 13713 15356 11978
19385 7853 18617 15873 14450 12982 13256 17147 13755 21153 20510 17992 19767 8230 10895 20025 15635 16402 9898 19029 20201 11167 13465 8540 14688 16041
10782 13150 17602 12144 24667 13907 17293 15087 10895 16227 14827 12356 15793 17259 9490 4003 22634 14425 10207 7741 20454 17421 18366 12509 16557 5517
18949 9246 15478 12122 10185 16826 19193 8790 13684 9229 15239 20230 15541 8616 12622 15974 31489 12954 14311 20206 15243 13910 9610 14263 19030 0
17843 9635 18095 15503 23512 19832 15358 17762 14054 18635 11449 16131 19170 6430 12843 14086 5784 13662 9340 23695 14789 14109 10503 20279 17913 9649
19497 9300 10303 16897 27418 8288 13641 17403 9581 15108 16971 16619 20265 12877 5773 16679 14969 16948 2709 20107 11190 17814 12874 16929 15181 0
18773 10836 15734 12373 24780 17399 18447 23534 10518 11867 9335 18831 25112 11000 5041 22968 27891 17951 5938 24917 18158 19889 11300 18125 18699 9523
19042 11014 24204 16717 25826 16772 12322 17734 11615 19077 26120 10001 18752 14528 8284 23524 12296 17238 6465 9208 6935 0 6017 16937 21074 7359
25245 13214 26761 11683 18382 11715 17689 16659 14289 9187 13657 20081 22458 5348 11790 19371 18860 18823 12990 17494 24735 25045 16171 13629 18119 9287
11961 11277 19522 10902 24070 10640 12930 13625 9078 12711 19632 14140 18233 14974 6491 21149 17797 22383 11947 26933 26650 17047 20344 14641 21957 14566
18607 11015 14650 3387 13715 14204 19877 20839 9487 25487 9852 12181 19065 17311 10622 19108 7707 21364 12189 8801 19734 0 1367 17454 16011 14851
14813 7945 16416 21515 16627 18313 11102 19191 11042 14750 9138 19379 17343 4679 15212 19385 27223 17685 0 12490 24826 21436 6079 14753 15668 28023
19043 11178 25084 24056 18985 16097 11985 16646 14008 17157 15511 16322 20085 6364 5388 2498 22149 24659 1182 22496 16919 14425 10281 18983 15991 5069
25802 8642 19646 16080 25151 12480 19499 16675 11938 12876 19639 11404 18561 1241 11264 18677 4050 22534 21654 6324 13032 16360 12176 18251 16579 1840
17709 11630 18245 7697 16462 11889 14349 19913 10807 23407 23297 19053 20657 4004 8950 21492 12468 17056 26827 15710 17835 15045 14525 12080 17304 6167
23244 7688 21411 7428 11523 15461 13922 15086 13444 17391 8308 25747 22646 16434 20530 43363 14539 28300 10667 18071 19422 3442 9462 15479 19227 21339
26099 13690 21841 6469 17082 8369 16951 18662 8463 7812 15379 21242 23442 4796 9207 20545 11562 23025 19823 11495 8648 14479 17880 13545 17566 8165
24549 11883 14592 4432 13928 12074 13359 17506 7424 15532 10207 16544 21179 6295 17356 26881 16605 22974 10833 4129 19356 8544 8665 16892 19966 17829
21828 10383 21021 14592 10332 13414 12812 22369 9258 20256 10369 18008 17983 1014 11134 20961 2794 19243 16307 3579 6082 1564 17530 17974 14789 5457
25737 10665 16581 13082 18486 16316 20591 22627 9957 6657 19169 21993 13549 8282 16790 8780 20066 22613 0 12328 13620 10776 9700 15011 16720 584
19538 11018 12755 12615 18232 18015 17335 19532 9733 12013 5618 12681 14380 0 11344 3415 23818 27643 15463 21705 17668 9030 6299 9200 18818 4713
22286 12317 20544 18000 14684 16382 16600 22278 13366 15024 3035 21316 18096 2023 12532 26515 23588 15664 2716 11355 23408 17958 14297 19122 14835 1052
18398 8155 16829 9795 17469 15027 12048 15583 7159 16769 8207 21023 10957 4639 11044 21760 7921 29154 9460 12621 20591 5304 11039 11218 15722 18316
20558 10346 24424 16190 17593 11308 14906 23616 8808 14145 11438 21880 21782 220 7250 28113 18647 14030 25812 21077 27057 15652 1778 22932 15724 18901
12490 10886 27932 14567 15346 5427 22684 19497 11238 15152 7526 20978 18455 7654 19755 19179 31163 23807 13647 14485 20945 20547 15291 8755 18388 23180
21445 8090 27369 7889 20881 13745 15707 15668 9677 15389 23111 17740 7749 10706 19506 17505 14066 19799 19908 6743 12896 9469 9056 13016 22434 815
16259 7868 20302 15430 19483 16440 19042 18004 9782 4437 6957 17920 11071 16195 15787 21335 31117 20244 12069 7025 20390 10399 13519 14516 17715 19895
19539 8904 29939 14666 15326 15107 16996 16655 12377 15527 9459 14696 14085 16539 8942 27165 15017 10338 4539 13695 19596 4833 11982 17342 17190 8400
19021 10854 8686 17163 16667 15607 16464 15759 12700 17205 23227 15485 16257 13819 15906 20409 19096 27196 12833 12367 21781 28322 10574 19441 17899 12998
9920 10907 16096 11324 15474 13280 19593 16801 5707 15227 19969 13702 14256 8048 5553 14614 17142 23442 2363 17045 17534 4673 3541 12333 18584 13386
22842 9968 18062 19912 20015 17411 19551 14537 9553 16825 12668 12205 21776 15430 11685 14032 18314 17196 1789 19861 13332 20061 25274 12555 17583 1050
17229 13934 15399 9532 30797 19239 14320 13848 10476 8937 10362 13728 21788 11273 12079 16946 15870 21689 4838 22312 8821 13967 14871 9976 15800 4082
22789 11423 27816 8447 17180 15826 19469 14049 18638 16878 13160 24231 16383 13475 18812 23337 18300 24705 8579 26053 7952 13290 13456 15207 18728 12931
16317 12604 24045 18199 15139 11357 24243 18467 9368 25127 12812 12142 14977 4859 13880 9953 15444 18380 16856 24857 26940 9282 12531 12784 15475 12049
17765 12877 13062 11411 24409 15487 26495 19859 14206 9580 16473 19877 16724 9019 12222 21386 8121 22216 20888 20806 28515 10755 12044 19030 18599 15231
19978 11830 24954 10608 13560 19132 17877 22777 11486 16140 17387 23270 24407 9238 10990 30156 16220 21685 16595 16700 20358 7294 18366 10927 14147 7047
15612 8254 17037 13669 16025 17558 12077 14488 7949 13444 17725 20608 22620 24256 5921 26579 19745 20005 24370 32779 20617 23456 10258 26764 14659 0
17886 9519 21558 10597 15288 13426 12313 15164 9636 13404 19313 14767 20799 13240 8161 19892 7217 24266 25835 10240 24375 18003 14797 8690 18851 2607
13435 10566 21914 13073 18769 20228 13582 17268 8869 16482 4717 21440 24166 3807 15143 13933 20291 19764 2421 3849 12717 17979 11455 21935 15461 11584
22315 8771 24466 13397 25432 16070 13621 17902 11978 14300 9443 21805 22450 15011 8859 14614 21442 22820 10078 15795 12062 8183 7824 18665 21623 19959
26386 10346 21963 16689 13360 11969 15481 16883 13486 18339 8197 16469 18113 6349 19446 20470 10556 8904 22369 8895 28399 20233 12604 18421 18055 17473
19384 6633 20614 22306 22676 9722 17508 15943 11277 23863 18399 16405 16880 9594 6070 8776 14982 18408 9099 20681 19916 19179 6619 23268 18557 15041
26362 13020 15551 12621 18524 14699 14198 22323 8455 16987 10890 10426 9662 12898 21974 22439 19708 20436 20993 9614 15790 10307 17292 12598 20014 11704
18416 9510 22736 20597 21024 16057 17041 20948 8960 18704 13477 22604 22789 14445 9753 10750 23314 17050 13027 17214 17107 15603 10100 21204 13538 9121
21900 12282 19858 6934 12270 10697 20135 20929 12406 13376 10778 21354 8143 7932 12445 17660 21047 20826 11351 3562 15386 3656 14059 10140 17331 6040
17201 11985 20707 8255 12131 14388 15148 19291 11164 15189 15767 22616 21676 9759 19682 14171 16780 17152 19229 24575 17597 14326 15253 19082 16250 18517
17647 10934 14473 15856 17171 14738 12734 15482 10306 16288 8819 14780 29455 12144 14695 14529 15644 23980 14555 12293 24311 23785 7195 18354 16285 19218
17613 8835 20292 11195 21050 17510 23545 19142 10224 22092 20235 20958 20636 4972 8086 17671 12535 25237 13514 15160 32446 8224 14625 19345 20209 6961
22122 11758 13378 6862 21058 18362 22264 24805 11488 17728 20062 23889 25913 19142 12550 1407 6477 19358 21025 23911 17536 18435 4464 14164 16577 8676
15752 15121 24529 16375 14042 9959 20430 23839 11820 19408 12826 18484 19483 5592 12358 13287 28019 15414 25277 21012 29298 8724 18713 11389 16256 6519
14640 7754 17419 10787 17407 14293 19491 19495 14462 12432 9293 14062 20655 3752 19704 6449 17416 17951 21089 20841 23206 0 12626 12170 19710 15877
23946 9734 26790 1167 9447 16055 18344 18034 12300 17982 14456 20877 17935 18135 14042 25967 28143 17221 18033 22798 11026 7566 14917 6590 15322 6976
25023 13606 24132 11580 18426 8132 21446 14640 10220 26747 14103 18496 15225 19845 18436 13031 5762 18419 12333 9064 19132 0 11156 15458 19922 11349
20333 6698 22010 15539 16129 7612 19359 17959 10118 19014 24109 13452 20075 16412 11239 24328 15182 14503 23644 8015 10313 17007 12167 11276 15762 18965
19714 10507 19918 6495 19663 15492 16348 14218 9557 16613 11159 26150 15135 1552 17215 28261 20777 13836 3608 25869 12141 21615 9422 11557 16086 14923
19604 12287 13791 3601 11542 13549 23733 18116 13740 12914 9648 22702 21480 7334 10196 11740 824 13385 19225 11758 21371 13295 13758 17573 17501 4887
17447 8064 19495 5431 17803 15553 18274 16281 12197 11552 0 18927 22717 8427 13543 24680 14440 22681 13317 22377 9014 5372 6548 11345 19975 13114
20606 6971 16949 13618 23735 15815 17855 13476 13298 13098 7656 11494 17887 22270 9878 9478 0 27688 20495 24549 20392 21522 18370 11589 15866 16026
13560 6861 12966 14614 19486 9813 21919 22032 14842 20248 19899 16369 24376 10815 17503 8857 23041 19263 875 17031 28790 16265 20016 19786 19766 11283
27623 9368 21568 17119 12510 15679 15730 20857 10302 14222 10880 19872 10596 13096 8766 24505 24382 17630 17252 14894 18248 4062 10452 17016 14512 10891
20913 13312 20378 24526 22822 15245 18092 15178 9691 14189 12551 20802 26916 6976 12629 13891 18615 23470 17305 23390 19250 6482 10561 12677 17019 17151
19332 11382 12747 11404 23533 17872 18146 21737 5427 10694 16203 15731 15273 15647 10663 26672 27456 17736 12215 21918 12772 17563 9548 20383 13769 17747
17532 13227 18703 3690 14622 10784 19801 21142 13338 11132 10857 15833 22572 9058 14046 4958 14713 17690 10878 24770 23450 7857 11763 11207 12254 13767
24759 9545 22201 22594 23763 6602 17223 20572 8385 8545 19813 13358 25850 10677 20010 11400 0 21258 17672 12411 20116 11543 9972 19378 17468 2636
19659 13105 21199 15409 21932 10303 12300 22161 6267 13447 11400 12201 18723 6808 9079 4964 14896 14192 19781 16806 12182 13879 4506 15720 14557 22488
23361 12067 18841 9874 24619 18225 18820 16009 15212 17107 17416 23913 12949 18083 13504 17170 18817 8536 16662 24244 15298 18861 13646 19177 16836 17782
20890 12644 20666 20145 21247 11107 16229 15802 9208 15520 9347 11473 24856 10684 12970 21069 8631 16962 12074 16350 16954 9514 14294 23345 18274 0
15950 12699 16589 12119 23917 19555 16153 12629 10195 7835 25960 18312 21882 8062 9058 13361 19642 20677 16823 16197 16488 2475 9719 18986 22386 7865
25351 12793 14243 15414 23777 15256 15601 15111 13926 19779 1749 16989 21783 16407 16015 14773 13404 14513 0 20164 24830 3058 13244 10645 18452 16366
15807 14941 13749 11203 15688 16151 9320 18802 10583 15905 5440 16885 17867 10138 10270 15060 13410 27635 12206 12472 30109 10486 16666 22945 17983 20209
11114 11762 23720 12826 16506 16736 16150 16055 12335 8810 23524 10454 18444 8924 8724 12904 12016 22827 14774 22410 19627 6626 12023 13491 18044 5833
23220 13180 16192 14534 17299 16729 10827 14239 10847 13808 13455 19248 16491 11694 16508 23341 15328 12073 19725 21424 14543 19072 12091 10689 21926 16743
11637 8499 22057 20301 21345 16838 17304 23732 11978 19781 13024 14173 18253 8525 17695 13950 16331 28665 11996 17569 13444 7413 8327 19435 14657 12403
23096 12306 21252 10711 15573 6996 15796 18585 9239 23334 6033 19140 20552 14519 14551 2477 7976 13849 13996 20189 22925 12040 12606 16172 21789 3762
20160 14036 19016 6732 16797 19470 12910 18935 14998 16518 3926 14912 26037 13072 11750 20058 18231 21308 18732 18398 27577 13851 11575 10485 17734 23371
19154 12083 28868 20206 19288 10690 13641 22172 11677 16887 18967 19485 14976 15867 8676 8277 6417 23440 25333 18150 21265 19038 13718 14755 17516 10631
18748 5983 14019 21569 11529 10027 17019 22404 13323 17158 5208 20807 14961 10412 14558 20591 23619 22920 7910 15667 20228 10933 8893 10269 13973 11169
23604 13620 17774 6891 17313 15565 15120 18483 14888 19092 9645 14156 15053 10008 10429 28449 26611 19455 19469 25937 20184 14139 18767 15165 13900 15982
20994 14415 10535 12550 24058 17184 16008 12777 6484 19685 17781 19268 14541 13675 16516 7040 9284 22794 16731 18587 31009 16072 0 28123 17190 5973
23104 14043 14811 6552 19628 7021 16695 16289 9949 12974 17542 14609 23878 14066 6918 14461 16229 15664 27786 5625 10049 12214 7431 20768 23531 3738
19047 10395 20701 10859 18421 13410 14686 18328 13353 18464 19532 17946 24732 19824 14883 3106 13710 21697 24539 20362 15036 8435 9140 15751 20335 3555
20813 10564 28069 13214 14593 16208 17629 11276 18580 14177 10642 11899 11165 11180 17940 2837 10272 21549 0 11794 21784 12011 9642 20551 17436 25499
13208 10309 18935 12059 23331 11645 14464 17462 9927 28581 21129 12590 21131 16816 14205 17817 8621 22531 7336 17747 26189 16081 8600 13615 16981 3141
18239 11294 10218 18594 20681 14394 18379 14367 8908 19548 15460 17437 11857 2366 10322 18188 558 23904 12830 15191 20056 13163 8962 8984 16438 14565
22369 13313 12888 14290 23487 17569 19648 18984 15277 18568 17060 20062 9421 5381 6921 17364 23121 17387 31448 23288 23597 18152 13893 15833 16897 7809
21752 14408 14979 18243 25591 11078 17563 13963 12484 18219 21823 17218 28430 8237 13117 8572 23514 19019 11731 8271 21148 12824 14425 19916 16124 13359
14984 15167 22663 5934 19934 18876 13663 14861 7968 15634 23621 17774 16516 15624 10784 32547 3252 24986 0 12488 17842 7322 11917 15257 17630 5965
15088 5931 15382 12976 23466 14662 22350 18159 10873 11617 9980 12605 23031 9228 8565 20841 6773 20738 12604 9230 23228 9820 14324 17671 17570 6729
21885 8621 25036 10659 22693 10350 13482 17111 14536 17856 11786 18289 22014 6129 13485 18917 20965 23853 18416 15293 19086 8568 9127 19293 20730 4367
12790 11682 19177 18205 16395 15240 12714 15451 12334 21299 15111 13573 23343 17314 20501 21391 27211 27023 19642 9930 37931 17961 9560 13037 17778 6642
24857 9839 29012 4954 21810 12777 15358 13964 14500 16448 11325 17912 19352 9830 9337 10032 10488 19296 19247 21796 18017 9012 15873 8951 15611 2519
14766 10763 14436 18111 19292 5843 20747 16866 9769 14690 11661 24970 21663 14785 8015 16119 23940 25797 687 11813 16503 19376 15883 8693 18364 21745
15142 12846 18215 16867 21624 13484 21618 18398 13801 15476 14417 22438 20361 6771 12263 18220 17995 22408 8713 16656 19975 11349 11157 14274 17380 0
13407 11067 19587 2519 17808 11200 17550 18593 16816 21066 7717 11465 17029 3177 11565 19180 20323 17962 18550 15996 15731 12795 12400 6635 20599 15274
22693 10996 22514 16341 12006 13862 13911 19885 9611 11176 9427 13324 13418 11639 10923 23919 19912 19174 10831 19411 21509 24594 12012 16438 17573 6221
16771 13417 16799 10547 18196 11904 18447 17131 8438 12639 8630 12936 19171 12273 11686 12491 12051 17574 15178 9129 18597 21761 13739 18773 19203 0
23378 9106 15731 14020 16435 15404 16742 15773 11717 13265 11872 21202 17810 4876 14464 13732 10954 21771 7891 13715 19124 21685 16535 23080 18546 15249
19680 11282 13803 11108 24402 8580 16699 18721 14882 15814 14941 16113 21615 18200 6213 18334 12039 13261 15916 11193 17427 12159 12707 8254 16101 7442
27147 13532 16128 10363 22991 11273 18178 18310 8763 19553 13224 16556 19821 6130 14008 14443 18331 8141 3322 17457 28820 5592 9558 11922 18966 15312
21799 11587 21141 14058 20401 12932 23358 22824 13195 16487 18360 12171 27570 12847 16560 8858 16673 18076 973 8217 19871 14886 13826 17568 16658 8449
19586 12123 21878 0 25040 13230 18993 18245 11649 12431 11444 10647 27306 146 22284 9177 25314 13306 14596 17116 25884 11715 8200 5377 16794 10337
21245 11518 26163 12223 19987 10082 23637 13492 14659 17580 14035 25761 19416 12097 11038 24892 12130 18325 10713 23267 19293 275 10465 12601 14985 1199
17960 9789 14978 17860 14433 11463 14340 22925 9018 12130 10056 16528 14547 3170 10902 0 14919 28029 17575 7036 15634 10820 4358 7735 17259 6589
13416 8191 18267 12826 22051 20150 11183 20030 13681 17628 15641 18297 22272 7879 3607 4320 15989 17729 13158 20094 15707 13195 14686 10485 19745 14320
20094 8427 15287 10213 12943 18009 21462 17238 7418 13426 14739 17952 12072 2588 12262 10073 21582 27348 12269 21004 10800 9199 13176 11075 15687 20400
16864 11539 20999 3089 21764 13436 19925 20178 11479 20980 18071 19404 16031 3815 0 21204 11994 20546 23749 20611 27889 9146 14387 16192 19363 10349
12657 11575 25677 3309 19115 10922 10832 18116 11349 8029 22659 16570 30843 20000 15329 21598 14850 20023 18023 18660 10843 20563 16417 19950 16281 30041
19173 10086 17415 12651 25054 20019 13520 20100 8205 18341 7174 19575 16680 5071 22204 11314 16033 17679 12463 13154 16030 5388 11887 19013 18037 17911
19779 12026 21132 15386 19525 15073 13419 19482 11095 8008 15542 18363 22111 7416 13763 22019 4071 16228 18554 17462 11466 13332 12064 12670 14719 16564
15885 13435 20397 13416 17888 13369 16549 16063 10951 9722 4571 12155 20156 15227 5972 2396 15288 20637 446 13477 15911 11704 16017 9665 13192 4168
18603 12786 23102 23391 18847 8403 10941 16669 12605 15528 16468 20909 23989 19661 9521 18449 11738 23506 5367 23121 14664 26884 13576 12423 18345 5942
19091 8867 12873 19048 14339 11212 13783 15578 12333 15170 26905 14528 17886 0 8858 12218 7897 15260 4659 21080 15222 15699 12845 8007 16452 15537
24917 11994 16408 10505 28189 18062 25229 15965 14697 14235 11182 15713 18768 9700 6857 11254 17800 10676 13567 17721 30981 15439 13168 13978 17373 17424
20472 11633 23009 25330 16477 16275 16817 17132 10331 18500 13075 10110 17284 10914 7872 32247 3803 16310 19748 13057 23767 15646 9191 14038 14717 11447
16638 8490 18264 22672 22798 20620 12845 19426 10797 19777 6082 29379 20056 16066 8840 26940 9211 27733 13917 29805 35617 26163 9784 17748 17531 6277
13136 11422 21553 14983 26978 14884 16320 22723 7759 11781 13149 23524 12898 0 13355 23321 5089 18481 0 23125 23670 9892 12121 10785 15707 14160
17447 11564 17297 3409 17574 11130 9924 24078 6963 15668 12100 9122 19762 8354 17300 17886 21119 26546 0 23956 19097 18346 10504 15472 19272 5959
15502 13410 14380 5008 20932 16199 17030 14116 13515 13208 5778 7511 16302 5608 9961 19250 6816 22711 0 5765 19162 19551 9720 9420 19896 4843
21426 9867 25433 13440 23464 21258 14330 15868 17410 16188 16654 17211 18993 15112 12941 21771 17216 20327 19364 19062 21648 6270 10465 24017 14860 1267
21206 10305 11144 13717 24253 18882 14122 12272 12470 5478 16021 16458 14966 14411 11780 23422 17550 24782 12351 10881 25565 5245 15868 22208 17034 4656
14985 15172 10231 11000 20806 15407 22562 20749 12635 18528 17243 18888 24796 16118 11251 7212 24525 18924 4243 18046 15372 7930 21519 9828 14360 9572
15443 10150 15772 4776 19062 10450 17988 15098 13066 17854 27370 21839 21613 11536 25626 28030 28055 16099 9250 22656 18985 8953 9908 5328 17340 17705
21565 12640 24280 19981 10811 12590 8330 20063 10284 9477 18007 15360 12396 4941 13063 14064 26041 18121 4643 11345 17729 12029 6824 13607 17504 15820
20540 10758 19114 24881 19486 13626 18521 12620 13128 13136 9789 15574 24712 7442 22083 17583 11243 25073 10694 14141 26792 15706 13137 17917 16319 7536
16881 11212 20782 6745 20426 7837 15463 20116 12695 15056 11964 15349 21275 15341 18185 9480 28679 21004 0 15898 17969 21790 10123 11423 17815 11755
17060 11789 18244 8128 24410 14702 14219 24170 10246 16123 18810 18701 17817 21377 15175 22446 16624 26293 22110 15960 17037 10571 18907 21515 17634 0
13399 13568 21107 17233 17926 6340 19625 18608 9155 20512 8914 15422 21772 8475 15563 15788 15716 18417 5525 13794 21603 0 17640 10872 17131 16446
19797 11853 17308 16529 13761 12527 21187 18900 12141 17063 10164 20298 18188 10391 22108 16891 9089 25062 12320 13257 20973 16122 9772 15985 15465 19110
24003 9839 17901 8181 12775 19722 13431 24125 13489 19839 9418 16816 22343 1598 6762 10588 10515 9087 3579 14692 14576 11083 5672 14321 18128 4992
20487 13318 11375 16257 21850 11663 17403 19384 9308 20066 15387 16295 16656 5354 4994 22913 11083 27430 14838 15048 18114 1711 17132 16928 13385 19598
22143 11406 16078 6282 16611 23728 17786 17730 7158 10332 8200 18646 17718 12659 13098 21469 3584 23425 16766 14850 18599 9339 5550 17004 15624 7869
16695 13220 21645 14669 9228 12635 15000 17869 14349 11495 13775 16571 28249 5782 20153 24683 2868 14980 19366 4988 10011 7983 12232 7463 18223 9489
16422 11349 26092 16359 19789 12499 19108 16917 15942 13935 6290 18576 24706 12517 2416 18615 5904 19861 15526 20245 23491 18117 8411 14079 19378 1181
14707 11062 18275 19732 21092 16849 13457 15362 12663 12527 13493 13227 23479 19602 28175 22661 14643 26937 12478 13771 6416 752 14245 17275 18506 9812
20751 10169 17183 16427 12317 17062 20185 13911 9543 12020 12076 15763 21421 1970 22122 24432 23610 22107 11069 6506 9272 6742 17463 18383 15921 10106
11176 8403 15574 17766 28193 16199 15134 22189 9357 18042 9660 14259 20092 6881 8327 16165 21286 15301 14828 21345 23043 8919 13084 13302 18487 5663
16161 12810 19515 22362 21021 20215 16204 25185 16436 19649 16312 17003 23437 10621 16301 18163 14760 19386 14321 16906 14419 24214 12381 6559 16892 17657
19023 6921 9685 10732 18144 14017 17402 18096 13633 16692 11569 16180 18564 20774 8179 3041 9194 18824 18276 13556 11237 11848 11173 13307 13422 8163
17489 12441 15005 5141 29500 17165 15360 25323 10295 13787 15617 13740 22018 9791 16904 25248 20706 14109 0 14586 17856 1037 14637 20389 16249 4083
17812 6186 26056 17503 14487 18194 20862 18294 6107 19308 12826 26219 21768 19239 15891 19473 2105 23243 5218 18168 9537 3394 16967 11373 13357 4263
11858 9527 10841 13278 33157 12741 14652 14849 14460 19584 10678 22001 20673 9253 14407 11304 12563 20693 19604 11688 29692 8731 17148 14976 16673 13336
21877 9761 11817 23243 18793 9084 18287 13843 9116 20030 16050 26246 14570 9734 18230 14686 3023 24485 6616 7805 21727 10385 17024 11543 17258 10506
23418 13393 25941 11639 22304 9838 21892 19453 8705 22716 20066 19059 17877 16568 13806 19041 14364 24346 11740 21781 24417 16133 9333 14286 13539 17062
18902 10014 21920 13785 24005 13582 21157 16259 11065 17688 13450 19563 11074 2186 16538 24768 6715 16066 23214 20597 23472 21996 4145 26165 17529 8623
22546 12013 18630 17229 16938 21365 10811 21352 8741 16899 18318 17080 20846 14917 10591 15134 23219 21427 5325 11625 17245 12732 16143 10075 16523 16893
15579 12213 24447 9232 18573 14797 14072 19373 12916 12998 23366 20441 25241 14026 14920 26736 1419 27212 14083 32253 26635 11597 13330 15026 14997 8554
15794 9859 10508 26639 20630 11292 12200 17346 14891 18581 20075 19919 20473 10840 11328 19097 16049 7184 25970 12019 19789 22841 16258 14050 19642 0
7392 11143 15704 15846 14717 21022 15524 19911 11507 7026 13874 16536 20002 1981 9757 9365 2676 22879 10420 21163 19868 11765 12616 12192 20226 14061
19060 9878 15632 19432 19063 24360 20380 17737 10088 16668 23556 15107 30452 7466 11722 7982 7481 23686 15873 15992 11915 17034 18450 9240 17777 8018
22290 10401 17422 17336 20684 14337 12283 23649 11433 15319 10975 20052 27622 11823 16847 23606 15598 20452 13274 8609 19161 1148 8192 14189 20626 18463
21826 9956 19262 7467 21402 14810 19186 15087 13400 15473 2780 14489 13401 17916 11214 4674 15066 22569 8883 20086 20677 12045 18899 15739 14800 7781
17601 8672 21340 8189 16974 14480 22591 24292 12025 16028 11009 21902 18850 4211 17343 16132 16903 17605 10908 14882 21084 9632 17716 13017 14893 22166
15660 17301 16185 17008 17295 17660 17807 15594 13433 14350 18303 15426 18943 12278 10958 17417 16323 6614 5374 11151 22662 15240 13416 12618 22368 2960
15719 11797 17289 7698 13299 12650 14180 15792 7069 15246 10471 7978 20336 10813 15172 8504 24871 15836 8250 22549 9663 17661 8370 14356 16157 7953
18446 10798 15395 16278 17113 6567 22005 19759 11543 10847 10446 20431 18203 7880 21326 9225 18801 16856 15724 14573 5578 4594 3910 9237 18378 7392
20727 11811 21490 14789 19985 12989 16239 21694 10963 16357 16101 15917 29921 19459 13874 10122 6153 11338 722 23414 11309 33668 11206 13352 22246 0
16332 8737 26732 3860 17335 13214 14204 20283 11884 14611 15451 14658 20966 4434 18296 4217 16411 23574 18823 18471 28513 11738 9245 10692 17940 0
22105 11734 20448 10346 18090 14458 16547 13579 11901 14725 18835 21525 26689 14780 17312 10536 14921 11919 19648 12188 17453 15278 16483 7023 14407 26215
20097 9198 24396 22748 17115 14483 16673 21459 11726 15750 17534 16815 16950 5935 17116 18102 8435 22331 3366 14683 20433 15146 12729 9344 19728 6761
22251 12254 15596 17142 26762 4397 11088 12478 12727 18439 24428 14616 20565 13704 16824 18453 4352 12661 7853 20976 13760 31744 13170 11097 15585 7147
15873 6050 19482 5448 15152 14260 19190 21697 9340 17465 12130 17200 14554 16403 11161 19470 8609 22944 8713 13262 25275 0 13882 22159 17423 2016
17370 14400 23103 18010 25721 19208 15068 18697 12079 14405 18809 12786 12343 12918 24624 13445 5801 14759 1572 10801 22706 12946 15827 20485 20040 12029
16723 11400 10720 8854 16928 23002 12801 22278 12382 14519 17311 20337 17532 4716 8607 14411 15401 15673 8176 23042 13754 9741 10969 19263 14697 16796
21146 9946 18659 16452 26850 14353 6693 18154 6719 16807 14607 18371 26879 19573 13610 4380 7410 22523 5930 17031 27442 7316 10920 9122 20122 13144
20871 12342 23543 15860 21692 8425 13326 15036 10632 15574 15914 21411 14246 14326 9910 19923 11988 20338 11214 19434 16611 2201 6157 13593 11977 6825
11510 11228 25662 19161 20343 16718 19791 15981 17389 17373 7517 15217 16061 10828 15070 20358 699 20810 0 13141 13003 12592 10930 14275 16903 25377
23903 12739 7994 10638 18357 11276 7239 15217 11311 9681 11205 19612 17718 9361 13180 10567 27478 18509 12679 14661 27087 18382 18247 12698 17636 0
16690 10336 14806 10122 22646 12586 14177 16955 12882 13514 12976 21285 18306 10059 3958 22466 23111 13499 11001 21805 17519 16489 12652 9668 15451 15093
26972 10524 16575 8293 23307 11089 17188 15438 13598 17081 16718 17888 15709 9915 13721 10047 13781 20426 2990 12834 18385 20728 18220 18113 12572 24790
16013 10495 36091 12659 16246 15686 16814 23451 10993 15996 9282 15234 22479 5299 10091 8620 16894 28354 0 11432 27962 19339 11149 16689 18696 164
21504 7910 16225 2905 17114 8131 10157 15591 10350 18609 7736 8777 15038 17329 5576 21026 6793 26841 7905 26699 20208 4670 15083 21026 15192 6671
27257 12339 7288 16147 18207 13279 20276 18497 15326 16958 9373 14478 10841 4345 10700 21967 22889 22573 28939 23958 12399 11291 6372 19662 20636 11527
14728 11168 26913 12567 16608 18620 17265 21666 10332 13846 16185 20225 14526 22231 5178 30500 35990 16597 16940 18583 17254 23535 13590 10835 18865 3755
16150 10751 15446 14790 16364 13151 18847 18680 13730 6509 7072 18722 22871 12945 13770 23963 12882 24868 18858 18760 13280 16823 13788 13853 20844 20602
20453 7517 20224 9666 23869 12281 16768 17366 11659 15103 22351 19706 17260 12175 10683 14413 24040 16641 12092 9810 18833 29766 14162 13920 20248 14506
19200 3910 17398 24600 18156 16678 26300 15970 9553 10862 7732 17267 13145 3243 12889 22668 11062 21710 11571 17988 16366 12059 11651 14565 13224 7515
22339 9802 18502 19058 12324 15196 19291 13658 11976 14220 4078 23296 18925 16596 4586 12806 6611 20596 26871 7933 12399 17913 13311 15849 14089 8556
