365
89 48 28 87 31 67 11 75 97 40 82 6 100 36 34 28 59 83 91 1 70 99 75 20 50 49
14068 20863 12660 20546 19237 22347 3240 16678 14490 14855 19045 19184 21383 3126 12564 15600 22319 18420 12353 4298 18694 12151 11236 11270 16635 13733
16172 21888 15757 12299 23311 18688 16599 8546 11089 3540 13176 16197 14979 4986 13147 16951 19853 10698 17900 20151 17390 18010 12781 13708 8074 23628
17533 25405 16842 17708 16009 13845 20960 14051 16563 0 13796 20614 15933 25061 18058 13258 16885 15354 18464 10774 25549 14648 8240 9429 6633 11903
17319 16053 16661 20083 21400 21535 14500 11656 15226 5937 15163 14229 17733 15297 24332 10021 10314 18501 6494 13272 33323 16578 11771 10576 20026 12800
17352 29803 8547 6533 24785 13438 15988 14288 9928 6344 17857 15519 17409 9323 6326 16309 23160 23668 12334 8549 19098 19475 13102 11487 10588 23154
14347 20816 24406 19715 23737 6350 12454 16834 10975 8723 11988 15180 17154 3365 0 14931 15081 16825 18153 12010 21935 17715 11664 5264 21832 7820
11820 15569 11458 14352 15431 14523 14552 13517 11778 15586 10925 13455 15130 2459 22359 5675 12003 15264 11468 6503 14277 18961 5761 9145 18585 7194
22279 8119 9369 17340 11944 13360 4051 11148 19576 19860 16740 17937 19386 2539 3082 12746 13432 11120 5052 17311 17185 15678 11541 12112 6935 11459
20369 31571 21613 17474 19264 22306 7664 18073 16894 12815 16212 16265 18237 0 4156 17875 13979 11979 17962 20150 14472 15373 11388 13496 5348 14260
24009 29726 15190 6809 14258 21358 22293 14499 9578 12765 17491 15132 15479 11034 20170 15602 36124 14733 12242 16079 9075 10415 12449 11989 17395 4815
16969 17868 14786 17987 12329 18918 18820 14544 19646 13584 17841 14778 17211 14793 11277 7234 8318 17222 16011 12427 19311 17418 11453 14943 0 15556
13225 27119 12595 18370 21641 14602 9546 10778 5412 13282 13007 16013 21106 13100 12956 12507 24388 10266 18873 17260 20978 18802 9495 8513 5730 16992
15790 10653 13433 15833 18056 16267 18432 14296 12821 8728 18711 21613 17091 0 0 11673 25208 16377 17894 24677 7426 14715 10211 11852 12822 11451
19755 24948 15092 27503 23522 11612 17366 13738 14605 5335 12358 17357 21998 9546 11227 3802 25984 14175 10517 16290 17806 18308 20675 13441 0 17221
8130 22816 12495 22932 16959 14848 9134 13082 19442 9566 7404 16899 22218 20300 9237 1041 24807 14615 26322 9350 15527 16408 13755 10805 11053 20611
12174 25090 16970 14420 8314 13678 13915 10535 22861 13524 14539 16780 18160 3218 11040 8447 22323 15851 8048 19457 16199 17015 11340 11238 13006 23365
21903 14869 18001 15981 12249 15606 11919 11323 12188 7080 17231 16966 18854 14930 5637 15496 17270 11579 12315 15621 23110 16100 10447 10993 7354 4243
13784 11983 11780 13917 23003 11951 20009 13625 18206 9187 2897 16868 18619 11632 14275 9259 19114 17855 15643 14155 22617 15925 9237 14632 0 5681
14158 16926 19065 17075 21711 11416 14768 10364 18736 1055 15647 15874 15820 10495 0 16328 16527 11086 17691 9075 33221 13128 14453 7585 1020 24328
13402 16369 14892 10393 22352 17367 13399 13551 10836 23468 14269 17486 18541 12511 3091 4834 16132 15468 25662 18684 21010 13534 12601 11402 4673 16330
21194 14662 11776 19262 13052 19241 12826 18783 17521 0 12335 16394 18733 3262 2574 14593 21297 12819 7898 21935 19425 14327 11959 9038 10247 14129
6833 30403 17469 29501 23850 22229 20070 12927 17442 20092 5629 15127 16616 10748 8294 4746 28678 12169 10576 7486 40537 12080 11224 7013 22933 16023
23178 14815 15822 21625 27137 26509 14524 10847 19328 15094 9778 18116 17908 0 15324 8738 11099 14444 18115 7731 11125 16521 14642 12852 17713 13832
23047 19126 12933 15983 25658 20713 20841 15769 16419 3414 16567 16451 20539 18473 4665 10697 3317 13509 6778 7261 15757 18459 11440 11537 1687 16843
17906 21176 8495 25849 19128 21039 15019 16817 11844 5658 14111 15553 21891 2890 5535 12252 22159 15578 22643 23819 19959 21222 13858 14919 13607 16124
13893 6177 10979 5676 14366 15330 23029 19365 22836 0 20919 16913 20987 3455 18094 3115 25159 18162 12692 12933 20545 11515 16203 9438 8768 10421
13219 10045 13468 18902 18185 17205 23510 12567 16164 1173 15467 14895 20608 9835 12492 15349 18836 17586 10504 15166 10748 7916 13765 7325 17508 14771
16865 9910 12930 293 16970 13341 19680 11800 18658 4762 5375 17102 18885 3532 3798 16416 23629 9849 8824 13344 22669 12616 11837 14473 4465 15817
16994 19601 11980 13768 18930 14580 18525 15227 11290 16452 7710 17828 17502 14633 15553 11460 14369 19598 15277 14996 16552 18957 12345 9201 8654 23627
14140 17847 12258 18046 11542 25132 16472 12079 9293 15010 13939 20166 20890 3259 8504 13504 14872 10141 4872 9350 29265 13504 10750 14702 15996 16902
17803 21644 10047 27828 30005 23021 22887 16128 13696 6985 13494 19231 18181 19008 3564 5266 10236 11558 16184 4178 31761 8805 12922 15617 10205 19536
14931 9927 13892 22989 7205 19479 17946 14177 18580 16678 14407 15734 15231 9678 3453 9360 11160 13181 11259 16237 27116 18495 12981 10723 4501 17471
17595 27368 7397 11193 18436 28331 12569 16659 11442 26845 11544 12338 18457 8273 2417 10378 26352 8908 10267 14001 17449 11158 13314 13506 17080 21074
19037 31505 14040 18047 16199 17179 19743 11462 22062 20224 8864 20828 22709 8788 5185 9851 24801 12257 26586 21931 23174 17598 14367 8928 16353 22376
7463 19306 15513 10779 14179 11274 11931 14589 19522 19789 15110 20504 15671 16679 0 13410 16383 13061 11636 11871 18466 16327 11187 9585 2642 23325
18260 13383 15644 27786 18763 18128 10225 9577 22908 16012 14008 14034 20532 11350 14815 2267 21276 17085 16627 13411 26945 19407 11057 10019 0 12006
17047 17721 19051 4142 12723 6246 20590 12843 10466 23770 21038 19222 17820 21613 17732 6650 20775 15000 26270 18986 16402 17613 14847 8603 1720 11285
17618 18634 13993 18632 20470 10072 12386 11389 18975 5405 14584 13094 21179 1996 25518 18828 13957 9213 21177 21116 30240 23741 13779 11297 4244 21268
14248 17141 14289 4065 15286 20897 11731 19614 15958 3741 16766 19755 15231 6314 4133 3418 16394 13098 14455 15264 7622 19049 11187 10997 24350 21501
16744 31780 18878 20625 11987 6208 15524 13062 15114 13351 15384 19132 21231 4648 15555 15174 28233 18014 6655 8646 26785 20475 9614 13921 0 24054
14230 16557 12253 12137 27923 16889 12573 14216 15575 5479 20921 13082 22338 16768 17488 19453 25149 9015 9345 1807 17156 15366 12788 9459 17233 9515
16549 24385 10655 16023 16871 20385 16251 13082 8255 16541 11228 13511 16525 7920 12899 17933 12314 10355 18879 25687 26151 18156 10323 10448 16091 15678
16622 20502 15687 0 17387 23639 6886 12770 11376 11170 18932 16398 17722 3983 6312 7836 15460 21432 2185 14998 20248 16204 11803 11862 18049 21980
21736 15743 15167 2035 19047 17407 22420 12533 12670 9719 12136 16475 22609 1364 14174 8435 20254 9778 11659 18486 14978 11986 8001 12870 7198 11623
18805 18395 13520 5828 22530 18581 12887 12566 23032 14099 18408 14933 22392 10047 17703 14954 16215 19389 10572 13765 26012 16743 13381 16590 0 15022
14540 22274 10617 12143 18473 8196 24592 14364 16404 2976 16883 14170 17056 9455 3236 14818 19704 10216 7535 15466 21292 16063 9142 6097 12525 16538
13596 16852 15546 15879 18780 9210 15770 13581 14963 12170 17164 17084 22543 23918 0 15986 21096 12467 10483 9978 16330 15503 13640 9044 12721 12736
16645 13042 18731 24536 17058 14104 18730 11348 15475 9013 6585 15531 20032 1726 21751 2585 8939 16288 17444 13493 25387 20107 19467 9470 19360 11894
13042 33853 18316 23400 18803 17457 19174 11439 14351 20628 11048 15881 18995 6421 19628 10589 12574 11969 23239 21757 21501 19037 13856 7685 12636 18011
18905 20029 8589 8720 17322 11029 9104 13274 21357 0 16932 19993 22464 5728 3384 15929 15318 12989 13088 10323 22303 24441 10093 12912 21587 15752
14573 23774 18658 23636 9076 16520 15083 15508 11701 8648 15554 16591 18078 21548 8944 20602 22263 18777 6148 25156 30205 9276 13762 12000 11887 19763
16228 14809 6074 17607 18010 29703 15073 14398 9460 14877 14134 13217 19825 9790 20557 8222 24659 16308 3101 23023 8971 19962 7385 14370 4961 18110
20703 21939 12519 29071 24029 14699 11243 11252 11197 23419 11325 17748 21007 13621 11726 20669 21097 14092 6298 14708 25443 5849 14200 17473 12149 13940
8874 22338 8556 24435 30966 13929 4992 11454 16540 10211 7679 16483 22062 7761 13369 2912 12526 14360 12470 12191 22657 10434 13354 12384 31096 7506
15798 6670 15619 28619 20643 12087 13795 13423 9982 1321 4966 13611 14473 0 11298 13509 10484 19281 9243 6079 15841 17975 11240 7224 16950 14690
17812 9977 15919 13665 11856 12334 13604 12866 17317 21431 15823 22007 20360 0 12276 6577 15700 13024 9349 20411 31903 17360 11876 10173 13476 17155
20780 21946 13107 13383 16545 21480 15509 11707 13348 19456 9793 19788 19334 9795 496 10025 27330 14807 16766 12966 15315 10933 12134 13030 26830 4798
16654 4930 12118 8261 23616 17162 13872 13131 18713 6518 14992 19118 14522 10203 11109 8261 24889 12380 18408 7083 18901 16999 7793 14141 3120 20879
18461 12658 17152 8974 14429 18581 13061 16438 21570 6004 22434 17067 18043 4947 16369 8980 14422 10169 13780 9859 17272 19110 14429 7719 0 18827
17166 20796 15848 15427 22859 26016 11838 14803 25678 4318 20069 13086 21558 7849 19019 4599 16759 16340 14424 17682 20513 12663 16061 9318 17725 18954
9358 25370 16156 11665 14837 17030 10299 9267 16108 9704 12239 17839 18847 696 10086 23440 8892 11404 15253 15956 16713 14424 12810 15128 24254 14769
12166 20067 11539 12922 16100 15951 11932 11719 7132 16111 15865 16617 19100 2954 5416 10410 22033 18673 9925 18897 17807 10286 10038 12359 0 22660
15794 5920 8482 30924 22284 13044 18058 15628 10846 12451 6198 16596 15736 11706 21683 7646 15286 17037 7610 7725 23709 15363 11432 9179 20838 24104
11330 8488 13090 18175 24490 11738 15011 13260 13594 7441 9758 13667 15796 10595 8998 14087 21244 16672 19983 5844 23873 23757 10657 9519 14689 20610
14308 19268 12086 3389 18196 17846 16987 12060 11771 163 16533 17799 19996 7023 7983 13512 23504 6155 29794 20313 14380 12011 10702 11386 23179 17811
21989 17753 14802 16516 19719 20747 12992 12585 20982 17541 16997 16667 19844 6774 2040 4904 4038 19260 10016 12197 19333 15501 14582 8938 22214 5755
14787 15070 14329 23861 21619 24433 9133 12889 21279 6435 7022 13064 20611 12221 10805 15179 21562 19135 14532 8522 17558 11436 7822 11642 18699 19040
16482 12303 11660 24743 22149 13490 8782 17471 15419 5143 20932 17920 17021 2232 13261 1872 18727 15737 7405 27374 27789 14113 8885 10901 7472 8596
13786 15733 17053 23334 21122 25828 13779 14878 23691 17350 15786 16015 18972 16943 4370 12318 28539 22089 19632 8455 18402 17339 13676 12743 15536 10585
21181 23681 15847 11445 27605 19192 11804 13703 20084 19365 19329 18072 23197 18650 3891 10584 27643 19902 25546 5291 19552 20818 16222 9064 22895 17598
10574 13362 20561 15500 19367 23399 9313 11402 13872 19930 21524 13924 21611 8027 19448 11116 21723 16297 7859 17788 29801 11276 12315 9111 18873 22783
18132 31033 10543 10668 8124 14961 19913 14840 14274 6955 12508 17662 18557 24588 6332 3913 25281 14443 5697 10489 27433 12659 10078 7635 8147 18084
16127 19600 12962 14121 13366 22821 15026 10643 13468 11616 18026 16857 18382 4618 14536 16284 22251 17732 10868 14584 21334 15091 15551 16566 16158 17462
18690 34422 15395 20707 21404 16240 5382 11417 6940 11463 13146 14690 17883 9625 20260 14356 17417 9323 16124 14300 21777 9688 11497 10919 5765 21794
12329 16688 15061 10705 15026 16484 23046 9885 11245 15763 15327 14267 21342 11267 0 17364 25109 13531 28908 12024 19006 16314 13149 10188 0 15675
16319 12777 15155 21160 19766 10410 7701 15148 22608 7801 15251 16742 17328 13903 17611 19035 23673 8085 21371 10408 15954 21459 11139 4004 981 14747
18437 20532 10527 9393 16569 21888 12824 14280 10580 7314 15467 19961 17244 4594 13377 9836 15239 14294 14381 17273 22952 20181 11900 9172 15403 13966
19621 15378 19711 30000 7462 10853 8618 16277 11490 21225 12261 16423 17786 20052 9704 5312 17799 14307 12988 19298 23550 15861 14109 6991 15254 7746
16986 31942 9788 25720 13643 12616 13880 13427 14261 3505 12184 15875 20327 21656 16741 4699 28597 14494 21592 14678 24402 19723 12073 5264 14850 12849
9136 23819 12899 22982 25605 17454 15591 13585 10427 12568 17757 21233 18834 19642 3269 13350 26227 11876 8224 24398 16815 17139 9831 13132 16653 14035
15944 25561 17735 18954 15471 12554 9830 15065 20190 17710 6785 14837 21477 9041 6973 14516 20170 11554 17643 3776 13412 14590 12728 14179 13334 20584
7529 24736 11817 21327 18032 20509 9381 10240 21691 8060 15995 18488 19514 4150 0 3394 28856 23544 17220 12120 19379 9579 14039 4042 17238 12376
17661 24971 15143 20740 24694 17529 10952 7216 18360 9492 9410 16181 19762 13927 4380 17225 15309 6282 10685 10352 15563 21288 8316 11070 10303 20945
10701 21895 12796 11241 26766 21710 13542 14996 17667 6045 23287 15043 19779 17043 10173 16269 12415 16069 12733 15948 12327 15563 13888 11402 15767 28133
18427 20143 11746 30109 21583 22839 15034 14714 12314 9123 17188 16152 21606 15384 644 12676 2874 10689 4587 12189 21245 9710 9498 12080 16728 25318
21663 11429 11155 8865 7890 26743 18811 8067 22331 15696 14616 18861 17229 32018 6879 8909 11282 9685 16286 18890 17385 13993 11019 9515 7492 14476
16584 18637 17428 21268 25397 18781 13664 13497 17191 7947 13244 16802 21497 4475 11639 4769 23697 17055 13668 20908 14091 20908 13814 13310 10687 21383
13650 17553 12996 4031 15217 15918 14510 12885 7734 3173 18896 18668 18435 10906 8807 8038 18776 14621 6705 28282 8525 12820 15668 9322 4839 17307
15718 8591 15965 31894 13621 18500 7260 14085 15431 11871 15022 17844 13728 0 692 10361 26922 11116 12353 14064 17525 11867 11986 13061 11039 7135
11798 15514 15438 20539 16162 16383 12944 12252 16231 7757 18141 14663 21875 7259 23719 6219 17074 25166 22174 19420 16284 18463 15399 8998 5843 18728
16394 18637 15151 26621 4343 13141 7763 12802 13851 2539 19111 15361 21564 15860 3818 13133 18541 13226 0 14057 15690 19560 10666 12713 0 24985
17102 19638 11053 8872 22057 10346 7849 14810 9326 6212 13620 14744 17345 0 15354 10301 14703 14751 5826 3398 28830 17167 12633 12466 9235 22705
17909 23666 16046 11623 9380 14182 15116 11235 7407 12955 12621 16767 16163 7743 6351 13548 20189 18884 14858 20009 20444 19056 11659 13379 115 9610
14992 23600 14697 25579 5802 15415 25161 14448 15181 14679 18624 17366 25015 2758 7958 10828 13708 12622 5863 16832 28043 18540 8760 17486 14308 11890
14285 19848 5779 7811 22765 15093 11988 13311 22052 10312 13712 12777 17535 22446 13708 10580 22978 19032 7039 16835 12490 24066 15699 14952 16833 16505
16503 13816 10119 8713 21165 15079 9920 16110 13938 6754 13710 19542 20426 0 5751 14201 15132 13454 9778 18494 19594 6517 11211 18230 9525 12170
22662 20711 14365 14435 28311 11365 12118 13228 14870 4473 19445 13467 17528 12187 24345 15152 17549 16928 16745 17512 15212 15392 13109 12703 27343 23430
14418 18979 12341 23695 22009 15158 15998 12683 12241 15726 13860 16099 17011 11764 6379 8614 15496 15336 27128 15928 17041 11123 11664 12858 6271 12029
20393 32701 15834 30726 22734 21009 24389 15006 15266 17006 20389 19509 19246 10998 15573 9593 19881 16918 20840 13724 11481 18024 14557 11323 8091 23133
16661 29964 17063 19863 22450 15591 11531 16687 10125 20572 9290 16160 15653 10896 3973 9005 5874 13393 10436 14350 24090 12189 9508 9735 4205 19587
16968 26297 15357 21445 8801 20185 10247 13709 14477 10128 20554 14144 17496 792 8964 13729 23231 9130 5078 23015 14373 19219 13365 9504 11409 12996
18833 22067 18063 4304 11189 15622 13820 10371 11392 12912 7246 16343 17251 0 9284 20707 27585 17799 9475 11593 16880 15180 13507 7189 10175 14042
14918 14410 12599 16811 19870 7757 15827 13663 18512 12504 12116 17821 18474 15824 10709 20155 15228 17536 12964 5998 18789 15947 10863 11919 15976 7222
12297 9920 12965 28874 15121 13792 10525 14380 20748 24475 21311 21451 15402 0 11025 2477 25825 11110 15762 6343 21335 5131 10190 10394 10957 13649
21214 18095 6769 21444 18050 4571 15563 12593 26397 20424 17275 12934 19077 25392 6463 2882 17955 20478 17572 15133 20200 16790 14359 7945 3013 18670
15587 25696 11015 16972 14403 7040 7595 15174 16557 0 12754 21387 18595 3451 13597 4813 27012 16322 23308 10385 15055 12435 14967 11739 8256 15943
16140 22580 9646 13587 32281 17075 11941 12666 22499 8474 4950 16539 14936 4324 13392 14112 9490 12162 14561 23504 15463 14231 9464 15981 3257 27496
14979 13067 8832 20330 13062 17676 7145 17976 13547 0 10683 18345 19265 13999 16027 8099 23487 23189 9947 17332 10087 17871 9734 15174 4783 12649
15550 23154 18156 14689 11081 5004 14003 14520 12123 2575 13309 20350 18491 19981 9743 6642 17496 19676 15237 8599 14848 20140 13900 14816 11101 6606
16165 3326 18587 15955 12325 19742 14613 16405 17082 16294 11479 15717 21020 4627 5943 7220 15159 17322 15634 10375 15067 9514 11169 12479 20440 15926
6369 17179 13321 18053 18482 16117 12096 16094 9758 16717 17855 14457 18366 5929 11188 5849 11197 19775 15756 14450 14638 12986 9029 10666 0 14004
17450 17181 15527 7940 15430 15167 21452 13859 17691 23692 19510 17301 24811 12962 5359 15964 23680 12614 10702 11163 15995 11900 13298 14184 0 22296
17389 22099 18765 19694 18104 7443 11051 14110 18093 12485 9401 14809 20585 1694 2609 8201 20315 13131 12522 12839 16300 8773 11802 13993 6653 19203
12027 13241 17505 3497 12169 11115 12600 12949 12136 5079 9060 20533 18604 0 6704 5556 22064 15974 9732 4278 0 16282 12813 12161 167 18926
18405 18909 15894 18245 11625 15155 22738 12420 16489 0 24268 17564 23388 32555 7848 9650 15967 15572 16113 16759 14566 12185 12761 6476 18979 26462
15979 20337 16948 7826 12627 11240 17650 15762 13721 11536 10105 17779 18034 13754 9999 8252 29595 15320 16219 10847 18718 14731 12158 16892 20556 12181
17324 24486 16558 6765 13258 16236 19679 12027 8354 4962 14637 17537 14879 11711 8347 19297 23764 15681 7280 9251 20902 12448 10355 8912 23934 21248
11092 12001 14901 25084 24703 11830 7737 17684 11466 21782 12120 16111 18170 25142 394 20217 19991 8176 12934 15826 20206 14746 15573 13721 18120 24829
14035 32455 8666 29500 17794 14614 16510 16197 3223 13773 17986 17230 19128 3810 22881 9386 22949 22196 19003 8445 16220 18636 14147 12660 19061 13422
15027 7777 19824 18569 24104 20093 19657 16005 16964 9632 19412 18882 16628 7671 7832 9869 16825 16713 19686 10090 21062 18222 14918 7404 26584 19119
18568 15524 17070 40958 17424 9980 17171 17505 14760 0 22499 16522 21665 31199 24502 12093 16257 22035 10854 1840 4585 21152 12150 7119 11657 15862
20175 16153 7525 12077 23524 9542 8493 15819 17233 0 11830 17769 14133 0 7323 12842 12866 13619 16449 16199 16443 19101 13657 10602 0 16704
10600 16463 6063 8416 13533 13474 20935 12048 19452 9206 13464 19189 19108 27238 18234 5521 19558 16122 14172 6691 20880 15685 12418 13208 12076 19358
16876 20926 14091 25389 12866 18355 15148 11392 15936 3218 16910 15987 19326 12006 5495 19056 29462 12326 16321 8048 13583 23128 11322 11545 16329 23461
19029 11417 12584 15186 10590 19735 19387 9986 21770 26309 13201 14566 18567 3156 21561 19178 9328 14572 14752 2098 16920 13482 10635 13655 9182 18193
15537 14498 9747 21733 14481 23825 12033 9392 24476 11546 15737 14820 23320 13807 13157 15506 26987 17570 9787 7632 16644 21218 13879 11598 3836 15425
14292 20979 14030 6609 11360 18482 16790 14863 11136 12961 12999 18734 20435 0 9557 20810 25907 19193 2484 13111 17964 18542 12311 10591 8058 15932
10905 17558 13255 6057 19998 10320 21664 14791 5262 8422 12003 17527 17778 4242 14747 11882 22693 14754 9738 15309 20022 10633 13023 11164 8883 22881
13163 24485 16284 34659 29931 19440 13777 13590 11467 16284 11608 12914 17289 6643 13016 8757 24774 13832 9678 9141 22560 9573 11604 11792 7308 19410
11047 11519 12018 21409 20487 17128 20066 10554 18837 12429 12492 15139 21353 7469 10317 8126 20801 10731 12478 14028 20016 15202 9955 16051 0 24135
15075 28138 14007 11595 21548 13982 20161 17555 16845 14547 16646 15702 20185 20948 14537 17117 10296 16233 16138 16001 11347 13907 15072 12585 8024 15543
14255 12317 13818 14737 17707 14197 16519 12935 13632 9176 17386 15587 14551 8798 2414 18725 30129 18295 4476 19125 25666 19989 17272 10743 12366 24816
15156 7637 14354 15674 19327 20233 21432 11349 12675 5508 13999 11086 19930 13107 4010 13958 20128 18238 10901 12307 13307 11986 14686 8457 3264 24352
5931 11932 13199 28021 20758 13197 3414 14416 7573 6628 16619 14160 18678 11109 5548 15039 23715 22705 17192 8262 25331 17214 13598 11023 0 14691
17234 8478 10929 19380 10899 16966 18490 12166 19455 17942 18250 20706 20121 4107 20412 12215 11954 13565 18758 10826 9122 14034 14523 7799 3766 19687
12309 11565 13213 11767 17398 23363 2889 11605 18103 0 12234 15183 20244 1171 12672 18686 24621 14007 2942 7826 24199 16106 12485 14833 8803 19681
13828 19767 13028 17002 23189 10623 17940 10233 3360 1178 20002 18220 20519 20801 26002 6212 6782 7300 11217 16493 20770 12901 12911 6571 13499 7000
22440 15893 16074 23476 19847 19285 17447 10585 12632 19269 18187 17825 21583 9059 5329 10564 18437 8651 12857 17599 13761 18284 17166 10563 20234 14085
16164 33251 9983 8874 24858 20959 15707 14888 18979 0 14179 14919 16100 10306 12801 13651 29165 22580 16574 18043 21095 15323 11065 11696 8911 18281
18477 12646 19544 15733 13878 9614 14377 13252 17402 11164 17426 15736 21284 15300 25534 12344 22955 17911 24530 18696 24797 19701 14129 8264 9019 12908
16148 14270 8996 25799 22596 12733 14567 11879 13590 15865 8971 13734 17441 11313 22196 15610 20095 18916 0 11531 21506 17081 12311 14815 9430 20619
15972 13850 13371 35564 19612 13532 17480 16182 18830 4998 22546 19127 19099 15155 0 11590 28177 8509 20034 12386 19659 11430 14111 12786 20117 17113
19971 23503 10621 13457 22202 21523 16815 13462 14113 20921 9942 21893 20333 12346 10091 18820 21757 12552 2974 11485 34344 18065 16442 8617 8602 8106
12118 19014 16580 14944 24707 23476 16823 10964 15360 14486 16106 13977 13876 11825 8346 17342 3479 11620 20119 14158 22799 12566 14568 9773 10221 28640
17094 7851 14621 24326 24209 7123 17650 12200 15842 5956 16638 16286 18692 7591 5927 16358 15847 7228 7112 19616 14928 17316 12824 13995 9075 12940
16300 21164 14316 20875 9251 20507 14264 15185 10206 6580 5121 19830 23618 1884 7049 12567 16143 12995 24387 18530 20555 13297 13395 10038 10966 17172
17814 22618 18304 14553 19291 16021 21102 9596 26005 6162 9781 16730 20371 12214 16173 9339 12859 17851 22334 6990 9386 13720 14312 9097 12215 15076
13274 19529 11407 23186 16652 18078 11578 14189 20675 8010 3293 20741 22821 4930 12416 12214 34558 19937 9977 13824 22992 15602 13790 14659 32201 17260
13541 6646 16942 3420 17791 13780 6617 7685 12974 13619 11559 17277 20321 14257 1355 13717 9995 12057 8024 7269 14249 14296 14043 15883 19774 7738
18627 18458 14644 0 21781 13984 11614 14674 17568 15940 7630 13970 17242 17516 8601 9574 20626 20121 13662 17476 13084 19941 10137 9544 30353 13687
12959 21627 13791 31383 29990 14341 15586 8620 21619 0 18062 16361 18954 20034 19115 8948 18834 15058 8335 12819 15171 16152 14334 11130 11885 12468
16688 19621 15476 25630 16634 18166 18346 12593 20340 1952 11691 17474 20201 12108 15528 14781 13805 17947 17990 8284 20355 20617 13348 8338 14539 17502
14691 25006 14155 15389 19668 13575 12504 12393 10480 15657 11770 14122 15611 13608 4690 16079 31794 16114 7472 12406 26795 10780 9901 7858 3647 13466
15236 9140 23675 9531 20664 20881 14140 17007 15333 15190 13966 18850 19328 14946 11069 13299 5754 19350 10311 24634 22476 13784 11633 13450 8397 21939
20705 11804 16980 9385 14198 14393 9179 13688 25854 13601 21715 16598 18867 22050 13006 4748 15424 19704 8219 8514 25447 14569 14597 14149 18089 16337
12207 19309 11382 11948 15095 8930 12417 7672 11138 18818 6106 20105 19537 6324 553 10038 40705 13195 16366 10046 28386 17156 12048 9574 12892 22584
10563 11669 17618 21641 32246 15046 16143 12912 21908 2024 9006 17693 16805 16950 7611 16427 23237 12422 0 16162 19098 10817 10693 9631 7995 20916
18465 24499 14623 8930 10182 17804 22732 15681 11035 16477 14791 18534 23386 11359 11085 1491 27496 10661 20195 21847 21951 14203 11752 12334 21287 12092
9233 6437 13767 11414 19352 11251 15537 11200 15733 11293 16296 18541 18836 16686 7151 12254 10944 16687 21363 11911 14170 14114 14958 14014 23005 12898
21245 3162 7263 30327 27996 19892 18734 19689 11417 9836 12512 19027 21571 14216 5948 20934 20690 16302 13956 17152 13083 14611 13453 6725 5951 16014
13723 18555 14511 18312 4115 8914 10864 12709 13753 11435 11948 17987 19098 20592 13292 7156 17430 14012 13210 7740 15547 12069 11796 5866 25887 13188
22240 15227 17758 21081 22009 22264 14418 16926 13769 0 11304 14696 18581 13784 10248 14670 30732 15425 15259 9757 8918 8124 13077 8935 19595 18704
12498 14851 7945 8001 12588 11941 20081 11142 15848 10324 11499 15758 17101 8195 13710 6717 20372 15302 11830 15709 14788 9880 11216 13413 0 12918
19409 18120 7867 9082 13692 13586 8168 15095 20666 14973 19882 10672 17687 26063 12191 12705 14186 20183 11707 19962 12115 14321 13854 7642 8143 11858
14385 20998 16587 13423 15631 20246 11317 16602 13102 12189 14295 16979 19066 14875 21862 14123 19479 16389 21168 12121 15737 16521 13541 13600 11498 16170
14221 6715 15085 12363 13360 8712 6201 17379 23132 5430 10538 13972 21260 7289 2398 7977 23494 7632 23624 21033 17879 18387 12330 15298 9191 18739
16023 15804 13028 26303 17266 15565 13401 17086 16673 13786 15894 13301 16018 5710 16066 10375 15305 15022 15117 16035 12531 16074 13970 8985 2955 11676
15577 13294 17719 17835 18752 16321 14708 15089 10140 19017 14419 18365 22362 5991 19165 14059 21593 10420 15581 2089 14192 10062 15224 9460 2407 26799
21096 30407 13115 14417 14766 18680 13086 16356 11422 15784 16021 14017 17600 7310 23180 18575 8902 20324 18446 7444 21165 15860 11236 15096 7418 15208
13552 19462 12710 16952 17955 11790 11070 11748 9534 6509 8617 19531 16949 12646 10071 4069 28728 11890 7422 21961 24381 16937 12014 16269 14255 15610
12637 16136 14186 13919 15317 13595 21211 17185 14424 15866 16311 13514 25695 14462 10058 11438 22092 9768 14602 15438 9649 16494 13476 11014 679 10233
12956 26718 19136 1629 24517 15937 16330 13294 12416 14847 20351 16572 24425 7225 14520 10177 34921 14630 1998 18062 19563 8098 9060 9410 17366 15538
10958 16981 10640 3879 27608 16670 11080 13634 6165 4288 3661 15989 18574 9253 12434 20915 20331 16654 15952 7931 13833 13851 14076 13803 11566 14853
19157 28058 15794 19033 22806 27026 26832 18010 18017 8306 12807 16361 18257 10161 12934 6440 25316 5607 7956 8397 24735 5562 9218 14337 8665 5845
17361 17046 12729 15559 15400 9295 17358 12720 22887 3318 17295 19518 20041 14691 14760 9641 1386 20177 19948 18628 20954 20520 13661 15899 12528 26482
16887 9964 15284 22952 30985 15293 17696 12346 20553 5015 14822 15542 20096 11597 10885 8983 15448 16213 24111 22516 17710 13373 13977 13586 16212 15102
22635 26857 11836 14880 14417 18669 16596 15240 11108 15495 20006 17580 17106 6404 14051 7245 26123 18454 15517 16520 13507 17643 11893 10721 14366 18732
15166 24694 14797 13062 20645 20496 17992 13796 16206 14675 19187 13667 18817 10872 7494 12055 24415 15417 15921 21218 16587 13515 10756 14434 29489 20812
20060 24048 12456 11229 19959 23189 8725 12138 9274 16433 23783 11182 17504 13051 16499 16467 21143 17563 422 17052 29218 18254 12636 15753 12818 13453
11591 25992 19274 17462 21082 21712 24926 9593 15989 35952 13036 16270 17455 18911 12041 7561 11048 12239 28175 30057 18565 9864 11908 12478 9352 15780
16982 21727 9112 21279 25237 17879 22402 11739 15016 8047 8274 13151 19487 8740 4285 11770 13284 21143 17609 4913 10493 11329 10877 8595 17962 16983
23612 9865 17439 24171 11847 18974 8854 10011 14515 15309 14148 17244 21586 7419 13842 12302 17038 21296 10373 13119 20535 11924 10605 11054 25600 19554
19817 952 14475 17991 9906 22475 6877 14014 17488 4714 12208 19767 18071 12750 0 14037 12875 12211 9789 12745 21740 15224 15569 11340 14059 20616
21209 24081 10783 20264 832 18385 16286 17662 16326 16683 14337 16063 15743 16807 18020 17670 21183 22073 14234 13981 14130 20385 12081 10425 2443 16642
22627 23299 15064 43319 17499 10114 14483 13586 11738 3854 20621 15965 18817 9155 10173 10408 13381 11738 19777 0 33064 16113 9955 13404 8027 21733
18323 25891 9071 23710 28539 11054 10201 17220 15529 17802 13477 15131 22178 16362 1863 13217 16147 12868 7817 15687 27225 19130 11417 12234 15612 14008
14877 17994 19062 12674 15422 20390 18055 18418 15537 3889 5049 17511 19601 12056 5293 951 5832 16799 0 14884 19349 15550 11824 12719 10071 19576
11398 15624 9656 24635 21489 9833 17103 8476 26649 16344 16633 17827 16699 7576 23776 22744 18563 11470 3659 13400 17279 17536 16703 9494 9888 10554
13454 21412 10650 11452 22524 7914 6096 11094 484 3925 16652 18345 19427 6326 14388 10421 10534 1098 16694 25603 14997 10984 15634 13457 24382 16390
17208 23843 15088 13395 12047 25845 11014 10018 20026 18403 15599 14819 18919 1647 13002 10316 13360 16113 4006 9508 10795 14614 11720 11453 2499 26206
12152 18059 15155 12906 19085 20095 21230 17604 15871 10985 10529 20427 17861 20190 0 10261 24416 10508 2821 12031 17995 12473 16485 12462 5547 17734
15808 9189 13151 22300 27010 14444 15949 14608 21627 14069 15704 11322 19750 4843 14232 11653 24628 15000 10509 23087 22061 12743 15266 19518 18252 18384
14886 22834 13891 18823 17094 24709 8516 15327 9404 16428 18140 14085 19926 16954 12631 14063 22432 20369 11498 10398 32986 15604 10985 10886 9433 19759
15288 2797 14540 299 10188 2677 13940 12383 13164 12649 12001 14688 17825 1631 19457 13986 28786 18220 22409 14082 8203 10280 10367 12098 15762 14014
21101 12457 14561 32600 13452 20173 12919 11554 18176 9746 14896 17749 19251 2941 7174 14155 0 15415 4884 9875 12588 7560 12876 12912 14017 12895
13095 7138 16861 14620 11691 12405 10335 15248 16376 0 6327 15286 21588 14177 7392 8631 20544 26649 12650 6533 11564 13575 9548 10553 20594 21989
18020 20107 12306 21744 17089 12957 8519 11189 23454 17679 20473 20419 19830 22169 5252 7196 14543 14151 6267 14537 22974 13990 9511 6233 14969 11613
20781 14740 7812 29728 11560 13153 16306 12099 15422 16456 16958 18515 17243 11305 16754 15978 24034 7423 14238 10510 25297 15605 13092 9680 5781 14414
10628 17983 11601 12475 24885 22504 10042 14238 3121 18377 17526 17442 20407 4613 12412 17502 34783 9409 9093 8276 20744 13640 14718 10370 6507 16203
19225 15858 18392 5993 17528 8471 10943 14693 9849 553 16011 16484 18190 11702 0 4321 35375 17585 10558 6384 13125 13177 9602 12742 385 18317
20746 29977 13654 18867 15759 14187 13648 10169 7026 2976 19142 18005 17431 8380 27031 14998 22542 11687 7091 19881 15101 16916 14831 11764 3844 17521
19732 28722 10675 13479 21114 16546 6837 16739 21699 14903 11522 21747 13681 4866 14018 15447 27468 15626 28745 11571 19656 17794 15545 13715 10255 19575
13909 19489 10675 8145 30808 6648 14596 9624 9575 14064 13461 16418 18826 9172 14619 17452 13468 12449 16644 14248 32384 12914 9545 11019 7800 12228
18395 13016 12897 15401 33746 20787 2011 13809 14841 3378 17799 18526 17396 16692 16697 2554 14056 10907 6210 16850 22102 15186 11738 15415 1041 15026
10415 26383 17909 7726 19255 8985 14251 10770 7899 6618 17433 15441 18285 10077 21796 5810 17490 15252 10203 20586 14546 13012 11821 6502 5892 8339
18638 19974 12923 17341 30886 20741 14683 13000 27337 10618 10939 15768 15867 7167 19453 12957 24933 13474 18914 11915 16231 8713 14006 7432 4860 18180
16322 19821 13835 8110 22556 16480 12792 9539 18617 5674 17587 18604 19668 3465 21651 19424 11252 20997 3953 13385 10468 17308 12671 13791 20120 17290
13318 35839 13632 6452 17617 18681 18963 16000 17107 5702 17768 19512 12140 5434 6452 17812 17153 17443 19071 12484 22786 7661 12658 8868 10098 14732
20202 20389 7831 28730 14232 16373 14417 13170 11261 17195 16425 13759 18492 11345 7038 18446 22970 23396 19489 3450 14785 17252 12176 10626 1969 12117
16616 33462 9924 20210 24807 14168 8727 12160 8840 13787 13095 15571 20433 10673 7966 19655 24687 18063 11887 13779 16148 13150 12924 5093 11242 16663
19754 0 10572 17083 9150 22827 20001 14986 19084 11151 16986 16616 18912 765 0 7488 8228 16501 31312 10723 10978 9851 10648 8216 14131 14899
17576 9562 11014 16651 13733 23360 20288 16347 12872 0 12635 15131 21981 7695 22575 14179 17854 9782 11308 14141 8755 17038 12134 13278 28077 14198
16303 24947 18052 18899 12572 22061 13860 14430 23779 5505 19182 14211 15480 14248 12770 12203 6275 14239 19713 14827 31960 20028 12999 12348 7435 17296
13081 23276 17202 21429 18606 15915 14624 11386 16511 0 17478 14664 16124 12346 15387 8152 9210 13245 4000 25467 8676 14926 12125 12671 17465 18606
17689 16671 13102 1827 18150 14240 16083 14786 13405 4546 20895 16287 12170 7632 25405 0 24732 21478 11788 8939 16810 9709 14547 13160 13919 26274
17056 20982 15392 22310 18018 18087 18462 7917 12314 18597 12550 21648 18544 13490 10720 14935 13939 3762 11061 12108 8991 17894 10037 6984 8032 19295
19824 12121 6861 25419 24236 20238 5066 11472 21962 2965 21277 13718 15410 20753 6976 10351 12549 22459 22617 19945 23275 16994 7925 10149 6740 17715
23768 13287 14848 15447 18679 15933 16913 13616 19088 13705 13553 14318 22330 18393 0 7529 24391 14477 1092 4698 23986 21148 13197 9352 11150 17460
18970 19436 11774 21147 11969 12622 7283 13239 10220 0 6128 19521 18579 9049 15148 11115 23053 13886 7397 20199 12840 16753 9593 14348 16157 11416
16884 13503 12273 17922 17997 14690 17997 14827 26609 7520 17181 19962 20486 15614 10835 19841 21800 12319 0 0 17629 11917 16994 4602 0 13422
19130 20025 18816 20864 14955 18645 10797 10641 14855 13332 13657 13648 18366 15598 4278 14949 23318 15926 8117 26911 11778 16963 11765 9874 22630 16253
17537 16887 10944 9383 29049 11281 14538 10133 11999 14521 8900 16983 18835 31582 8032 21296 7103 10834 4215 5094 23822 20690 15135 10911 15071 20573
13343 15413 16546 11060 17685 14220 9023 17756 19647 9554 15524 19166 19455 22408 9442 8438 27898 17806 8915 13671 29673 9562 12200 8891 13122 8038
19356 13545 8457 22876 13996 11069 26452 17373 17524 16203 10969 15464 17710 11305 10785 8162 16475 11224 12537 18901 22522 23179 10493 9759 6661 7815
25716 24068 12673 30248 11059 20923 21980 16525 9528 9104 14131 19049 21784 8434 10917 9538 5933 20385 17897 12452 18679 15502 13634 8517 15237 16475
18443 23544 15536 23817 8593 10302 7424 12185 13452 11972 14286 13599 18604 5734 22393 11881 10653 15961 12520 7525 26215 19252 12781 9519 18875 17860
14528 26186 12289 12127 21482 18634 20067 18312 18012 4233 13859 15689 15167 7415 2377 15728 16102 17117 3353 16239 10816 15918 14113 12426 25192 10194
18067 6203 16419 34077 19143 20998 19408 13940 12026 12896 11555 14483 20380 7815 12503 15332 24474 13501 12271 12316 27143 15479 11995 15172 8810 17076
11253 13841 17323 26560 14341 25991 15394 10260 12997 8961 9916 18657 18407 6571 16180 8194 22904 20421 18089 18173 14531 13840 13419 11334 13587 20003
18019 23370 13068 14085 11768 15966 13515 12871 14197 30570 15253 16784 14766 3175 5260 11548 20156 13985 10430 21384 21885 14629 10669 12010 3826 15436
15362 29253 11786 14289 21954 20299 21378 15424 13989 11545 13352 14091 17179 8645 9800 15686 10474 1557 18229 15017 16401 7687 14559 14468 20332 15887
13258 11567 10003 12989 16276 13836 577 16117 13972 6655 12911 13790 15301 21144 7162 5901 28054 17840 27921 12208 17971 17614 11696 3887 15848 9179
11360 1421 13131 23785 19051 9347 10801 10911 22334 4030 8658 17981 21428 4916 16193 5892 20870 12618 3878 19269 21535 17310 10290 9145 18489 12971
14223 18912 15370 21244 24007 24434 16419 15596 17832 14016 21073 14560 23268 2755 11839 9061 22704 14387 14885 1198 26850 12183 12295 10801 20423 5394
17910 31365 15043 12215 13086 20473 14187 16378 21947 11420 11752 13996 16507 2923 11689 9099 26251 8942 14554 17309 13641 8282 12372 12776 1162 21743
13810 24901 11158 7673 26689 5623 18189 12081 4416 23871 14216 19306 16359 2597 4555 9571 6127 18645 11381 13393 25800 16031 10517 12439 15609 19048
8315 13731 10161 21262 15904 19980 9776 17175 6789 22836 19726 19215 18206 6829 4876 12635 12153 18699 31737 11882 20973 19061 11944 9678 13175 4768
16676 14505 12732 28504 22699 22147 11516 12130 27052 13786 15237 14830 19964 20444 17755 12358 28067 11476 8041 21210 16203 18905 11531 10325 11702 17269
23276 14439 8811 18560 24113 13990 17675 11991 21159 11772 11418 17771 16678 12057 12462 9111 10753 12397 18683 17196 17314 9650 10795 11492 27010 13217
13138 18095 21106 22408 21113 10149 17450 11038 10866 11962 13404 12672 17786 3235 21358 0 13337 17554 15316 5350 19174 10366 9046 11680 8762 21292
16818 4801 17800 13044 26441 18830 16556 12865 14354 917 16154 17499 14557 11825 5234 9898 26747 15263 15395 3592 14061 22815 8116 14145 8790 10236
17067 17923 16174 25377 23306 19234 13631 12013 16543 9895 13834 17553 20617 0 16470 12556 19162 14366 21580 19280 26509 22162 14413 7357 12950 18624
20444 6237 16562 11629 23245 15725 16002 15316 21367 13988 9675 21099 25243 12249 15249 5576 19867 13394 16797 24152 12908 10135 12156 12648 7721 16882
13299 16061 10497 14754 9238 14192 10252 15232 15033 18229 8162 19110 16792 4625 5549 15774 16775 18267 14392 15014 7837 10347 11103 13778 376 24230
16024 21022 11645 13425 20747 14186 12527 18340 13965 8748 5415 18943 21948 11397 15152 8642 24274 20079 21520 6525 22737 16127 9904 13655 25300 18807
15828 22321 14928 24017 14620 6883 14855 15983 19888 10461 6173 15046 23753 5391 1127 10643 23043 10699 9173 21161 15751 14220 10614 15781 17176 9776
10499 14895 10914 28966 19336 14583 11408 13129 5778 16506 15241 16238 16850 0 8813 19647 15236 15926 26492 10574 23079 9957 11944 12776 16071 20793
19973 21280 10862 8973 18071 22026 13900 14719 18274 2219 14066 22781 23598 17571 11406 16335 27872 16697 18204 17886 7116 12608 11136 17123 11516 23459
16829 13142 10909 4917 19923 20352 10847 13167 11165 4139 8232 13813 19756 21951 16678 8901 21335 10721 20815 9884 21723 14294 11354 7156 14979 20122
21911 33941 13651 0 14940 15744 19210 16186 10725 13071 12393 16790 22249 14621 5488 13035 5987 15541 13924 4121 14467 9081 11730 13943 14170 17195
14908 21163 13949 8898 15315 17860 9302 14640 13243 15162 21267 18601 19643 3074 10133 3904 17968 16367 9729 11979 10333 20848 11356 11128 9259 16133
18341 20605 16873 14113 17997 10469 5289 11518 15238 16339 17945 17205 18764 7075 29643 9879 20822 16228 18147 23863 16381 14559 11943 12620 5606 13117
17599 26434 17760 19229 23367 26203 12781 13608 20195 3237 10522 14980 18496 15650 7110 0 22477 13718 0 564 23480 21677 13787 15218 12857 18628
19379 18887 10679 16229 9357 13068 13196 12181 16428 3030 22303 18638 19421 15613 27288 8106 21450 20608 20729 4516 12493 14663 12638 14581 2844 8068
24190 17877 8348 14925 18712 16168 17956 11533 16682 7859 10537 20152 18127 6273 17097 11060 28334 17274 4971 22705 18541 15384 11950 11660 13794 8520
23889 13566 11469 11030 23791 5945 14193 9132 16572 13442 9101 17720 19593 17877 18369 8692 22149 13969 11472 3195 24601 14887 10512 8573 13193 22962
13957 33079 12073 4672 14322 10599 13986 15722 13563 19820 10665 15159 16562 15802 3754 10554 17597 14059 19528 19335 7531 17977 15920 9515 10913 16618
13025 8171 13748 23804 13721 13678 7348 10172 11138 15231 15661 17102 20951 2182 2013 641 14627 10833 21387 21966 19289 13659 17227 16986 23258 15942
13172 19020 8752 20931 17740 20450 7131 9277 6937 1581 16648 14039 15771 13795 24060 6033 15165 15674 15940 11543 26555 11520 14529 9809 0 14451
24718 16471 11356 18637 15047 22292 12235 10831 18969 5154 8093 14181 16855 6047 1456 8364 23171 16562 14549 17989 26299 15084 11095 12467 0 13567
17609 20199 13402 16315 17250 24787 22613 14701 9321 5995 15355 18720 18376 7966 0 7027 22758 18353 17787 11178 27700 7803 13243 12867 1877 17743
13358 19477 13694 26933 17630 19265 22701 15954 22464 0 15368 14138 17539 18754 23226 14016 18970 16244 8743 5440 13748 11262 12315 12137 4445 21845
16631 19686 16564 10897 18427 23578 13424 16999 11345 21347 8026 20392 15020 5502 8447 7374 12507 18009 5399 6575 17704 12450 12245 12897 12430 24550
15850 6504 10920 20975 22188 19651 13683 11230 12617 7815 17188 17941 21348 10347 20796 15587 21015 15160 11270 14251 10272 15157 8796 13456 0 15991
11488 23109 11186 16351 18343 27213 11851 17116 16499 13576 14871 21335 20602 8261 8932 12266 10014 16879 9643 18883 21559 19936 16459 12726 25 4865
16862 23125 14925 18199 24488 16208 17117 11945 23989 19493 12253 15282 22539 14707 15962 14402 1340 13565 21395 8882 21640 10935 14775 8141 0 26439
16211 27772 10794 28207 23621 14655 24576 10631 8177 10148 18076 16818 23025 14729 11609 12157 6830 16367 7267 11852 23118 22918 12966 8529 0 12862
14076 11503 12210 26324 14084 15212 11152 16334 20213 16093 16337 20453 20612 7958 4852 10483 14957 6287 20947 7134 21052 20964 9919 9944 3891 13727
12376 7688 11629 4481 20389 15512 11515 12058 15999 8285 16697 16615 21717 0 11002 13512 19078 15475 15121 6005 19074 14124 14048 8656 11397 10683
18928 24408 13278 4440 8587 21328 16611 11320 8719 13004 12827 17741 21384 5760 2638 20045 20732 15458 16094 14394 14255 22947 11240 10841 15544 25780
21336 12471 8861 16101 11873 14757 19181 8796 15517 21044 17885 16763 16796 7943 14897 10113 21386 16865 17833 10175 22955 14396 10099 8416 22037 13992
14548 27226 17633 17725 15565 10125 24740 15862 6159 0 10423 18472 21571 3846 11822 10495 18296 11164 9550 22003 15411 22995 8648 8981 21436 24423
17972 25899 12849 18373 17152 15754 13702 11941 18811 10404 16785 21455 18112 15507 1681 6669 18862 11845 12755 5703 23997 17888 9331 8144 6383 10413
21354 16972 13742 26806 6083 15055 17316 14792 17752 16039 6120 17743 18616 11258 7538 9327 28740 18688 8819 11985 30816 19909 15050 14672 1637 16765
16908 26307 16864 28611 12990 16748 18577 11991 13472 11292 19998 16358 15312 13145 10326 13651 15488 15105 19839 11558 22204 19841 10593 15273 8137 14449
7255 11497 10838 9457 25096 28649 18281 14469 13677 21472 13208 16392 17907 3866 0 9346 17339 11085 3646 20431 29043 17787 11892 12761 12492 12623
5164 16424 14982 19268 19141 19486 6421 13047 14868 0 8935 15266 17302 7128 12267 13242 12294 17877 10491 15829 23589 19831 12601 7120 18403 25143
15639 15938 18385 17243 25562 19534 14967 12362 21816 5877 17238 18808 13783 12125 14571 13173 20284 18863 20684 15743 22722 20512 11902 7560 12999 16419
15319 15898 16916 17359 13953 19388 10162 13863 19546 8028 10866 17787 18929 5680 18342 21743 10312 15244 11199 23022 18301 13970 12778 6951 16947 17116
20318 18560 13901 26731 6437 21952 22389 17094 17403 0 16910 16565 16218 8323 11159 9230 26776 15735 14997 18866 22706 20168 11450 11778 8185 9149
15098 20012 14196 26447 14277 23560 13333 16363 0 14617 3378 17885 16904 4677 9729 14358 27315 17643 14352 22646 22591 12587 13879 15110 10518 20087
12072 9459 9697 15664 14748 10790 12024 15943 7520 4647 17493 14584 24025 19468 5109 12753 22123 17821 6356 8478 14686 15035 11660 8319 11771 21668
14601 23653 10982 21571 19589 17559 15906 15419 9332 7664 20750 20542 17970 12202 25936 11114 22182 11922 10844 18292 11196 20675 10155 9808 2879 25259
18308 32083 9368 18839 24221 14809 12125 8965 17760 17280 13444 17953 19120 17308 3361 6836 19501 14207 16858 12602 17816 22197 12491 8411 1560 16025
21919 9580 19863 17207 22223 20743 14072 13820 15536 14896 12047 18345 19450 4055 0 10739 21571 13420 13646 15415 14272 13233 11591 13882 17031 21404
17674 21189 10685 20767 25071 15429 15458 16602 23277 17572 16376 13023 16244 14685 5643 12444 23164 11945 0 12916 14451 13915 13843 12014 5943 11951
16379 19898 10555 33140 10727 19501 7296 18604 15248 18692 17248 16402 16713 6174 7072 15882 27152 10309 20510 12935 19298 18312 15904 16210 232 23513
16535 22080 18775 13880 18701 14664 15375 14265 11623 6426 14048 15485 18084 0 6359 1630 18421 17725 23692 4338 8214 16998 10594 10427 8518 21184
20054 8673 16924 18570 16362 9216 14142 18003 19704 16597 14878 13976 16162 7276 16507 13138 21946 14508 10424 21694 33450 21235 10507 12535 8773 13568
14046 20721 15485 8728 25912 10110 12074 16072 8272 5334 13992 16459 16919 10118 11702 5209 22158 11323 14764 7107 12564 20536 17265 8092 8573 18714
15191 14202 20180 26815 532 9569 16897 9771 7899 8881 9320 16536 18094 12143 15583 14563 16689 18260 14820 14006 17240 8175 9855 10245 7221 12013
17143 23028 13113 10480 22694 30022 18568 12988 7250 6436 15229 18123 19779 12264 0 22680 21095 14798 17199 12301 16563 15740 11907 16049 16907 15451
21289 29356 12899 27116 27104 21135 18681 13137 14780 8601 14394 16761 15613 0 8760 10490 31869 11533 21473 14085 14093 12725 7690 10524 5769 14636
18268 15133 13376 10289 15635 16728 12836 12462 10653 21393 15275 17318 18318 7106 10866 13997 22376 8511 8808 22271 36661 14685 10735 8362 11770 23564
18423 24008 13960 13381 8880 13008 12294 14488 6460 12792 16056 11839 21052 13398 11910 18229 21548 20151 16588 7219 10111 13017 11999 14094 10066 13058
20224 12060 16227 5958 19099 13096 8765 11181 10725 7922 11266 18264 18029 12591 5033 8236 9460 12614 8736 21835 27340 11551 8475 19573 9419 17057
14299 31587 12952 23783 20605 11873 15404 12740 18101 15165 12586 14652 19432 14279 6631 10170 25983 14939 17153 17033 12563 22889 11212 12117 0 20535
18494 16068 9380 16498 16379 19927 13150 14979 21580 5338 13101 17820 17274 6993 13476 10706 13801 15419 10083 19012 17549 12932 11691 8361 9120 16848
7541 9988 18087 22751 21143 13998 9465 10275 11417 6196 9909 20020 17149 10550 6432 10303 19668 17675 12499 16223 22689 19001 10491 9224 0 16698
12304 15526 14735 22404 29423 12660 17298 12582 16968 7921 8838 15672 13968 10148 4072 14441 14594 10933 13884 19190 24411 20898 12018 10762 22215 16063
16232 9122 17443 13473 3721 9785 17567 16843 10126 4448 12651 17093 22336 5228 7039 8075 7785 13003 13360 24069 16878 17927 11507 11973 9998 13298
17581 20564 15559 25250 18964 19024 11878 9263 16225 1185 15704 16083 20823 2733 8699 15776 15267 15813 9588 5725 17773 12918 10508 8429 12845 11322
14139 15669 18845 23591 7438 17384 13121 12929 12026 7446 19738 18936 20816 7921 3366 9625 26031 10996 6661 7639 10463 19424 11607 13399 28799 15693
23381 20179 13747 15199 31181 16325 18339 14298 13127 11548 17534 16313 23313 18405 0 3383 13256 15779 11581 18853 21254 13502 9727 16555 14990 17217
14875 21981 12256 18006 9601 14737 9362 16364 10779 10023 11037 18760 17112 12565 9446 9583 32816 8941 23862 21125 18274 19584 10461 13525 14137 13199
21884 18099 11697 21833 20356 9352 24348 14986 18308 12945 22265 14567 19057 9961 11104 8791 9721 15164 15239 14661 28580 14723 8854 12353 25298 24055
17431 13744 11925 9306 7535 16107 16475 12963 19005 17267 13068 19480 19175 14011 6807 11671 23072 10304 19141 13918 23057 12221 13730 16039 11626 17902
17888 9575 16946 6598 21773 15180 18827 13232 17036 9336 15622 11531 19004 4988 14091 4203 29466 24351 22364 14112 23726 15012 14010 11117 19859 22253
17350 9830 9046 6145 14774 8972 15092 14249 15188 12018 12723 14001 19498 22483 11844 11126 18833 10020 11101 18787 24763 18942 10087 7094 18382 13311
12371 14814 6445 20348 15222 13839 14384 8397 15627 0 16251 15046 23535 2093 12612 5394 20234 18237 18428 4832 25383 11869 13311 11797 9303 21514
16992 13202 17327 17433 24591 10556 15604 11794 11366 12496 17580 16785 19457 7254 22383 9527 21641 19714 28521 13063 13655 17968 13370 9231 10651 14779
18129 17754 19073 10090 12014 18928 15818 11143 14869 14227 11490 15941 21508 13234 11117 16175 24934 14139 17556 19275 14006 9409 11571 7854 19167 18084
15865 23300 17011 14504 22389 21011 20745 15500 8450 11283 16311 18682 16017 12546 10085 13308 24295 16261 8553 9080 26752 13694 9874 11663 10971 8894
13083 20527 21556 15239 13665 26885 13253 14647 2236 15489 17315 16348 19746 6142 4881 9776 21923 21393 19240 13270 11881 21463 16236 8478 17132 17242
16926 5377 18276 26518 24020 34213 22743 15573 7931 17581 17226 11129 17744 11629 8318 8870 25417 17781 16446 21624 22918 15119 10049 11112 0 12425
21773 20376 16149 16857 19892 26415 13200 13971 16431 18444 16757 16890 22223 14279 116 15426 21242 11356 18790 16609 4022 18354 11061 10322 29252 21967
21521 21592 18000 19093 20966 15758 12940 7905 20896 3562 9240 15317 19335 839 1916 10454 22334 16069 6797 22073 22952 2858 14245 12186 0 14904
17116 7543 12777 29079 19692 20614 15249 16832 17060 16405 16887 17264 20298 18422 5875 17977 23209 16896 7348 23643 19139 15693 14018 17807 10445 18635
13729 19958 13975 12579 25098 18471 12724 19057 20335 5128 11947 13371 15771 17032 1302 14163 22240 15492 16695 27889 10556 14016 15172 7719 20185 14253
17205 22812 12488 20483 22348 24819 22075 15375 25312 7228 21310 15299 17971 14035 10151 14383 19903 21648 12221 8762 19647 20343 15414 13158 17832 26524
14823 17348 16274 19149 22627 11644 14571 11276 11701 0 11830 20685 21882 3427 0 11405 16938 18000 19752 13817 19491 13724 12245 15037 11231 7962
15275 16773 13377 14989 9958 11481 12108 18379 21338 5782 10344 18005 18349 12564 8453 8232 14629 13328 18399 8541 20941 16510 14691 7771 2873 12628
15065 14187 14972 16393 20985 13069 10878 12749 22715 5991 9866 17892 17508 9965 2581 16683 18801 19717 11476 23100 29397 14329 14042 10639 25515 16491
22255 14081 7410 13085 10897 5743 11154 12986 7589 6694 10688 15459 12488 17358 1080 9926 21794 14181 16134 19747 28085 21183 12657 14902 14959 12600
16999 14502 8239 21388 16244 18272 8901 10897 13729 14082 12207 16515 18770 165 9799 5859 7596 16295 13208 21532 10123 19220 9496 11006 8237 13118
18322 14841 9928 19051 23650 15726 8490 13943 8676 15445 11550 18267 19665 26481 3316 14608 24883 16103 7445 11719 12009 18133 11434 11695 17979 17927
11148 14988 15763 11894 10520 11237 12594 14123 13031 2798 14528 17914 22950 10336 1696 17903 9318 18046 8712 12105 24938 15691 10366 11053 12596 14341
19673 15580 14239 33131 15990 16277 18197 18777 15000 5624 12586 19094 17966 8965 14662 15086 10322 20580 21911 6666 13520 16108 13741 11419 7969 19890
12889 22402 13417 23921 20987 14131 9577 14232 7487 10412 17463 20606 12644 0 4278 24572 13024 18895 14109 14976 7868 14369 8017 14222 0 13874
10369 17279 17172 20684 18473 20478 25455 11753 13329 12165 23261 17560 19756 13601 4436 9196 8827 9490 12575 24517 31763 15377 11948 10525 11887 8927
10757 14503 10551 16885 13853 24003 18146 12687 17068 8544 11515 14719 19432 5302 1582 9515 27474 19634 21444 8779 16353 12480 12935 12470 15357 9883
20597 8742 11930 18878 21488 32730 12794 8528 22421 18120 17044 15292 18494 3965 6319 11238 15107 16756 17837 24034 19666 9636 11442 13975 12835 16705
15622 20025 15375 13868 18350 17063 16891 15003 12468 5221 10380 15346 22387 2777 19388 17077 29288 17362 17396 9618 21854 16375 11846 9125 15112 2980
12044 6935 13779 22084 25716 17344 17115 11670 17953 16657 15587 13297 20670 4545 1612 11308 20482 17556 24769 20646 14112 15141 13649 11435 5398 26398
14150 23230 12490 0 16276 18016 12448 10300 9031 12812 17371 17695 20326 10607 9817 19588 19864 15030 16945 6848 21275 28126 11672 9264 10975 22204
20824 11078 16418 16538 15618 18539 8290 12564 13491 7734 17187 15456 17853 10642 13509 17208 20637 9377 4044 14941 14205 11798 11122 12444 4139 18548
13173 9165 13515 29588 21863 23360 11340 16018 20576 14312 15998 18973 21529 2882 9640 0 14581 13653 8698 9507 20826 18597 12880 13485 0 20733
12985 20160 12758 4624 16490 21032 12730 10828 15581 12817 12464 14651 17691 18982 9727 11245 29460 19484 0 13553 21714 16800 17307 13521 11706 10139
13028 17282 12498 0 15340 16933 9520 14141 18012 13489 22670 19649 19079 0 939 17909 21075 11117 13007 15548 21177 16239 10160 13304 6365 19991
15937 20351 10815 24694 14396 17430 7888 12089 11221 0 14311 16694 18192 4519 9022 5180 18724 9785 25278 15708 2482 11674 11969 12676 2698 11726
15393 21230 16084 17487 5862 7686 12242 11682 18091 0 8205 17212 16414 11236 18396 12990 12846 15608 19760 8847 22843 17263 12470 8804 22416 18798
12449 13289 14341 26304 12400 11018 15316 8889 25645 18189 6286 15828 17017 19407 8342 8851 27416 18888 22854 8572 26486 12875 13900 18585 23758 22606
15389 6813 15748 25568 25084 9784 16076 15059 21330 6256 11995 19546 21911 0 11196 6156 13233 9405 5759 15148 24597 11065 10692 12833 7243 21095
15142 21293 9195 11234 13747 10308 16016 17759 15735 11429 13740 14019 21528 7378 2117 8207 25998 17362 15712 15279 15236 9779 12861 10578 12306 12299
17427 3581 9481 4023 18484 17773 8770 12602 21546 27327 11192 17942 13654 26936 10491 7642 24646 20147 0 14773 23557 14777 15391 13575 11498 16417
16576 21930 16155 27419 19618 23757 14111 16220 14356 19800 12861 18399 22031 9283 12161 12263 16195 16125 28190 2702 22547 23412 11303 14260 10880 15500
19384 33942 5187 6177 12809 14945 19168 16345 15102 0 11179 17438 16974 3781 10877 13505 16884 13815 22575 14888 15628 11488 12874 15545 16576 8160
15226 15010 18868 0 23102 23479 16363 14068 12721 551 12334 18931 22199 0 2830 9195 15303 16513 14966 17684 24287 17704 14274 13847 8864 19121
12922 31046 15130 13445 26671 15243 14949 8621 11883 17463 21438 14075 25164 0 11904 6214 2823 19652 17516 17550 20448 12893 7886 11082 7378 11770
15812 17299 12924 25194 17337 19627 15264 10923 12815 20751 12068 13555 16733 0 27416 8486 25559 10902 11234 14130 18101 8292 11614 7255 17914 10920
16025 11659 14937 29152 14432 14558 11088 13580 17983 11824 19234 18394 17368 17134 17114 10290 21632 15378 10114 8254 14384 10843 12440 14588 11387 19152
12994 21885 9787 15454 14589 19112 18271 15385 9500 25911 16223 14661 18827 17202 1751 15350 20195 13413 16723 11079 12225 12066 11990 15082 16960 9693
11767 13948 13474 9753 22469 12454 16491 16692 17111 12028 10269 18039 19361 9526 11863 10189 27776 17371 16936 15488 23826 17489 15376 13012 21637 13874
11897 18739 10888 19714 3565 13482 16550 16433 10290 17828 17737 16307 21356 9837 8215 18077 25316 17473 21705 9886 24881 14375 14781 9436 16092 11123
18467 18116 12310 22752 13060 14057 17168 13364 16226 13000 11233 16139 21732 6235 16234 1141 19147 10321 18072 16543 17191 21045 12648 11027 23851 25279
13646 359 12856 9883 8064 17274 7938 15777 17454 551 11317 19122 13936 18258 11902 7253 12362 16349 17583 18925 26633 18912 10857 11141 4289 17556
17788 21129 13476 16343 15688 26135 18827 14236 16712 16004 8006 18530 19437 14182 4701 12605 19990 16410 19833 6269 15344 18781 10839 8094 17511 14161
12700 30139 19520 17133 14246 16564 20373 13708 13133 20697 18812 18376 20480 21793 7742 12523 12708 11650 10079 18124 9174 22373 11149 10491 8967 24236
16859 34740 7084 15351 23660 19915 21710 13965 12734 8458 15411 14616 20853 12892 4503 7410 23510 18550 4324 25577 13866 13035 12724 17367 2595 22118
15222 11490 21479 20163 11145 10531 20619 14899 14782 5958 16565 14941 17324 9860 3416 21622 12405 21127 40372 13967 14827 14825 15031 10602 8603 13699
17832 22971 10446 23012 10488 12674 11673 12353 14818 13133 14899 16763 20778 21563 17581 19558 22596 15928 7217 11112 23640 14846 14222 14561 17047 14980
21199 13724 11847 8739 20475 13163 14915 13611 16271 12670 13814 15756 19886 15310 9685 7745 22807 16406 17936 13472 26095 15252 14123 12155 6087 17278
20755 22618 13033 9429 18269 17414 14698 15539 5741 5600 16460 18651 17546 10871 13923 21502 13654 21207 18824 14250 16754 10586 11922 16978 15638 9349
19099 14805 18266 20138 15063 10860 12052 12351 11109 12634 11851 15773 20275 9179 10054 11507 18515 15411 21107 21697 20430 10974 14517 13434 1933 15711
13770 12512 8767 16781 20229 15821 22187 7918 12464 14935 13956 15202 16321 0 14965 10785 25280 4499 6571 19989 19953 16538 10654 15201 4129 19877
