365
54 36 84 63 72 55 80 37 50 35 77 59 90 11 22 74 33 22 43 36 62 54 99 79 84 96
15490 10294 13903 7541 24898 14720 19363 15583 27243 17342 21949 19923 17280 10004 16580 24440 17450 23153 15223 7340 17813 22350 14334 19271 16758 18088
8936 23767 20217 10007 17992 13086 16591 6506 26402 12313 27764 16194 25615 14954 16091 11779 12225 11304 12472 31869 8816 30509 16745 15988 23218 14655
14661 21583 13845 12992 20983 15788 14053 10974 19480 14020 20709 24890 19805 16453 7611 18233 9574 23373 5945 19275 0 15302 11684 16898 20001 15411
20466 15333 22034 6008 22220 16598 15739 16336 13721 19388 17345 15085 17752 17341 12441 22623 26713 15869 17574 11227 13092 21897 13227 16852 21611 10829
17024 18448 17140 20821 16370 14892 9448 24681 13081 26777 28022 19100 22261 14406 8701 11390 17923 23125 16255 321 8570 16753 12453 17040 15464 9268
12181 18049 16004 23626 14636 24378 22359 26414 17957 17814 18987 23874 18124 13490 2644 27557 11939 23582 8097 14441 11230 11775 12691 17732 13778 6270
9844 11001 17521 17081 23801 17307 15092 23364 27307 17304 20485 17442 15122 9329 17358 23312 11831 10622 14958 10486 18635 21230 17637 15401 21734 12825
12675 15899 15369 620 17416 15453 20662 7377 26690 17096 22015 20783 20537 22443 19636 23165 15914 22110 11248 10921 6149 26208 9495 13112 14465 14978
17396 18967 23915 0 18338 21336 18917 8068 10776 20251 14077 34155 21243 16428 7369 21807 14108 20472 13933 7777 15883 17822 12220 23249 19995 15724
17498 10762 17777 8988 21892 25453 15409 12176 11826 14914 14560 21915 30631 18978 17757 14671 13674 26963 2752 7818 12471 11347 8680 12579 19070 18308
12500 3640 18408 19518 23503 27179 15340 22820 14154 13681 15633 8846 23193 14295 11646 23026 2411 19200 10878 11398 11240 17569 10907 15193 16902 14988
19788 24982 20120 18590 18544 23853 20135 8841 9851 22024 10424 11303 25094 17439 9836 21218 13053 17128 8005 11249 4156 18884 13381 13452 19806 19193
18611 17359 21615 0 15141 22961 15015 20545 15865 15522 15656 17718 13576 13287 2930 16820 13709 18509 7025 3937 23152 16813 14875 13515 20104 4718
19140 24769 14058 8419 13499 11774 18930 14641 17778 21158 16864 31597 21667 12313 3560 10981 4884 0 27375 9575 13573 16160 11894 10515 19816 5002
19207 14370 14420 25233 24454 20843 13899 21095 20226 15279 22339 22776 18587 14870 16929 27136 14828 25235 14313 19117 4419 18511 15091 13640 16733 13728
9546 15371 19616 6857 22206 13115 18803 15857 16935 14376 18753 31319 14445 3872 14743 19845 3621 22654 13938 8372 9868 7591 11164 11927 19292 14792
10486 12842 12476 12220 16575 18049 8427 0 23499 18282 11900 18569 12845 21266 32411 16847 12017 24435 16582 5612 11605 12819 13752 10646 17293 13251
12670 21591 14722 1860 17022 17260 19325 10235 28741 23571 21587 21236 17545 17495 14726 32701 5102 15644 23820 6761 0 7732 16112 15792 19953 19043
14301 20277 16483 16864 19888 22983 18744 17451 11172 11042 13454 17869 24660 19518 25016 21874 6807 20323 7034 16682 0 13482 12661 14288 18377 18456
20648 18538 19019 17824 12204 16464 17142 13969 15636 17070 18012 18357 22278 8768 14223 26324 20013 24163 17909 15795 22634 15074 11047 12901 14531 10970
14048 12123 16045 14737 22347 15109 14733 9756 29428 17256 8285 7409 19427 21486 5354 18101 9124 28191 7017 11500 11716 13240 12162 15113 16788 4946
16723 21361 20666 6194 21452 22338 7621 16825 14199 14507 14234 20405 25506 17480 19183 17573 23541 23299 18117 6136 15002 21772 13001 10236 17152 9976
16467 8910 19481 10980 20971 15063 20112 18248 20972 18615 22322 23342 13510 13961 1294 26068 8322 22338 20266 3202 12202 24592 13519 15450 18237 22615
10004 23012 23820 10491 13596 22559 11112 20357 28155 21943 11543 17779 16793 25519 12974 24286 11464 25183 18632 8923 14547 23562 15554 9940 18062 17399
15325 25657 19618 6006 18910 18439 14445 11922 18397 26074 13061 18708 24202 15620 9590 25719 9534 21772 15707 30013 11938 24565 12136 22963 17625 15979
11050 31987 19060 20783 15405 22953 12322 11301 5878 21580 18299 14113 23613 13327 20038 27601 12547 26282 18098 4109 15782 18059 11625 14943 13871 16970
15718 14825 24773 15734 19578 22913 15359 13930 9811 16036 23044 18516 20314 18001 12615 14079 15400 28327 19045 20895 8023 25769 12602 9354 16130 6536
16154 14131 22125 13156 18800 19674 15763 14024 10848 14502 15231 8096 25632 10261 127 14495 17662 14377 13504 14970 8623 18622 14655 10720 15320 12932
8230 15698 21965 12448 24175 13395 17160 15311 9019 9584 13957 9885 11094 14158 3561 11261 20136 18227 14490 12387 5376 23224 16038 13102 16762 968
18173 16755 24354 0 21143 23731 21429 12140 11348 18669 28661 25181 23558 18673 23434 13827 18074 18339 4522 21093 14037 20806 12269 15483 18214 7886
14796 9943 10974 8607 18661 13610 17413 16722 17768 13098 17064 13958 23160 5233 7604 15494 8255 16564 15385 15529 18087 30462 16157 9132 17319 15876
14574 21345 15853 16848 18728 20640 24082 21612 0 20698 6049 14117 19680 14391 17058 13954 10533 0 5983 9231 19064 18652 10811 11296 17142 4527
12797 20745 18005 10810 20801 16358 22973 26430 12848 22856 22338 5793 10907 15017 3817 18066 11230 18540 11809 14612 18969 20649 14345 18061 19886 22451
14870 17950 19474 13622 22809 17736 10732 20320 9650 17700 23482 30246 17834 16214 11341 20128 15819 19435 13508 14334 19765 13832 12453 14211 18489 15648
13468 15547 22306 11630 12270 10892 12728 14452 16788 17343 14173 14749 26034 9637 11859 9925 6609 17595 8243 5491 20202 20396 9866 9159 21370 4065
17137 6793 12651 23854 19619 21731 13832 19444 25722 27215 25698 16507 12787 12513 15789 18086 24307 13180 14307 15225 5189 18204 12232 14349 18504 7800
9368 17171 17549 26824 17665 15470 12470 11574 12700 13786 17948 12325 16616 7899 10826 16854 8318 19266 18304 16844 13015 22646 13050 12624 19714 15442
16769 8488 16908 8200 25085 16485 14328 16810 11120 21898 16233 15755 18682 22491 430 25431 24335 8267 16428 17890 24275 33556 12644 16564 17412 6883
12736 25565 22952 5601 19296 23514 18438 8370 12042 12362 4596 15586 19233 14885 10930 15287 16887 21568 13512 6249 8025 20867 12952 18394 16410 6722
16140 14466 23876 24431 26065 15716 20042 2693 5710 21295 20330 30187 24011 19050 5402 40142 12676 17780 5074 5812 444 10037 10900 17006 17160 9663
19230 16813 16789 17859 22680 10805 17749 14584 16465 23903 26291 18664 14964 12148 21479 6919 14041 20283 5907 12479 22678 9725 11177 12052 18479 9513
16868 16931 19716 0 20919 14454 17605 19916 15707 16438 29368 21020 13813 7497 10108 24371 17737 9095 8467 10086 25559 13441 13279 11778 23394 15593
13900 19436 16337 11122 17736 17433 13481 9272 25514 18807 19168 10106 23771 18649 8073 17880 16651 27934 19195 15598 14861 20031 13501 13102 18000 12104
13591 6792 18087 4067 20045 13015 16237 14342 17226 18535 16353 16361 16952 11963 17284 17128 11596 17861 10727 14704 18799 26142 10646 12450 15775 14168
7000 27653 19913 18864 24372 20897 20588 5785 13086 19982 18215 20715 20308 18454 3698 22951 9600 18165 12587 14646 16906 14326 11795 10563 17705 13632
13150 6307 17709 6133 20069 21564 24792 19538 21569 13490 20117 24190 17613 11773 0 15146 1718 11940 16867 8942 18817 15433 11227 15032 20204 18055
11757 18616 19536 2633 21406 19041 19687 12801 558 15607 15180 11399 15447 20842 10529 21932 8943 26416 15872 21880 10163 12903 15854 13880 17479 30356
12550 23595 15946 14083 8345 8291 12371 12469 12004 23308 9725 22964 9517 15014 5571 18195 12362 15980 16542 10230 14819 18800 10952 14021 19329 17711
11075 16899 15019 13891 22952 12683 16357 15033 12668 18843 16133 10143 14220 14253 35236 11178 11326 17407 13507 6316 0 22829 16722 15511 18317 10754
21293 21516 15576 13455 19142 3342 8408 6745 21746 13680 13380 7493 14750 5821 6282 22454 18237 12754 14097 17875 6525 20923 14394 12888 22872 19195
15986 10049 20024 14326 18338 14544 19111 13162 23874 20822 19152 18948 15872 17809 13204 11605 7228 12040 10013 8196 760 13070 14624 16327 18530 24775
14323 19740 11825 4912 26790 14760 22989 15455 22648 19272 9626 16107 25028 6835 21665 24917 14217 20725 3945 20810 22859 15541 10358 16999 19166 10414
19141 19062 15646 8914 24497 19866 20142 11955 6446 16261 30191 16382 26602 10709 13378 15972 20885 14787 13091 14310 12813 18988 12570 12877 18919 18929
12079 23794 16209 14107 20608 23351 19845 19128 6547 17414 15689 12935 20554 10199 2756 27755 25298 18162 10619 9716 10263 10092 16733 10663 16937 6998
21398 14678 20151 0 26228 19170 21222 20682 8460 13575 19924 22958 10768 18129 20880 9130 16481 27517 10402 19784 15499 19595 11058 10719 18109 11370
18044 22678 16818 14745 21437 18116 15096 19259 9395 19195 10785 16260 23599 12046 17209 18459 18829 12375 23659 26495 18642 27966 13955 11768 19954 9587
16697 16754 25926 16550 24668 16662 7080 14194 15559 14565 11300 13625 11972 14267 21057 13406 15223 18412 12679 14193 16130 24284 13677 9763 17655 5847
11702 18190 17574 19414 21670 11410 12443 18081 21565 21829 28089 13776 17673 10829 6569 28870 10460 15373 4852 9897 0 18671 13086 10967 19236 23119
15999 14194 21763 25959 24456 18363 16919 15120 19259 23959 20147 22685 21779 14125 2127 22677 11908 31911 9631 27210 0 23100 13293 11022 19771 11810
10249 17223 17499 8825 17868 17545 14403 17175 19215 18603 16667 26451 19506 23134 8997 12733 12186 10214 17301 14369 17086 18852 9590 11017 18753 12400
14763 12685 18346 14849 22664 22187 15604 6246 29419 13579 17990 17248 20079 11134 5510 12246 17779 21333 14451 10206 362 21678 11351 12347 15368 18522
20039 17248 19250 21928 17080 13966 22760 12330 19432 19230 19853 16313 20623 19919 0 15027 21607 14654 10639 20263 18325 11304 11340 11437 18558 16255
12029 23383 20730 24829 17098 21327 18602 12730 14608 16107 21587 10817 23041 13380 9465 13941 10875 15962 16795 6795 14694 18735 16228 11445 18051 21160
13907 4372 14885 10444 22459 20213 16472 18363 14369 17262 14098 17851 22487 24927 8638 12193 15189 23392 14444 13351 13413 24273 12113 9878 20371 18862
12396 21108 24858 5846 22318 13354 21061 11675 16729 24859 16440 26024 15361 9851 6732 14923 14147 6923 20363 27415 4832 25136 12550 16826 20281 3047
7528 16261 21899 14058 17118 16873 15322 5561 18464 13302 19011 15844 20349 21384 23989 15040 5885 16156 6676 2542 18592 28155 12986 14436 21190 11255
15865 18746 20768 20616 20021 18195 13620 11522 13953 8482 19067 20618 12926 18267 20170 18483 22561 11524 18348 2015 17752 21499 11240 17797 16960 18329
22043 15858 16999 7661 18997 13937 19581 13394 10090 16250 12132 8731 20908 23733 791 36009 10255 18879 17569 18955 23465 24058 11675 13655 24759 1593
21373 14768 21325 13362 18532 21166 9093 18973 7204 20807 13182 24964 20809 14392 2853 9042 20400 24650 17013 12772 10581 17163 14915 14856 14151 20476
18264 11991 11845 14547 11006 10334 12689 18638 13047 20387 13693 7970 18307 21152 0 23229 20821 24241 16623 14755 16653 11766 12950 22217 16774 13214
9331 15416 16557 10329 22528 12072 14827 11879 20718 12948 18844 16522 23545 9975 12589 12345 13738 14542 14036 6787 6450 23761 19046 17144 11904 21215
14672 21990 20194 11926 23734 8539 18461 19195 24335 4797 18867 18751 24822 23450 4670 25191 1640 14525 15960 2152 6884 28721 15035 15652 17791 22248
6238 11071 21325 9611 28916 22013 19820 21527 6949 26726 25389 17111 17922 20788 12702 9392 14338 21335 12130 12731 13037 20029 14293 13028 20035 16914
11314 19761 18183 1495 20236 13217 13133 5934 15646 23120 17125 27414 16124 26488 7976 20329 16357 19065 6411 7913 11839 11410 15918 10784 19406 19006
18069 13229 18815 10310 19895 8537 13388 22630 15303 16873 17364 16493 27836 14778 19489 26105 13930 10482 11099 21024 17861 20353 13780 17746 16227 11649
13575 10015 22044 25309 21073 16933 17881 3253 15889 22315 13262 19609 26165 13880 9895 21351 5565 15054 5733 13305 9180 12251 12214 9957 18402 10998
21857 9608 20150 13759 20569 11472 19386 14036 12953 27116 24545 12181 12145 15318 7531 23000 17561 25508 11863 17935 16418 30533 11946 16657 20449 25855
16529 22901 18067 8440 21019 10763 18053 18614 29099 22675 15621 25669 18592 17155 8487 10637 16322 13524 21566 17324 24496 16322 16135 9645 20399 4616
20524 14878 20807 6296 16581 13999 22546 11280 18368 16239 17982 25963 12469 9512 18838 14174 16768 26102 7738 15076 28324 24761 15338 16442 13488 16887
18027 23602 22049 14560 30021 18179 19249 4158 27009 18360 10378 12280 16693 11304 12510 19176 19149 11126 15502 13426 10277 26577 13029 14348 18660 7351
12697 27618 21558 25845 24292 14571 16445 11899 14300 19455 18071 18799 17861 10530 9084 17680 22101 12172 12506 0 11520 20590 11245 15487 21869 8477
10514 14038 21021 7398 12569 11973 15505 19615 14366 22722 11324 14584 19300 14210 11311 26364 11467 29365 7294 20327 7008 26957 11507 14615 19066 10130
16416 17371 15808 25800 21988 10028 14683 22234 18916 14364 22675 17336 23556 19132 10594 24140 21915 19698 19073 6601 17857 21651 11913 12869 22090 0
16511 16810 16565 24709 19942 8977 20467 15955 27102 13934 16069 25344 16536 4118 16338 6846 20403 13329 21715 11282 2020 21864 13155 12314 22596 19119
22545 8832 20161 6718 21161 20106 12630 9409 16230 18322 11748 19767 14558 18048 20157 23966 0 18978 6312 15810 28437 11964 8498 13861 21007 19032
21921 17480 17196 10161 22926 15778 12185 17773 16222 20660 11372 19562 14628 4897 14253 11517 13647 18684 10903 12625 18470 22321 14025 12637 18157 8691
13353 14983 19308 12606 17538 16943 18591 14651 24705 19665 20541 12367 23119 18404 17429 33524 0 16082 8385 18579 14508 19077 13294 16558 18768 17906
19942 25023 20187 11845 15218 22314 11671 8630 21581 19781 15206 29427 12747 15008 7842 22118 7790 16363 4080 28724 19566 16017 14874 12572 18752 15335
16005 10338 11655 5934 27425 18581 11733 5099 10688 18004 11398 17367 21881 20105 0 10182 12910 23519 16854 20471 18767 7258 12165 10021 19317 17119
19483 10128 22541 19537 18904 24788 17267 11420 17397 17793 24270 15484 23252 23202 8743 15410 16298 32970 18686 9136 10037 19799 10853 11436 16943 0
17642 17299 15947 13507 13960 16633 8112 16339 27407 18703 18024 9677 14797 19185 21027 17406 9221 28264 16467 15846 15290 11080 15627 18969 19621 12245
20855 13998 20013 11171 24922 12752 19879 14749 28205 18755 18618 20807 13886 16965 3420 11989 15797 20854 9849 18391 15208 17423 14315 13746 18321 7394
4092 8169 17519 21735 19524 12715 18006 3679 24184 21842 8403 4860 7815 15870 6196 23333 22350 31027 8907 11343 5882 9049 14404 13621 17540 5153
10979 19688 22831 1037 21039 20891 10075 13705 26425 21424 11503 16191 11999 18889 13321 24524 7883 27140 14825 17413 23198 10413 13943 14345 19410 15810
12548 17302 22255 26885 16813 17144 8463 13074 14377 9428 14530 14614 13852 16627 16311 24884 18293 27704 12116 0 7176 20763 14167 15785 16695 19347
13429 13774 16375 18227 22216 25805 17015 18190 14680 16932 12161 20038 19030 5771 9609 20616 26385 15649 10873 15615 0 17900 14124 19480 18065 8849
7625 19240 15379 14637 24726 12785 20923 12615 7584 13910 18483 16780 30214 13569 0 23895 10686 14292 14769 7989 17658 24522 14391 15029 18876 7832
20317 16903 16971 1105 17566 21472 20048 14399 19406 21070 23326 14888 20805 15887 11709 17032 5672 25388 7421 6768 2652 13605 13295 10420 20400 7890
19099 14869 23092 14971 15962 9474 7332 11659 28901 14468 17939 19449 17119 18977 17966 25170 19071 18662 17676 11085 13856 17854 12344 12465 15248 16243
21459 14933 20276 8842 23960 20666 9344 6743 18316 14648 12844 5936 23324 16479 14486 21569 14927 20495 7503 23924 1763 19567 9792 14003 19932 4935
18337 14310 20924 13046 21370 18378 10147 6239 17522 17080 18839 9751 27281 14706 5244 15898 18899 19366 15768 17086 13537 15238 11910 16691 20220 2226
16566 18382 22523 26377 23504 8459 12002 17524 13671 22848 23218 20601 24250 10897 26404 11501 6781 5024 13930 12252 15050 21513 14754 15254 19304 5489
14198 14607 19430 22398 20742 22444 21911 15490 26277 18042 15365 13683 13297 13954 9070 22360 13351 17087 13647 11213 19978 19623 12419 10202 19713 17895
17281 18496 15810 19592 22617 19593 21400 9854 8927 15352 22932 12167 18048 8487 9684 25456 17373 15417 18620 25194 11694 12627 12829 15817 19920 898
20996 17237 17272 12882 23634 15601 13775 16408 18147 17671 18556 12856 21970 22236 15684 17635 2987 13923 8205 14247 5819 13553 12981 13792 16403 9080
12791 19138 16044 6837 14608 12170 15153 19863 14365 29142 35247 22598 23917 19854 7958 29488 15775 23574 9533 7935 21991 20209 11956 19666 21504 27349
15346 21206 26318 13561 26948 22519 16172 30040 10326 21332 12563 22830 26469 8641 5354 34988 7905 15718 23166 19463 915 14016 17219 13792 14136 10038
18026 17193 17883 15135 18493 21664 16490 15602 16780 14130 14045 9649 15596 19628 20652 15783 14966 18709 10289 5361 4585 19641 12375 18285 16229 18615
21774 17624 19306 7353 16943 11947 22966 10621 15119 21345 25637 21073 28960 9659 4049 19673 18343 23971 10791 5348 11405 17837 12403 12382 20238 16151
13861 20760 21373 19935 15572 15279 18655 9630 16968 19096 12243 20185 20488 19352 4654 15857 14688 19278 10665 15648 12985 24285 9737 12708 22590 19150
19230 16797 19149 12713 21710 19875 16257 7805 10371 16324 21773 15227 7771 10986 4158 19260 16591 29219 10730 13857 3951 13045 14729 16177 19443 12695
14668 20320 22841 7007 17408 16569 16180 17635 20492 23351 11000 19439 21277 19849 20488 18016 24290 28513 9650 15024 9348 16746 10103 13941 20404 1250
8023 18558 14833 11188 20751 18783 2063 19718 19669 22552 16452 25854 12214 17470 0 14464 20935 15647 20363 16625 6466 17030 10073 18196 17104 12726
12997 22541 20586 13792 16068 14026 15337 20989 16722 20156 18846 10819 14836 13958 7637 16701 14903 15767 13725 20688 8555 25117 13820 17636 15432 13155
5459 17575 25648 13458 20971 20137 20454 8042 17230 20428 16054 22771 15882 9397 216 12396 16663 22038 8189 16181 20746 26627 15177 12137 19898 4640
17243 19226 16167 16539 24982 17784 26091 10807 14510 12569 18125 26287 18403 19090 12656 16725 10288 19553 7913 17053 1711 22606 11621 15829 18548 23904
14269 20039 9054 0 15088 14856 18923 20101 27571 24275 8743 22683 16895 9319 9852 12532 12537 7335 21659 1460 4832 8474 11146 13954 16256 12697
21338 21561 11592 5055 22541 16840 15919 7937 6543 19185 27483 23309 22769 13237 7072 32344 12344 18273 13527 7387 7669 23508 10640 14603 19678 21048
9699 18671 20851 10353 12677 13953 15521 17380 16362 17081 23782 24346 24588 19949 4433 31333 10594 9817 13878 16532 6924 19120 12258 17368 21334 3336
13843 29172 18722 11039 21282 22348 16414 16403 11533 19836 15156 22452 23151 12682 10181 28673 15978 27001 9314 18286 6845 20715 14144 7284 19627 17842
9661 16929 16301 15292 21104 27308 16908 25068 11503 18347 20112 14879 20315 11131 11074 14630 10670 23284 8776 19271 20557 25798 12616 11441 15877 15107
20184 17190 20558 30791 25874 12307 13092 20573 8971 24022 15031 31245 25407 12153 5166 24210 5687 28812 4064 10447 8262 13592 13187 14632 20044 0
12732 17847 21124 5415 20186 26170 13832 10617 26143 13873 19448 12445 27122 11963 11504 17058 15586 18871 19169 13507 26915 23492 13284 14034 18667 11387
19749 23755 17169 8393 23862 26281 16587 22016 1683 18156 14805 23308 25158 9440 12476 19519 15585 15423 9161 5234 11707 23982 13066 14058 22481 17177
21844 9689 18299 24828 18274 16393 20434 14270 7535 20990 14875 18995 18817 18019 12873 5441 7269 30008 13058 0 8357 22267 10389 17130 16772 2761
13786 25771 19278 7486 18629 14384 16112 4060 26588 10507 14650 25799 22440 14098 17892 17847 2993 16641 6079 5927 20646 25671 15040 16985 20027 22511
15307 13489 21796 8665 12746 14718 19817 9500 32089 19918 19710 19290 18794 12252 16165 23064 13392 10448 6235 9363 2973 15054 11657 19862 17657 15104
10025 22237 16117 333 14144 18761 13288 8588 3892 15452 28340 26712 7473 14507 0 16413 21772 10395 13725 19272 24026 11063 16352 12662 22194 17094
13066 13109 21648 0 20977 9745 12154 11362 12708 14200 18781 26675 14720 20419 7189 15197 14025 18833 4310 23985 2321 18397 12958 20565 18116 13125
17012 11739 22719 8614 19905 13406 17293 10799 24400 20532 13065 23347 27543 14699 0 11104 13948 16600 10979 14884 6679 16811 13365 19242 18117 4455
24539 11815 19150 16207 20136 15394 22052 26989 8793 16331 4854 27109 19413 7530 11104 21958 19017 24220 22499 15000 14919 17901 10281 13369 17422 0
16806 14409 18518 7198 23844 19521 12154 14605 14557 23168 22946 7752 15441 7990 9118 21531 20076 21124 14550 8040 7533 15376 11738 11976 17683 10043
14725 22909 17298 11043 18050 17481 18380 11852 22402 20218 19244 22077 16483 8908 15984 13827 670 32111 20427 14655 5231 20095 8358 14491 15568 18222
11584 20821 19369 11979 31679 12608 17913 14327 14830 14187 21032 20877 10420 20070 11260 9805 15279 25427 15856 18227 11002 19143 10538 12909 17258 0
16927 23376 15656 0 20229 20738 19133 13226 14115 19637 18020 15578 20913 15414 5637 28099 7653 8944 11012 5716 13984 16690 13184 15063 20572 9613
11980 23743 20139 10463 22066 11482 19184 954 18181 14788 24203 16292 24444 15989 3094 22250 5198 2140 14973 9852 5589 14703 6550 21190 19725 2173
16492 19689 19370 12051 17742 17944 10756 19541 23440 17440 16385 21378 13897 19507 19357 27987 15701 26944 16965 26106 28712 14987 13052 19658 23119 15057
13471 15481 15370 10319 16528 21428 10133 13175 0 23052 14237 20759 20093 10834 18921 14863 4154 22828 5004 7691 10766 14947 11702 14312 17515 10704
25952 10644 13762 0 19788 14771 18254 5010 12750 13245 11015 28876 13334 27332 0 27440 13068 22833 14725 0 22504 20463 12033 13850 19390 4997
16331 17849 18910 16414 16782 14014 16147 9409 13484 24127 15332 23056 18006 7206 7677 10839 8763 15161 15317 20673 22693 12704 17499 14734 21397 22714
6950 18551 13720 5122 11537 17409 22382 14639 25883 21498 17458 34115 23750 22168 21284 29371 6549 33746 22327 17111 9490 24240 13124 11587 19315 16944
23556 3321 21107 11555 15104 8624 14414 16710 27798 16986 22933 15080 14800 25773 0 15182 12027 23194 7993 14153 17983 9313 13585 10997 18033 15594
20677 24043 24352 9877 17521 19087 16737 17994 11750 19879 17965 21064 9065 20064 23167 12399 15688 14074 9983 11266 10004 18783 19437 14988 18073 6629
19712 14877 18695 15372 18411 18419 16981 22432 13149 20185 24303 21267 21945 17222 6837 12607 9934 27610 15525 11464 0 11354 10734 13880 18765 13766
9715 19158 25205 22694 23161 5603 16556 10302 18586 18894 20340 22856 17061 7996 5089 32635 2360 22319 18145 13345 7030 14655 12635 13064 19671 24438
12154 20149 18109 4105 14352 16279 8833 14708 3218 14653 3957 9273 18474 18023 3753 19352 20284 17780 4472 12328 9836 14524 13802 12078 20259 23801
14124 16299 12541 5864 15532 27506 9348 13655 18805 19642 15071 18623 17537 14508 17860 25906 11867 27153 13250 10594 11617 21742 11972 17713 22512 8561
21439 20392 15827 13870 22269 16428 17019 11794 10015 25513 24167 18465 15306 14499 25492 20082 7058 13083 17647 1862 12371 14042 14739 9880 17735 17854
11356 26174 14454 7783 19903 14659 11521 5698 18854 23564 11646 25322 17474 11092 16078 15157 11706 23216 16278 4688 10837 15162 11064 18445 22601 15454
22346 19938 17910 6167 16641 12115 13498 7536 17355 22390 19067 11947 30142 15809 12213 10624 6339 23716 12269 14036 11211 13051 14274 15382 19076 20585
16721 13315 21006 7372 27074 16107 13356 23511 16909 22080 10756 15060 16887 11381 22576 5916 17477 24237 15614 6664 23937 16586 11503 16455 14662 14085
16907 8336 16885 14950 17204 19781 9815 3931 13820 18470 14572 14512 11371 22221 11462 21251 14782 22604 17888 9644 0 19434 12530 15743 19486 21739
20938 25384 24526 12641 21081 17637 16274 24526 19715 15456 17897 22623 17845 14655 4164 20658 9553 27210 9009 24895 6754 17540 12955 16059 17908 8024
19688 17196 13827 16378 23047 16455 17792 9220 22886 14484 17980 19542 17192 15486 4525 17834 19578 20375 1036 7436 7074 13072 14575 21384 19119 4229
22813 19822 13255 15134 16551 19043 15079 11172 14091 19917 15247 4038 21700 22049 6490 19529 10431 28919 13429 21091 13327 25629 13169 16696 23197 10561
8949 23864 17852 7192 22228 14905 17442 4133 28880 21754 25476 21127 24488 10327 11709 8832 18137 9516 12213 11655 18041 24242 12634 14772 20237 24915
2895 22713 16903 27836 19302 9210 14241 11925 14185 11058 15549 17334 28741 14609 12064 15705 13420 32623 11199 8536 12464 24102 14834 20024 16101 6098
20458 6985 16577 0 20150 26859 12871 5577 8460 22848 217 12673 25307 11635 14773 17568 13063 16974 20799 18352 11652 19905 12240 11099 18768 18558
17693 19898 15161 0 11790 18033 18001 27482 25987 17188 15870 18265 16878 24583 9284 21005 9503 22446 10945 11594 10725 19868 14567 15384 14262 28530
9973 16833 21571 18188 12579 18702 13161 26556 13331 20553 29949 25265 12390 19362 8991 7922 0 17762 11334 11735 16561 16008 14313 14695 16112 7672
16572 20815 16915 18780 17703 18550 16333 18475 14644 19220 19005 18993 13089 6847 3833 13938 21030 21096 6585 16449 15566 16490 12329 15182 17811 14012
15612 17628 18285 9383 23225 7395 19280 16608 16913 23719 18513 21733 14518 14342 12137 30131 15822 14222 9457 9724 13713 22498 13767 14063 18772 4131
22872 12080 13824 25106 19520 17104 21751 17821 14940 23581 8112 19513 24478 10785 6613 17820 19346 8348 20501 14418 13286 23488 12228 12157 13847 6554
14029 8220 19306 14462 17505 6895 14471 15055 23063 13130 21080 24091 24489 12382 9634 24317 17545 23570 11072 0 10027 19753 12618 15872 22092 8647
10884 15992 16247 20981 16351 23982 13704 12513 29294 16439 18225 5852 18050 20593 9907 12249 20839 11810 12928 5079 12505 9461 9479 14570 21583 31523
15507 21748 16133 6899 22344 18641 12240 6951 17959 16899 14248 15803 19258 12406 9392 25432 7623 10397 9727 15262 7348 24961 11071 16937 18909 14382
14915 13021 19518 11159 15826 12464 20571 8491 9435 18566 9972 21102 19471 17158 2923 17473 7280 13955 9458 18103 20130 13306 12854 11619 22835 11562
18585 24794 19976 17492 22444 13697 18135 15513 13702 14126 26836 17340 19421 16277 15667 16803 21245 25300 10545 16421 1172 26905 11837 13823 20672 13117
11876 21824 19264 25131 17737 29510 15862 13543 18092 14134 13655 18926 16120 21449 16854 6943 19817 18382 11526 8843 6841 22428 15382 16652 16950 20896
15532 11670 20174 8734 16290 27622 14706 14391 22579 20070 18317 20481 20364 19245 10491 14926 24487 28508 17680 13926 3734 14959 14944 10991 19765 7926
19745 11846 15881 3849 20469 9729 15953 3957 17130 18353 16302 20096 23217 9557 9595 19868 13498 25454 6931 14565 14955 23586 10549 21980 21086 3207
18634 19359 23596 4313 20571 18795 13103 14762 16014 20146 18309 19528 13530 15445 15848 22421 15063 23238 8259 12490 619 13968 12857 11501 21352 22681
18005 23534 18738 5310 18031 9205 16200 17498 26911 17112 11890 26606 15569 8004 17293 9953 17852 23768 9332 0 2207 20291 15275 16635 21904 10199
13124 21042 17075 0 17036 17993 19953 23214 7334 20383 14182 10537 14007 27632 5289 14099 4211 18424 5518 16056 18958 18605 11924 10532 11608 3762
16111 13955 17891 2493 20700 13149 12267 9827 24138 19308 20909 24363 13400 11012 10991 26407 16376 19193 12682 4954 16347 17311 11709 13945 23040 7058
13485 16124 17747 10492 19245 15270 17582 11899 29102 16915 28599 14837 21864 16170 13053 28026 26927 6420 18705 15823 2804 15448 11462 14121 13728 819
19250 17864 15088 20252 20836 13693 17615 14443 11249 22236 15637 26649 25938 18095 7447 11997 15249 20707 13017 13141 7537 13800 12400 16246 16274 19334
17186 15541 19143 9132 21261 23122 23109 9099 13215 16289 14519 24361 8773 22778 15096 3103 15041 19405 6671 17982 5213 12288 14286 18551 17931 14058
19426 13835 23125 15038 19423 14845 14886 17830 26597 20757 6037 24677 22661 21440 17524 28489 18192 20947 25881 9842 9372 20498 14484 8736 18397 17291
13607 15023 21514 12653 23877 14541 12028 17918 4777 21100 22260 15605 13587 13421 11539 25417 12983 25777 7755 9129 985 14644 14784 14474 21569 19910
10381 13352 18274 15306 20071 20621 14953 16308 26025 18928 16644 19382 18315 13230 3371 19746 22462 17979 9441 20149 0 22536 11962 12539 15346 5615
17807 20893 17681 6003 14237 25104 19111 6189 8202 21330 13204 12505 24695 9646 14682 27560 10120 23578 10067 17420 20963 18205 15211 13612 16774 481
11649 17644 18719 11719 16951 9320 13623 12172 15799 14191 13117 15862 18916 12763 7866 36530 12565 21215 13634 12088 10568 2347 11112 13096 15099 13535
16533 24898 21921 15919 23788 17742 18669 11241 6828 25816 12372 12002 18898 12135 8603 14886 10809 16980 3886 17080 16179 16564 10593 18426 19159 8209
15234 10188 13856 12710 18875 24206 9400 16978 26812 22409 20892 23144 13964 12562 19539 28876 10334 24211 15026 12996 22163 19475 13351 13353 16962 13000
11720 18028 14999 24804 18131 24091 11874 8125 19561 18543 9002 23874 18248 24948 13749 8455 12728 21722 17127 10893 15419 16906 13625 19919 23516 13205
10453 14311 16884 7967 22543 20037 16504 23344 20708 22928 6441 20628 16969 12577 0 28260 3525 22368 16286 12563 15531 23418 7921 10120 13664 17586
4538 13698 17813 13064 15552 13242 12391 17409 18017 14709 9737 18655 27683 20333 7840 17452 13233 26996 10589 19036 4962 19305 14527 9969 19004 11225
12821 11333 17811 19493 17062 11381 15350 12299 20741 18595 13273 21184 14719 10472 28080 16496 7884 26003 11828 6530 10868 14526 9661 9581 20182 16767
10488 8888 22872 16756 28891 24434 20029 15191 11280 21906 18442 15127 2146 10336 16734 13509 8715 18046 8315 14331 23946 21930 16949 13187 18307 13038
18102 14723 18716 5973 21227 17476 16506 11850 16236 18566 16591 26244 25487 16394 8135 3806 19185 34166 6922 7799 11947 19124 15923 5388 21943 10495
14605 17321 16855 11312 23900 22211 12695 9674 10746 27462 22114 25453 25426 13974 68 33126 13383 17956 17969 20465 8625 23372 9880 18954 16137 1686
12470 15031 18705 20807 22535 17073 20104 8122 15130 17639 11976 20205 9791 16680 11388 0 16275 26662 20733 10222 11847 15960 13206 12250 21621 1673
19734 17551 16755 0 17320 20282 11990 5233 13798 21323 16744 18502 23504 4269 0 12848 17792 24885 17411 16635 4682 30923 14080 10211 18236 6132
13301 16017 26944 11785 22204 21192 17650 9865 27416 21794 11422 21483 13896 12688 0 12917 1922 18910 5427 14708 959 20462 13199 15885 14232 9210
12390 9606 11328 17149 13923 5256 18774 21792 21704 15353 20372 22833 17380 18547 3659 8781 2342 22456 17172 5628 17260 30997 11416 16546 17431 13348
16890 17206 18258 25931 14215 13609 13749 8194 4206 25471 16731 21401 25171 19289 10026 22939 15742 24286 11249 2536 20130 29538 15430 13208 21826 11445
14531 11649 23203 7176 18581 17892 13761 16828 8719 23232 26475 13063 14544 14982 6539 18573 13112 24145 11067 9674 18735 20380 16819 13614 17697 18209
15368 16895 14527 20996 23948 20802 12168 16887 30932 22042 13334 16924 26485 7485 24121 20661 7011 25008 10723 16234 9878 21090 11041 16844 20462 7243
10987 25999 18897 4993 16154 18799 18668 16152 14309 21211 18735 20684 23163 8961 17132 16972 1915 9852 8116 14098 4226 12205 14006 13844 13038 2890
20705 20725 15737 8092 15044 19136 18335 12321 11520 28135 17227 17190 20907 13625 15584 15208 2008 28752 11120 3623 14936 14911 12187 18202 20360 24732
14467 7994 18660 17227 18943 24700 20115 3222 17730 21786 17614 23474 24704 19921 21678 28698 5458 17796 7508 15638 9411 21584 12523 18966 18183 20790
9431 8441 20619 7870 18102 6846 11391 14061 4258 20550 25269 18189 23234 21047 12837 17123 13876 23253 11116 9788 13481 18688 12442 18526 22670 7635
11068 15455 21879 3022 20179 23195 11766 25352 16088 19694 11985 16097 19142 14936 16102 20796 15692 20402 15201 7939 2565 22532 14178 17244 21587 1576
17745 24375 12271 17472 16717 26885 12183 10839 11043 19208 15432 11406 16858 17576 10072 17489 19723 24485 18982 10630 4550 18278 10021 13369 17892 12090
24483 17816 18399 13248 17449 13509 15095 17544 15452 22409 12588 22230 11134 13615 4501 19336 203 13202 19946 20728 774 7314 10656 10947 21419 5297
18038 9323 23334 21138 13982 11900 11258 11181 3401 17136 14272 12531 18446 9506 11593 13906 20304 14986 15725 9765 5142 20014 17971 14127 20522 7210
20276 12755 17601 10434 17945 13222 10296 11633 18785 23402 21256 39194 18046 19191 21663 16857 14842 10417 13542 14527 5467 11995 10598 16134 18280 20219
12391 15112 20352 14202 21609 14036 15019 15838 16320 13772 17980 17624 14147 3322 3653 20797 20209 28481 10721 14293 9323 13240 16141 11744 21790 16717
15432 19090 18781 16269 28982 17097 11642 23151 23863 17181 24333 24751 14509 14761 18574 20708 17187 21899 10561 8768 10870 17562 13571 14807 19413 11729
13487 22414 24245 10908 19055 18780 9285 27704 15277 21952 26560 8986 19219 12361 9373 18385 6766 19298 13098 9937 15921 21997 13338 11192 18414 10402
21312 22403 12478 8415 20697 21661 15235 15539 7165 14840 14453 13627 29577 8075 11664 18181 7561 11107 8206 13437 8420 22537 13865 17031 18505 11902
16110 13311 20392 11465 20703 14964 12435 9422 7284 12023 17113 17577 11099 19557 17785 9055 11450 23475 6393 23343 0 16143 14508 13115 20031 9787
14602 13020 24215 17821 15866 22244 18177 21171 18607 23688 25815 12735 14268 16664 9283 22978 5121 18526 18166 18979 25574 12936 8338 15965 15431 24535
9352 14349 10914 20457 16120 28802 15286 8966 18275 29747 26715 11302 24642 11665 13241 25910 8940 20098 10214 15413 21023 13534 13240 16610 16670 0
18879 20223 23053 18031 18994 20066 14401 13649 28840 20970 20093 17621 26164 18167 21220 17468 12052 19328 6197 9516 30973 23021 9513 21813 15352 9066
6847 17507 17760 12643 19933 23988 10103 13915 6918 15500 30154 15566 19364 7803 17797 34592 24120 35588 1488 17868 1051 19888 14840 15602 15406 6471
15615 18772 15464 17100 18335 14396 17178 21456 21403 17548 22701 18849 22100 1316 9068 13300 6847 27082 1848 1486 14329 15307 9684 17988 14496 12251
19557 15938 11225 9477 16972 27867 14970 12244 30810 24949 13588 26835 15291 13738 6852 13651 18542 15363 12260 7632 12933 29404 14736 16695 19552 15086
11451 11442 18236 23025 15743 12789 17002 3315 12353 17372 11250 21961 18760 15680 0 24773 5519 18157 8435 8146 14851 30011 12060 7879 16688 8420
12147 11505 16557 11520 21734 27794 14192 20200 16899 8644 18660 23133 24248 15578 16257 17593 26579 19370 15210 13326 18701 12007 13631 18054 19868 1521
16948 17813 19372 22809 19678 14186 18303 8116 16423 21449 21825 21681 25038 14912 0 23730 10434 18797 6170 20763 47 12937 13618 13651 16270 12996
12708 20599 12526 15438 15398 26024 20243 20814 27204 18366 22143 16032 15051 12983 3527 26708 9927 15285 7444 12464 24927 10288 14003 17879 14983 15823
18301 12299 21761 11145 25211 15636 12120 12214 7156 19969 16394 13512 25207 16178 14251 10480 27595 22572 13145 14048 0 24089 11755 12493 17922 11806
7443 9903 20910 10448 16179 19956 14356 9328 17841 15685 25629 15631 25665 20869 17382 26090 16322 22217 5501 10245 5121 20851 11395 9403 15705 15538
22583 24582 16866 30562 19544 6078 17961 13186 13281 21659 8234 10219 20423 9389 4051 17191 18567 19866 16145 14808 8942 19616 12911 18684 17172 20080
11013 13014 18453 0 16670 15482 21966 4185 9818 26271 15929 20674 7574 20147 1980 20709 6380 12646 20942 23218 18813 16100 14750 13700 19805 15765
17351 21088 17465 12666 17486 18403 11813 18766 21426 19745 19027 24729 11185 7574 13211 23589 10466 16711 11148 17145 26322 11834 11642 8789 19516 11126
18127 8606 12438 11529 25633 25660 8333 10593 18270 24190 16254 25833 17193 15717 424 16898 14434 13917 22785 10554 12748 17606 17360 14335 15266 9698
19719 18090 18436 18127 20367 12594 17730 21482 20117 17505 11789 22423 17007 21641 22991 12700 22627 15421 20827 18749 11194 16387 13045 9613 18922 31533
10370 12225 21626 8452 22661 20317 16480 17931 18578 24535 7842 19732 13761 7528 16914 16115 10284 20079 9923 11701 16296 24483 11670 6390 16990 7243
16806 14156 14364 12235 10985 12563 19980 22126 24400 24757 10035 6686 10293 9953 13189 21636 17394 11897 11852 14588 7568 20686 14746 16035 22177 13503
13325 23026 21881 6802 19499 17518 6274 21267 25736 23164 20367 22111 22318 8228 8568 28673 16549 23555 4183 17287 12962 30921 11922 10347 17049 11087
24856 5893 16565 15542 24703 19934 10374 25639 37293 21267 25992 25055 18826 12596 16134 17885 13489 24094 16714 11092 1363 14887 11548 11047 18364 0
19713 14934 11063 24314 16644 14689 18992 9032 14294 22048 19848 22028 15081 18555 3431 8365 10556 14949 8213 1150 14404 23178 11458 12957 18513 18790
19285 21966 15597 8699 17731 19627 21579 7892 17644 16281 13545 7532 11461 22040 9417 24160 14760 18400 1047 13289 3964 17033 14264 7927 15172 14293
15739 15408 16987 3704 23290 23279 6850 15444 7018 12458 12320 21389 13896 20100 11276 20541 21058 14202 15381 3259 23089 18569 13423 8681 19418 0
13967 15987 18717 0 15370 14941 8392 16787 7711 21067 16340 22737 20103 21156 10311 13843 12283 14443 9206 20014 8597 19001 11547 20591 18482 8082
11807 15459 14494 9540 8515 13882 11311 3806 14668 23664 20208 26280 16314 8276 8219 18727 17243 13578 17936 206 14951 18545 11688 13701 19460 11839
18043 20121 17221 26322 25386 26486 14971 17570 7060 16997 14037 26883 29329 21644 11837 19674 12908 22464 17038 10888 10767 23059 11458 8933 15421 18429
16275 21403 16894 10476 27824 14841 13812 13858 27796 19102 19570 19765 9490 6301 6834 11465 21777 17667 16413 24466 2791 24680 11534 12967 20661 18008
20645 13482 17911 23625 17146 15547 7828 15010 26398 24603 13930 21816 23215 13041 16734 16078 10030 19110 13261 20246 9241 19317 11881 14626 18756 21230
10620 8424 15999 9177 18011 16987 15763 1492 20516 17556 16149 15119 12522 2532 0 17680 11359 22689 13429 10551 23732 23178 11137 17388 19953 5890
21510 18297 21750 8906 18183 19486 10813 0 18790 14755 7335 20619 21575 18387 19705 13878 11567 12597 7927 23372 4961 21367 8842 15633 16318 169
15403 18288 21713 14217 17102 21713 11310 16760 12929 15618 22231 14813 28247 5090 13972 11577 21761 26227 4332 5486 0 24740 14654 12017 16952 13871
13771 14993 20270 17695 16666 16221 19736 7693 22188 16614 12793 13192 22854 450 16788 23852 19397 19207 0 7649 17859 4690 11114 12009 20715 11828
14081 14226 19712 24689 19399 13410 16201 9444 8597 17077 13159 18599 14140 3682 15783 25069 9865 17540 5551 17223 5968 19806 15874 15104 17269 14255
15122 15909 22022 0 20862 28108 10686 16669 16181 21982 21526 16467 22321 11948 14190 22736 15954 16813 11446 7454 20355 10487 12809 14722 20444 6549
15687 18651 17433 32793 20971 21356 16304 15485 24714 21669 17839 13117 18707 18685 8321 28572 10655 23370 16913 15974 9076 15555 11603 16628 21180 15616
22025 23665 17540 10422 20203 16486 8398 11706 15927 17674 15953 18143 20286 16248 10881 22554 0 25081 16241 17058 3546 20594 10351 20514 19979 9622
18987 21923 20763 13424 15406 21869 13396 4615 15649 26505 20066 18950 25393 12518 6944 19440 17506 20938 15523 4579 19331 25741 11991 15988 15974 11642
16913 23740 11055 20927 22468 17726 19324 15146 15661 19029 17165 24178 19924 10193 17805 24376 9779 10578 15758 6020 13512 14958 10914 20128 14599 16798
23447 19801 25396 16105 17342 18147 21453 15285 13271 15086 9367 14437 22889 16009 20504 13465 14368 18814 13829 5052 22360 19133 17403 14350 18929 12106
23919 25126 14056 11020 18573 17587 13099 17036 34728 23175 14223 22853 20509 7631 19955 33958 16973 21839 8918 13639 13921 18167 14740 14642 16790 10534
18836 18191 22696 23684 19519 21483 16030 10019 11340 19107 14608 11958 22975 22402 22219 23811 12988 29652 10099 17313 2977 15656 15979 11222 20786 0
15574 22114 21413 14856 21361 12315 16264 24904 14628 31154 17034 15187 19761 10731 7125 14932 16093 22605 9532 17563 7106 19331 13491 14552 21205 22344
12288 16925 25075 15737 24225 15077 13678 22445 26186 19510 15544 13684 30264 14356 13478 13758 22134 18971 15566 18090 15248 8068 15961 18311 20320 18265
7642 24754 15703 5596 19602 24246 14315 11305 16432 22531 17852 21603 16139 14776 3543 12028 3778 19474 14378 15348 19131 22708 14685 12043 21477 23250
14938 15186 21683 15804 21276 23946 8812 6555 22135 18624 9983 19640 16158 10154 4115 18079 17604 29795 4974 13209 18795 15255 11464 16021 21054 18787
13763 17663 17837 26470 20212 17695 20633 21978 25968 16825 22274 16947 21781 10847 12461 20208 19138 17420 18171 9955 4652 21711 10310 17416 20939 18052
16290 18585 18082 8057 21102 6344 18910 13019 16894 28037 11812 12756 21269 11044 18435 13916 4113 18396 6261 1922 5466 20414 10427 22163 18682 14322
19614 20789 24277 26127 27369 31986 17624 22438 8223 16710 15318 4052 12178 10836 16941 15898 12654 33160 8388 11078 8497 26224 13421 14873 17220 13535
22450 13728 14504 9753 18744 18402 18854 10272 18441 20141 14308 11676 23482 1526 15769 5906 5358 18570 13194 12940 8677 10308 13811 10955 22035 12588
23824 21702 15807 32141 15467 8767 17310 22446 18321 22660 15121 18879 18591 15557 11863 19736 23580 18119 11461 17663 13425 20947 13758 15482 13186 6949
15844 17887 18689 3208 23390 13599 22733 10712 11420 14405 17643 20352 22642 20507 12145 7292 19901 13397 12318 17236 8612 17392 15321 16536 22662 21681
8104 14974 18157 18839 20716 14071 17171 9039 16484 20734 24228 13091 20748 15571 4641 22293 5020 15397 11183 11648 6025 17611 14248 17653 21111 2174
17508 24636 17582 12968 13616 13100 22186 28101 36874 24009 15816 25782 21966 5809 11869 18727 14626 19216 8547 4917 6548 19665 16609 18458 22088 8868
15871 13458 20625 10967 19549 20432 13955 10979 21767 20070 25862 23223 15993 17457 10454 21783 10169 20029 18308 9369 11645 18688 8568 14884 18619 3950
24129 15619 21507 22788 20347 20264 12196 3601 13049 24255 20187 25565 16872 13504 0 16962 595 19420 16785 4263 16089 20255 11429 16430 12063 23188
14100 20370 15882 19947 18272 20607 14335 6505 11679 16774 21477 22446 20607 10677 4844 18337 3681 18025 6801 6993 0 18935 13113 11856 16644 18813
10447 15561 23392 29644 19324 25666 19203 9596 9350 14539 21608 11778 19683 18178 9203 13326 16428 26786 18677 10313 10425 20813 14649 10031 17967 14477
14129 28648 22315 4715 15270 14672 21093 13918 10171 19954 9919 22886 18526 15653 26752 23144 12291 27474 13029 15845 1141 20343 12293 16176 14750 6172
18331 22891 20883 22847 22730 19991 20269 6206 25756 15887 12229 18749 23007 20134 18955 32098 9831 16831 13303 11485 7329 13304 15471 14651 15199 5770
24468 21298 17122 12300 26270 18748 19861 14865 24673 20373 21219 22785 22832 8066 20616 7394 12343 10074 10923 14228 14164 16968 12698 14662 16913 11662
16534 29041 16863 29020 22714 13789 17776 8488 12829 17695 22721 4132 20326 8704 14839 13732 22125 25518 15255 12912 7291 19393 11546 10953 22696 18012
15941 11925 13072 12511 15516 18425 16377 19725 21145 22050 21717 21350 20747 7708 11140 11650 17903 28824 14732 5236 14376 6143 14498 13314 21766 28338
16387 17591 16951 9112 23425 24075 11953 16711 15676 20431 28213 22460 20175 5266 6803 29812 4431 25100 14723 15091 6809 12388 11270 16657 16011 22731
13177 15403 19048 13691 15553 26400 15037 13560 13186 17639 7516 20865 20978 10811 12896 21054 16009 22231 5001 23169 17033 13329 8459 12578 20850 4658
18318 18115 19311 15242 21701 8023 19271 21205 23924 18243 21967 31673 21241 10052 9445 30076 19717 19156 11366 5766 15405 10852 13648 8128 19458 21688
13229 12782 18332 5820 13740 15222 11907 19213 20743 16899 7920 21043 27383 12790 1375 20559 11760 17393 4433 16573 0 13008 13002 11194 22155 13604
15964 20962 17091 15229 16923 15899 8640 13930 15159 24558 18809 21654 24521 11880 9777 15327 14095 13391 12397 18366 15381 17279 13072 13308 19820 28500
5351 15181 20023 0 18497 10621 8527 14820 15477 10774 10533 24985 17572 9903 1170 19340 8059 20098 16577 9229 28146 16843 11928 11842 18113 30927
20117 15050 17504 17150 22807 18795 19236 1176 15244 18544 18555 19085 21293 11131 5082 14006 10368 5727 11926 4382 25300 20355 13166 17370 15001 6966
18688 21033 14343 3581 14258 19200 17068 25959 19103 21403 19417 18455 24280 16054 12755 16779 23975 8784 15317 18932 0 24423 14720 11384 17256 22015
6452 16044 23143 21214 24615 16611 14339 16141 18153 19877 18964 12836 22926 7845 8416 24178 0 8168 18942 18124 14503 14082 16457 12192 19552 15366
12568 18588 23575 13028 16035 17211 11916 5195 13766 20961 18930 13341 21309 17991 15849 24000 18538 16303 15167 5465 15351 12726 11763 8695 15198 18147
17007 17284 19100 21240 16549 14375 14400 8251 34490 18593 15528 14709 15230 18053 19779 14726 14585 14768 15345 7365 17007 21704 13602 15307 20645 18373
14129 13155 21925 13823 13609 15174 9105 13674 14839 17701 12387 23930 20959 12762 5626 11312 14032 23278 5821 13891 16484 13885 12314 21262 19655 19802
17058 14119 22081 0 15886 14945 5216 9378 13774 20136 16531 23604 27358 7246 721 19509 12570 13768 7930 13874 21298 21147 10418 11991 19805 21208
6004 17056 25167 4143 21320 12006 14086 12642 10928 20760 20432 19616 19418 10498 20213 10487 19571 25768 10336 10325 20473 25462 13610 13103 18711 15635
25332 26320 15103 25329 22950 21139 16726 19307 28889 9345 25882 16420 24159 14717 19951 11188 17022 25271 6407 6101 2694 16709 10003 17321 17394 12420
17897 13574 13749 3040 19655 14855 15355 12869 18911 25041 17613 22438 22325 20730 11815 36702 20933 17314 14447 5620 22798 8730 12254 10989 20472 14651
21397 24684 17955 9520 11073 10957 14686 19586 19894 21344 18340 29214 6683 10375 10116 30739 16004 32867 7782 22478 11289 14387 14709 11325 23140 0
13221 20274 21776 3634 18702 16995 22222 11882 21036 17230 28829 17004 14385 23429 7194 25520 12345 16618 22107 11473 0 16455 13042 15545 18801 18146
14341 10011 22173 15654 20624 16534 17369 23441 31459 14493 18634 17877 24257 12149 24693 12208 14913 20350 13201 6957 26875 15734 15065 11323 18893 1113
10487 19469 15649 537 19270 18195 20119 9942 9091 22913 27550 16942 25303 21846 12811 21068 3836 24001 19220 5109 12763 11739 13996 15058 23096 34792
11878 16788 19619 3037 19174 25216 16677 17641 7898 15049 19278 20737 27735 14763 20756 18152 18333 17085 21852 9367 15541 24524 14973 13888 19704 15355
14642 15227 18524 15250 17812 14760 16200 14740 24286 6750 19873 16248 21966 19765 17342 14442 7751 11757 21032 13735 3612 8502 12429 19064 18628 15802
11502 10795 17026 16573 18380 20275 17236 17572 22398 20843 20817 18271 21832 14488 0 15139 17538 24469 14835 7341 2271 17887 12923 9332 16893 9048
18250 12539 25063 17764 21809 18620 19447 28355 14401 21160 27136 9297 19888 16301 16972 20100 13575 29223 17501 15548 0 20767 15802 13325 15979 14588
15981 12514 14842 0 21008 9919 8739 9008 15202 17515 10613 23087 10245 14514 10197 9485 17013 19450 16561 18460 20113 17126 10231 14535 19302 19249
19007 22524 18138 6649 16596 15695 13338 23464 12924 19735 12226 22115 15710 15937 16404 38252 11561 24131 14604 4154 9356 23764 15710 17342 17023 0
9737 20199 13368 10402 21457 7495 13548 8275 24994 24454 14681 20768 13732 9800 8512 4636 0 22141 11679 9007 18247 13690 15394 14122 22669 9272
17259 11943 20481 22343 24525 19366 13617 18756 14373 20179 20160 20599 13197 12198 1262 32956 10720 19408 6918 11027 509 25618 15715 15711 20781 4632
18785 19549 14570 6446 20912 28157 18961 27189 13179 12192 10093 22972 20957 14065 21036 35531 22431 26991 12585 10238 1388 15859 11933 14557 16369 0
15715 18211 12659 0 19668 17758 10989 18409 31340 23564 16586 12503 12513 21663 14559 23917 16651 13204 8232 4516 20525 18831 13495 13047 19787 4360
9691 26096 15283 5696 22026 22340 12820 28179 17716 19188 15395 14073 18550 12661 11020 26955 11721 9299 16599 24361 1743 16113 12069 13234 17313 17113
22048 28311 19267 22967 15303 11496 13542 10156 21391 11563 12277 4863 14096 18168 6603 21384 13338 18541 19903 19035 11357 25626 9194 14091 17192 10896
11799 16232 15508 26150 15922 17089 16230 6728 15029 15821 19690 22399 25444 11791 3793 11934 9256 17744 2412 14462 8626 21882 15952 20499 21870 16373
14358 22525 26250 21760 23952 13384 18590 15558 8271 23553 23074 21913 21152 17367 14603 11572 12947 23435 9173 18322 15603 11324 16006 12677 18558 11207
16357 13094 15810 8527 23486 21325 10402 15999 6909 19910 12633 23075 28868 15094 10634 12701 15065 17333 10856 15469 9343 21344 14956 9346 20797 21810
12350 12415 17778 1945 14772 17935 16348 4644 16441 16626 28687 29976 4434 12476 14052 27205 14252 24752 24355 14564 8760 23253 13701 15096 20278 5429
18760 16372 14570 15770 14504 19575 15053 721 9685 17310 14528 21609 12049 17899 16001 28138 23661 7943 12873 16330 4740 17998 13590 10882 21915 7692
12122 23129 11575 4330 14785 17412 11945 13401 23538 18451 22886 16198 18805 8894 7221 25708 17051 18705 149 10432 14122 28063 13308 11797 17377 12546
2232 16137 15065 21371 15223 16527 14840 2116 26983 15637 18899 25225 8938 7792 7438 13334 10110 25818 16162 6999 13551 18135 15732 11119 16356 20549
15520 12940 17849 3069 26468 11969 14973 7868 8039 18858 15571 30866 18201 18601 20427 24587 15859 11406 11554 18375 8695 20788 10328 21623 21763 16912
9116 23058 15868 12223 20374 16547 19037 14325 9965 24011 23050 11102 21540 23770 0 26072 26016 27211 16188 10033 14122 19242 12760 10294 17753 9741
12524 21677 22578 1600 18996 21690 20074 3909 18850 18563 22563 16372 15476 17891 4101 18745 15342 23700 16578 14573 14573 25449 13597 13479 15273 14703
7602 18453 13463 22380 12436 21444 17285 6746 18212 19506 16257 21339 10295 22290 10063 17049 7483 17488 13807 0 23176 18149 11560 17237 21545 5412
14062 12652 19100 4213 16214 21158 16223 19135 9792 20599 11759 25922 21319 10987 21893 17682 16413 17552 19526 16025 11155 12355 13223 15709 19345 12894
11947 21923 22344 10840 24266 21272 18504 8124 17733 9276 15208 20881 13027 10730 6645 20917 17755 17045 9382 16702 3824 18906 9282 20930 22456 18670
11836 12414 18281 22308 25983 33948 20299 18516 25770 23009 28837 22841 22221 8273 8092 28999 6269 13983 5790 20944 0 20661 12253 18039 15226 5843
15911 23737 21300 5647 21808 18152 13363 16023 14616 21952 12075 22864 26416 25626 8475 20005 16670 20543 8492 7993 13323 18184 16606 12683 22158 23080
13989 13437 18113 7503 23427 19142 17837 7335 24732 17985 24208 26001 18162 14253 6865 18804 8904 24689 24005 2754 14759 22363 11917 17031 18932 18101
8899 12955 18025 19067 15002 10514 14772 15641 16608 16718 9278 26779 16707 17344 4337 10737 0 19406 12200 5303 21910 24571 10390 20046 21535 11502
15154 17244 16065 25094 23602 15727 12920 14690 24056 13491 11506 25145 15476 13863 13325 16743 21186 13704 8380 17610 0 13922 11857 16238 19709 5160
17549 21758 19731 9772 20756 17732 5582 17559 19365 16830 13209 15432 23422 12311 7115 17602 5432 10724 7515 11706 14623 11931 12012 20473 21090 9786
13777 19231 14893 16262 17476 16920 14963 15469 18853 8704 23060 30672 19625 10954 19461 23084 19378 13344 11962 9339 19109 16957 12591 15830 19614 4691
12946 22610 15175 18267 17126 5528 11270 19545 3118 13949 18734 12193 20129 20439 16701 13935 17268 29847 10182 5017 5105 18177 13374 14237 21107 18859
19315 3048 23051 4973 16720 15796 12578 15255 18572 13167 17129 13594 26826 19552 9576 14001 11876 15658 25778 9158 18620 19881 11230 15459 18493 16922
14263 10321 23383 21731 23949 19097 17662 14189 20421 15957 13072 20140 21586 6549 13835 36347 11709 11346 16918 4613 26748 23960 9715 11354 14345 19338
16749 21303 15015 4068 21566 17923 17437 10020 12771 18046 25408 17046 26696 18126 8417 25197 12322 14836 9277 13975 14288 10544 15459 16342 18058 19998
21165 17658 15396 13413 21562 15372 20041 23036 16757 17958 16047 19706 24275 12074 3963 17694 3223 23453 16038 14341 25012 20563 9193 17040 17782 12810
14980 18533 19959 0 12918 18461 16340 20037 19868 16146 12279 16879 26716 15603 13835 24190 2784 18252 10805 8226 21592 18037 11371 14635 13503 7554
23332 22284 18230 23933 21444 22762 18005 9929 17016 23100 15978 13619 24330 19477 9281 23639 15201 20737 12378 4131 17008 24238 11866 13028 17867 12528
12832 14470 23460 14866 21185 16231 16447 24686 9629 9912 21713 18403 19293 6507 9070 20547 22084 15790 16643 17960 18097 18201 15102 15453 17386 25776
12288 11633 20381 6146 16653 13202 20119 12916 0 16351 17238 22563 19296 22054 1951 22998 13793 16156 14681 20875 5679 19161 9218 11880 24030 18369
9026 27421 15965 5714 16825 20850 14362 14483 10202 17224 19582 12577 20362 16219 14198 29299 13225 25249 7153 11095 14957 22161 14943 15639 20133 23102
13851 12673 14295 8020 19220 17097 18627 18020 21650 26049 19897 19193 20674 16585 14932 22102 12832 16000 20053 11165 9985 22162 13411 13219 14475 4602
11706 10100 18305 1464 21758 9865 15218 5230 15277 14982 13404 19367 19082 14836 9893 12324 549 12345 11819 25183 32235 18934 12434 15970 17922 19647
18673 11253 20524 22385 17230 12384 19718 10900 14140 18408 12424 22861 25598 11079 11340 23552 21241 24849 6926 7631 6109 16818 13193 7693 13314 6841
8992 13571 15471 0 21628 22087 9396 13121 21113 15703 17130 24416 9447 14608 10230 23910 21505 27368 7107 237 15536 27339 13752 12524 15822 15118
12470 18403 12619 5524 18892 18136 18954 14546 11267 22046 28188 23643 19038 7703 0 16481 6727 31398 6787 9142 7977 19697 11431 13280 16671 0
18211 20289 18014 17376 17860 12786 21005 7541 17092 13304 26877 25937 16441 7453 398 15932 21456 21124 12598 6364 11834 3985 13344 9847 20673 23119
10081 18705 17111 8584 22761 26691 22226 15095 21558 20854 11411 18849 21388 13994 21013 24268 3944 14435 12536 12491 9508 20940 14769 18948 15480 25223
6400 36748 13790 20069 17919 18931 21002 22185 5880 18716 23506 27858 22237 19522 18028 19230 10922 10810 11612 15514 21147 26436 16831 17554 17932 6603
13405 10554 16551 31412 21088 20968 15980 14174 15822 15115 24032 22350 20672 7369 8174 16283 6210 20783 13423 21737 7647 17965 15007 15915 20734 14092
8250 20174 23270 19233 17373 12865 14420 12942 10034 16845 16381 33496 17565 24250 9134 12330 0 17813 10637 22332 9771 21992 12873 12947 22135 18971
19231 20699 17933 15840 19479 20655 9569 17158 20243 14826 9917 18409 25136 11180 1830 20990 8717 24284 13789 25499 13743 22724 12118 15435 14955 13509
19777 15559 21596 16304 18397 20611 14462 9754 8194 18869 14432 21591 18856 9001 0 0 8892 14953 13251 8106 12075 19491 11523 10368 17139 27505
11609 21702 19665 11865 20208 15202 14117 6089 16864 18538 18690 10901 14706 21925 17021 19419 17235 23519 17937 25273 21260 18293 11344 17608 16226 8188
18278 15462 21350 11144 21273 16669 16420 21168 18440 25324 26394 25557 29271 10155 13683 23092 1952 15404 18176 15762 16558 18142 14508 17431 19131 14721
15687 14858 17968 15061 25132 20954 10248 3506 24050 16892 11145 26053 29064 9490 3721 29846 12019 24626 17265 3152 9714 24323 15431 15512 21699 11583
14357 22665 14427 21037 17970 23274 17224 11433 15172 20268 15368 11318 18498 19229 23768 22131 4384 26766 18049 9463 3353 22419 17070 15573 17201 15327
24117 22044 19873 12771 16899 25366 13233 15769 10531 16347 14537 18501 21318 13118 12143 28623 5352 17695 12907 3600 11344 16637 15934 13283 20931 16385
18005 21466 18239 10515 19549 19982 15388 22549 22015 22853 18615 10688 21326 7825 13752 16791 8258 31978 8414 16682 0 29991 14271 11831 18832 8089
20722 16790 21191 19722 25603 20617 17277 7636 24477 20243 18370 11606 17822 15687 2636 0 12699 11300 6490 14705 12995 26007 11158 14361 16655 7875
18569 16349 14002 3871 21089 18940 19302 21922 17408 22318 17874 18318 31952 20938 21119 22326 16810 15183 9346 9995 11567 22303 18612 13737 18964 4828
13024 23082 22456 6385 22771 16002 19217 9334 6359 20581 23416 19233 19516 15966 8596 17898 18754 9904 7778 17100 7329 19604 12492 11225 17016 14345
15991 10353 17944 15099 12155 13000 8501 4481 22988 14964 11939 19320 18275 9196 9255 21847 12515 13255 21891 19644 0 25638 9829 19794 17427 18708
18944 17786 15408 19250 16246 16195 11805 9408 9187 21969 15665 24949 23108 13019 0 17571 9533 18809 15910 9172 20504 22157 16586 19668 19418 6892
18709 18652 20408 18319 18780 23228 14559 11079 11221 17567 9841 19704 14316 12312 16071 7421 18152 27509 18897 11962 3022 19823 13426 17097 18734 2525
16403 12480 22418 19425 14204 17170 13356 8873 11837 18041 15907 32588 22048 5201 12275 16751 13185 23245 20790 4142 7369 22795 12913 13686 16732 9259
8053 18166 14018 8939 19719 13520 11193 22203 13399 16904 15082 19978 19160 19800 13386 20954 7716 18312 19327 2585 12181 19623 14393 16843 21620 9624
13418 19233 19183 5955 14770 16493 15256 13504 16126 24343 27684 16593 23796 10112 8663 27758 10883 18872 400 6492 11302 19631 14046 12214 18777 868
