365
8 37 80 48 59 10 58 56 100 18 65 93 81 92 54 4 80 10 3 10 48 80 50 72 99 53
20921 14654 15965 26601 17534 16932 18058 24754 29121 12776 14926 14799 18463 19524 7984 14118 23548 14192 14770 34547 13472 20405 10616 10353 17846 25610
16868 4719 16625 17842 16578 22138 23975 14842 7945 12719 15336 12608 22028 9601 19337 14621 21840 13160 19342 12684 5262 13041 14484 11062 17663 22595
15603 19994 22241 17033 20953 15099 7734 18116 19284 8866 17034 18645 16718 18295 20749 28553 25622 12062 18588 12180 12830 21776 13296 10403 17831 10664
21011 14662 22265 16204 18585 18512 21914 16967 6638 12329 17506 13386 19201 11711 11414 10311 23806 2015 22629 25063 22195 10825 14428 11598 6400 22262
19147 15833 14920 19479 15042 19156 11971 16274 24430 13420 24215 15802 21065 13984 22965 5032 16456 18199 16475 26364 4146 15625 15883 14843 5701 3898
16339 4686 15919 15594 18184 17103 16216 13354 20247 11154 15439 17846 20104 30974 12230 13107 17681 29894 12597 20413 1834 6155 14030 16192 17181 20953
16599 1544 12479 16406 17180 19620 15104 22258 24670 13402 23288 18090 24353 12644 19627 17060 22503 15724 14389 24916 5654 12796 14688 9084 4493 8782
16432 14704 22723 16017 20582 19682 8517 17782 17818 13233 13542 15027 25723 19802 19532 23448 19803 19106 13364 30619 5329 5243 14498 17525 12197 13491
19905 8412 18188 12515 25268 20002 22810 20262 24358 12119 19845 13264 17288 16973 9727 24806 22131 9937 14484 7608 2277 13593 11017 15668 12486 20882
20171 18336 14928 17448 19183 19215 21269 18775 30705 10091 24353 15396 17739 23571 16188 23864 12745 4198 16435 20743 23227 28667 14731 7914 22396 11132
15091 6263 17029 20332 16737 17045 15410 11960 0 12707 17434 16600 19541 20091 8819 24355 16993 4576 16715 7643 22262 14911 14839 13245 25061 13361
17388 25475 20703 18125 22244 15636 12285 22623 9181 13592 17638 13302 17154 17045 6221 13773 15225 17858 18157 19070 14597 11259 14097 13225 16995 14114
22152 3867 18957 13214 17197 15486 17778 22294 4442 9956 19573 17168 18991 14067 17927 12238 13363 14298 13802 18958 11755 15357 11688 17375 3551 15073
17082 11788 15836 18811 12088 22486 16833 21059 16058 9290 26610 17428 19228 12292 16467 8489 18816 19986 18194 24716 18955 9942 14225 7605 14011 9618
17514 23897 16061 18973 14420 19310 21696 15939 22999 9119 14526 13123 18103 20924 25795 6430 19052 15630 15437 0 24307 15162 16176 11823 17593 13728
19445 10695 19572 19009 19475 13843 15146 14764 23952 13070 23238 14561 15145 14840 26668 17844 19208 15758 15332 21382 10936 26201 9105 12523 23085 13998
19572 16287 14853 9877 13188 16450 14062 18512 14412 13038 18280 18072 15293 13587 27921 26340 17553 10228 17333 17297 8784 3795 19689 7759 10540 18737
23681 13896 17738 23552 22233 17321 16280 20338 1966 10929 23178 13137 17459 20663 1801 12178 20554 14446 14993 16530 10472 15738 12768 14260 20229 17042
21234 14415 15233 19414 19038 16454 17104 16516 31531 11869 20762 13790 21896 12628 17732 14181 21667 12114 13585 29504 19804 627 15293 16111 7854 24383
17921 16630 18941 17559 22946 17120 11562 24456 29052 12670 24167 19961 17368 22013 22587 21195 17929 21573 15698 17276 4146 9215 11977 18991 18656 19135
19576 12267 21536 14273 13572 15504 22971 13705 6579 11077 15378 16006 20440 24033 23645 17151 14461 9779 14067 15469 11611 15285 8564 14794 11761 16674
20015 12419 17649 8749 24301 18559 17296 19328 32087 11109 10040 14922 20928 11872 25335 14531 18407 7097 17691 15140 24058 8794 12086 19679 12900 13955
16820 15323 19741 9859 24066 17429 18570 15354 20001 12065 20240 17337 18105 22866 24039 16679 17326 1972 20432 29996 12000 18634 13614 9597 10743 13856
14318 7362 18442 16202 13892 14202 19984 15746 7358 10876 18786 15903 21944 16820 24031 14985 21337 18215 16439 7899 15177 19025 14020 16334 11957 15067
19771 15840 18553 13327 17149 16383 25938 17702 4047 16802 23638 14798 19620 17624 15115 6747 18721 16182 16834 10727 13290 5412 14816 15473 15654 15375
15322 11563 10559 20345 18195 15911 28387 21504 7895 11756 21409 14058 18700 29876 18378 11567 17784 17658 13651 8142 21775 4012 16558 13313 5274 17097
16267 22412 11401 19537 27655 20107 7773 12395 5589 13689 18512 13411 16881 9964 16501 15654 18732 16403 19760 12934 26317 20279 11203 647 20528 7429
23743 4501 18900 27095 23602 17010 23026 9652 15401 11830 19257 15596 20955 12696 17658 14847 21764 0 17041 4814 17192 13819 15240 17792 19954 17292
19227 3664 20472 21203 19634 18459 15513 16354 11100 10681 17498 13300 18456 15816 10826 15873 14013 4379 19791 18242 7359 11944 14543 12667 3143 24439
19400 21265 16002 21923 22893 20965 14743 9427 20092 14261 16801 14174 15664 15306 11614 5185 19416 11029 14337 29267 14177 26647 13085 11957 22324 20127
18635 4884 16751 16987 20258 19444 19047 18192 1618 11346 19281 16121 18749 9586 19338 5649 20650 4968 15553 1930 5993 5625 15884 5210 10641 14337
19853 18204 18360 20402 13729 16664 21396 19626 18885 14472 20284 15196 17778 18697 19272 12781 18715 22602 17130 16748 15963 13775 18307 13152 16010 16569
14344 23494 19694 17140 19446 24182 18940 17741 17315 10395 21282 16512 18213 25754 18900 0 24138 14000 18610 21809 18710 19004 17664 8992 26448 13940
14941 8533 20723 18774 15469 17544 6638 26835 22492 10658 20374 11615 18527 28239 23473 20755 17235 0 14135 17436 12663 17438 11895 14836 18681 23115
19977 11427 18254 11260 24037 16536 25327 24089 13787 8444 11001 11493 12189 12655 19190 20550 19765 7334 14277 24793 9270 15275 11881 11738 20033 7566
19369 258 19046 20889 19379 16075 12432 19544 18844 12637 18589 13213 18945 11061 13565 13649 18389 8588 15457 11424 15585 23437 15779 12891 17276 21600
12009 5877 22047 9040 18712 16050 20969 18630 8029 13591 16715 18031 15879 22044 0 20970 19144 7825 12082 17228 20452 4409 12894 20623 10679 11935
18938 4371 21123 12225 16966 12176 13283 15474 28217 10048 19664 11279 19824 11612 19160 26501 24274 14971 14245 11414 10102 21834 11782 6211 5197 17135
19665 4467 19764 17740 21963 19288 14598 20720 8452 10683 17887 15658 18698 23373 21439 19325 22678 17714 18367 14227 5651 12199 10188 19603 11364 8559
15114 11408 13194 23224 17231 15448 13944 16545 28318 14585 19955 17933 18502 22889 9624 19109 19044 5814 16012 15861 21951 13096 17741 7194 18102 15689
17250 10084 16664 19941 12021 14171 3548 21408 21927 9139 15597 14088 19941 14332 10902 37315 17699 4774 13404 22041 12714 11948 16740 9473 9376 8937
19668 17947 18133 21381 16353 22229 22407 15955 19641 8799 17022 17251 20503 22968 20250 4284 24140 22517 19025 5501 24183 23943 13777 14466 13188 15084
18150 3108 13440 18728 20207 18535 24137 16544 9319 11684 21297 19230 19493 11719 13735 3163 16163 24935 17406 8737 12010 15729 12738 10475 7414 12628
18052 2838 12839 20337 17155 18651 13533 20970 9537 11533 13413 15559 18637 10740 20839 19705 20185 7556 14365 11700 12827 20982 14205 17884 10218 19693
19203 27348 19045 22445 18193 18493 10072 27110 792 10026 11549 15500 17133 10572 25583 11426 21567 34977 13797 15432 19762 15494 14062 10747 15551 16208
16170 13743 19311 18326 19046 15508 15899 14146 20070 13526 17064 15873 18681 11686 6292 29457 14246 10219 13906 26839 12695 14856 8692 16294 7131 14847
17976 16038 15525 20427 21344 16141 12138 14023 12693 13290 21491 14856 18289 19309 28859 11945 16708 15082 15333 16648 3047 18430 15677 16462 8157 13247
19655 7308 18854 26282 23352 18903 10401 22335 3843 10649 22564 17574 16405 14765 21426 11249 20716 995 15435 18714 6404 20620 12395 6169 9485 19110
20025 5594 19179 14915 16699 18312 16420 27319 16242 10303 20748 16307 18074 24491 6953 10202 19868 0 13549 5622 17036 19871 13241 17169 11727 19009
18612 22213 18596 22361 18650 18318 17578 16533 25628 9096 15059 17097 17925 10268 28329 23052 22973 16447 13040 16257 6826 22073 15245 11924 13246 21023
21622 5976 13892 11864 18197 16275 13931 22597 9289 10023 20299 16368 20850 24080 17172 31246 23840 10066 14377 9885 3442 14166 10402 17949 21851 16320
23235 14467 17354 16754 21360 15009 17022 21630 17452 11519 16997 12405 15443 26459 16744 19080 14973 19446 16709 22556 11505 8927 11639 9414 9953 15562
16463 4140 11146 18861 17609 15369 20154 17767 22467 13171 21767 17508 20537 27736 17690 25911 18387 22691 13785 7333 17331 16161 18980 11435 16991 22622
13235 7590 19933 16664 18298 13440 19357 21834 14780 5913 19824 15850 14910 13511 16483 3835 15142 80 15243 10813 13877 2069 12178 10109 8305 15888
17312 11801 17930 12402 21255 19237 20431 17129 14603 7835 22107 12550 16111 15781 13973 18530 20086 9179 16899 18964 9187 10300 14034 15947 4739 15459
22026 4435 19078 16698 16680 11923 20532 17892 15161 9316 17006 15075 18543 24513 20526 16404 20068 5994 12340 19047 4107 18711 13938 7548 12393 4303
18760 19141 16759 10722 14431 17409 14498 20224 21666 11643 23765 17053 19967 17046 27827 16913 20671 17653 12964 6789 27690 12756 13375 12311 6162 14512
17529 11293 20022 18230 20936 21534 21255 20896 15892 12746 22408 13503 21533 14358 12611 88 24355 0 19191 30770 17691 22196 13996 16196 11291 5136
21241 13671 21455 18256 22831 21149 9015 9979 37458 12046 13241 13171 14701 31320 16391 22763 16471 19904 16036 27877 13651 17346 14422 10921 8797 22458
21823 5944 22321 28190 14293 17348 14735 8180 12723 11561 19138 14157 15917 12669 21933 24054 16771 0 18800 24121 19800 17811 13542 11590 3939 12822
20647 20907 18719 28400 14882 16258 17650 10072 6777 11060 13581 11758 19999 15673 9913 3577 20475 28459 14702 13305 14179 5619 13602 11381 12007 18059
20714 3459 16805 20952 15845 17996 23558 16573 24597 12680 19599 12734 16806 21655 12747 21413 19813 4531 21136 14744 10975 25321 14668 16981 19661 14966
15732 3156 22289 19754 17344 19549 25774 20716 28880 8909 22670 13414 22740 21045 20970 11137 18849 26079 21772 6722 362 17982 15589 14557 13813 6967
19684 22481 17880 19728 24844 18785 15195 17971 12935 12890 20231 14850 24363 15207 18958 23943 20612 10414 18008 23798 12068 9574 16300 4696 9056 15970
23020 18063 14930 15121 20382 16700 25316 13511 0 10646 19311 14366 24488 14122 21199 21682 19335 0 17964 10375 0 10555 12756 13905 12346 19146
19501 7194 22288 20529 11707 17002 10071 18584 25089 11748 18079 18877 23436 21287 15171 12977 21368 7366 14595 16825 11993 12208 11071 7994 19170 11788
16214 6884 17260 23021 19397 18077 22857 6330 20457 14375 12462 11278 17124 17870 18347 9554 22225 16894 16457 19746 17771 14042 13019 14446 21192 17019
19685 20534 20862 21795 19331 19346 8083 26955 10524 11752 18623 18604 21361 18435 16178 21562 21302 6977 16591 17584 0 11627 9912 16144 15504 10497
20955 11006 18749 21048 14203 13896 13718 22587 4377 10333 16098 14952 13318 11975 31256 9978 22256 9051 16974 27768 1994 22584 14452 12135 9929 15918
17136 16039 21763 18951 25214 19004 14157 18446 20264 13757 16989 16619 17875 17494 24959 21758 17858 3687 12821 29985 24286 19151 14025 12089 16557 7370
20658 2586 12914 19428 19739 17143 17137 9356 38659 9472 20844 14776 21166 16924 2681 17497 10018 14635 15144 16754 15939 14687 13855 7509 18265 21990
15228 1808 19549 19005 17348 20316 16061 17073 13448 8255 10855 13778 17157 19729 19078 24922 19658 19929 17889 13436 9994 10732 15427 19938 2269 15878
18471 9379 25951 9232 15593 20267 16592 12099 26356 10220 9725 17917 18981 23279 17073 17675 19151 5095 15750 9242 24918 22885 16501 16375 12754 16725
17905 6294 8298 18997 19859 15062 18855 19637 6545 11372 19144 12619 16123 19042 19798 23642 23455 11663 13183 14964 6390 11449 16519 6561 9021 20970
15481 5313 17107 12606 20299 14952 19870 13367 11623 12290 15620 13350 18076 16739 23180 10418 22276 12518 16427 15728 0 16462 12080 7035 11390 14242
24522 15132 14569 17123 13813 16954 17810 27406 31085 12879 16396 14749 17407 16701 24681 12468 22624 7532 15663 13661 14841 19888 16300 14229 18019 20141
21171 12931 19151 19438 20134 18950 17179 27279 15147 14147 16247 16207 20567 29228 25423 20178 20742 13124 15182 10139 13624 8399 12491 10803 13123 17709
19506 9947 16019 22234 19458 17865 14264 21849 27190 10659 17015 16222 22284 22802 18227 6684 23782 17031 17999 11996 9701 19181 9705 13296 8025 5318
17568 25327 20550 19018 16593 14089 8256 21802 30714 11273 19448 12933 21471 26672 20516 13817 19494 14301 18959 30087 21023 18502 13751 18579 23909 3397
17876 10989 19839 15833 16658 15414 17726 16005 15866 8272 11423 15188 14264 12030 26270 11307 20983 6448 16121 15976 16534 13976 14430 7635 10905 11967
19975 15387 25005 18266 26016 20225 16390 19707 11446 9354 17933 12737 21225 0 21723 18934 18279 27854 12966 2432 5170 18160 15957 11437 3883 9891
19569 20182 14338 19534 17285 18925 26269 22911 19144 15906 15788 19546 17812 21033 3072 16908 18180 0 14696 14825 16648 16007 12795 8127 15930 20613
17540 12677 20709 16254 14199 14600 13349 14664 2302 10841 18065 14416 17097 26427 15791 1710 15865 0 14905 9332 15753 5678 12457 9488 16781 15100
20521 3576 15779 13888 15942 18993 25874 15104 10937 10678 8216 11740 19576 7618 16179 7944 24766 16931 23880 14890 7894 0 11607 12500 11346 20592
22367 24269 15762 24165 22540 15691 18985 14046 18499 15697 22666 18149 18723 31880 12098 15360 19021 16178 13080 11249 18574 11960 16529 11164 3819 14774
20443 12239 15685 19069 9357 17352 10822 18247 14969 10961 17789 13196 17736 14478 15636 19962 22963 14882 18728 12506 5740 12123 11510 13008 18435 22235
17767 0 15743 16692 9881 15271 14092 21967 13895 15023 17382 19279 18513 9644 11620 7535 16544 5087 14548 11237 13663 20938 16398 12968 16950 8220
18396 11633 21772 18385 16123 15299 6851 21451 19711 9861 16869 14295 15823 17204 14244 20479 19913 17204 14561 19293 3798 12914 14211 19555 9390 20930
18716 3187 11942 27040 14411 13949 21500 18480 15268 10000 20779 14633 17340 19155 20073 14279 18020 2246 19279 7064 23537 13705 13435 7214 12699 14251
20018 30711 14876 16060 15112 14906 30289 9420 16089 10725 16131 14087 20803 24653 14443 21513 23276 19232 18978 13246 2507 4343 15342 12378 9383 18334
18435 5668 13227 15739 19331 18528 21790 16515 7557 13452 12031 16379 21381 39370 13504 31802 17011 6589 21709 6390 18322 27686 10641 18567 16468 14232
17181 12291 17533 24824 25504 16210 26859 8962 4165 12920 15040 14590 17048 14915 23556 14834 19316 8720 18381 10220 8761 12379 14340 16385 22659 13818
18806 5107 14065 20118 16352 14785 17565 18772 6911 9584 13891 16626 19977 18646 25745 39669 17586 5112 14537 18247 3574 14625 12551 8774 10978 19558
20592 13871 19703 17740 20438 16927 20831 20370 23058 13149 21014 11449 16172 15194 18841 22801 15168 6742 16121 18420 17028 11245 13160 9248 22903 16538
16681 26715 15933 20879 17911 20519 13591 16507 22356 10446 19548 14617 13649 1204 20193 13453 25456 16557 15384 21200 15936 24969 13041 13333 10904 18196
20978 3914 19667 21036 13723 13790 21324 17519 24228 13825 19253 11937 16846 16575 27759 16326 19141 6912 11576 3148 25840 7594 12069 9486 9849 16237
16552 13852 18552 28231 20925 18338 10804 11069 11045 12845 20977 17630 18866 18635 19815 34142 17587 17405 15040 21191 18747 6511 12471 9148 5738 11287
12166 16771 19745 24768 17190 21274 17107 20920 24615 13911 22252 16853 22614 10379 16641 19825 18818 7100 14123 15150 1330 10198 13032 18553 0 13443
16133 13929 9709 13087 24427 21180 20394 21610 27642 10908 14980 14297 16236 10737 23265 18586 19717 28458 16510 19153 6840 8440 19072 10093 15787 12346
23801 4338 12681 18302 17820 20528 14892 9610 20490 10397 18424 15704 19367 8200 19518 18435 20206 10328 15737 10033 17202 5134 10295 7594 0 3698
19948 15643 12126 13400 13339 24212 17569 12231 17501 14674 19058 14195 18698 15766 16816 26735 17344 21581 17788 17353 12300 11375 16660 12884 15630 20124
17672 10771 19536 9543 18255 14589 16795 21389 20058 9855 17371 14085 18828 0 24033 6063 17829 14313 17785 18809 9817 14300 13737 8680 19865 18437
19135 11885 16355 26697 23752 12593 17448 22681 22400 9518 13940 18247 11082 15514 12975 21605 20713 12466 19810 11069 9002 11977 14840 11030 11544 17776
16211 5439 14905 25932 20229 16453 23724 14816 22979 10401 11357 14787 20439 18154 14757 5963 15542 6526 15359 15957 17926 13857 16187 13245 2961 21942
17136 4774 19773 18892 20361 20370 13793 27283 20006 13029 15831 19298 17911 18519 6580 21373 15429 11704 17443 16786 15995 10303 10670 8033 5110 20546
13502 12490 13365 14616 18924 17458 19910 20270 12034 13161 17187 16112 16515 11838 22012 10984 23246 29260 15476 18646 14534 18902 10557 4393 23255 18783
18655 9684 22881 5684 18436 17172 17061 16525 6421 12442 18810 15829 19128 20999 19304 16623 16424 3646 19694 8898 16427 0 8029 7532 14876 14646
19910 12882 21744 11171 16409 19418 19528 14996 11165 12202 21992 19097 18913 11247 18285 23906 16039 4157 12109 20018 6774 9391 11130 11259 10837 10588
21103 11758 17643 9256 19234 12920 14765 21853 19074 9401 19131 16638 16515 24276 33812 20562 15375 14215 15207 13289 13665 19615 14770 16722 7701 20233
15171 1073 12264 24157 15663 15705 21848 21898 9374 10657 14946 16122 19864 19383 17868 10150 17975 21126 17941 8691 8224 27295 11204 9978 9486 12160
18705 19000 15231 11921 20500 17827 18106 15667 4012 9771 16509 13995 20395 21331 14024 14413 18646 7501 15215 14160 19420 9093 11952 9163 12197 754
18609 12752 17005 20158 17727 17176 20494 9923 7603 11747 14869 18425 24523 25401 14392 8304 20637 3755 8734 13049 0 3642 10931 13889 12487 15914
21256 12001 21424 19282 15199 15387 20202 28108 10970 11712 21825 16356 18140 29953 26327 18367 18962 7581 18637 10521 1032 14782 12519 4758 11290 17742
20659 5934 14073 17778 16111 14347 18909 13631 36807 11385 27026 12792 19536 19544 12447 17674 16892 12955 13000 27598 17082 22805 15362 11687 3096 17027
18771 14076 18744 21062 16942 15933 17094 15773 21155 12190 17282 14920 20587 31520 24492 12522 20137 22907 12043 9844 23721 13928 16191 16422 13580 24055
19528 18940 20540 12248 23301 20284 21621 16546 16049 13737 12669 13879 24034 17183 26359 15454 17130 4850 20542 23426 5730 8332 14840 4844 20034 16691
21213 7811 14612 15794 16106 14525 18895 17114 14706 8502 12831 17703 18074 17334 17716 5269 17792 16061 17887 26517 23522 18072 11027 14244 8216 16386
16043 5947 15317 28754 20744 19629 22605 24478 12519 10976 18763 17452 16059 11142 22049 12003 20184 12500 16903 22326 8196 14031 15084 17995 10576 12945
20395 10410 13485 8165 18970 18103 17919 24012 26764 12437 15703 17835 16344 14265 24325 25268 22860 9161 16239 7829 7384 10852 10448 10322 12404 18012
15809 6488 20298 18578 19063 18380 17821 7459 34442 8725 12547 17510 22007 15622 13986 21713 17580 23381 16938 24173 0 13463 13892 4584 21064 17179
17356 0 23375 10638 24370 19013 15794 18438 8259 14730 16044 15274 19666 11689 20121 13668 19515 5289 11293 8270 8873 26637 13139 13916 21333 13512
17821 12026 15826 12451 17207 17265 11187 16149 12351 10334 16486 12591 19179 28558 24894 19479 22848 16395 16472 12492 5400 17391 14419 13252 7511 13856
19847 2172 12343 25580 21459 18140 19267 21993 17217 10681 28140 13774 17145 17101 7321 33886 20896 25966 19489 12465 16463 4088 11796 11993 10833 17274
18992 21134 15943 19404 24793 18817 20626 13852 11596 15201 21854 15354 20559 28135 6807 11703 19864 10535 18890 16306 5047 9936 13565 6576 8918 27970
17499 15167 21380 9679 19329 12595 17269 11069 21202 12315 16227 16633 18796 15822 14655 12138 23037 8265 16287 18501 11393 12121 10861 19395 13865 17235
14184 7222 16617 17442 19866 18306 19211 19068 18163 9837 16006 15473 18984 11438 21768 1044 13439 20352 19549 12165 4811 6230 14878 14931 18638 10167
20725 18727 17718 30201 11143 18444 19019 19558 42908 12179 10287 18471 21564 17130 11214 10540 18702 21699 14017 15654 15304 11276 18079 14376 19301 6404
21160 20571 22527 17290 17660 18792 13201 23702 21326 15080 15285 14670 19293 28881 22760 9924 18605 6909 14777 0 5117 11807 13915 0 7577 12702
22372 4773 16322 4565 14166 14568 14816 14357 15707 9832 18148 14831 17064 9427 21512 11176 16587 16323 16190 25781 18603 12208 13890 5893 12252 19087
19818 8455 19996 7315 20544 14070 19068 26248 26803 15649 19024 14521 21590 17347 23890 10031 16900 20898 11809 15945 23237 22340 12880 17172 16092 12304
17726 12903 16340 21428 25871 18728 14760 18221 33645 14711 18669 13781 22121 22387 21732 10009 22751 7120 21664 20048 20175 2475 12787 8225 18820 13618
22946 21437 13762 9353 20401 21347 26908 19920 11214 14439 21474 14745 16836 22168 17991 8083 18939 9001 20954 21290 13353 8805 13612 16098 14736 18212
14037 13354 20118 15465 15245 13039 21260 21482 21613 9606 22896 16779 17331 17022 17957 7806 18648 854 15138 13790 2989 2107 13934 11343 8261 22495
21121 26167 15830 19727 20078 18037 15914 16012 14798 7817 20544 15310 19419 27561 19652 7678 21045 8120 13606 25646 27614 17505 15452 12788 22473 17465
20477 13188 19304 15492 20102 14100 16195 12471 25853 10339 21086 16254 19918 14744 24840 26695 19797 12779 12746 31062 6893 27336 10114 14938 10693 26208
13600 7761 15423 12745 16131 15703 13663 15257 19501 13822 12876 13334 19754 1675 25916 4359 20929 0 17327 18912 1033 22981 11622 7524 2634 18745
17057 11460 24811 8595 24252 18163 12662 20965 26719 13272 23975 16787 16100 32891 19521 9064 19421 1498 16144 22888 22989 22248 13063 8712 18969 16858
21395 13299 23493 22795 19626 15614 23855 18990 26125 13321 19400 19047 16015 21170 17381 10798 16918 1492 14137 18871 4219 25290 10248 13561 14185 12752
17746 5415 20660 6166 22982 19411 18603 10588 14333 13598 22639 14129 21791 22328 17231 4036 20568 15275 14960 27534 7584 17509 14586 14972 17341 19724
21663 12826 22694 12380 20257 18021 17644 17455 2789 8391 18822 13920 18864 24584 15295 18792 15020 9426 14674 13440 14177 7898 10256 11207 23967 14320
14164 5766 19943 15045 14121 19132 28793 16914 18001 8103 25542 14675 17033 15567 24320 21498 24567 13518 18145 3869 12528 19480 14904 9323 21435 19963
17759 14147 13121 26969 17865 15839 17135 17432 16814 9253 18868 13881 19257 25209 18844 4344 16579 5172 20864 22160 17881 11209 19141 9062 21083 22931
21704 2099 19862 7875 18964 16156 15243 13527 14779 10011 23281 13554 19204 22946 22325 12982 22078 13313 14384 19444 6429 17659 13993 17364 10783 18135
19267 6047 17875 21510 18470 17319 17115 18537 16763 11077 25212 18165 20402 33458 15941 16246 18441 11505 16800 25218 20235 19684 11002 11771 13557 8817
20427 6155 21613 10401 18421 15034 25327 17144 14216 14217 24326 14509 18609 14537 15936 32700 16294 4527 15170 18392 4895 11837 13645 14036 6136 23449
23798 12995 17753 21696 23952 21883 16215 21616 1951 11535 22103 12184 17396 35144 17803 5871 15386 9904 15355 18892 7019 14714 14892 8344 1810 11683
17876 11371 16550 27314 21182 16082 19883 25840 33565 14816 17042 17540 22947 11406 14429 21665 24747 10303 16051 28875 0 8241 10879 21953 14008 8239
18232 10475 13555 20050 16036 20091 13408 22026 12182 9742 13859 18210 18093 11449 11571 31720 17535 22011 18251 8117 21368 15976 13990 12252 13418 17742
16736 7205 21793 15284 21143 16814 9523 17566 13866 10325 12879 17108 18595 12002 13826 15828 18250 7296 15336 8211 12221 6949 12580 9469 10504 15584
19478 8727 19682 13351 21166 18615 15251 20996 16671 9529 15184 13202 22793 26328 17711 8229 15414 2659 16091 17766 13236 14774 9564 4465 16077 11754
17604 9866 10800 28165 17475 18523 17758 13873 0 13758 17199 13025 16978 20221 21950 5870 20585 22995 15797 15305 18641 9400 14184 9365 15216 14275
18411 28917 17129 18949 16646 18696 13971 15149 12406 16320 19416 17546 18974 29369 15381 23825 19572 25927 13580 16816 11608 6044 14643 10843 20898 18140
17947 9977 18566 15184 17105 10697 18259 22864 6118 11552 19525 12100 17034 12370 15411 2862 14533 14283 11653 14992 5517 21673 13956 16496 16876 18711
18525 1677 9794 17990 17990 17613 12184 18016 14053 15945 13880 13850 17825 14754 6051 8810 17546 11318 15443 18192 24539 22568 9957 10376 15343 21360
19367 19110 21755 19755 15707 19075 10367 22710 26141 8004 22208 14234 23697 21772 11172 16455 22500 19510 12050 30228 22231 18676 17946 11717 26203 18302
18011 0 12233 10248 20784 11184 22014 18833 22475 11164 19941 12281 21122 17004 18999 13264 18189 14945 16231 15595 17733 15315 13082 5237 10375 17964
16109 6891 19888 10548 21928 17149 20557 18580 15300 14541 24913 18985 16973 14013 23227 16357 21606 19449 18226 17652 9107 15751 12181 16530 22348 21476
17231 8704 15198 6292 14772 18576 16044 26422 23715 11965 13352 12958 21533 23640 27417 30280 17155 20167 17915 27116 12123 19166 11941 7477 19541 16003
24182 1091 14437 22950 25194 16095 19462 14095 17645 15547 19671 13776 17916 21102 14100 0 17187 12482 15989 18611 11318 13883 13905 15191 8495 22519
18022 11804 19159 24797 16315 15076 14780 18932 19282 11016 20661 17713 19609 23582 17646 11452 15415 10299 18981 5826 19191 12389 14803 11844 21568 12358
23357 8532 13296 17822 20130 19515 17064 14070 23218 8553 20058 19482 20143 24491 10791 25300 17458 11892 16572 16572 24897 18531 14968 18029 9511 8326
23248 33318 16278 16672 22304 23006 2213 19045 3793 10246 20446 15270 18236 12954 7405 21703 18273 18971 16472 25798 23468 15410 13981 15926 10486 21110
20131 12451 20559 12768 23453 17603 15975 19216 25813 13663 13050 15256 23688 21314 15361 22989 20538 770 16333 46270 15809 10966 14109 11224 16525 21434
11522 3161 19722 18069 18654 16005 10120 21630 11945 11868 14431 17385 16854 14373 8407 15429 20993 12657 17272 13803 6412 2640 15123 5329 8986 11972
18106 24884 19660 15481 18542 17265 19271 17354 19715 10558 20534 14024 19817 19836 25997 16872 15787 15653 15688 24874 4540 24225 10508 18341 13081 2121
20267 19062 19105 16299 19533 14111 15418 27711 12856 9388 21052 14685 20146 20582 3387 14792 16070 11439 18551 22893 10387 16452 14991 13528 13466 16926
20063 0 22227 13874 16636 19067 21938 20274 13596 7790 22260 14240 22039 23229 4936 25228 19571 17454 15721 18329 15942 22849 14285 8913 18045 19517
25599 16877 15970 20034 17240 15160 19001 21826 19093 8185 14398 14114 14280 18892 19715 19142 20457 1578 17331 6999 19081 14315 12634 13710 17684 6995
16292 0 21948 19973 18659 12668 21690 19476 15396 13928 21545 17212 18975 10669 12206 24539 15617 5411 19406 11705 14948 15038 12240 17647 5204 17279
21713 11825 24297 18498 21200 17457 20014 22965 19152 13635 20591 13710 14222 17998 27075 18501 20104 10529 15965 15750 13215 9512 13420 16329 15031 19365
20550 10027 14991 8988 16615 20405 15249 15148 5137 12658 10724 13071 20269 11078 24059 13080 19572 23872 20638 1515 16174 17789 15291 11727 6477 9409
17845 7279 19243 25062 21605 15554 25331 10075 14053 10278 13958 14503 20653 16769 19274 12842 23881 17993 15345 15425 17502 12846 15340 19520 12899 15682
12547 5457 17421 30007 9701 16747 23906 28371 20293 11058 12261 17384 16290 8936 25569 19390 20378 9528 18842 6249 15462 15895 13807 12667 16820 14525
18652 12020 21076 11382 18839 17449 8943 16098 24319 11825 13120 15986 19426 6682 11975 15099 23266 21672 12701 22441 19521 21207 15521 9361 14267 20517
19708 10736 20653 9255 24698 15784 17807 25483 25072 11974 20327 15339 20119 19830 24463 11747 19440 14465 12569 11088 18931 19545 12274 10636 20137 4903
19151 13052 12670 11880 17009 15987 10338 11993 11175 13534 18790 13585 18950 24542 17457 2180 16241 12184 18135 22154 1853 18147 15661 14508 14957 17266
19886 16693 13859 19518 15731 20114 19395 9290 22467 10443 18512 14901 18992 23418 14292 14194 19833 2971 15980 10836 13281 17280 15024 15585 27185 20809
17681 0 26848 20878 15425 15528 22854 17094 13670 12934 14583 15843 17469 18976 19958 5511 13336 12537 18885 10169 12046 15639 17213 11189 13852 19027
12776 2913 19120 17464 17172 16142 12203 14822 27994 12959 12389 16104 19309 23314 16703 24970 20694 24481 13883 8960 10645 13031 11977 8534 26490 13427
18956 12381 12578 19225 16388 15326 15016 13466 15408 10929 12753 14520 17593 19241 12395 30206 16542 22103 15040 10101 9406 10918 12376 12303 17562 19524
17342 15496 15780 17693 24262 13807 14889 22661 30422 11632 17225 16352 19286 21957 15317 7264 17097 6383 15633 12884 14332 17747 14670 18694 13923 12994
14719 8329 13318 14859 20450 11401 17060 17976 16200 10843 18361 18259 16788 30265 14713 37871 13232 12584 19953 40615 7029 7652 16461 13690 21214 14762
17274 10784 19201 21488 14914 23300 10263 14320 23074 8160 27789 16723 17962 17786 36031 16478 17683 26377 18092 25365 9118 25091 17870 6179 9037 14525
23580 16436 14332 13624 22098 17803 20412 20233 9212 13874 22833 14317 20378 20571 21358 20900 16976 3502 14236 0 8452 24673 14110 10845 15519 8722
22883 23493 13099 15240 13855 19946 24709 21956 18976 15627 15147 15434 21709 12090 19741 15555 25112 6705 16439 4015 13674 11974 11247 13238 25703 15824
20481 6748 17322 26797 15889 16524 19001 20014 13313 11833 18779 19932 16958 18862 27786 26478 17261 14172 13000 27532 9314 22543 14986 5801 28640 9861
17935 14077 18433 18744 18429 11448 12524 21041 5654 11491 18501 16118 19372 18249 13965 17156 21492 1070 19444 27116 3242 6148 14176 13291 14060 18552
20709 8460 11930 21433 19414 19381 11980 18627 8253 10858 12570 16758 23841 14926 21963 18131 20380 17720 16514 16237 26002 9140 10909 6326 4896 20761
18391 6843 20549 18431 22465 11305 11975 13467 25817 12462 12979 13163 17884 27517 23385 20909 15238 0 16545 32806 20950 22995 12990 13104 6965 16671
20772 11038 23908 23608 19528 19800 15279 21783 11277 9699 15578 16866 17364 18104 19847 11796 15806 33893 13558 18387 10158 17108 7381 11163 19008 9715
18622 18401 22095 29435 12423 18645 17005 19537 13212 12736 23758 14148 16659 25008 20917 21413 16016 7609 18724 22605 11569 14325 13679 11784 11457 14653
19899 6170 21812 23165 11933 13611 15090 14058 4901 13558 13773 15946 23468 21266 21803 10992 19597 11029 12151 19729 2012 13262 17046 14453 14491 8177
20587 8852 12690 10029 20456 20631 22855 17394 17939 8836 21848 13440 20806 11939 16061 11704 14625 5272 14401 25250 23112 22530 14323 3086 9310 17238
18797 14104 12237 27459 17881 20409 20200 16969 22635 13051 22226 15543 22904 11861 23176 15320 24784 7110 18724 23750 10190 6254 10074 9536 18409 10920
17406 9383 21157 9920 16440 15690 20896 20758 17037 10301 18246 15221 21273 27332 14460 6350 21558 29696 15619 12498 20388 16036 14616 7457 24470 21799
19804 14321 16125 18296 14501 21694 30055 14376 18552 14836 21704 16970 17413 7172 25487 17410 18930 7698 16569 4030 10703 17895 14037 10543 21765 22100
15916 0 13527 14661 19901 18948 12000 17073 26896 15920 20395 18300 16945 8069 19382 16458 18004 11613 17716 28291 9969 3563 14852 15317 19903 19515
14524 23062 13687 5729 25737 19312 18743 12004 22286 10627 16296 15978 20112 22248 16072 23807 24299 25909 15794 21444 6523 16065 11457 12543 8159 22532
22303 12781 17299 19230 20962 17109 19927 20064 14412 8163 21473 12462 19972 15913 17242 21774 20756 13279 15891 16928 0 4675 10908 8968 8459 10973
15137 2743 20374 7354 16472 17226 10549 13777 714 12481 20326 13434 21870 24141 16413 25080 20091 12034 12127 15196 10374 19922 14334 11070 10743 18806
15807 20696 18023 15281 19434 13527 13424 12209 20722 13422 29267 15915 18230 20658 24189 22003 17540 14179 15269 13213 10082 15134 16671 9491 5955 16593
17734 11662 12725 12507 18436 15974 20685 17215 21404 9502 17177 13957 15719 18070 20357 28563 16983 14339 17148 22392 23921 22169 15031 10880 11057 8984
19898 17201 24889 18087 20541 20328 19011 12703 17546 11445 9793 14769 17897 3044 17069 7157 21619 1780 17354 13583 18702 7640 12842 14495 14851 18644
18695 19242 17890 30741 24858 20090 11489 24637 23687 10985 21481 14516 21160 12466 25127 12141 20823 16288 17663 313 8046 22261 12142 11381 17523 10114
19131 27586 21103 28612 20285 14811 18632 14289 20924 11436 20120 18894 19899 21679 23717 20679 21495 20295 15420 13297 12366 25038 11668 9626 13781 8312
18784 10966 20116 21195 11701 14564 25257 17736 22076 10523 18984 14029 19642 11566 23141 3915 19273 14341 13651 18330 22433 15147 16425 4013 11258 16139
15149 2679 22737 15683 18936 19777 11809 9757 23571 12211 17785 17307 18276 22479 16779 12375 14040 1903 15316 10857 12112 18343 13086 7317 14842 18298
18569 7309 13656 18274 22095 17494 24993 17281 29121 10675 9354 15360 18626 6915 16001 23510 16829 29427 17288 21164 8355 6350 13592 11810 10194 15871
18658 12360 14589 15749 17153 15837 11467 17847 12287 9216 25598 14243 23031 12421 5320 19289 16160 19620 15805 11995 11129 25889 14526 10885 13188 19061
22463 8290 21998 15787 15502 17189 22302 17426 7130 11162 10691 15086 14293 8255 15264 15701 19474 9689 16714 26836 7655 18720 13653 12904 14714 15241
17581 15025 13250 10528 18013 20559 26701 15983 689 10972 20940 14625 18450 17157 17501 6116 24470 11794 15284 22040 20152 8935 16429 15475 9237 16364
20648 13701 17517 18956 27685 17510 19988 19120 17394 10501 17027 16560 20679 14147 23219 22977 15109 8208 16352 0 15399 13276 15544 8359 15644 22274
19848 9132 17965 14970 14032 20270 21297 9722 21143 11990 25495 15306 16685 13713 14577 9250 20842 9937 17360 19115 12676 8771 13695 12714 14919 23995
17511 8041 22006 12664 16920 21694 8556 16060 23541 12706 12930 15071 22024 8796 17866 15556 15885 7749 17492 27729 8135 8228 14829 14067 18288 13978
19976 16420 19238 20506 17974 16440 20640 26883 13332 10548 16946 13270 19514 29599 22871 7628 18080 7867 15190 31800 7868 5195 15160 14883 18200 16472
21561 4881 19154 18432 21924 16586 14341 15695 12179 7280 16127 13969 17651 4963 18941 19169 20278 5622 17468 21772 11350 17278 16502 7224 8813 18888
20277 1214 17838 22549 15366 13992 27133 14728 19728 13298 20217 15770 17417 13733 18717 11128 21436 5356 15011 9607 14248 20094 6035 11316 11061 15144
23341 17665 14856 13259 22441 15064 19106 19320 20634 10450 27948 16813 17060 18609 22074 13044 17764 7102 18130 20330 6533 8033 15270 14270 10320 15640
21149 4425 21475 22685 17364 13796 16796 23950 24178 9357 16704 12348 16368 31524 26048 14581 18416 14199 13423 15515 29946 14863 16057 9303 13687 19641
17157 9801 11941 15239 23338 15584 17482 25179 21040 14338 19818 16273 20607 27800 25242 18034 17446 4886 12574 21350 3811 15492 12615 19433 25935 16908
16956 5836 14953 18327 20530 11586 17048 20879 21316 12199 15063 13476 18327 24740 19328 28756 17396 7292 18636 16282 14388 13938 16076 12113 8418 19532
17161 12481 15968 22560 26184 18734 29762 15546 23358 12797 11299 15849 16632 20029 6528 14751 19464 9887 17312 7212 10021 20580 13627 19690 13668 19236
19592 7237 19674 26616 19223 17546 16775 16897 18455 8842 13920 14044 16779 20966 4067 20899 19708 13815 15515 13086 4447 17469 12910 11858 10215 4523
16832 10358 15057 18102 21857 13063 20582 17932 11117 11835 16518 13639 17022 9007 24849 1621 19445 11834 19601 18357 25778 21953 11252 13131 15064 14510
17230 3712 16631 25581 23437 18251 27687 12982 27960 9658 19249 16063 18128 0 17275 18040 20086 12348 15800 28934 18488 17282 12927 13090 16073 17637
16126 8264 19047 22465 19644 19299 27710 9406 30600 11886 28823 13527 15998 18277 24578 6151 17393 0 15069 13100 19377 11021 10949 4416 21980 9923
21605 5122 11975 13829 26126 22480 15400 14475 15951 12130 9429 12595 20219 7533 15472 9658 16935 28665 15282 4422 19346 20186 15305 18040 18139 14188
20167 11636 13941 24427 16144 14778 5981 16068 17767 8247 19575 14628 21765 20853 21379 3294 25625 17542 17429 20178 11838 13078 12196 9414 11818 7452
20023 5605 14502 19100 20243 17452 17834 17997 15058 12672 10663 16372 20359 21261 19630 12940 18601 8422 18406 18613 6900 10952 15159 10101 8819 11600
22954 9465 17785 19337 22393 18363 18973 14757 20884 9831 25397 12323 16540 19554 27016 15487 11855 12637 17249 21914 15824 18489 13049 11098 10552 11959
18842 14178 19632 17371 13140 16745 18688 18740 25073 17221 16884 14011 19155 31932 6434 27244 18405 11475 20313 18928 7166 4255 16411 13849 8850 15155
18153 8108 16049 17282 18755 19883 25156 18024 17382 16269 13835 12853 17199 15546 19977 20755 19622 19700 17347 31070 15169 12298 18825 12157 25023 11256
15837 16148 20622 15928 21388 16416 19849 19773 14638 17543 17782 18915 20864 11560 25195 24023 18701 8147 16608 10475 8542 9192 12652 6205 8324 18610
16640 27958 22327 16974 20854 20186 5926 18525 13999 11399 15734 16273 18229 22046 29667 19018 20925 13075 14171 27866 10792 13131 14993 10631 10516 22350
20106 9992 14707 9685 16119 16052 6464 13242 22713 13693 20303 13078 21411 12553 9468 11699 21462 15162 11769 27935 19435 12877 18845 17122 21595 11163
19049 14295 14230 19760 16965 18070 15889 24558 11724 7283 17405 15305 19899 24194 24805 17247 16650 23823 16552 22560 17051 13729 11864 10910 10592 8609
18875 4699 14217 22019 17608 13304 22329 17783 5659 12346 15535 11305 21385 4995 13454 19816 23058 11691 14706 18573 22441 8324 16504 5932 27767 26693
19372 13064 19602 25177 24175 20387 17381 17915 8773 11622 16588 15652 16994 17041 20938 20280 23554 20772 17000 33313 17850 18165 13650 18830 14132 17503
16393 0 18487 21386 20761 20999 18172 15755 18254 15880 17941 18034 18353 23991 10479 12698 19015 7225 13482 13089 19012 16394 14722 17244 12762 23400
22042 14585 12246 22972 25201 14646 21441 11884 16603 10009 16222 15269 20620 26988 14776 29323 14595 16171 11381 13946 18154 7504 14562 13697 7059 18971
16973 12322 13906 25404 17048 14822 20091 19015 16150 11860 26616 16009 15481 26719 23158 14206 14685 9574 12806 12682 19612 17333 18718 14062 9453 18114
19534 828 14609 12971 18037 19740 20705 22598 23530 13804 24344 14898 24459 19879 19111 25183 15595 18227 15241 20834 17200 7868 11427 9475 16615 11281
17511 19686 20828 26127 19067 16721 15260 18576 29476 9993 16223 17238 20317 10578 19962 14731 25628 7986 15416 13804 10546 21139 13098 14277 8105 23283
22198 14595 16773 18504 15496 20040 15911 19552 20486 10730 15980 12837 21123 16498 18443 26614 17424 19386 13882 31926 14911 15249 12733 10562 10132 21012
20282 25086 15235 11861 16901 18146 15562 19591 2553 7801 23250 14072 22972 27621 20390 17227 17497 26205 13359 17472 6898 21412 16852 13968 17781 22714
23047 5797 21065 11747 21481 19414 18441 22996 17516 8927 6270 13204 20455 10996 20493 13510 19242 24458 18294 23600 6156 16894 13323 9301 15370 13237
12436 5962 18844 6817 19819 16063 14287 7199 16944 11827 21996 16495 19785 10639 16507 12985 19757 15512 15475 31279 5949 12152 14643 5095 14470 19413
21089 5974 20937 20196 18423 21092 17272 16273 9054 12589 23658 14097 24490 12680 23106 21987 21243 20283 18109 10710 20204 28436 13595 9672 12649 20167
20293 32144 16256 12123 17356 19483 16947 12152 7788 14448 12907 15401 18732 19252 22354 14657 20792 21337 16186 9233 7152 14323 11983 16585 15101 14809
17030 18316 12778 10809 14252 18974 3427 15336 20022 9266 16119 14675 15274 19556 17824 14501 18306 19664 12487 13973 7875 20338 12345 11032 25926 16892
17555 13057 13562 15187 22682 17578 19621 14189 18013 9289 18943 14469 18300 26956 29558 10837 14987 12365 17566 17835 6930 16779 14235 17548 6493 14779
17544 8142 19246 18457 28257 15626 19138 18038 19812 10405 15532 14055 18532 21806 17776 16550 23824 2814 17608 22025 16622 21720 12779 6011 8917 12307
22312 22404 16635 30774 25439 11068 17523 19795 12483 12718 22319 13307 23206 18936 20370 12699 13310 18111 12338 17379 6704 5145 12587 12429 8585 19790
19869 12899 16593 15433 21506 17272 20763 18231 24584 9514 21107 12941 21119 13432 27702 17373 17985 23057 14142 21502 11683 18618 18476 17960 14439 24150
18903 409 21630 14775 9967 17565 24884 19483 19682 11889 10602 12191 21253 21955 12719 1889 19021 31405 19542 17674 15808 23782 15253 12635 20526 12199
15695 12780 11932 21356 17033 22834 18276 21660 15838 10845 11288 16575 18648 21281 12352 12769 18931 15045 17384 22334 10483 13338 14017 12489 12738 18940
19535 9694 13460 27536 14849 15455 19499 17182 6683 10301 20604 12577 20996 26722 19945 16513 18995 19335 16979 7487 13186 26685 9259 7395 11260 20403
19887 8113 22399 22490 14602 19528 26855 20153 20721 14661 18654 12629 24567 30517 27461 27937 18764 11674 10921 24871 23758 6035 11503 12469 17232 16096
17260 10901 13815 14175 16663 15183 19896 23081 12084 14081 20777 14960 18507 21695 19672 3474 12718 12016 16205 0 20820 24257 15021 11723 32120 20541
14910 4168 16751 20828 24189 16599 15198 13407 19716 10853 10853 16702 22559 25909 26641 12280 24560 10018 14195 13182 13703 18786 11505 12468 9253 20978
21534 18210 24719 18805 15097 18346 22012 15806 5105 12673 19937 13035 14198 11725 19473 18072 17372 13430 16664 25825 19672 20664 13867 12404 13090 20387
19454 7340 22583 27029 21108 17845 13864 9360 18573 11358 13590 14178 17347 40274 23032 12410 16025 14971 17305 44033 18343 14369 12554 17231 22064 21450
17392 15302 15775 22195 20456 19034 12391 22772 11505 6367 20633 17828 15598 17107 19696 30562 20573 7277 14626 28355 15868 15549 16980 17968 9851 22366
21319 4508 19222 26084 20004 21624 14060 13601 13746 10657 14653 13397 15845 16851 16942 10031 23446 22019 17505 12417 17880 7621 6715 6122 24073 17387
20125 14682 18597 26604 20404 20695 17166 15603 1341 8590 22183 16269 14730 25991 12147 11006 15695 16711 13332 14922 17575 20834 10234 18923 16261 21492
16270 13947 21575 21241 26826 17155 26715 20516 14203 7784 16939 18048 16604 39821 9062 0 20503 14509 15139 15229 3677 1508 14005 12581 17537 21387
19566 14150 26140 20195 9237 16831 18995 16249 13051 9959 24556 15996 16357 15120 25576 4178 22144 15063 16690 18346 0 16562 15322 9520 13117 27097
20066 0 18558 16620 20745 15851 3457 19292 11575 11030 12748 17085 21700 18568 29496 20657 16155 7117 12403 16955 9888 15919 9647 15144 8509 15827
16363 2718 19272 18114 18920 17809 19072 14984 18565 13919 23457 17145 18386 10911 21178 6691 15928 5744 13302 7782 10292 14778 15644 15266 21692 17844
17989 8963 11580 21446 19249 15440 12236 13889 16554 13085 22767 18435 19989 28496 32092 18068 21997 9736 17917 5310 20878 16259 18837 11332 9145 6562
17458 0 15994 25385 18674 17746 21717 15182 14362 11181 18175 14903 20325 15997 19641 8321 21300 10909 19685 26725 6422 9776 17740 10618 19283 21743
17058 15434 19046 20006 13145 16668 25235 14287 20202 12402 16936 16239 20002 10581 24784 21202 19644 7533 18806 7664 18952 13374 17012 13345 20440 27003
17709 8730 17806 18699 16658 13578 12786 16938 4982 12163 11891 16498 18776 10861 9433 20094 22023 2866 16099 8839 5342 21583 15612 14098 16258 17359
22901 0 20915 21977 21986 16352 13992 22783 25852 10600 15732 15082 16563 26277 17665 1483 18293 20107 17557 10543 2750 8475 12942 11834 18890 19268
13643 9995 14145 12747 14291 18258 17002 21114 15315 13498 18126 12439 20471 21864 23581 14009 26277 2071 15029 11735 9225 23722 11233 10361 7563 11932
17077 7614 17765 14035 15564 15926 13046 9059 10961 7106 20965 15068 19217 11906 21644 13070 18464 3368 13336 20704 10719 24462 14763 7971 6653 6735
20546 9650 15597 24073 4162 13183 18591 18629 14316 11068 19036 10502 19512 16102 25014 27667 17221 13958 16776 8281 5072 18684 12247 9296 10071 17321
18364 6686 18011 17041 20260 18581 30539 20479 16328 10145 10224 14705 21584 12018 22169 0 22444 13338 16105 14100 7109 13519 16800 11443 8809 25268
23463 16264 16166 21795 24436 17323 25446 13966 22231 11417 12906 18138 17481 17805 30551 26157 13600 13895 14861 38835 8970 18839 12264 18699 19315 12449
14702 18840 16972 13974 16519 16708 12191 17444 9509 12916 20806 14550 20214 25787 17036 19784 21149 12284 18107 17912 15277 14206 13581 4949 14645 17198
23113 0 19051 17104 20905 16285 16656 18030 20726 14001 22665 11167 21089 21468 16200 21950 16741 19352 16453 20352 23839 14015 13568 15293 8616 8398
16808 19401 14740 18075 22999 13142 15911 21518 15651 9293 16536 12053 19239 18965 24412 14411 20472 24691 19814 16709 11536 15556 10554 14804 16328 20258
19272 20882 16132 12413 13186 20653 20342 16536 2777 15352 15788 13625 21422 7818 7506 14129 10513 27183 16971 32352 14275 17637 14771 21284 537 16175
18191 7326 19120 9020 23119 12086 23002 17742 12109 13365 16891 13319 15798 30243 19903 2085 20267 13564 17231 16712 7788 14738 12015 7267 12757 8079
18201 12900 18821 28215 20673 19407 15209 19995 13779 9781 19840 14670 17490 20969 8479 29244 14867 13835 14274 25834 29175 10040 10584 15400 27934 15567
17527 11384 14241 22815 10356 22094 21618 22503 12672 11742 13712 13515 18089 11189 13843 13871 18999 13385 17106 4311 15061 12920 12636 20687 8938 10593
17988 20394 15543 19696 17788 16958 22309 14598 18401 13668 19585 13622 18106 11771 22402 23963 22601 8485 12273 22158 10357 14373 14756 10296 17816 9068
17322 6961 20126 15075 18983 20703 13781 30152 18787 8929 13243 18230 14928 24337 25876 687 16668 0 15989 17116 736 22154 12138 8090 14855 16265
20383 0 22640 16563 19371 18272 13750 12972 20057 11017 27543 11585 18831 23221 23660 9976 19528 11380 23698 14248 7615 16167 16364 16121 6206 14115
21517 16254 18679 5185 13450 20379 20100 21935 9994 11679 10998 12980 19820 9721 16008 12321 22213 7494 15970 5463 31692 5105 17039 12597 17412 18585
20728 21350 16366 6514 15063 14916 24307 17352 15920 8872 15477 14861 19401 10581 23062 4392 18478 10555 12511 17017 8562 15077 13208 13417 13867 13222
19016 15305 18067 15002 21293 17466 13238 18322 22017 6999 25528 15060 15643 9184 16038 19498 18365 10831 15356 17813 3292 17928 13494 9650 1724 17786
16806 12034 18345 17812 23641 19356 11662 14762 26268 8662 13058 14323 22779 14254 9692 18822 18227 8225 13194 11712 13159 16384 14511 12554 17186 9401
19221 17914 18621 11219 16860 14257 19778 13426 18323 11558 16388 15664 16160 17877 10632 1266 18018 9757 17408 15871 8212 19732 16279 18536 4251 16252
18942 15085 23385 13349 22291 18031 18677 13195 29476 9507 12677 18416 20375 20058 13406 11488 17387 23832 15873 13003 13746 16928 17756 16719 9646 7555
16492 14454 16369 25479 19924 14128 14447 12079 20061 10566 17136 14759 18532 29733 20052 13552 21243 13371 20246 14362 21177 8711 11867 6939 20712 14488
18891 20825 20850 21779 13477 19645 33221 11139 9945 5645 26171 17447 14291 27107 9580 21202 18067 19976 11606 3440 19593 25194 12823 6474 20697 14649
21955 12876 14144 17119 12635 16095 22042 16151 28251 10411 16304 11690 14404 32844 24891 1992 20517 2710 11683 1456 19176 7189 8787 11940 15647 22108
16476 12476 21703 20522 17815 19088 20130 23467 14289 12533 16860 15814 18218 25956 6854 26212 19401 14029 20249 31415 27323 14209 14265 9130 16110 12895
19990 0 20203 14596 17837 21947 22026 11904 30214 12345 16741 12837 17634 16903 15849 20465 20278 17833 17341 21672 18961 18177 10607 17108 18292 18032
14130 16700 17676 18590 17048 14173 19811 16391 22845 12366 17408 11081 22401 26376 12217 18177 18989 16029 18744 25789 19227 5789 11457 15082 28540 18160
17585 17452 19247 35318 20200 16372 16702 17413 19541 13992 12477 14390 20674 26448 10772 19181 21310 4919 14862 20371 23105 15109 11095 7592 25707 18700
17153 6203 17727 15599 23562 20441 8894 15878 13834 11874 14717 16279 21157 11407 14667 16341 20182 11116 11585 28776 13713 6876 11238 14405 15246 21486
19760 6835 15204 13196 19276 18298 18046 13141 19097 12598 14897 14736 23951 18860 17049 13589 25338 22649 13462 10782 24507 23749 16202 14318 18236 18814
19095 8211 16677 15317 18556 15013 23847 18406 15857 13291 13998 12912 20665 21942 3797 5496 19367 6899 15504 20745 12903 17977 10312 9306 8143 21652
17729 10169 20403 20860 16069 11899 13176 5347 18741 10977 14127 13627 20808 15444 15891 23719 21803 7096 16965 16985 5174 17238 12850 7963 7963 21909
22702 13042 18228 13600 20520 22568 13981 16000 11920 12190 16240 18103 24013 19065 31795 23867 17457 21336 16800 18949 10276 543 13787 15074 17362 20787
20231 19675 18823 19141 22515 13857 18845 20517 27002 10636 17395 16976 24421 22527 18095 4862 17933 7837 17767 18277 28421 9472 15899 17125 17704 13708
21686 19537 17411 15397 10192 18340 21330 14379 20470 13153 21799 18919 21004 14057 12786 13192 16804 3612 21392 26046 16684 19481 12378 13352 19360 9582
17057 12813 15972 10686 17344 14841 20081 14858 28227 15800 23853 17365 18251 12460 14689 15340 27620 19761 17845 11332 9124 16779 13756 11468 16045 10323
16241 12834 9195 25365 16305 17147 26047 25530 12791 11777 28017 17054 19406 19078 10703 11895 16365 3085 16162 7482 5272 7946 14169 7304 6687 16548
16399 8719 12664 18193 18158 15127 20016 18851 10646 13275 17820 12140 18084 23836 10194 13240 20274 11368 13479 18172 11192 17515 11168 12544 22115 19841
21459 19211 12692 17616 19024 16279 17926 23090 21970 9746 24197 16585 16566 12862 11616 13862 21243 5403 18100 25700 7081 22772 13263 9464 13467 11696
18067 12760 22465 14038 20749 16971 18997 6791 28461 12717 12986 12436 15603 10631 13678 17531 20147 17050 13474 9756 17203 24384 18192 11819 13810 19379
18909 22719 16904 16152 25368 19716 3070 21202 8249 13810 14088 15667 16716 20044 9634 8186 20692 13992 16164 13390 13218 6292 16502 11134 5916 10937
16039 6549 16657 21908 24940 17488 14756 18075 11216 9411 12936 15860 18006 24030 21113 20753 18356 11861 14027 13164 16864 17260 10842 10325 10457 22004
17310 24402 19206 22401 16561 15396 26470 18502 4582 11522 9324 12711 19763 10783 26747 9856 21511 23618 19973 27296 15001 10507 13981 195 12379 15821
19885 15586 19836 17721 19062 12256 14081 16472 26502 12080 8629 17529 20753 15580 17166 21025 19672 10463 16053 6253 0 12820 13938 11518 12217 13064
17178 11298 17601 17506 21971 16133 15572 24147 4679 5964 26143 13280 19172 23134 21445 16643 14490 13247 22359 26061 14917 8495 11425 14754 13462 22365
19868 17033 20835 19659 19098 16339 14966 11675 22487 17152 26013 14989 20432 19654 13977 23466 17855 8263 17799 22072 18364 17174 14247 8374 1954 18862
21675 15546 20698 9603 15654 19296 16635 21474 11557 7519 15758 15620 20367 16833 9988 27849 15192 2498 16604 25135 2384 17085 10859 7569 13964 3439
20372 1146 13711 24228 20910 17467 18672 17078 25962 9333 20922 11130 21634 23003 18878 26116 21493 13467 18055 12756 0 17638 15587 12847 11069 18746
16957 11225 15123 14003 19120 17547 13104 14845 14810 5377 14892 17350 18906 15861 16413 10872 21535 15965 14424 16570 14995 12732 14630 13839 11416 21073
20400 13146 29107 11034 22436 23284 21927 28270 28040 12669 12222 13606 20522 19525 12030 5543 18013 4875 16142 22406 0 16269 7449 10869 6526 18474
20899 4847 15576 23763 18305 14001 20940 18473 18253 10692 19092 17160 18046 27171 28211 9120 21693 19490 15816 31703 14748 26493 13059 13956 9069 16470
17047 16525 10879 23020 13666 16951 22212 9245 22375 13223 12590 14171 20861 24754 18796 10301 15848 14679 17217 34546 17073 17359 13913 9571 18357 16150
17596 8961 21650 17518 12001 16120 11719 22490 24808 11666 23572 18458 20382 23520 20419 11970 18567 4040 14806 20107 4649 10230 13466 21051 6405 23631
20423 15134 26543 17671 17081 18802 34369 20108 29461 10934 19253 13021 21994 21627 3538 26562 20912 23649 14838 31478 14217 16528 14240 18067 13988 11738
20823 10806 14192 21843 20169 18661 23237 19409 20397 13140 16556 14521 18898 12761 18293 18479 16157 2436 12268 10364 4009 15925 9895 11759 21601 13367
19015 3238 20774 16018 18251 17538 15089 17483 20512 9733 19969 12200 16924 27238 1398 23226 18503 0 16164 937 15240 19086 15250 12493 17486 9217
20722 22423 19174 22305 16794 16766 25709 20533 13725 13082 18931 17830 19859 19049 23150 26073 16916 5135 14555 24699 22342 12176 15849 10361 18861 13207
20247 11694 16970 20807 16407 18722 19042 9257 20198 12974 8154 12151 20384 23728 12154 31275 24429 12630 14091 14241 13255 6870 15681 13898 23127 26683
21366 14197 19620 24984 22518 15365 23587 18426 16962 10955 20304 16642 19415 15241 15155 21779 19979 3116 15409 9471 17971 7046 17161 10286 5598 18576
12354 10506 13140 11064 23840 13862 11138 13104 19514 11453 24927 14874 15525 16132 13307 13595 20975 2673 14170 19053 20342 12801 12881 10444 30265 12423
17473 9269 13205 21260 15807 11870 14361 17299 8309 9744 20320 15865 20595 41588 23236 17749 20248 5839 12710 8672 16288 6257 12000 14116 22895 18404
18841 5788 17315 14935 17178 19164 30176 14922 26477 10623 20837 17528 18980 6557 20327 6786 19819 6641 13912 17972 15391 14849 12304 7637 13200 19525
21718 23674 22169 14785 21974 23002 26212 17858 20655 9089 14830 14579 18549 14183 12243 5072 20438 7883 14791 18118 4771 19282 11760 16278 5360 9267
21695 1245 13969 15625 16254 13125 22754 14328 20021 10968 13214 16514 16325 14385 13556 17424 18196 13540 14439 7185 5986 21827 14107 15642 8700 15473
16464 18868 14813 16488 17009 17514 16221 17284 21089 16145 16082 13980 19816 18908 23825 10839 19893 14407 16800 13871 14841 15599 12048 6421 23426 9690
22370 6343 17848 10897 22900 15242 19507 14848 19098 10052 14888 14198 23752 13059 25420 6761 16450 26024 18124 22153 21060 22802 14397 10423 9788 19614
21129 21051 13646 12411 15901 12773 18429 25607 22620 7598 11999 15129 18988 12164 18478 22863 21102 7975 15600 5050 7675 9291 14794 14555 6944 13249
19671 12446 22758 21125 16405 19024 22913 14386 25399 11117 20169 16147 23492 2282 11929 14628 16623 20499 14601 26994 7475 10150 13133 15555 8352 13223
16896 6532 15242 25907 16827 14057 18023 15901 29651 12120 23456 17419 11942 6408 27827 20906 21810 13455 15791 22731 13278 7880 13561 11001 9316 14606
17271 11598 18432 15251 17192 14848 21472 22475 22510 10062 13856 16053 24442 12778 16704 22847 24232 7757 13986 23078 9725 17971 17089 4828 6318 15884
17355 17027 18607 9136 21517 14474 18867 22678 17101 11507 20558 14226 14712 24014 16863 15954 21557 571 17274 3349 17318 13517 13144 12061 9598 8015
20502 10700 21065 19266 23810 16669 22728 16837 27502 11400 26649 19640 16384 24907 13759 15068 18819 16315 18760 21546 19645 11106 15132 16018 24049 11661
19448 16567 13728 17098 16049 19220 19063 11750 8423 12704 13987 15406 13451 14826 15732 24754 16115 6806 17757 8448 18965 19626 16695 2633 12437 16483
19338 20848 14545 23813 22621 19115 21452 18318 35553 10770 21597 18585 18771 25922 2276 7650 20140 3396 15727 14926 13660 7327 10251 14812 19693 8559
13429 8487 16995 23124 19379 11142 15265 13859 19352 11289 17984 14872 18813 6410 18979 10114 17859 7914 19259 23840 19612 13450 15746 13683 14193 25431
18395 24382 13253 19343 14907 18005 24188 20089 23417 12864 12501 14521 23118 30485 12149 27426 20480 7856 18625 10589 4695 6570 13246 19674 27287 18417
19281 13517 20136 22734 17993 15677 24205 13866 19910 12453 20127 15563 19918 18945 15251 22786 12383 12680 17402 13252 15822 13715 12595 14997 0 13159
18590 9179 11871 11849 19972 19699 23486 19838 22555 12372 16124 15727 21938 23602 19052 13925 18959 3279 14551 15775 2818 20756 16219 9672 7472 6412
20927 10881 20580 14251 23469 19337 17591 16576 16599 7655 21261 16425 19230 9969 32289 12505 22884 20229 13729 23975 6832 13732 13649 9649 17818 16004
19062 13738 17546 23979 15583 17591 5593 16455 19308 12410 13661 17316 18423 24832 18687 15236 17964 16277 17448 25446 19911 14410 16027 17008 18445 13303
18557 10721 16348 14649 20679 16516 9275 21870 27864 7378 17640 15737 20908 26086 8211 35735 17653 27812 13298 11135 18368 24059 13874 9824 19139 21245
15064 3498 22314 18023 25825 17005 13247 19194 20092 14177 14506 20661 21043 25647 21541 23641 16220 17589 14804 18481 19055 23057 11115 14401 4286 21590
20507 18253 19869 23154 12489 14743 19626 24834 10648 10594 19430 15607 20360 25855 17563 3200 19412 13154 20492 28715 17437 13530 9185 18345 0 19571
19713 5988 12233 18918 17823 17605 8912 20566 10607 9386 11210 14858 20678 20226 10614 7259 18003 5982 16183 6198 13595 5857 9491 9502 14662 16801
21377 13453 17796 14118 20342 22204 19890 24132 21776 15487 15039 13892 15548 33537 24292 21252 21689 13780 19669 15291 21773 6011 14775 18103 18345 22027
14273 2482 21080 11201 21715 19844 11145 13924 41790 12574 22846 14963 19542 27449 21536 14820 14223 21124 17588 10294 13125 29442 15003 11876 11632 17554
22331 27544 18851 20377 18894 11606 20633 17787 23581 13711 20197 14886 18610 16076 19274 30790 23142 4414 17050 16788 15931 27225 13415 11363 9953 25108
19133 12739 14475 17695 17293 20217 12345 15196 16432 8905 19745 15484 16964 23638 14393 7835 23469 8145 16112 8954 15843 20540 12768 15999 22112 31071
21640 18606 24797 24470 19044 18365 26579 10715 35609 8707 17450 11195 18203 18470 25878 5170 19264 1662 18009 25184 15631 0 13041 9771 18856 18886
17324 8134 14364 12212 11493 10763 22855 13223 25501 13710 17248 15580 21331 23170 20381 19621 19090 2971 12375 6605 1064 14125 9011 10468 16273 14951
17896 5104 17248 20051 17713 17254 16784 20482 18371 8795 16264 17489 21412 20238 8801 10847 19874 11294 14490 16790 9058 8519 12849 14641 7066 11490
