365
41 79 81 58 29 29 4 52 88 3 13 23 8 47 93 0 48 94 62 49 67 89 44 99 74 96
15123 13143 1212 23082 0 17173 12711 11641 13197 21944 9817 18709 21351 15271 9421 19356 24495 18573 6543 14325 27694 10484 10155 11050 10655 22139
8798 19116 3775 28894 10613 17596 6601 10359 19558 24751 11093 19649 18608 17357 8103 20945 18250 13954 11402 16490 33171 14123 8068 18632 19270 19298
12112 25012 0 23426 254 25125 11598 8894 17739 19754 12864 19768 16706 16626 10794 16586 14424 21346 0 19584 0 10462 3272 9780 16273 16252
7103 26354 6465 24592 13210 13187 14259 14089 24687 17947 8079 22284 12921 23707 14273 22590 10174 21575 8264 15943 22916 13456 15544 12093 15292 25228
20451 19057 0 26393 4642 15028 11672 14224 24845 22559 25525 19938 15523 30383 8608 22970 18106 24423 16810 21177 2448 7358 13355 22474 23451 12839
19826 24379 10447 17504 17743 24822 3446 16157 14104 18915 24400 22272 15477 23079 17114 22158 18998 19225 15621 21404 25305 10107 0 3906 18504 14710
18085 22615 5328 19346 15015 19122 11001 15506 6134 16331 11408 18504 17479 16596 2081 19251 15762 24392 14401 18035 20692 13089 6984 16865 24720 22732
10118 17006 13349 22937 5496 11461 11343 16672 25032 13297 4765 19563 18431 12235 1225 15325 14659 15698 2502 18324 8103 15388 19073 22378 21847 29595
8897 11863 4671 15311 8761 16590 15645 13353 8253 17702 14327 18867 19137 16623 15459 22548 28508 18163 24340 23241 12988 10894 15030 23954 20252 22448
9420 22931 10093 11885 12866 10989 3529 8609 15698 17589 8323 20933 20907 20316 14069 19562 19391 27162 946 19964 8708 9088 11449 6174 14184 23913
11695 23191 8139 25179 12736 19120 7711 11000 22746 16421 27485 21383 18486 19056 10204 17535 24695 20152 8537 24298 21053 13931 13126 7419 16654 25919
7314 22005 7316 26088 4262 16261 10693 8383 8619 23650 14843 19144 21179 21586 17220 11251 17606 11012 7591 20933 9690 14566 8186 10974 11886 11213
12866 16280 6070 8010 11480 19027 14762 17014 12152 17040 14244 19838 20775 21168 9295 21909 23414 16916 15803 15332 21024 14991 13941 8445 18834 23387
8700 13829 6457 14600 19730 13663 14195 10975 21024 27294 19876 19795 15657 11942 12214 10897 23163 17774 3216 16868 4065 13082 13546 16382 17550 27622
12432 13551 184 18321 18403 18485 10715 16276 5321 12739 15529 15988 17975 15504 5470 19122 22122 22958 1499 24763 7502 10871 10818 22166 20894 31175
10984 17485 1618 24162 10530 11201 14196 15073 17037 24170 11556 12699 12578 23974 13474 15269 15197 21064 15783 17979 14281 11122 12963 14758 17465 19448
5435 26366 5676 14789 8960 19401 13207 10961 23512 15021 1364 16845 18836 22026 17344 19456 24224 21650 19799 14616 17173 9143 16079 7745 22036 15332
6386 20542 14882 27610 9511 15625 13080 11849 35151 22136 23413 21257 16897 8154 7535 19346 23701 24807 13206 17586 7845 15435 8814 19004 21563 22777
0 22185 1870 25836 16071 12850 15576 9427 15922 20343 15524 16341 16371 21026 19138 18420 24195 16714 7013 19820 9562 18778 17065 7908 19507 21158
5874 9302 17457 14265 13089 9371 4123 18199 18044 17077 16585 22484 15148 12702 13241 20048 19434 13903 5632 17182 28756 12742 2548 7810 17449 29510
13584 11729 8377 16028 13972 19019 14224 13911 9246 19483 10859 16949 15295 14578 12681 9085 6850 17358 3553 18420 18089 11133 19302 17470 14200 17412
14593 17977 15404 19868 0 30884 14392 13809 23016 16102 27670 16329 18981 15718 20858 16990 25506 29375 13088 20907 20547 14006 12320 24754 15995 19839
11633 9730 19183 21336 17346 18097 12149 9540 21972 10670 8454 19585 16287 17524 15714 29815 19012 17502 20554 18241 20599 17816 5982 11194 13266 17597
9491 22398 11616 17101 9827 7694 13730 17021 20635 17136 18553 18463 18736 14477 13255 12349 25004 17081 16212 19618 7784 15283 8636 16409 19248 17753
14761 25839 8810 16383 11930 19095 8005 13185 20346 13140 15081 19251 16777 16523 1588 26391 23863 22699 12205 19733 14155 15139 11652 18290 15365 19371
9206 23490 10846 20138 0 7717 11330 13936 32714 20352 16781 19258 23137 21030 2794 21906 28314 20572 17175 19053 20970 9375 6182 22258 23359 22343
12425 28716 1227 14882 9071 17496 8803 18834 22721 18938 10489 17719 17580 16874 8611 23493 18264 14212 14640 16056 22250 12709 5671 24629 23583 16735
17143 15405 11843 20012 4814 22560 14161 20380 10222 23986 14408 15257 15345 22088 8442 26882 22208 17797 16329 16721 13282 6061 5880 5960 10419 26258
1039 18099 7999 7427 13038 17491 14033 9723 24546 14564 11745 16059 22125 21015 13157 9216 21767 18551 3820 16162 25561 15247 19063 16503 26641 22984
14731 18720 8041 28997 11084 10422 8941 11730 22470 16618 15135 18863 19353 17383 9419 17357 15831 18594 6836 13870 22924 14111 14492 9171 10466 20526
9905 19628 7182 29231 9162 10806 15836 10351 24601 16393 11891 19099 13086 22922 19322 25759 23709 17304 8897 13664 18873 11344 8133 18353 15235 20432
16673 24159 4253 24488 2427 10783 13198 11584 12727 13815 15094 21974 17188 13306 13347 16808 12765 16591 16210 17881 16276 10759 18096 15509 20389 24186
10596 16862 15431 19378 18078 14783 14820 10812 28970 22161 2741 17505 17447 14876 9723 29744 13877 27150 6649 24136 6154 12472 13306 13470 18645 24371
10130 16579 5260 17841 15257 13566 4168 12834 12751 20542 26886 14794 19054 18341 8647 13589 17565 13812 8802 8048 21512 13362 15190 14964 20010 16034
12409 18280 21090 19594 8585 13951 12764 10743 14930 18603 9934 17030 16514 17495 4773 17245 22622 24293 6171 19567 16399 9501 8996 16425 12877 19471
21247 17880 4642 17704 8031 15419 7641 19835 15946 24832 4842 16846 19184 17743 12288 24614 13678 20022 12682 17686 31610 15798 10099 18579 16452 27627
8757 18356 17178 10483 4969 17678 8074 10310 17236 21390 3322 20633 16126 19996 9379 32337 17407 15871 18327 13655 3001 13269 15083 23560 18976 17037
8924 15206 9647 16315 8879 14409 12455 7711 15295 17041 2237 15340 18608 19832 15864 26262 16350 18560 20575 21778 16535 10110 9919 5641 17879 18505
3881 13899 15958 22445 15614 20599 13981 14377 27964 25611 29169 18066 17353 21072 26208 21615 25428 16023 11492 17166 9766 11753 11771 11168 20439 21042
3728 30996 13090 19286 14044 8486 12642 14496 18140 19670 18216 21007 19496 24408 16359 22551 21194 19471 6217 15710 12512 15533 11991 24569 21629 30516
9679 13557 1403 10490 3793 10406 12400 10655 15315 20955 13774 19654 18624 22467 0 15958 24516 24167 258 20300 20394 15608 5319 30205 16985 22128
14566 16692 3111 12975 11728 29818 17045 13065 13051 12536 4648 11955 17449 19735 8342 15552 12778 14594 6852 17483 17152 9621 1770 18742 5944 26894
9772 25722 12670 26998 10622 20545 5220 17338 18002 17869 21953 22335 11967 13096 13373 17645 25874 9773 10665 17763 11792 10782 9119 22831 15388 14272
12831 10051 15317 14460 14955 2766 7272 9519 28241 15530 10834 16551 13215 20112 9272 23683 12033 25846 8461 20287 10392 10399 7928 21123 17106 21654
11479 6515 6435 13964 7457 13000 4330 16111 26920 13082 4137 16120 20025 15610 9205 9862 22256 16312 0 11371 15330 15659 16434 7326 15387 22801
14279 25425 15931 22812 6821 11517 9406 9972 17054 15844 17675 22857 20043 16987 4271 19044 20053 13550 556 20922 19863 3730 679 18146 21663 25370
4406 10866 14550 25573 0 18418 13472 14428 16103 24624 14317 22095 21613 24770 11910 14539 17765 8401 16084 20645 7763 10728 11910 9524 15713 20323
17586 16557 15965 16757 9461 11856 16873 8141 11148 13815 14669 16918 16386 4192 2214 26009 18493 15385 9061 21074 3918 10361 16300 17394 17108 19910
9535 18924 5962 6422 8863 15764 6296 10013 21273 24203 10729 17279 22073 19414 12637 18269 24337 23334 9534 19941 7888 10881 10531 22109 15044 19532
11447 12743 10940 22751 18850 16183 6151 8438 16692 16297 11513 21358 18829 18752 20577 27439 22613 14931 21466 17564 14549 7159 11789 11721 17682 24209
15643 23397 9426 17382 10743 19981 10943 17053 16964 26027 12321 18966 15982 13144 11055 16529 25689 14203 6185 15769 13409 16618 15572 21194 19935 17384
7622 16832 17484 22738 5904 11268 6020 11411 4146 20141 6362 15617 21177 16582 12524 16125 17571 16667 8011 20586 12836 8967 9032 21321 17597 14485
15192 19407 0 13314 0 19419 9159 6199 12794 21003 9712 19762 19147 21849 10747 25887 20649 24222 8991 19181 13817 8898 10429 16466 14253 15891
5443 18921 5131 15053 18833 15243 11578 9458 24487 16029 20427 16025 15295 18815 13914 12380 17343 19341 22065 16587 14126 9762 15727 16534 11818 19285
12757 18287 19596 29931 9645 21359 11030 13424 20588 9581 24365 19534 20740 29525 9777 19536 16482 22367 10136 13083 13740 7948 11776 15964 18619 12895
7377 16161 0 15822 16128 20837 15867 15631 17242 24240 13928 16160 17778 15047 6358 16986 19066 20004 12281 16412 23552 12597 5738 15822 18199 24680
8067 11119 7654 22734 17497 5603 7600 16875 15770 16681 1135 18027 16980 18111 11035 27599 19765 12487 6440 16004 15477 12329 6549 11243 14137 18209
17422 24050 17587 11601 17586 17578 14468 12828 13017 11148 9577 19011 13358 18204 15851 22782 19610 12462 10799 19644 12144 9163 8500 26419 19403 17181
12718 24213 5779 17010 14659 16025 13520 9934 11982 19482 0 16048 15640 24065 7706 19768 21009 14087 10059 17651 15558 8198 14092 13648 13071 15344
13674 17826 17443 9550 13678 10871 10906 8640 15031 11242 23847 17022 19383 20226 4363 19477 28646 13405 14608 15522 21591 21435 2777 33598 14296 14795
8867 11104 8414 24104 16623 14638 12876 16536 21501 13270 12375 19481 19443 17205 0 16653 21099 26813 20533 21262 28290 10863 11304 9920 17795 26295
825 22748 3912 14571 0 16069 17493 15739 20710 18238 5504 12510 14278 15401 8128 14725 20102 12432 10374 17309 15460 13087 7972 17300 10369 20092
5434 22475 18259 15147 13324 10157 7239 12086 20490 29283 24566 20524 18150 9476 13062 22656 14517 19745 2154 19318 16232 12168 13000 173 20487 23429
16817 22065 15294 22450 7354 17796 15931 13835 19248 13139 23691 18410 20517 12199 11085 23741 23146 19954 10068 23080 33978 16424 7577 19747 15785 17991
11018 15901 13625 14999 17532 18919 9376 9598 15409 8969 9927 16895 16993 18923 17418 30314 18675 19900 12066 21458 15275 11790 10384 10683 11092 23243
20830 16591 4810 16897 6895 16333 5654 10645 14720 14645 0 19657 19640 17014 13190 17631 27356 17448 13754 16380 27517 12515 21629 10204 18918 18224
6560 21339 7984 22485 409 21959 11030 7901 15836 14726 11354 19123 12765 22935 6839 10211 12314 26106 14643 17466 6845 8052 12611 326 20740 26282
13821 19905 24870 20331 9608 18999 10505 14248 24926 23425 9601 18404 14928 19576 8987 15177 16776 12729 10745 18986 30234 5212 14054 3527 18565 17639
10846 14007 16215 18688 17475 21363 9563 9976 16543 10807 13468 16348 22206 13363 20201 18991 10143 10748 1418 16464 23156 10513 11225 10020 22339 14668
6261 16288 0 28492 11125 17544 11957 14398 21607 15795 1327 15684 13024 12126 17872 11097 23586 16467 20113 20458 25943 10479 15490 13448 19714 22519
14129 19647 2809 25168 15270 22197 11577 12068 20362 19183 8526 20215 15493 23791 13265 18048 16218 15256 25947 17354 18702 9779 6464 10141 21527 18639
4823 15099 14696 20366 4816 11508 14447 9540 24092 20396 15086 22952 18922 22590 11225 17486 16422 12636 10025 15402 11444 16128 10737 12015 13472 21595
2989 17676 12224 29020 13380 17436 13354 10758 9051 16350 12472 17603 14762 20702 16916 8572 23884 20843 12847 13671 18600 16663 10519 20012 19655 22643
18391 18383 6713 17839 0 19009 3699 20653 16623 16419 6757 20101 16524 8128 17525 14579 26195 16941 804 19091 19727 13343 10026 24078 21130 11760
11232 29209 15790 15906 5518 17333 12056 11353 17824 21713 19770 17571 19119 13646 6862 4771 10726 21928 13279 14499 20988 15213 15469 8892 15323 12247
4116 26459 281 25316 8642 15029 14683 6995 19861 19198 17261 20446 19193 21044 19336 17919 22216 20878 21581 16020 0 11900 8720 9219 23114 23711
9788 5631 0 14084 11999 19541 10129 14768 21441 19824 21046 20613 17897 14035 15703 25811 31670 14253 7765 22856 6570 11572 19054 12300 15041 21770
11644 24428 18335 13148 14478 19094 10801 16027 22727 13717 17081 21719 16012 19128 4625 19279 16617 16167 6386 20706 5881 15553 5824 12697 16371 21175
9621 17440 14431 12770 10930 20532 5554 21534 19197 3237 8667 18339 18373 20369 8269 21211 9610 17522 8234 22251 14875 12187 19782 19569 19521 14402
6884 16953 19184 23629 0 16395 11891 8665 20282 24823 10358 16681 20597 17945 17930 10441 21511 14432 9987 19249 16103 13183 19665 12627 16787 21366
3794 16904 2165 13994 5259 13474 12081 12319 19810 17911 23083 17865 16229 16999 24310 7161 9400 15624 12417 15054 19278 21211 18120 12306 16170 19728
12319 8970 11859 19060 6686 6380 8942 15774 12552 21592 25820 20415 21036 14649 16586 28325 18656 15379 11116 19196 5869 11835 7920 23178 16742 17983
11370 10546 5392 14883 0 6996 7428 8815 17265 25718 13171 16963 17443 14977 9580 16853 21216 10767 15993 17169 26793 10074 18421 7733 12743 18731
9568 23447 5597 22262 9791 12748 12248 5073 16285 13904 8569 23964 15400 5314 9320 23044 3930 8639 13455 22147 1694 9526 3974 15353 20849 17161
6583 28833 10469 15030 13247 11662 16352 14408 18432 21151 8501 15335 13013 15438 13619 22033 19681 18403 4545 20966 15691 9968 15394 11700 21965 18732
10160 13908 3682 23686 17586 20813 13158 10942 11270 23498 23270 18737 15450 14330 10648 26568 11181 27340 26385 19793 2234 13432 13956 18834 22953 17613
11291 21226 0 17800 14218 7186 12326 13242 12922 10939 5058 22741 19990 20679 17630 16329 18312 25011 3406 19149 15454 13616 15376 13203 22577 14643
12162 25076 13063 22270 16233 17945 14305 17916 20494 20259 14243 18218 18054 18059 17341 5097 13508 15454 5826 17746 18624 9789 14130 10582 22926 19542
12836 19737 8345 19228 14126 23796 11598 10200 15988 21044 30097 14535 19803 16876 11680 19140 5794 11811 9063 17417 10075 13090 17253 14229 15462 19684
1588 23667 13296 18158 8649 20833 16137 15498 16410 14752 9803 16424 18925 15868 11265 24000 25991 15045 10174 17739 20037 10734 10455 17713 19252 25485
17769 21700 10850 23203 17579 13967 10274 13108 19683 25363 13206 18349 18231 21331 7550 24014 13792 21259 8193 19527 22421 9447 12368 7200 23921 21847
10688 18612 14251 24945 17330 24084 4589 12770 12833 23430 7322 20799 19029 17516 25889 12293 25330 24484 8986 24073 13122 15192 8094 21569 20190 14306
4614 19435 3585 16053 7154 13135 8894 9635 12273 18738 0 20656 19311 21702 9533 13439 26183 14553 2804 19411 12892 13663 9087 15104 16766 16961
13372 28602 6922 33703 17833 11841 10351 13091 12932 8766 13126 18059 22599 19717 14256 15678 24533 23653 6196 18489 29964 8944 20851 16073 21784 19428
5626 17142 7927 22176 10611 14401 8353 14257 13878 8062 12891 15302 19724 23675 13324 16208 22502 23807 16203 16652 5246 14181 15035 18506 8685 7109
16362 17522 8091 2843 0 17001 15737 10903 18159 7442 3758 23622 25024 14218 450 11215 16162 15231 11196 22583 22646 14795 10823 13673 9091 12155
18486 18309 12231 11301 8492 16591 10684 15276 14206 13194 24250 18896 16321 13910 13431 23321 22105 16912 4254 20777 15329 12030 19313 17002 21556 25368
9626 24531 0 10788 16783 16541 5669 9262 20201 23926 8037 19220 17662 18519 10617 20810 15026 15165 15372 18698 489 8089 16113 6961 20846 15864
11208 18473 9763 15119 9482 12468 10419 12669 13767 13128 24260 21285 19848 19925 9325 13998 15380 18651 9329 19105 2294 7322 14673 16526 16962 24589
11227 15600 9242 8165 21267 15375 6243 8300 29098 18587 18500 16438 15681 21148 5338 18223 27451 14641 2920 21964 7536 9468 11890 17695 12746 9288
9979 24783 7853 28556 13882 17033 7625 14974 24950 11099 11774 22086 18397 11315 14750 20509 21919 11261 7980 14362 19375 12138 8508 14955 12723 21249
15839 18065 11282 19200 13605 15185 14252 8602 26431 23853 7423 17871 20060 29617 7030 15790 19083 19278 0 16230 28290 13790 21412 12533 14186 18629
7253 7003 13147 14082 15464 16718 16953 13882 25380 12881 19489 20249 17776 17008 9641 26342 24122 19131 23230 20780 13559 14809 9479 12126 18218 17118
9890 20407 3796 22182 10094 16757 12383 17522 18843 20936 250 18896 12951 19112 21868 15297 20338 10521 8230 19410 20472 15067 12424 14560 20053 27196
9980 21691 13016 20068 14760 15390 13583 11655 14572 16530 30723 17779 16249 15148 16258 21840 18924 13175 7358 16751 28738 7167 21456 18072 12913 16354
19222 18626 3963 16547 7208 27972 9339 18820 25939 11844 13981 18384 15948 22136 11413 12869 18522 21759 7081 16209 28075 13475 3121 22699 18904 29223
17047 21530 6059 16899 16815 16898 7526 17339 27512 25290 11867 19452 16760 15648 12573 20990 21249 23170 14574 17083 12739 20455 9773 6510 11361 15781
5677 24335 8028 17003 3768 18258 15038 10561 19008 17479 12221 19813 15962 17424 22898 25790 18264 26278 4320 19801 23994 7751 7523 17118 20007 28419
14546 13380 5884 27562 13429 14369 12186 7494 3050 21688 13352 19088 19711 16133 16878 15673 20762 19288 18500 19241 5642 6833 4582 26883 23075 24129
8457 22101 8582 29741 6490 15456 5644 13016 17793 22078 21526 15148 18042 18135 16032 19824 12390 16263 6843 19843 14737 15735 14011 17200 17159 29494
9235 21584 6014 15292 9580 11002 11295 12397 6492 11083 25550 16783 21242 23189 10224 24237 21388 19275 3307 19524 19250 16906 19024 20916 21378 16441
22821 18292 17484 27503 8681 15968 11897 12664 25908 22347 7265 19283 14363 19204 14175 17478 22249 19563 2966 20204 25208 13735 10299 10130 26923 15757
18387 16940 12585 11994 11118 18308 12133 18795 11532 13669 0 21205 18302 10990 14421 20692 24560 18663 9883 17380 14518 14832 3764 12397 23303 15734
8295 26638 20861 13137 6396 12145 13050 15174 14538 22739 3440 15494 18162 17182 13199 17493 22634 17386 4175 18111 27862 11448 10966 7109 20417 18526
13496 15916 10187 23135 10377 20554 8614 11715 15442 27636 22910 16735 16605 10635 12270 20064 24350 15429 10646 19320 8803 12908 13621 23728 15845 19729
12737 17199 4542 25658 18810 8519 7630 14189 6319 10870 0 18599 19325 17146 14420 19592 22489 20371 12469 20328 18442 11269 5572 19377 25245 15402
10380 19395 10725 20385 5864 17020 16190 16463 11166 21618 11402 13506 14033 13675 13754 17877 21371 18737 11747 17238 23973 15633 7697 20657 19762 29187
5928 17639 7440 6631 10231 10454 15086 3641 11107 23574 15073 16564 17853 19544 17453 15274 28134 18294 13708 14166 28630 17630 14057 15641 20407 25265
11118 13566 10137 28665 7611 19745 15230 12915 9011 22082 14219 14422 16844 12038 12730 29631 25828 25634 4765 19969 11984 14964 9730 8184 17023 24027
14338 16346 10099 0 4579 19707 7396 10991 16666 19961 3203 18170 20655 16477 14160 17756 16494 18580 1626 20452 21437 12280 11901 19629 16602 24962
13891 15911 14968 17879 11949 17604 3073 18449 23108 13184 1261 17968 18542 19113 6842 29180 8046 18546 18176 16400 2154 7486 3279 13685 19935 21154
20414 12773 15701 15822 0 17962 7103 12856 26392 13448 16577 17328 13446 18358 12204 20564 19282 19386 21954 23087 22966 10747 1143 12538 30194 17996
21522 15557 16071 18880 16437 9393 12261 12153 16991 17057 11469 20327 16698 13845 16017 17100 21942 16210 16281 15426 22943 14724 5497 7186 14784 18292
17602 24981 11751 24177 2607 12563 11151 11424 16162 14255 15790 20097 17556 19090 12751 18840 17157 23303 23240 19798 7968 21100 5706 14918 12531 28579
10176 18360 16737 22002 15480 6049 11778 14318 29942 12995 3167 16259 15707 18339 13672 15586 24160 15993 21099 18889 21248 11820 7923 6203 21783 17156
12629 19195 15418 13659 11729 12858 15040 10225 16231 21790 19611 21442 16906 23085 22037 25576 19710 23272 10406 18026 17126 12708 9588 20598 17992 14513
20009 16288 6664 27921 6322 6590 2253 12963 15490 13303 19544 22307 18460 20569 17828 19755 18785 23392 15602 17144 15650 4927 4743 9898 21457 18583
22889 18677 9649 20095 20407 14489 3396 15796 20183 17660 13735 17303 19350 17410 14147 8417 17334 18722 12762 13171 5852 9574 14842 13594 18453 26899
11735 26308 511 11961 13973 12879 5453 7775 21687 20747 17741 14980 17411 26675 8488 17436 27706 15683 24312 16852 13861 9915 13534 12045 18018 30709
4693 22544 0 23369 8062 22764 10529 17750 17920 21551 19496 16997 16911 11627 19453 17195 20962 19431 3448 15710 15381 11006 5430 16028 15800 19332
8719 19532 15852 23278 15629 13609 17712 14994 19611 14587 14383 18182 18604 18366 6443 20577 24573 15036 6643 17854 20280 15102 13231 8711 13194 18113
5831 12261 2741 30434 22081 18220 14424 11472 26110 19301 6694 18627 17667 25773 18150 20798 6650 19796 7636 19279 15672 11599 9601 15837 12583 16207
12594 18590 17520 12686 22076 19619 14384 19653 24303 22911 15756 19420 14783 20378 11448 19022 19741 15110 16342 19351 9865 12902 4978 6725 22388 20385
4616 22908 856 16286 11154 16349 16662 13776 20707 13845 13049 16795 13441 14662 10501 14717 22356 17376 4400 20645 3566 17642 13285 10618 18503 19155
12802 19979 16708 15817 7366 22679 10724 11670 4112 30306 5318 20407 15218 14507 21106 24416 20410 17806 5225 20674 11532 12954 10154 13182 16549 23613
10052 19268 2279 11238 9527 10484 10995 11867 20567 9456 21412 17064 19271 21716 19264 28792 17562 21165 22082 17674 17277 12779 12399 9156 22610 19135
4481 14595 3093 23813 8626 19665 9850 9105 19748 14638 16718 17916 17689 19812 13098 9692 14786 18475 14631 17233 8591 11401 9228 17347 22032 16922
12746 29580 4921 19094 9603 13190 20093 9662 25432 17119 10815 15245 14764 19785 4818 11405 25650 18266 10726 17085 13085 15361 7645 11919 13582 15818
10044 11652 9297 18213 9074 14718 9785 9247 27694 20030 10933 17816 18237 17579 10436 22190 23585 19522 19556 19122 18072 10008 14757 0 14754 16549
15602 11429 22201 17235 8853 16319 8884 15372 16871 17688 19687 17250 13427 20154 17035 26881 11566 15985 16621 19555 18440 12396 8679 7581 8302 22902
12591 22614 13764 16074 11389 8715 9020 13196 19706 20264 1359 17415 16176 26154 20726 13890 13607 18239 24183 19250 11469 15881 6748 8827 21445 25170
9803 20881 10969 19790 7394 14696 9108 15585 14086 16899 20920 17017 22784 21319 19792 9303 24659 13723 5953 18765 12102 7310 17696 13706 16435 20788
8287 18801 0 18543 0 7107 4726 12260 29200 16584 12742 16927 19795 15433 16866 18987 24435 11039 8288 21476 12382 11700 7465 17044 13833 26877
13667 16613 4860 21145 8142 19182 12220 12823 19430 12376 19935 16633 17695 30189 16968 13884 27573 25944 7343 17085 16200 8595 10039 17741 14022 17600
14971 19818 4353 19486 7804 20187 18557 17532 7140 21448 9950 18687 21190 15697 12270 18277 24268 9968 9198 19081 12616 15576 18655 11520 16245 17357
15963 17454 12064 22647 13365 15798 15665 12495 33461 23009 18544 20331 15127 17287 13402 12638 13021 21719 12677 20169 16852 16393 9871 6813 13547 16180
12843 16744 25504 24482 7927 20947 0 16139 6516 14509 6699 16300 13203 19591 0 11689 20145 22257 3250 18226 12141 13697 11955 21235 18324 18449
13445 24085 13512 23173 16927 10161 6061 15307 17977 24097 3255 20540 15799 20354 10407 19038 17777 11928 7209 21037 26934 12122 17976 16363 17932 27332
10922 31578 15337 16445 4990 15817 12848 14576 22921 18885 26395 14863 20283 22338 13357 15151 19553 16341 20407 17274 13795 8991 8288 15200 16598 14806
11823 11034 4619 24652 18352 17921 6693 10700 20138 21740 9791 19914 21920 20052 10140 14880 17202 11130 0 16975 3126 10586 18368 18562 10888 22929
7149 22675 18984 12440 15612 13803 5547 13934 18503 21762 735 23126 17557 23803 8441 25184 27873 20148 0 21931 17680 8291 10310 14078 15436 24864
5374 23720 9782 15811 11878 5151 8858 13493 16622 17278 17336 17119 17011 20256 4871 22573 17693 19730 3491 22081 19718 15520 4430 3592 12198 24610
10380 20632 16688 26279 16611 18222 12723 10212 24635 17819 22146 21547 13770 18212 16188 12059 14215 26429 13703 20974 15088 9430 10646 15787 15643 21463
6573 15410 5813 5028 15137 17899 10573 21055 30285 26512 19339 19482 14169 14075 12149 21052 19905 23806 13223 14568 6569 20066 7424 13498 19733 28746
8019 19197 14265 17570 9853 10815 13656 11278 21542 24875 19291 18526 14453 20251 9507 13446 13507 15823 3712 21220 14831 14836 10190 15038 20812 14615
16366 13067 16446 25411 9428 13735 12315 5949 15843 19886 15262 14856 19248 21332 8227 11064 19525 21094 8180 19669 23762 12417 3643 16966 24780 16311
13667 17276 16969 24668 9762 13641 7870 14391 14709 14733 0 18596 24071 13173 12974 19876 12903 12895 3180 20617 14305 12605 12177 19225 15536 16955
16219 21469 12742 28230 9849 30479 6017 12654 20683 21618 13966 20167 16171 17052 8526 12766 18297 17938 12115 14296 10852 7309 12045 8580 11789 18812
14321 23417 13171 16833 13676 8712 0 11101 21026 18093 11148 20556 18470 12681 17627 14836 20220 17989 11826 20578 0 10909 3828 25777 14267 23364
11762 15749 15887 14856 7597 16470 8746 8396 21317 27535 20351 20618 19552 11753 11176 16301 14361 22294 14146 17060 16273 16675 4073 23358 6038 25866
864 19635 16943 13042 13156 11597 12646 15382 20131 14645 12005 18585 17353 18177 10236 21303 25672 17178 9887 20576 26537 9850 18967 14352 22753 18548
9262 6575 5561 16168 10529 18956 11052 8364 21655 16323 8329 17822 16233 16275 13401 26893 17486 14457 9708 23524 0 11613 6817 10985 19028 25459
17915 16245 7917 25690 13423 24159 7581 16203 21814 16389 9098 18956 13215 21081 13010 29822 27903 12335 2760 14995 10370 7801 12723 6566 13329 14218
15688 23307 9872 11928 12738 19105 7898 11531 29222 24822 20723 18581 19045 18646 17676 21654 25185 24124 10699 18807 23795 9554 7140 24219 14017 20342
6662 7838 7512 18103 18103 19336 16637 9190 20242 22955 22717 16053 19641 16795 7508 12842 23952 17833 11389 21342 22579 11935 9164 22782 22403 27289
7946 22585 8955 11566 10810 15824 13167 13606 19516 23420 12407 19490 17081 20937 14468 17448 23253 15792 20910 19847 1107 16625 8540 4775 18876 25305
8847 22112 8099 9404 11854 18974 5420 11428 19171 23416 17354 20373 18054 14138 24639 19970 13514 17004 3019 18172 17135 11786 13368 18598 16852 19635
6849 22030 13081 10913 13380 20923 11238 21249 17716 27537 17019 16552 18892 17094 15074 21292 24336 21552 15956 17210 14793 13251 21995 24715 17567 16135
15119 10708 6329 29729 9518 14328 14760 14624 17027 16082 15370 17771 16542 17207 20842 17449 22437 16426 1877 16975 4329 18094 3861 9964 12348 14602
13869 21515 1276 29727 9812 16983 9659 10114 23568 21427 13466 20351 17539 23766 16906 21982 9748 14554 9656 21082 21719 11366 12481 7285 18919 21926
18136 28250 13186 10613 17164 11851 12117 13889 17197 23497 13023 20517 17167 17780 13514 35747 15590 15359 13449 23678 7413 14485 10586 15998 18307 19943
10469 30981 4322 25199 6577 18799 7690 8324 12879 18594 4588 16084 17849 21211 6669 22783 17751 13723 25451 19899 24116 20952 13682 10694 25318 20048
11612 24484 5594 19536 7762 16207 10361 7423 21335 22251 18147 18188 23561 10308 18400 22925 20840 9386 2937 23248 16691 17883 8580 21110 14689 28035
6002 17959 10126 19663 4236 15165 1817 12026 26897 23230 21384 19658 17736 20378 12807 31286 24865 19478 16553 17411 20545 13978 8148 21058 25500 20072
7081 22061 11368 22456 9469 8315 7125 13087 16261 17509 9414 19170 18503 18431 0 17567 17825 21056 11999 12061 19120 10610 11932 9952 16569 23911
16186 8067 2964 15127 5314 12506 15487 9741 22044 21106 10425 16255 19030 20137 21287 15152 18169 25031 8194 14910 21019 10461 8151 8079 21328 12049
3627 13381 18542 17710 8036 16501 1924 9421 5410 20577 1911 18304 17801 16262 8308 18343 25098 18127 9320 17510 10885 8553 14834 13344 14665 23701
15705 12854 0 20309 18986 5459 13198 18787 18529 19622 13133 19581 17234 13667 16672 26586 22464 24050 9348 15792 12328 12978 8058 24466 14927 23857
10133 27356 13961 24773 4197 25224 9532 10610 13116 8089 17370 21576 18208 16456 13732 25133 15917 18884 22129 19112 21601 11069 12451 10810 13173 18997
18411 15098 8725 20362 8368 7825 11922 17194 18260 16288 14955 18094 18572 21954 3231 9772 17094 21156 21419 15469 21915 14118 11718 16342 18355 25026
2308 22432 10062 11473 17033 14332 7583 14621 5298 13727 8551 17298 14143 16707 17479 22002 34100 17881 13321 18776 33072 14409 9214 23545 21881 19926
679 19618 4136 15665 15666 18972 7452 10598 16191 25453 4455 19145 13774 17671 12149 15626 24412 18353 0 17481 7442 13454 19263 13539 18904 21313
5379 19211 1234 9506 7737 12964 14189 12355 18958 13135 23951 15381 18482 19242 7591 11872 18588 18986 12000 22796 11779 15915 13266 11342 20130 17248
11537 16678 24783 24491 5906 18827 11972 7319 192 17180 23497 17843 19179 27581 16988 29406 15051 9620 27007 19099 22199 11630 4107 16889 13124 19860
13914 13390 16924 18453 19782 15174 15195 14235 18310 19996 16078 19057 22293 14918 18233 17343 21960 8732 18188 22766 17915 14166 17833 15502 14660 21909
9285 16432 6069 26384 4021 15437 14023 14232 22203 15943 16731 15458 21868 11094 14851 18041 16269 20287 9027 21703 25347 19571 16701 20167 21017 22109
8264 19902 5126 11830 6960 18087 11332 9390 29775 16216 10703 19001 24437 25770 13667 20104 21028 24147 22979 19888 24838 13555 8997 8995 20157 20100
14746 5626 20605 21821 17266 16133 11034 10467 2767 8210 17966 13181 17566 13529 16629 23236 19572 2658 7011 20916 27133 16531 17256 13575 21249 18065
12004 17262 16924 23443 6280 8270 17996 15905 23931 27545 24535 19479 21656 11760 11511 17535 23419 20451 11373 16416 23893 12246 6215 229 22267 18591
23137 10676 9153 20428 14325 19747 12887 12435 18945 11988 11069 18442 18292 14663 10425 30133 9197 17599 6394 18795 2246 9547 4892 10382 18331 18207
7309 6708 2844 14956 6814 18793 10453 14968 20498 13185 29716 14876 15892 15502 6796 18170 25560 18390 15510 16341 1660 14992 12492 22865 11850 27746
9932 20299 0 20633 427 11732 14593 11777 19755 23594 10800 16430 17757 19938 17062 15632 11496 15025 5311 13611 17532 12942 10295 13206 21163 19682
17857 13529 11383 23591 4793 8614 12722 11306 33131 11841 2725 17696 15895 14403 2908 24203 14749 25072 22623 18402 9886 12259 6291 17462 12325 18042
8397 9730 16123 15300 6014 18082 12937 20805 22866 20398 22863 14559 15054 17485 9094 11481 8195 22324 8779 19633 17834 9563 7363 10059 19025 18957
15776 20660 12117 24422 18920 17338 9596 10069 11601 13592 14510 19521 20691 14023 16822 15163 19828 13212 22299 22298 14060 7331 9291 11447 20139 14469
14155 12784 4567 16383 8994 19750 4176 7923 5915 20862 18791 19930 18423 19100 9480 36427 27305 23074 4044 19503 9430 10622 11025 4093 14059 14919
10681 18617 4340 13159 0 16620 16125 16692 18127 15317 22639 15428 18312 20783 12295 22549 16824 19632 15923 18972 1081 11434 18202 7777 23088 16960
17341 20457 13675 16255 2241 19550 13089 13603 22102 21097 15593 19087 20326 22414 12669 27041 11751 14436 15208 24262 32694 9957 8237 14491 15024 16806
11059 21620 16025 9319 14216 18407 16241 12609 13855 25061 19477 21850 20580 25372 4532 25360 19222 22939 18369 20996 11665 10662 17682 15135 17522 21267
3358 9762 11121 23054 4643 18983 10792 8708 14349 28629 24075 16810 16277 14192 7500 16019 19628 19220 18664 13921 20216 11711 3163 19831 21526 15190
5764 26246 3507 25918 1097 17778 7021 11386 21546 28780 15023 17875 17567 18398 8004 19247 20268 27600 13928 11183 17994 14556 5486 11005 13695 24705
17778 29092 17367 15323 1342 24785 7122 9761 15167 15768 15259 18325 21317 19962 16827 20031 18483 17990 3845 23443 120 20097 16474 15575 16605 21888
11916 26584 13984 12222 12492 10597 9910 9192 18693 18149 14398 18666 19280 21631 12654 15904 33332 10623 20115 19968 4348 11316 9658 10521 10911 9973
15797 14537 11661 15286 14882 22410 15751 8497 17926 22480 18662 20323 13172 18395 13989 20855 13532 19627 18546 22389 24787 12350 10431 18322 22599 14782
6746 23177 8453 18607 10145 14564 18262 11206 18784 19898 14876 15329 19992 20998 13735 22876 19700 22033 7757 23343 28311 12736 17904 6182 20970 19397
7763 21462 10586 12315 11702 16295 7608 10097 26651 15294 8971 17060 19825 18127 14277 14931 27348 13391 30013 16624 19359 8489 12607 27797 23389 15120
6918 22205 6922 26210 15618 21759 9498 15717 21799 23199 6835 15612 16699 18186 17344 26347 14785 21833 11256 17384 11938 13090 19588 14410 15015 19805
17021 15906 14196 20378 9292 11157 7420 14262 25977 9287 7216 17997 18280 15982 8661 27569 25296 11070 11550 24605 10879 16774 8057 13276 8570 13188
2446 12290 12241 15251 9835 10574 14061 13063 22895 13313 0 19549 15117 18411 11752 11435 13676 18056 6389 12836 15022 12719 10456 21734 18219 22692
9773 19067 12693 7312 8762 12607 12306 14148 17154 15570 19897 17991 18091 13512 3448 20550 9965 17806 21026 17066 4975 16277 12795 15576 12116 19910
9453 17450 15251 13860 6722 14044 7931 11751 34364 22053 16485 19948 14109 26805 11358 20724 19248 16701 8266 21519 15343 16600 16224 11682 16021 18632
9114 1573 19500 13351 3391 19266 6331 15378 24250 21834 16749 14362 17341 19374 14012 14052 17723 21908 19850 16862 22253 11155 12147 11943 15538 15784
16524 25112 24313 19137 6752 14016 16479 13981 22606 18215 19439 19201 19565 18032 10433 27490 24194 24544 5208 17191 23482 12471 7995 19201 17068 20814
10719 34968 12945 14799 0 22297 14965 12760 18577 22491 7502 15935 17082 17483 7961 20368 19381 19571 9163 20290 32028 15612 12060 15726 16036 23988
13891 24669 13190 19326 0 16311 11722 12815 17465 22631 9443 16763 15820 12727 9670 17158 23422 21017 159 16607 26511 14910 14993 17266 17048 23361
8188 12060 15083 20879 19942 6329 12165 13566 17548 27762 0 20364 18113 14307 7605 24207 15917 16477 8489 18028 21127 9855 9263 6045 16273 27674
8602 19157 18697 15272 6737 12107 11009 16725 16203 16465 7493 20780 23261 23120 17652 21055 23041 12301 20307 16741 22251 11876 7764 23663 19190 16055
9084 25289 14127 16310 11654 9983 10769 8277 19953 22476 24240 21104 20452 17617 12724 23691 23128 18215 12011 18952 10783 9425 13714 13815 28121 27202
15835 16568 7357 19744 11683 6879 13956 10840 20029 24293 24737 18594 12198 16474 8410 23428 21735 12732 14068 17727 16442 9751 17660 16965 15963 17910
22903 17928 0 27834 9246 6749 6315 10124 29256 20015 8915 18823 15837 8207 15976 10920 22605 16881 3779 21813 14792 12155 11724 6059 15010 21647
16627 29402 14203 14402 491 11209 10212 12043 21595 16105 17433 17064 13792 17057 15030 21021 10061 19702 18005 16983 28300 8828 18699 27901 21132 18991
9204 24617 11053 19731 7922 15919 10309 15817 26376 16224 12037 19894 17163 13978 13104 13903 23284 20926 17362 17696 14969 10962 3965 6115 15672 18792
9342 25686 14450 13976 10571 12221 3009 13369 16175 8016 4138 17130 17759 18595 11562 15595 6290 12571 16076 18528 12384 12213 8111 6931 15081 19705
11992 24878 0 26872 8604 15170 15995 13948 12283 15847 9486 20299 21435 22613 0 13179 19497 18212 1169 18070 16930 10334 5837 18640 20805 13678
17146 6864 19611 26611 8877 24836 13265 13757 8967 18360 17393 17763 15646 21393 4194 19029 11390 21034 11129 18538 15012 9944 4835 18754 14460 17585
14335 20864 25228 23677 12268 22051 13386 13879 12647 20233 12688 19396 12193 18631 13985 21164 19219 21852 12239 14171 28196 12334 11870 16944 21649 16285
17118 12859 14668 13154 21207 6926 18973 15114 12881 13639 16943 19525 19643 17994 9639 20543 18926 13675 18798 17084 17162 14241 14959 13921 27245 20512
9799 22212 4202 11783 2635 21478 15457 11553 25006 13112 26835 19476 18744 22009 7070 19761 30864 11028 15611 16684 14050 10286 13661 17167 14671 12868
5817 24398 22077 15828 6179 33704 14042 17490 8954 19585 15223 15378 19192 16976 14169 25113 18819 32748 11680 21467 7852 16062 8709 9395 18376 15092
11839 16030 20839 22216 15713 17005 14142 10280 15530 19917 6880 21236 16204 14590 17447 19537 21905 18938 5648 20314 22475 10012 11482 17090 16580 20682
15014 19306 20546 15192 22031 21532 16231 14571 21198 18230 20509 19968 19362 18307 12459 15172 23108 19544 0 17295 5164 14185 11697 11020 15400 14268
9577 20035 14670 24214 13056 17848 11474 15450 11794 17821 18923 18699 18985 17531 6041 15015 24573 18591 12366 15622 26490 10341 9042 9999 20478 19073
12929 16681 14397 11421 15123 15113 7976 10668 17225 17524 8710 18712 17005 11815 11395 18886 21667 13270 9206 22082 13340 8202 8724 17281 9842 15800
6223 30057 0 16520 7934 22392 10799 12484 15807 18418 14856 17761 18242 17250 7728 18677 21717 16560 9074 21478 16907 12341 2663 19464 17960 23772
11268 17754 0 20423 9731 25201 18445 10524 27721 13806 19241 15505 16625 20217 8140 16874 20890 24860 14075 20153 9904 14479 8790 12825 19058 25335
16463 14228 18985 18373 12676 19630 9481 15763 27393 25768 7783 17388 18973 23604 1817 21386 12408 25093 11820 16378 13398 14749 14178 17157 22715 13688
15402 15758 1614 21766 17737 17999 13062 7063 19273 24253 3429 17468 20396 21890 9905 7043 23427 16244 6727 17608 19466 11180 17091 23206 18298 16836
4273 24092 15424 29394 0 23318 4844 11906 17928 16472 12404 18862 19129 21543 8703 18467 23871 12424 2777 20244 16804 13561 8306 18297 15305 26104
7398 25197 12255 15669 8465 12783 11955 13517 20394 25872 4993 20395 16515 16953 6057 16890 17140 19570 10192 20401 1690 11725 11806 12635 23483 26550
6137 16096 13756 20779 4610 18273 10401 7847 22391 15036 5170 17478 20263 19037 7208 24437 17433 16944 8504 19522 16769 8509 7728 19063 19722 19385
6097 19281 1154 11353 8984 13756 9458 11272 19311 14130 20016 18650 23828 12727 11611 30284 18981 14133 10809 16937 26546 19769 5823 15744 17411 25746
14396 19189 14889 27016 8467 21420 9132 8519 24106 25412 11808 14339 15829 13447 17428 20191 20074 17321 11476 12447 21832 11841 12073 13231 11353 21828
9056 13449 395 21039 5132 17746 12580 13046 14260 15178 9489 20090 23810 20566 7812 24065 18631 18547 9504 19945 13387 13058 12822 9704 23246 22153
10934 17027 15396 12344 4658 16631 8253 12944 21210 18206 20274 16667 17047 17394 23938 9334 17980 21142 8908 22127 13514 12091 18251 11549 17995 17644
13566 5471 13877 12500 10857 19128 9749 10435 10488 15433 10831 23304 16457 24790 10384 29359 13686 21026 7899 10707 17200 11650 23151 19413 16312 16784
9201 18453 14774 25550 13677 16984 4667 14493 19077 17188 11088 14649 21186 14625 15755 14746 17468 23001 11212 18020 24107 8931 7113 26318 16419 14373
11551 18926 17516 18617 12854 18533 5156 10714 17907 13224 2381 17995 17001 17796 7820 18781 23563 18109 9432 21829 15649 9509 5758 18478 13585 19998
13507 18648 11154 15798 7430 13361 8390 7457 11115 14260 23605 16844 20108 20035 12816 24592 25413 15393 10960 20731 17458 10287 12999 20284 13273 22492
14606 27586 16097 22753 7892 8179 15283 9713 21009 8013 18579 19005 16591 26446 14054 11114 18497 20983 5016 17413 15505 9719 21909 17209 17170 27001
10483 20521 0 17864 12250 15785 14631 9260 19263 16569 7910 19915 13821 21083 8715 17155 22294 18488 16320 17311 9739 13601 7999 9852 19192 29128
11586 13532 9292 22974 14985 15062 6392 15115 18248 28052 18935 18680 18946 15975 10166 22493 20601 20951 4744 18228 4624 14859 18515 18146 19140 27474
9475 21483 7399 20513 16051 13606 13519 15149 20165 27539 2508 18984 14005 21136 7937 21704 27964 17879 23419 15087 14933 6417 15240 12478 18833 25220
14091 28335 1065 24322 11227 21720 13151 14103 24914 22495 26770 17387 13753 19907 19296 16362 21819 11972 9639 18441 22976 7440 11551 29492 7804 16948
11910 18153 12636 8769 6019 18962 10985 12447 20720 24008 8243 19781 17197 17441 11550 19662 26455 18771 18260 22396 23337 17525 19715 5991 15385 23483
11370 21068 6000 8852 16168 10847 13282 9514 23352 23026 24006 16949 22269 18037 15227 21387 13265 9774 0 16020 18594 17550 16044 20553 22269 21115
9881 19496 21322 13827 5750 19895 11857 9975 3030 19548 6894 22132 16685 17497 16223 17161 17958 16665 10558 19025 22949 16878 2537 11818 21210 19541
12542 15247 2115 23345 7768 18325 9266 5882 25790 18552 8995 19879 19689 21343 8225 25779 13615 19643 0 17500 26809 15500 8617 8213 18393 11716
10308 19566 12131 10043 1957 14948 11949 8373 13971 14852 22660 13295 16526 18370 4218 15505 15625 23538 20258 15088 23704 14138 4800 20203 15379 18024
15370 20049 12045 12499 12959 11938 13192 14682 15793 23541 24415 11648 15647 19149 20177 23606 19809 14318 1327 15164 9995 12281 15530 16917 21269 22643
11830 19431 8441 14913 10047 19390 13483 12169 25336 17136 7917 15633 17809 23852 6217 8044 20630 17699 10319 17525 23596 12011 17207 5704 16090 18829
1728 23833 14111 17686 15347 18120 13436 16351 20999 11170 19380 19780 18206 18387 0 22369 19034 18618 17100 14688 28721 9712 20982 12655 19693 22362
6714 12851 10211 20839 5173 15334 8628 10968 15031 30455 10216 18106 16036 21374 8773 27585 24839 13123 15614 17900 12627 17824 10361 11068 18850 13251
11126 14493 3748 10736 20729 23957 11408 6350 21868 21136 18657 13571 23101 20886 3919 18988 25672 13383 10929 19391 12399 9216 12424 9095 15845 25282
9746 11662 11737 3563 8161 18535 8318 10413 19452 15082 4408 19896 22218 13167 25586 23872 23642 19339 12974 18931 19764 10829 6562 8383 21214 21575
8097 16520 16664 8117 10941 24112 12918 10403 25043 19215 14992 17222 17867 18845 10235 24252 21623 16270 7264 17478 8711 11457 5647 16486 23412 21402
12245 29549 11231 22230 9727 11483 17858 9415 20359 15735 20280 20579 19615 21040 23408 13242 13673 17841 10316 22304 18768 16033 15504 10740 23116 28271
12354 16013 10995 16558 9743 13871 12732 11621 24773 14551 15709 20220 14460 19360 12226 20240 15823 16543 16322 17717 19655 14779 9785 10989 18557 13634
10631 21498 12921 20339 16128 9527 11564 11822 21617 8956 14660 17029 19878 18709 10291 18302 22629 12496 3933 17070 9307 15428 424 17965 15779 19698
15424 12491 17853 22901 22375 22271 13027 11387 12918 20856 24887 18391 20448 15625 12490 12052 26250 23070 2266 22618 21416 13743 6434 8093 18209 18924
16462 19233 13881 10037 6080 24917 10526 19745 16175 26499 23996 18817 16018 28033 5592 20293 21143 13611 5865 19642 22131 15951 9906 20989 16943 25910
966 19527 4847 24934 15826 16709 12307 18936 9692 16757 3376 13831 23587 21264 9352 16671 19858 21763 11024 19303 29137 18744 15389 14759 21199 34250
2861 29639 6968 19504 9661 24448 13056 10440 28182 21238 14404 17451 17865 18480 9317 21780 15125 7630 10380 17523 18258 11339 13440 14374 22193 15744
8031 31712 9475 14107 11121 19327 11766 13687 21047 25396 12140 18134 16600 15556 23511 29455 19768 14733 1095 14898 20444 4137 11345 16720 20757 21752
16842 24825 14766 27197 19358 21611 10059 11170 14111 9266 3320 20627 19129 22591 14379 5437 17349 15654 5284 18464 581 8770 11472 6970 10296 32341
15691 10368 8720 16398 5167 23068 7110 9751 10882 7413 14727 17317 18066 19474 7169 20275 21752 20786 8829 17430 16977 20003 5861 16258 22072 18671
8320 17168 9566 20921 5029 18232 12592 11782 17152 19680 15737 19637 18111 13611 4678 16149 17297 14996 20842 17578 20293 10369 9676 15304 24265 26990
15885 23118 22922 27242 11049 22965 8020 14474 19383 15757 17251 18352 16907 12047 14305 23830 20437 22322 9981 22349 22677 13199 12626 22584 17961 18068
10548 22290 10399 26445 15154 11901 11609 12519 16696 18197 329 20052 15557 15208 12385 30356 17587 9106 20498 14317 4681 9706 10095 17882 24680 23449
15501 31945 1382 13008 2909 12755 9706 14323 6271 23510 14874 17818 15235 22869 14494 9123 13862 11510 21766 18220 12196 10423 14121 8630 17659 16542
14001 19354 3189 27302 9883 18898 14475 10816 24961 19840 17441 11747 16973 16467 11000 20521 17843 22741 4555 17607 15320 13057 11470 21696 27510 16754
16292 24260 15278 9734 12866 22834 10315 13868 22257 18822 25230 16288 18649 15954 26785 22895 25282 23083 16632 18183 10810 11572 13161 20855 13231 19392
14153 21703 9464 24208 10976 15948 10696 10945 19599 19083 18806 21420 21534 19716 13254 15281 25233 14278 15409 17072 19227 8251 13429 20346 25343 19844
3580 19828 0 12565 9095 12202 10433 8760 15691 10462 20292 17418 21207 15682 13134 19257 16764 23496 15296 21171 15680 15549 18265 2819 17985 30761
5003 3414 14298 10836 19869 18355 10260 5951 15398 15532 5789 20035 17460 22808 15734 16074 27214 14443 17422 16222 13470 13845 18313 33980 15882 16846
21099 18828 9033 25723 12986 15841 13556 17790 13489 21472 4313 18640 19955 17041 23639 18778 12411 29203 12545 18727 4575 9612 9796 28772 26029 25242
15602 12777 224 22977 17680 14822 10031 14440 28601 18604 6009 18894 18998 16169 11143 28883 15560 24940 2280 17743 0 13519 14989 5834 17801 14348
10937 22907 9773 24657 13331 22993 11878 13388 25535 21633 7915 20956 20750 27151 9162 19811 19046 15070 2049 13220 19049 5847 14535 10490 23897 18543
11521 15897 10373 16631 16048 22271 5469 11981 12380 18090 8142 14398 20612 16541 10473 30720 21330 15633 19876 16032 14385 8135 11233 19847 24967 22566
3806 31552 12750 21850 14536 11288 12485 15172 19759 22689 11087 18538 14838 19950 15307 15953 12287 23710 12067 19722 14034 11562 8330 19802 14927 18251
9062 23623 18052 16156 7959 21558 8550 14218 25469 21063 19046 16721 15623 19904 15558 12592 17487 21957 2257 18324 20596 12258 8293 8975 20375 23684
8862 26955 8613 19555 8478 15767 4171 10373 16342 13304 8836 18309 17308 19049 12022 23850 13694 14748 6402 19432 6278 10852 14521 16890 13722 22464
15830 16476 15538 10603 6162 25120 10252 21113 20579 20937 18268 20509 15362 18019 9402 16086 15530 16617 12118 18573 11706 13615 6130 17171 11177 8387
15765 19050 2201 27596 6601 21636 11048 5696 23635 26681 21514 19701 13245 16439 10999 13554 13871 8972 22287 13956 7312 6950 15575 12467 17479 23880
7402 16423 14880 21031 7682 9969 7298 9411 9433 16031 24141 16536 14682 15665 13698 16322 22723 25981 8915 20099 9811 12468 5056 20883 13364 20269
15367 15753 6432 12235 7910 16166 8322 10251 21004 10427 8002 16309 19152 13361 18368 12900 20289 18380 7507 22317 15412 9643 15514 18015 21498 16215
11716 17277 10342 27747 0 15388 16710 11713 21119 20969 12165 19047 16182 17378 8723 25038 15480 27396 2397 16510 7725 12383 8325 10081 21212 17532
11188 10139 1827 24547 11084 10361 9548 10509 15556 26292 19342 19793 17211 16843 8311 11750 17581 21465 2011 21922 19033 15944 14353 13563 20268 24824
14422 18050 5609 10525 4549 21804 11250 16027 23188 14527 14216 20328 23348 21508 5187 18739 18906 14008 10067 20850 17919 11547 9410 8703 17247 20754
18235 22379 7555 23140 21754 4454 6082 12241 19905 19468 29836 17019 19288 11747 17801 11209 9626 19796 15211 15361 19723 10881 1221 15837 19022 35521
10406 16186 0 24443 5386 15270 5065 15378 18962 17330 10093 21621 20965 16349 1151 15272 17518 21100 4292 19318 11757 13305 9773 12435 17961 17878
9245 29355 11839 14950 14507 12918 17604 7447 22661 19726 16716 15767 18344 20616 9089 11746 29853 24214 13626 20794 19958 12315 11589 17943 6737 21463
12923 18795 4788 27038 0 12646 13192 11292 27275 23850 2091 21939 15541 20094 12324 23469 5717 17706 15459 20557 12594 10320 8015 9727 18871 20893
9829 13453 10266 26484 14143 12329 9466 13676 16843 22199 26264 15757 18310 13757 13123 17515 20114 18234 13421 16161 19877 11142 8801 17142 17400 15321
14235 13843 7415 21696 2015 14305 11678 17563 16641 17533 13354 19246 22323 14375 20480 22503 24865 20191 17788 12458 12261 11727 10741 19248 16953 27031
19124 20927 2257 23713 13704 20435 11969 16021 25604 15582 17764 19202 17799 23776 14247 21679 16007 26602 12500 16775 3449 14278 15094 20302 11431 19300
11830 17376 8385 18251 17034 17369 6595 16150 13921 15440 0 12798 16927 19692 5893 24850 22567 23645 16804 21948 27658 13792 17329 18556 19248 22555
8831 22341 22265 8917 15799 13718 12389 9532 21646 23915 4938 18482 18112 14521 15262 19130 17043 10406 8472 19814 21407 11676 19053 15114 13811 27888
13159 18935 13944 14758 5322 24957 8755 18194 14620 17461 20534 18118 13051 14384 2379 16549 17430 14765 16565 16574 23740 16377 13657 12932 12061 10284
6975 9059 18023 16835 3587 24712 9260 18157 15817 18911 7083 16254 15482 17881 7830 28345 23321 15781 11992 14897 17667 13315 10287 9864 12962 20688
18775 19337 12990 22390 12247 22022 11361 7093 15394 18072 15268 18318 17231 21654 19806 18257 17895 22658 21747 14926 16818 9183 7866 18097 25855 27779
4476 20496 10193 15880 1257 28101 13480 14048 24913 13932 8726 20270 21158 17909 11209 13296 16914 15850 7620 20199 21425 16300 13939 17423 16990 14822
25139 19160 6969 17479 7006 17974 8608 13685 13591 18585 9370 13814 17740 12745 8579 28896 13209 14135 19202 19963 22460 8092 7606 8084 18413 10499
15639 7066 0 23442 5465 7601 10449 16474 20363 22969 4391 17822 20145 13122 13471 19100 16730 20669 14772 16237 3494 15402 10237 9343 20256 30098
12572 23628 7027 12195 21922 6566 18396 11717 23058 22274 20662 16460 17606 17570 15683 17050 18954 14703 7666 16267 17836 11404 9873 10743 13798 16935
7203 13056 4830 26724 13267 15544 10390 13763 8806 18795 15500 18915 16421 20904 13552 18645 31687 23319 2045 25917 20689 20147 18745 24023 17370 24599
11720 17674 7137 20142 8988 14447 8193 10160 6069 25615 19410 13830 20805 21665 11196 13845 17345 14268 8474 20529 25487 9206 7708 16643 19921 26378
10981 21029 12631 19408 8151 11128 15416 7794 10090 14694 12720 21684 17311 18220 12633 27286 28515 22515 12458 17544 17525 12141 10918 9370 11548 17163
5695 25163 13554 24635 21322 28376 13813 13908 17762 17434 10631 23151 21401 24536 8635 28462 19840 18233 16742 21439 17946 16735 12241 15584 19916 20014
12821 19007 17154 25370 20669 3671 7545 15456 22992 24050 26174 16465 13867 11688 8108 18257 21623 7073 1284 17033 13209 9003 13951 19749 17966 13783
16362 18170 4491 20838 4309 17451 6351 16054 14683 15450 26285 17888 17987 14261 19867 15601 16047 25395 15036 16375 5715 8622 10070 15983 13726 14928
19417 26132 5444 22148 7100 16785 16978 12547 28474 16293 7830 18369 20404 15046 14216 9581 33991 21339 13283 21612 19223 9761 7826 20368 15580 24966
10355 23087 13373 17575 18825 12309 10253 14096 20291 10653 16611 20049 16568 10249 9184 24566 16658 16744 18632 21596 6541 13071 8264 19761 15688 19806
0 11649 838 10666 5354 10753 13788 13053 8821 19720 14875 19404 15267 14503 11703 23768 22796 23298 20219 17215 12465 10037 10555 17665 24422 19964
16731 23379 14038 19258 4712 24591 11238 14533 17530 12206 5837 14932 20464 8054 11032 17103 23278 11800 20965 20586 25211 11205 8272 16351 9093 23523
8684 18225 7115 20173 11249 11702 12602 11583 16007 25443 9158 14887 18241 22853 9961 22392 13920 25177 0 18302 12025 15266 12822 11484 12713 27013
8040 27387 22166 15345 1888 18599 15138 14351 23618 11826 13062 22318 18668 13894 19298 23532 25063 17029 11662 23365 13265 13266 12238 18016 19318 17721
13088 16236 1434 9622 6752 15062 10833 20842 10166 17387 19699 19743 15204 22463 10711 12974 13848 23474 12936 17256 15141 4975 6063 15900 18738 23344
4607 29708 6838 32128 11970 14968 12411 12552 21763 18131 12546 15822 18191 20962 14234 14822 24744 23771 10827 15814 6677 16604 14063 19019 22815 10468
17425 27698 9138 27853 15595 23521 16353 14845 19718 27198 13820 16484 16702 24476 10193 17231 24984 8755 8584 18492 10049 13997 10191 424 15694 17425
15896 16247 6708 11911 18217 15532 11262 10852 15648 11752 19692 16055 16527 14350 15972 18788 28527 19181 18527 22783 9380 18028 17994 10627 14070 29605
2785 18397 12917 21750 12255 12228 7599 13587 11356 22027 18726 20481 18723 18391 14064 26906 21888 14139 8544 15422 18363 15585 16575 15756 26769 28453
12702 24983 17280 12477 0 14272 3562 7960 24241 19333 11680 21047 13370 22504 12616 18883 16650 21335 19626 18159 19946 5057 15375 11830 22588 25460
13065 18782 4182 18152 11962 23701 13207 13792 22454 16200 7685 19376 14712 22798 24963 33752 28722 16119 14479 21134 8961 7943 17979 9533 17679 19186
12742 27489 6929 31486 11866 20776 8542 10982 22800 14303 24712 16243 17891 18853 6029 17528 19283 20225 5460 17840 23195 12470 12954 11994 14607 17329
13499 5023 14527 18075 20795 18507 14002 14171 21501 20862 0 20612 15336 16618 18983 21856 16272 22692 10249 21510 20605 10767 8593 14242 14883 23418
10199 23732 6446 25322 6219 9053 6246 20268 24143 22189 9390 17329 14848 11543 10084 15460 23633 12523 15812 14857 35327 9908 8615 13823 23260 17045
9026 23331 6460 23059 11061 16380 13956 14173 10059 25652 17278 20568 14952 9897 17403 13749 20071 21634 3784 17847 18995 7137 23331 11822 20007 23912
7337 21105 11895 16074 17229 3281 10419 16339 21957 20411 11046 17679 11778 15862 14695 14706 26807 17373 4771 19539 7427 5469 9859 22944 11877 21482
16145 17458 4025 16636 15487 19964 12932 13335 10883 17874 27792 20401 13177 18158 23915 15275 26443 17355 2445 22370 0 13138 9536 18966 26912 19772
6554 20425 5470 18850 3509 10220 15435 10723 16398 6978 18854 19820 14551 26436 10019 28424 18613 21866 20791 19614 20658 12872 12684 10398 17200 14125
8355 24932 8777 18698 7600 22112 9611 8570 4911 20611 11838 17394 19696 19087 13198 27438 22640 11715 7171 20272 20039 12987 18584 22045 11804 26083
6043 21829 11789 22844 16850 14733 6264 13759 26805 22527 17343 16417 15822 21927 19594 25656 13727 14719 9945 20291 15887 13803 10951 11759 17550 23505
2670 23511 0 20039 3809 12960 3477 10193 14445 19047 12012 24197 20014 18250 30358 15265 16018 14642 18792 21816 15642 9013 11945 5212 18109 8748
14585 11256 16570 12753 5554 15730 6012 12272 13618 15642 20763 18680 14901 11944 11847 12549 18482 23516 15209 19533 19774 4978 5799 10780 21455 19998
6989 22364 22212 11367 8806 13324 9854 13173 14153 17891 12695 14473 18653 14694 25822 27427 20163 21298 15215 16778 20103 10777 19932 8095 24608 16234
7850 19130 0 17960 0 12852 13431 14176 9617 13657 20358 17069 18216 18300 19289 29462 27404 19657 11047 15739 13798 16981 17114 8764 23000 9584
7604 18602 8706 21182 12510 18999 8210 14722 20313 20557 5085 16402 18426 19244 10854 12229 24846 15698 17785 21824 10407 18459 7450 8067 22233 17018
8721 24564 21598 14859 9838 9347 3235 10276 24349 16432 12888 16555 17111 21023 12305 20898 12266 15830 9368 19841 4749 8581 16552 25297 16139 23622
15761 26889 20233 22465 12301 14737 13232 10010 16821 12811 7633 21332 17257 16450 18040 17953 31186 24083 9523 19908 15898 12433 17912 27469 16970 21874
19023 23013 14851 14222 19878 17549 16443 11823 17212 12577 20373 18521 17177 18498 12707 18114 17390 18947 0 17349 28782 15822 6953 15475 12513 22799
7384 17317 10620 17666 12992 14604 8269 16689 20790 15185 18592 16733 16087 20916 9565 13183 14596 15427 7622 18214 15076 12461 17867 8999 14818 12034
16969 8298 7257 20447 15755 14246 7931 9820 36118 16595 18492 21059 15967 16669 854 26243 21644 25023 6661 17114 23926 6324 18131 3814 18982 21754
5169 22754 7277 5266 6958 18703 9107 13360 18835 23376 15509 18425 18177 19402 4861 20599 14699 19884 3861 20729 0 17007 9785 17290 9979 19773
14531 24199 9484 23137 9626 22657 13360 18764 21383 24456 11815 17770 18446 22131 16105 22106 23681 18427 12162 16298 0 17713 17450 20296 17744 19741
14723 34398 4 18138 10028 11540 16970 10641 12982 22661 3548 16251 19109 16432 19567 15112 19842 13725 2471 22483 12972 10146 13275 9105 16480 12489
14500 11299 14098 24114 8865 17685 13993 12717 8841 23878 12724 16247 13936 17527 10668 22336 22177 18365 14069 15978 25791 9200 11899 7790 16825 20828
9538 15567 17495 15039 0 11008 12637 14209 21607 21324 12033 18729 16196 23220 18006 18412 8808 17940 4081 16164 12477 13929 11690 26538 19187 10524
5600 22034 7169 31752 12090 12676 5902 10897 18781 21805 16667 21092 14633 14093 19420 9844 23647 15663 9585 17785 22128 13248 15375 3362 16492 27880
15390 15646 8829 25169 10425 13312 10191 17536 19828 16712 12340 14766 18594 23457 12251 19832 17686 20242 12483 16650 27571 11885 14348 17837 19237 22907
9566 20749 11926 17264 10053 15464 10747 11854 26871 22725 13895 18405 19414 19945 16694 11252 18014 18217 12878 15511 12341 14096 17855 13004 22735 19775
15606 23770 3779 26943 16728 13848 11762 12298 6464 25281 14844 21189 16159 21070 14871 23365 15404 23574 14510 14187 2806 11433 13453 14413 18112 22575
5335 8979 11933 29502 20753 20733 10936 11617 14729 18075 23164 18424 16660 17336 11288 12144 30977 16348 22662 19956 17872 8497 10912 16819 18361 21975
14643 20594 9896 15672 10397 14852 13502 8193 25198 14373 15598 19822 12282 16756 20049 27413 23351 18501 16908 17854 23740 12452 15475 18576 17554 18850
17410 14438 5461 11431 14874 19251 15357 13255 15231 17032 7527 22504 18415 16877 12469 17244 15634 11776 328 16243 25685 7494 2790 20568 22589 25432
19757 15067 17855 17091 10973 11916 18045 11875 18289 17604 11092 19655 18143 24533 13446 14046 23788 13400 9455 15053 23067 14960 3710 8606 21911 20873
