365
2 41 87 67 10 16 22 99 86 25 45 70 31 94 78 61 1 70 47 22 87 97 92 38 42 80
10115 17134 13756 20845 3697 17890 12840 9437 17352 18131 8919 13510 14366 24746 147 6832 19108 23158 20376 7949 9410 21546 23779 20107 28229 19098
12984 22452 15257 21181 9326 21324 21364 17033 13130 11683 10152 13135 4382 6254 4281 7992 17223 13311 19501 11217 14892 8536 11190 17477 17386 16295
6217 23483 17684 29828 8538 20362 24064 16994 26820 13569 6148 14224 10777 9772 2612 9469 15271 12467 18574 10144 8806 15285 25625 10572 12941 18425
14239 16886 16660 18446 8425 14214 19259 15857 15224 14353 14787 14296 13405 13443 9537 9490 18341 10664 25832 10859 3492 13090 27068 10706 14441 15891
15994 24105 14341 20170 11051 12762 1637 16173 15073 5834 12400 12700 11875 19760 12979 12459 18688 5352 15935 7556 11577 14861 12691 26118 7969 11471
12968 13009 18855 20965 12448 20551 23671 15210 18321 13557 16221 11725 17008 19933 11725 4537 14366 14705 11751 10863 640 21513 4253 25039 22501 12866
7176 19474 17337 14834 11586 22476 20178 13467 20207 2342 9012 11724 21032 17008 5175 13270 17540 21564 18525 5658 8034 16081 30660 11342 22787 15041
5155 23691 13235 26359 5511 15174 17208 17875 16705 7978 11654 14106 8905 24501 3686 13322 17988 16557 15235 8757 8050 12378 22508 4506 22488 14518
4940 19770 20918 18424 13379 21430 15769 19109 25319 11540 9393 15083 20613 8261 3309 14754 18883 9975 29202 7199 11025 15452 21792 15090 7650 14020
6911 16670 13242 18177 9917 17938 13483 12401 23524 3261 12409 10661 10353 19435 11819 12932 19536 24372 10379 18366 7443 17338 15165 13466 19255 17236
14365 20744 19857 19149 9758 19881 17398 17028 16976 17858 14665 15407 12351 12119 13511 9210 18747 13216 19004 13833 10980 9761 16878 6249 26263 20572
12457 16910 16258 22143 17364 12723 14850 17760 13770 9167 12402 11428 15369 18324 13830 12568 20729 17717 21225 5220 8584 13743 11962 11699 23293 18793
12006 28546 18783 14287 14191 30511 16161 17650 26578 13944 12502 8371 15095 14686 17940 10258 21167 3654 12564 10936 0 18342 27194 14081 15818 20070
7219 21971 17801 19574 10197 20224 20562 18642 18367 9658 11285 14410 16872 8858 9255 7515 19295 10480 21177 9588 16626 14593 17730 16425 18193 14130
15998 25831 22188 26224 4496 20490 10418 13457 29398 11274 10550 13140 10701 12800 16627 15870 18647 1212 18891 7634 19639 21705 18009 20715 19466 18155
9889 16391 14739 19009 10009 16443 25377 20656 23614 6618 14499 12970 11999 23804 11930 13814 17660 18999 17432 11838 16116 18083 16863 7789 13807 17827
13797 20523 19642 20390 8052 23384 16276 8086 13613 10034 18365 13909 12572 14679 10379 14509 20407 0 15043 9528 13669 11089 8678 14973 34952 19628
11405 10003 19280 19886 8356 30911 12525 17072 21919 17013 13750 11260 17140 10091 11267 11658 20021 14940 24329 7927 12107 14892 14825 0 22258 12522
0 10397 17202 23783 15507 24739 21862 12992 19770 16319 15898 11831 9145 26204 4452 8620 21057 7673 16419 4929 11999 22290 18503 21113 29179 15021
8714 19985 11621 19666 8800 11279 15037 10443 24887 13886 7919 14437 16889 19823 10410 13274 20877 21058 10604 14209 8520 15196 10773 22531 15248 15511
0 17074 16535 18422 12840 28990 15015 14849 25853 10552 16194 11439 7617 19365 8478 7087 18270 9279 24559 5061 5079 16834 4458 12793 14072 15514
1108 15764 18245 26206 10582 24825 12355 10584 23428 13237 12103 14612 16803 21433 9873 12534 20571 12521 18246 8776 14875 18397 13666 17233 14083 17481
6609 18518 17276 21062 4659 15502 12403 19343 19961 14479 7888 11831 11923 18171 10004 15381 19454 13823 15222 12377 16566 13431 20969 5208 11290 17797
17973 10821 14745 23191 9282 22840 17706 17605 12957 18377 8817 13912 11909 14866 15906 8983 20982 20211 14521 10785 9134 12127 14008 6330 15312 16038
7863 22609 16374 21135 13179 15382 19191 14676 18870 11631 14510 11490 10908 3451 11612 17380 21433 15583 24414 5035 14218 13144 23692 17205 25807 16904
6902 506 15841 21771 2261 16568 10928 16928 14114 13113 12891 11977 13523 16714 17532 11418 20788 12192 18259 15157 11757 17000 26669 13147 13823 16367
10453 25837 16027 22475 14316 11665 16673 15999 16709 12148 15880 15291 14355 16411 14706 11878 18307 17768 25633 7195 6905 10620 18433 13165 24306 16542
13535 26109 16694 15491 9960 16901 20182 15968 10104 15947 8124 14240 14567 22620 8871 8289 21722 6653 19722 10610 292 22761 7324 5053 23331 18510
9687 21662 16273 25015 18279 20959 28653 12772 13731 11562 11806 13436 16822 15339 18009 7567 21607 16054 12912 9939 18461 14993 24953 13376 18436 14441
15605 20619 17521 22051 13355 19773 16198 11683 14331 9539 10709 15500 21044 27679 11716 6760 15530 10029 26039 14010 13160 13697 31569 8606 14572 19765
11859 17439 14217 24134 5853 11993 7816 13798 20746 19820 10573 9863 8546 24108 13248 10407 20910 18835 21057 8855 14455 20817 21906 26112 21174 12870
9647 18050 20729 20467 12370 16049 17801 19081 24977 12513 13419 13857 13246 13746 12656 6753 17593 2580 24931 9541 16573 15929 17915 15777 20767 17983
16892 12472 18546 22104 12245 31072 18081 16447 19962 15554 12018 12827 16177 28650 7110 9492 19720 6591 17660 10895 7257 16997 17935 6432 23680 16078
9805 17813 15727 19924 12822 19683 12951 15764 16346 17512 14511 14578 16620 31578 4684 12197 19968 13812 17917 9997 7600 14399 21372 10490 16442 17168
0 21075 20974 14552 7825 18702 13922 16132 16859 11337 10590 12147 14014 31032 11723 5741 20064 1622 17107 2749 16494 21028 16051 0 10103 13303
4826 12889 16309 18967 6077 14581 11623 19690 19052 18626 14825 16570 16846 25844 8678 12834 17102 12658 20650 13336 1091 14520 20064 31264 19433 19089
6213 8898 16683 23801 12410 24421 20614 21332 22312 11570 15280 12126 9384 23013 11312 13335 19809 3052 14999 12418 21308 11873 0 24677 26061 13297
16302 25641 16262 23373 11901 16884 11707 18445 18372 18357 18863 14093 14466 20377 4838 13322 19540 3883 23322 12739 15354 11261 21661 3582 2136 8240
10699 23377 14700 18745 12577 25809 25720 6914 19873 9322 18801 10211 16622 22275 11354 4445 21095 7263 14591 8529 6905 10658 12440 14116 21890 17858
20129 21635 21362 21721 7161 20927 12342 13118 17862 14243 7443 16141 12354 14866 17176 9146 16934 11108 11050 7469 13152 20368 16050 14825 6069 17071
13415 28434 15886 9908 12026 13243 19703 14630 16242 18128 12199 8198 12502 13501 12626 14860 21004 15259 18759 11752 12657 16313 22382 21834 24908 13528
544 9452 21901 21190 13106 19526 28852 13760 22418 15375 14773 14551 11595 32592 16382 9953 21921 13745 11929 10634 5387 17131 15260 18166 12497 17037
18679 18154 18226 19072 10587 12732 14902 14100 25724 13317 9542 13328 12073 16735 8916 9314 17152 13187 20409 8728 3742 17800 7136 7713 21138 18982
19535 25597 14432 18375 14692 20476 16870 14383 28489 10717 9117 11705 12587 7518 11176 7983 19959 13079 15296 5533 7766 15448 16003 7849 24733 17207
1014 23875 18930 22614 5771 25417 7172 14587 17488 7334 17686 12431 19198 29398 9253 11665 17750 11824 14961 13083 15595 13090 27525 10123 17756 18456
5423 24529 16699 26119 11653 26367 15560 15047 13635 13366 14107 9420 9089 18268 11781 10766 20935 3556 20339 15322 7124 15066 12067 16328 11350 16271
3228 24566 16188 22988 8069 4684 19933 11626 14242 10312 9573 9660 10106 34395 2388 14580 18820 12527 16865 13332 11401 12293 18859 13421 17481 16984
7072 18811 15144 22952 7390 18058 34658 16644 22133 5679 10946 15814 10212 3666 11827 6672 18111 0 26276 11948 9328 16538 22721 6670 10558 17308
23362 20023 16211 21206 7599 15374 21743 14672 20278 9174 13429 11378 14313 16147 11702 14166 15870 12501 18880 8220 15294 13265 17011 36752 19482 15425
11182 8031 16957 22317 12985 24418 13383 18253 26797 10009 14042 11615 14858 20237 7918 7280 14800 8131 18884 9195 0 13426 19492 7493 22046 12040
14378 28858 15615 16996 4382 32792 18784 12921 16778 18031 15382 14039 17581 20747 6458 10353 18380 20793 24726 17821 10531 12522 16756 10205 38203 15373
5120 26153 19843 23627 11424 19176 9249 11428 18344 10821 11981 10981 12953 20062 3603 12284 15178 10718 24321 9559 2976 17526 1592 14293 15019 17976
11586 16033 15578 17461 12815 20650 13212 14323 20162 13128 15053 13751 13172 5607 12713 9587 19269 3192 19706 16107 6468 12896 19975 12112 12734 15252
11118 25523 20438 15069 9527 19857 14499 16948 10367 24265 14765 11424 13605 23443 7091 11949 20017 16477 15582 9108 1098 17207 18746 24494 25507 20414
16371 26030 17376 26798 8224 11869 26839 20464 15306 16732 12565 14240 16424 26422 16519 14702 19864 13458 18294 9268 7181 18962 6156 13047 18319 16447
18818 14634 21393 28900 19012 14103 11276 14810 15462 14124 10997 15218 10115 14767 7742 12497 20535 0 23342 6675 14306 15904 33399 13038 24081 19999
11090 12969 16240 18491 13102 20400 7833 14559 13078 8314 7644 13974 16584 16529 10626 7413 18025 18232 16105 9774 11550 19548 18042 32421 7883 17333
8651 20465 13732 15789 5740 16812 12756 14727 14349 14567 14603 9536 10916 4462 13928 11758 19245 9264 26369 9292 7026 19162 25850 3707 20523 15273
17318 38590 23342 18899 8582 8374 21516 12375 16449 6000 10745 12802 11942 10289 13147 12233 18148 19293 15648 14797 4059 21570 17687 23699 25045 21277
10765 2715 17104 15821 4244 20478 15052 11667 20442 13155 13037 14528 5783 10884 5785 14670 20149 7105 21690 5463 9980 16876 18764 20377 27176 14592
17045 15852 16411 19658 10462 23412 14367 15591 22035 14106 14309 15891 15500 26122 17131 10633 17602 11015 16543 16195 724 16069 21053 20545 21180 19193
5617 16915 16505 13448 11011 29905 3769 17310 11064 11680 12626 15545 15495 12770 14126 12283 20190 20738 17414 6511 5443 16701 33921 13680 8000 16983
17557 16613 13354 14700 11247 19094 27882 18641 19488 14275 12650 16802 8216 24239 2480 12440 18652 4016 18381 12001 5808 17203 12515 5664 17356 18943
25190 20338 12426 22262 5982 29272 14730 14397 23540 14870 19774 10648 18021 27399 7649 10952 18991 6045 21498 8393 14281 19995 16128 7782 20710 16691
4799 17717 14864 16828 11759 15326 20938 17033 22382 8775 9568 14152 14441 3184 10141 12081 20003 9927 21774 4562 5737 22259 13891 22687 14454 14231
9827 17515 19836 19420 15412 14579 14778 15995 20819 16056 14361 14129 20760 16318 4637 10377 18735 9384 12965 9985 4027 16041 28416 8920 21305 17040
9625 12387 20668 23150 8584 7929 11647 9541 21028 9988 14825 13496 18145 9807 4915 12514 19783 6570 8575 5954 6115 9444 10237 16682 23101 19835
15491 28326 14879 17412 12226 26369 7425 14485 22360 8053 18069 12661 15678 24098 1880 13331 19706 0 15544 17724 16167 14103 7022 15156 9500 16035
756 26113 19838 16046 18586 9888 8055 17990 27563 8555 16373 10948 15972 15213 6268 8425 17149 8799 18855 8781 4130 13780 22455 20478 15575 16888
18878 16476 17273 28403 7596 23810 24233 17657 8555 7279 12409 10824 16165 3791 14300 11299 20461 10060 24472 13884 12582 18798 591 7958 25123 16228
0 20197 19253 12694 9354 7864 8381 21750 21477 9389 17523 11784 10691 11617 17721 10361 17414 10491 14392 7210 13551 20606 25267 1441 25651 14459
6387 12369 21766 20376 16315 21443 7603 15860 12937 9940 13971 14651 8611 7651 9979 6232 19372 11879 10679 15580 11038 13689 18143 14935 10575 13865
7750 15038 14323 17215 14889 32605 12872 17949 20155 13648 15419 10222 13546 18408 8987 9683 20828 6867 13925 15640 17605 20570 21568 5563 11648 15253
12559 26255 16847 23186 12688 24474 34980 13734 16209 7901 12938 11246 11079 19188 7125 6971 18532 11268 26211 9711 10491 16844 11060 25804 17990 11170
4992 11506 18532 26653 14219 23558 13252 11412 21420 8021 10433 12453 13004 3689 14925 11368 19320 5732 19197 11226 12510 20322 19035 16815 13142 14113
15083 19432 15870 20467 10385 0 30391 15718 32737 7348 8714 14212 20781 17434 16517 15737 17587 15382 6577 9584 7279 14187 10229 21860 18487 13257
23867 25408 18788 23625 10236 10833 13129 17446 16528 15864 17276 9824 13721 0 12789 9589 17912 13088 16855 16019 13103 17148 16869 14517 4518 19355
6168 26720 18012 18707 16733 15765 10861 18336 17608 17056 7520 10820 15218 25007 6063 10636 19551 27824 17087 11058 7377 13697 31065 4823 13641 17062
6594 18627 18086 19425 12183 19692 21193 15033 13483 14489 14799 12724 14669 18925 12428 13922 18546 12592 22141 6594 10672 19479 21996 11768 14129 17569
12161 23795 14635 22275 11266 22428 30036 14108 12725 20408 13027 14223 9819 21415 7396 14168 20792 7646 19639 7797 10341 20247 17633 23033 24005 16994
7882 15235 18451 16855 17246 22680 17873 14633 19345 11151 13475 10600 14984 22909 5778 10606 21108 16014 23298 14301 13641 25179 19998 13318 23501 17434
6491 8331 20938 21264 8984 21585 8218 14026 15263 10322 14537 14397 17082 7810 2535 10253 15931 4293 17948 11410 1437 16613 13659 11311 16999 18819
15270 20667 21503 21425 8845 11006 26053 13930 20547 12218 17867 13286 15250 29079 6051 15944 16859 0 13479 9201 5784 18467 20818 6882 9331 18357
16044 10979 15698 16316 11134 23726 20302 14415 10559 16089 10303 11336 17508 10821 5687 13989 17345 15871 20759 9913 13818 24657 600 19414 7785 15747
19454 19616 13655 19269 7921 2654 15842 15494 10132 17769 13964 11052 17118 19233 12832 12715 18972 9932 22740 14842 18600 23984 22330 9149 26689 19990
9462 19921 20101 28122 15782 18275 37390 9188 28326 10453 15797 12723 14412 14444 17168 14371 17493 16729 22211 14510 2206 17285 14020 21826 14112 13699
16625 13445 17149 14836 13742 17947 15905 14973 15704 9152 13786 9812 12589 15715 11377 8567 16803 13907 18538 14503 10940 18838 18050 20250 10515 16130
13899 19953 15329 19982 6162 10621 26414 16043 16103 13766 14239 13563 16297 32621 8065 13128 18688 11554 14520 10467 7073 19876 19861 27109 17776 15154
10503 30569 20466 20153 11843 22082 17618 17385 10917 15586 7375 12851 15209 9492 9360 9483 23780 917 12421 8144 18489 19062 24820 2903 30363 17581
12400 17136 16822 25385 14695 5046 22147 15681 19743 5181 14554 13217 14588 14544 7704 11503 17750 12441 11910 9069 11308 12306 25502 0 13502 14489
6044 18135 19093 11460 9001 15156 8917 18534 18278 8014 11976 13641 10366 7028 15558 13424 19276 11196 20907 11193 13078 16908 32041 396 21597 13426
20300 23646 15744 19102 14928 21722 25005 16309 20984 10706 11527 13989 14994 20779 14020 14365 21211 8752 16355 9227 6568 15738 14712 15301 20566 15965
26700 13861 17512 18115 10952 25736 14311 17010 25741 14087 12073 7601 11830 12418 16322 14190 18653 7434 16789 8946 6613 15973 17877 12666 12102 16791
7484 28540 17125 20991 9904 13303 16865 19224 12837 8768 10587 14058 16113 23134 8463 20311 23293 0 27254 15426 13466 14869 16121 0 22729 15061
22355 14722 19651 12912 0 21186 14656 13316 11409 17883 11875 16000 11588 6799 11261 9701 18520 19199 13249 8748 8717 18282 14424 9290 20271 20537
6211 24586 17534 22229 8515 26494 13771 14954 22313 18109 13003 14886 13303 10759 12843 5565 18655 13268 16942 12370 4568 18667 26539 12554 15856 19516
10296 21012 15427 20824 8223 17025 24316 15121 14484 12277 13332 9588 12917 0 9180 6518 22828 19836 20957 7814 5024 15557 3259 14369 17452 16247
16475 18969 16680 23956 11776 26513 9940 17860 13983 8254 14941 12928 14874 21097 8041 14791 18913 18213 13450 13086 18844 7830 21023 24884 13372 13616
16623 20424 13969 23943 5220 11773 10247 18807 12739 17738 7368 15046 9832 12069 11853 12902 19604 12614 20954 10604 8280 9991 19317 0 25916 17807
10310 18696 15027 21373 18691 15850 18275 14817 14006 8213 15261 14387 8871 15724 19279 12627 18400 15379 13844 6473 14761 9675 26388 16176 11240 16646
13480 16541 19020 18549 10433 14873 11300 16208 15008 9550 8880 9552 12608 32775 3516 7048 15374 8909 17734 9965 9368 11294 3407 14337 3782 11980
8791 26793 13595 20422 6047 14609 29677 9513 20710 7674 17489 11011 8631 20362 9221 6314 17288 3617 15395 4270 14734 9351 19052 10434 30344 14944
12086 14649 18609 23615 6576 21682 3285 15700 18098 9313 15305 13801 13396 62 14487 12061 16740 12616 16680 14663 3405 14523 12564 10919 29209 14640
11131 19110 19175 15267 8487 22983 9165 9825 15788 16389 8283 8552 14028 25853 4572 10219 17850 10939 13353 21330 6777 18288 33376 17855 11893 14679
22281 14746 15861 15732 13039 22851 15507 16561 16804 12325 10254 13301 14965 26980 4452 12268 21632 25460 16336 9931 2940 15146 17545 19559 14904 14740
21283 13891 17453 21971 8863 26391 17298 13957 18901 5380 18721 15967 11821 22884 14968 10273 22071 8635 19836 14012 14990 16969 16355 6839 3163 15507
13940 15511 17649 15726 20429 27466 30083 11085 11582 16072 10955 12081 12947 19361 1893 11823 17922 2522 24935 10190 14407 15830 17282 28206 17486 11526
0 21732 20355 26043 12984 18970 19508 16782 18846 16192 12895 11829 11339 14710 11059 9839 23126 14368 13160 11515 8889 15347 28574 21482 21917 10582
13653 11356 18930 21654 13304 19491 15041 14474 14600 8334 10550 15308 9743 10865 8014 10421 19526 15052 16234 8573 15995 15788 12378 13381 15286 18360
14787 21358 14722 17887 7915 21501 15825 17351 18608 9122 16084 12262 16187 14551 9735 11714 18693 5669 10098 4683 19582 17475 21796 14543 18487 17336
16579 5631 15581 18147 16179 22711 14895 17347 13173 3990 5912 9708 11034 22890 5832 16009 24209 8274 23383 9851 12317 16380 15711 11470 14219 17122
1999 18411 13857 14943 11532 20027 25047 16871 24240 13465 11408 12344 15066 18881 10676 5626 21139 0 13518 7805 12426 16289 22372 14095 25421 17529
2673 22785 16077 21765 11139 18797 11047 18566 23092 19128 13624 15002 10085 17722 5731 8638 17653 2084 21669 3351 14398 17021 18817 9565 16072 16682
11133 24002 12686 19475 13148 27278 9817 12557 18193 18874 12628 12306 13224 16475 5908 6309 19855 3290 20259 7849 15755 8078 14046 12691 10125 14811
18089 24077 18018 16885 10647 18912 1919 14671 19044 13092 13686 14772 7078 12341 9400 11644 16228 8380 16230 9075 1741 19533 16972 25044 13106 14722
9092 22169 14780 21333 15170 14376 17870 14218 22236 10378 12503 10807 15731 5763 7953 9173 19425 16368 19615 11071 19515 14849 22461 16705 12707 16684
4302 19011 15499 19119 9202 14280 21796 21607 24044 13047 8445 7864 16387 18254 10276 7275 16272 15839 19518 9335 8904 11198 18862 15582 9096 14149
1003 16581 14267 18617 13402 21900 18633 15997 13227 23560 18120 13351 14203 928 7622 11276 17728 21461 21264 13301 5361 15162 31291 14812 11904 15025
10508 29370 23860 17968 7352 24866 22154 12309 19490 10703 14295 10791 11203 9006 14581 16499 15348 14685 12979 7762 11236 12947 28952 12600 8514 15762
10260 17043 14786 20823 12506 11488 18573 16179 21312 8422 11758 11338 8727 15936 7022 11748 17381 12279 22533 9088 6914 17343 31600 9041 19672 17568
14178 18578 12702 19180 4220 20590 8830 9857 14490 25558 13753 11328 14237 12621 9108 14575 19996 14165 18959 12751 4411 20159 17200 17189 20089 17008
14660 31804 17071 19862 11453 0 23520 16296 25857 16328 14881 18286 12872 18287 8176 10493 19801 14648 17479 15877 12505 17570 20355 16397 9469 14109
11629 11266 17432 17203 8325 11029 26965 13716 19603 12789 14026 10636 15090 13793 8996 14442 21136 4655 22219 8622 7130 15843 17344 14264 24691 14394
11734 14812 17653 16674 7106 30847 14104 15840 17827 15534 13121 9335 9484 8838 12256 7905 19381 0 22541 7331 21072 14477 22115 11643 23968 14431
0 28340 13778 15471 8046 15119 14217 15445 21784 16006 8978 13395 18014 11756 11788 8212 19912 6591 13653 6842 12462 14714 27032 1742 14087 16739
11338 24630 18972 15889 10155 7658 8048 11525 12497 7373 14391 12094 14087 17262 3538 10334 17676 4990 15281 12522 17440 14918 11365 15870 8132 16283
8840 21525 15455 20954 13588 16433 21173 10725 15360 8211 10043 12447 19388 20613 9293 12640 16776 17841 17344 15323 12970 18474 11485 21088 17598 17100
9940 18406 17428 13839 13359 15658 4137 16681 10156 17911 9937 15092 16238 25403 12011 11601 18027 14866 18631 13429 16215 18279 19457 14846 19777 14540
5321 24736 11970 19118 12403 18699 20129 18277 15688 17989 12883 9186 9737 7460 17637 7767 19499 14511 15778 8514 11226 18972 14370 11808 20297 15568
14550 16512 22715 22723 10605 12353 12525 14886 20681 14691 10604 12482 14694 32347 11105 7135 18560 4426 15908 15702 12219 15236 19937 15689 26596 15813
12161 12339 19549 16560 18943 15182 26454 15174 18387 10660 7776 13877 12154 26221 14035 10603 18285 6052 15789 3932 6709 20028 17188 0 17875 12328
17206 13846 13099 24117 16134 18427 26281 17680 23260 20078 10555 14858 10148 28818 12754 10145 18207 7314 18765 10758 8805 14845 16878 12192 19546 17307
16151 19038 17649 22298 13887 13777 18071 13988 18762 21446 14610 11982 13077 9751 12081 12819 20103 15298 17667 8261 23167 15045 15476 4177 15534 19280
3129 13957 15582 21291 9047 12223 12568 20470 16287 12233 15715 13352 12502 3777 11683 13770 21565 12411 14063 6861 9715 16711 19605 6703 8939 13880
14044 11809 18007 18090 9609 27923 14786 14369 22946 11609 12205 14742 9791 4855 11902 14766 18709 5215 18393 12155 4857 20425 5751 22604 22617 16578
21934 12287 13858 22408 3941 8927 13668 9803 20842 14881 7010 13757 10761 17247 9332 10882 18810 10580 20123 12234 8714 21131 22404 19461 18840 15252
11833 12101 18956 18658 10810 26840 28967 14941 19922 17867 13534 11358 12056 31834 10824 8738 18992 16520 17331 13049 7441 12982 22863 15448 25039 16130
13956 23020 22614 18630 11502 23476 26166 13360 5660 13311 9684 13811 20754 12088 20023 8537 18380 12323 10345 8834 10235 15044 27342 20800 14325 16890
29274 22110 17143 17642 7727 10555 19596 17933 21990 16330 12199 12988 15733 2429 13976 11323 16915 27116 21791 3454 20747 9076 17065 13030 15156 16969
10843 27758 17761 15431 5510 21371 21081 18231 20253 7235 10321 8657 13199 19808 15276 8162 21334 3084 17829 12061 7153 21014 13506 10994 21561 18186
9630 19813 15424 18119 7430 16441 22233 17439 12928 11573 16662 12334 8255 18388 13851 10996 20491 15453 15269 9354 9791 15340 22236 24676 7986 17801
0 21428 15239 18775 12781 9410 9452 19956 13889 16366 14700 13503 12058 34714 5517 12389 17119 13747 1627 6627 9117 18120 11852 13112 19936 20448
0 24862 13422 23614 9834 21548 21492 12868 19292 18295 14194 11673 14086 4568 7163 11431 16546 14315 15810 12595 16968 15248 16908 17149 18920 8458
7005 17701 22303 14568 7361 17262 12365 17532 14382 7529 10074 10376 14543 8655 9732 9880 19397 17951 22047 11093 6332 22302 10247 14513 17458 15864
14671 11390 18497 17007 8051 20259 14850 20850 12226 22509 13519 11234 24541 24541 7721 12004 18741 17779 20942 15324 8999 16625 20356 33901 17608 15857
11539 15733 17760 18564 3188 28325 23725 11790 11171 9465 11829 12468 15179 20341 10152 13376 20229 2086 14854 11287 15649 16934 14068 11143 15210 19574
12754 27933 16390 12804 11817 10950 20179 14431 14059 16682 8946 10717 13588 25931 13441 11982 16086 9790 18910 8858 11403 15600 13274 13904 21110 15160
11779 14716 24741 17911 13512 29758 21473 21059 20193 9221 10967 13995 11772 19677 5883 9220 24475 8321 19813 5445 11805 10068 17074 5478 6921 16238
9180 15170 17339 16447 18209 24281 25659 18176 27921 7636 15099 16899 15162 0 11742 12739 19955 1361 13593 13595 11367 8270 10472 22673 21868 13884
9094 21733 13233 19666 8247 15989 19309 19171 26378 16191 11102 13370 12860 16310 14535 18601 19252 5510 15917 13320 9337 18438 7320 27517 14546 12603
23138 19471 16114 17518 7667 21339 14046 16066 24903 14951 11144 17724 16186 11065 13983 10159 20106 17133 19899 10180 14935 16592 29489 12252 13988 17314
10864 20646 16466 18871 12322 28724 14717 16134 16658 7307 10091 15013 11647 27352 3473 14117 17928 8033 14157 16701 14984 16045 21606 9455 16200 16292
3631 19357 23344 10256 15117 10736 6054 13482 12473 13118 13709 7891 10371 15970 9865 11322 15425 4195 21085 14514 5644 19665 25062 18685 5114 14231
1919 19367 13456 18619 11746 10841 4750 15808 14025 20099 10642 16482 16178 142 9632 11982 21044 15017 26401 15688 16101 15749 22367 13525 19092 14871
11548 21030 16229 20193 7842 19449 16049 13816 19136 6565 9624 11450 9878 32143 13490 13189 21875 5212 22297 8817 14077 14165 20969 18531 23876 13768
9424 29245 16589 15026 8924 14267 24729 22333 26002 11079 12311 17432 13494 23220 19964 12816 17994 479 18448 8655 658 21110 21977 24101 22841 13732
2764 12417 20827 16604 15303 27570 20637 15887 10351 12582 12333 14672 15083 25784 15526 14213 21696 6417 17838 13378 22560 20580 30730 3079 24287 15294
24301 18888 20204 24159 10194 16341 16105 14092 25269 9702 13687 15585 17047 3876 6794 6566 19063 1776 16020 13452 8580 15096 40642 23486 20753 15990
2816 27831 17307 18987 13057 20125 21665 14224 22016 16730 17413 13282 13457 19316 14378 10404 19381 18872 18185 8703 10597 11485 22098 14595 22634 17314
13836 27473 13849 17299 10402 21282 16200 14177 18510 13397 11092 10430 13207 10746 11634 15287 20513 9537 12454 9626 5756 22520 2414 14109 11746 16082
4691 14819 18943 25237 7325 23357 17375 15620 21316 15819 11004 14225 14581 17706 11394 11007 18999 20777 13433 10846 7920 8021 19962 14071 22947 17819
20056 27426 16053 17390 14568 32664 13966 20045 10858 10481 8292 10029 11710 3902 13148 11778 17932 9979 26116 5607 11599 17657 12798 7944 17966 15412
6809 15108 13397 16006 11207 14247 16787 11971 21294 7397 13797 13881 12366 17191 5974 10915 16480 9947 7562 14079 9124 14047 7791 15553 21316 15693
7240 8915 16900 21277 12535 24949 22948 15464 20556 9482 14364 15341 15103 29072 8685 13557 20438 21768 12814 15972 15583 8927 15748 6072 3543 18154
7101 19424 11530 21109 8798 27304 29943 15046 22967 11161 11819 13321 17715 19531 11392 6268 19207 13251 16898 7719 14834 22690 21659 442 5787 13966
17024 25806 14954 21975 10627 14423 16685 9845 20536 12578 12395 10292 16437 14431 2009 17810 18132 8715 17830 10807 17245 12574 28813 19749 20734 20081
28052 22929 18998 23702 15868 25515 14164 19934 22810 16749 8392 14973 11029 18874 12487 11562 17167 18220 19506 7886 9536 12271 15673 6592 22803 14192
8219 20126 17479 21338 10450 30815 18767 16018 21201 6719 11773 17579 14148 10289 13239 18035 22585 8945 21314 16481 12559 13264 29995 16348 12890 20555
18111 15745 19474 21274 5277 28314 26092 13086 17340 24606 11482 13032 15914 14589 14580 10664 21326 11736 16322 13491 13525 8000 15767 25186 4214 13690
13876 22758 18512 18221 8961 11992 17337 17252 22805 12156 13201 17830 13109 3212 9408 9555 20243 20442 15613 15131 18631 14127 14121 18664 20643 20508
10702 15964 15977 23745 12514 22179 15254 16783 19312 8829 11314 14021 13390 13097 11694 13934 18131 11255 15331 14224 19008 20075 15186 9493 21599 19710
17698 20231 14396 22055 8489 3623 18536 12860 13994 16090 13303 13051 16339 11407 12928 11012 20659 10387 22410 11381 10676 14994 15981 19261 25799 13284
9367 22791 18849 17417 10509 22592 26352 16142 10202 17303 13424 13519 18035 16199 9922 7531 17371 10221 16584 11453 12337 18598 23833 16211 22500 13076
3810 15262 17360 16504 16517 21805 27280 14443 16020 11496 14075 12006 19236 13058 11220 8302 17370 13841 23425 6595 19861 12009 8611 3056 16389 19270
8663 24898 14053 13677 14811 10460 20188 18374 23410 10510 16079 12321 11138 10503 13090 12980 16835 10930 12488 17164 5704 18758 14739 11248 7871 18959
14025 10143 16778 25709 13758 16128 12540 14701 11783 10785 7936 13677 16758 13786 16933 12038 21353 2109 8305 6718 11248 12846 9119 22893 16060 14837
14134 18066 14975 22774 15111 25364 19759 13417 18844 7088 12390 15256 13561 20492 13462 11930 18498 16152 13717 12299 8902 16819 12814 10850 14718 13173
5693 25710 20857 21998 8802 31873 18165 13625 25135 18736 10777 13442 13679 28267 11133 5139 21037 16072 16825 8462 9723 15101 19315 15705 16923 12510
7943 16494 13597 18116 17142 16446 14005 15358 21630 9990 17392 14462 14816 10565 5116 9312 18740 11691 19756 13226 9914 16938 19010 8627 28483 11961
7891 7146 11384 23135 14236 28585 19817 12116 11393 8603 16525 14261 11763 20553 10735 12150 19446 3251 19608 10891 13828 18246 28206 16107 20104 19640
6927 25641 14777 17943 20621 17987 10333 14256 22128 12103 9710 13854 14634 19756 11546 11633 21114 10643 21701 9348 11017 17432 18644 9358 12713 16384
22078 24533 13502 22262 11536 22587 14171 18161 18433 13516 8654 14553 18251 24470 3840 11348 19607 6414 19159 16565 12221 16279 10846 5875 8266 16396
0 14092 14062 25929 14260 20019 24216 12585 20250 7605 12317 14719 12253 5866 11111 11108 23537 10813 18199 11280 7070 17001 4749 11995 14644 17157
7256 26564 15004 15834 6995 28558 27364 16658 17915 15419 17223 13604 16602 18400 2267 6444 23810 6676 22503 11553 15338 19271 13768 9172 17574 14487
9191 25207 18345 16040 5746 21014 18124 12124 19329 16801 11735 10838 12059 13166 14766 11436 18995 14885 20432 13386 10154 14240 1688 10551 24708 14135
11510 21447 17083 25325 7865 24880 18155 12407 17904 16898 12870 14527 15623 14225 11839 8679 20850 21487 16415 15358 1385 14126 14274 13189 17829 17947
0 22925 22054 21366 9464 22233 13721 17492 15470 12992 9316 13482 12889 14418 13112 8914 19414 17264 30458 11995 10023 16052 9789 0 12551 18632
6550 21355 18230 21069 17603 16295 21764 12608 18294 10904 10310 11293 17317 13438 9783 12671 19606 13273 23926 6079 5741 23302 0 9555 4548 14627
0 19889 18960 20047 11688 14960 17565 14876 16593 6286 11357 11604 10130 18582 8053 18104 18672 11679 17675 10395 7349 14736 4932 19584 16739 11472
22198 16083 16846 16660 10750 26633 16547 14845 15939 10829 12852 12031 13273 12352 1958 12421 15791 3230 19370 9497 10074 18859 9753 14564 20284 16479
10109 25517 13910 16213 7675 25348 11491 16548 13399 10742 17295 10230 16421 12879 8704 7733 16027 11921 15097 6466 11774 17623 7535 23013 18059 14130
16088 13760 20592 22137 13240 19907 12435 17682 14744 9704 9471 12314 14291 8071 11236 7591 19095 16286 16831 11943 6856 13147 24622 25432 27095 17831
19827 30068 19538 16095 13004 27439 26990 13745 22690 16586 8708 12524 15512 13018 5598 8963 14013 10982 11608 14283 2577 13458 15577 14465 32882 16657
8575 18672 16396 20206 5624 12363 17650 15032 16744 20523 14282 15552 13008 16827 7593 8999 19000 17696 27818 12201 5252 13671 15408 17190 7670 16014
19810 20383 12984 18529 9406 18433 17101 14331 14857 16019 10485 13336 18435 16158 12928 6385 17216 9632 18827 14525 12190 18712 15290 15337 14316 12338
15109 18090 15842 22444 4645 5457 21529 13291 15712 12169 12988 15746 14807 23810 16243 7362 19154 216 19041 11133 3758 12987 8023 28473 29085 19750
2644 15530 20295 23552 15735 7409 20886 12690 13731 14098 11395 12840 15701 18338 11939 10334 21166 15704 12666 10770 14814 17121 19025 9860 22417 18233
17190 22141 13727 12367 18570 24838 16044 13659 19049 9960 13688 11426 15883 7655 5139 8799 19737 0 11853 5492 7992 22034 22912 16227 18597 13615
7100 20698 19294 20271 13863 27972 36086 20433 18139 14995 9690 15775 15600 20709 17320 13871 19154 18297 17697 14233 9532 17656 21205 13193 19881 22335
11183 17920 18157 15708 8017 24715 17720 13621 11508 6633 13622 12059 13964 13892 9397 15108 19290 8554 13747 13313 2529 17164 25652 8036 20901 15451
3731 18561 20616 11900 15722 17035 21354 10464 21921 4403 7053 15132 11528 12891 8752 11290 16925 8939 20370 6487 4515 17061 11549 12539 13597 13836
9267 29815 14311 21057 15936 20818 13964 14282 11822 15177 7983 9249 20330 6052 10069 13353 18438 19167 9765 9201 10692 15155 15170 15000 25327 17711
9661 23848 21929 17890 13794 20018 22177 15040 20507 13651 11952 10888 17157 17385 13803 13513 21516 11241 17442 8493 5336 17048 18497 13297 569 20005
13675 25605 17347 18743 10269 16393 15774 11581 27352 11276 10618 10803 11661 24933 11564 13838 17730 17136 25238 7369 3634 18138 17798 11157 19050 15772
8412 19792 16658 27731 12244 12853 29335 12972 22986 17083 9112 8731 13486 22941 17190 12028 19188 18272 19430 9711 15823 14714 26356 21282 30057 20280
8116 11982 15615 14349 13726 17522 14190 16327 10791 13734 6437 18540 16275 14270 9209 14782 16542 13952 15114 13568 5977 17930 20492 1335 14966 15619
8211 16297 12292 20379 7185 8861 17461 16651 13075 10124 13869 10600 15196 16332 10191 11922 21517 12442 15520 8148 7466 12438 7909 18773 24349 16626
17815 22239 18924 21767 12715 15896 22152 17581 25915 11906 10272 10816 8067 5828 12503 14401 16631 22894 15809 10857 15856 20723 16353 11589 24918 18633
334 25549 21539 26170 13217 21896 4780 10427 15180 9900 13133 14338 16428 16161 9189 12672 20280 16346 19797 11889 11984 16532 26181 23907 12683 20869
7924 4967 14213 22460 13467 20962 24135 16378 12085 14368 13910 9475 11630 16526 7750 16377 18659 4336 11301 7609 14960 12898 20596 11318 30814 16087
12212 25794 17420 17806 11897 10901 17005 16312 20537 12640 16201 11731 12859 19167 8491 10112 16834 3026 12418 10064 8994 19586 18479 20613 19930 13541
15477 27268 16927 20573 5013 27093 18578 16195 22278 13599 9595 12269 14163 18327 4359 11416 19880 18005 23394 7203 13326 16029 17838 10097 17850 14265
21991 13773 14112 18070 8701 21555 22559 9902 15776 8105 15121 7118 14370 3289 15721 4781 19426 8296 19266 11079 12628 7679 7490 19523 27863 16646
19660 12408 16942 17793 3501 21452 15635 13128 19249 11676 10507 11896 13136 19854 12256 13163 21253 16696 19047 10539 10834 15844 26664 15758 15954 22197
9607 27916 15306 18570 16335 25458 23977 11638 14818 17206 11973 17736 13118 11770 11884 15737 19461 8819 12290 12327 4064 11111 23267 18544 18957 16454
15652 20126 18306 20856 9766 14397 8801 15561 18571 20899 14914 13881 14144 9473 13313 15715 19510 0 9952 8424 20451 12965 14331 19251 17207 13173
4505 16808 11622 20043 10716 6590 5853 16367 13282 8691 11985 12910 18043 12947 3833 13928 22750 9646 17391 9928 6337 12341 4632 12620 24554 17194
9040 21034 17612 15641 11034 14273 13527 12345 12784 25646 6196 12896 13955 8538 11154 9056 18411 15255 12506 8407 11559 15838 12244 14640 15191 16333
4845 13512 16313 12849 11942 23114 9295 12408 11322 9832 10282 12727 15429 25534 9192 14028 21999 267 18079 7712 14122 16678 10912 19556 6505 20314
14212 22402 20279 18242 16280 27032 24035 15465 18404 7517 17438 14377 13917 8979 10370 11863 19606 2296 19013 12849 15451 15756 12058 14083 20944 16195
9513 18272 14760 23676 6787 12888 21291 17670 15506 25539 13461 13746 13522 18797 19575 6692 21404 10640 19867 11289 6934 17257 21658 10411 23302 16227
16633 15238 17246 19245 1750 17090 10047 14731 14459 3307 14228 12453 19351 0 9322 11811 17106 13036 20378 15677 14713 16439 8439 8231 15353 15720
0 16840 18610 16120 10923 35170 18485 14454 20165 8414 9306 10852 14380 22728 836 6914 21562 11730 17816 12044 17839 17968 33587 11016 19707 17185
20772 21464 15774 20381 7235 12612 21064 18843 15878 9141 8176 12432 7456 26157 13853 5629 17587 8783 13553 8694 5046 14378 29695 13331 11420 16772
3158 28147 16981 18077 4031 15017 0 14772 15095 14968 10870 11523 9005 11900 9046 7869 16252 8598 16990 9020 16745 8678 12760 12077 12390 10958
5998 9968 21117 19635 8348 21913 20433 16554 22303 7727 10725 15645 14208 16205 10238 16592 18385 12902 18688 8245 5846 13180 19796 7627 11604 20778
12786 8564 20811 14476 9972 13459 17292 14695 26216 8793 16948 16577 11242 21625 15042 15577 21864 11962 22067 9464 5357 12509 16855 19409 18985 10636
16531 10536 16586 18641 10473 20006 9408 16197 12832 13730 8814 13622 10951 18394 9355 8935 22483 481 17127 5837 11798 20211 12418 13751 25490 14534
14005 28508 19661 16422 9280 19081 8122 15793 16555 8517 12618 9369 9632 15611 13694 8705 20713 9716 13918 10757 7858 20575 25058 20289 28276 11163
12202 15380 14363 16349 11729 11127 19312 13440 20237 11394 10665 14476 17480 24852 11583 11663 20847 9323 15987 11146 14995 17210 31092 18600 21736 15785
24229 16754 19666 26850 3478 15927 15797 12105 16858 8788 15925 14416 13956 16173 15854 10547 21994 14893 18763 4511 15431 18939 22692 16419 14089 13166
21014 15251 14835 18652 8724 19667 17955 12346 11629 7395 8998 13713 13261 11939 8429 8083 20472 13980 22177 9869 3194 27387 13722 23811 24996 18968
19396 12146 21547 15410 11412 21051 9562 19681 22676 1208 10063 12452 14928 15341 16187 10034 18626 10848 20956 14254 18857 16167 22394 15970 24100 13243
10456 18535 15398 19832 10089 16829 28393 14007 15335 10249 14928 13962 11142 31223 13342 12344 16974 17581 16805 9990 7235 18302 14507 22439 18686 18532
17754 20667 19028 19885 10819 13221 19085 15032 10774 14412 13008 11839 17772 11336 10274 13485 19239 5306 17844 6202 13537 6546 22197 5699 14057 14854
29086 22546 14938 21178 14491 26138 16788 12444 16558 14981 12483 12042 17687 19892 5996 13848 16925 8991 15549 11331 24723 14594 19184 4887 4814 16638
25253 11454 15389 17068 9996 15882 5278 13453 13514 7059 12585 16840 12379 6991 17356 8688 21831 12618 20410 14147 5545 6775 21257 13353 17447 18414
5150 26066 23741 17286 5077 20020 18636 16432 15654 22128 11931 13786 12145 17322 3169 15117 22882 10300 24680 9650 18570 12506 18885 12350 23329 18464
23373 23632 17536 16613 7666 18103 15925 16403 22614 21802 12764 14681 11051 15893 6142 15753 20727 12805 23411 7510 11964 20565 21191 23212 17551 14881
4085 21587 21913 20889 9785 26293 17866 19963 21714 11249 16893 12638 14809 18598 16897 16060 20337 11957 15486 7481 11999 20595 12328 19299 22770 13419
4281 10399 19144 16836 12948 19868 17722 13969 15426 11622 13193 14878 12956 10906 12338 14948 18600 13321 15755 8789 10170 13859 21059 24874 22997 16227
23862 18284 14182 20068 10338 25882 18960 12655 29493 10240 12353 12250 14968 12000 9991 11477 22170 18155 8532 15892 1101 23672 25494 22816 10442 15355
5406 32704 12177 18480 10724 31444 12924 17938 24643 14391 9357 17405 16265 14711 2064 13952 16601 11533 11238 9426 2978 14116 26347 12750 17983 13424
16361 11665 21363 22403 12115 21064 20840 18129 22521 10576 10599 14331 15985 22420 20871 11628 21599 3625 19326 10887 6885 16283 5400 13788 21640 15430
5571 26437 16875 18204 7267 13453 9895 13373 19663 14423 6396 14906 12001 21814 11380 11539 21343 22204 13218 9175 13751 11414 15520 20375 24539 12959
6260 14219 17873 20481 5454 21575 13986 19500 13912 13410 9737 13392 9140 857 7454 7659 16486 22468 13260 10833 7884 15580 13444 7922 17702 14158
0 21562 20191 16087 6681 22882 22113 14914 19314 4928 6540 17591 10135 8187 8185 8795 14860 11435 20502 11582 15019 10219 19784 19581 4725 12931
8139 20987 14473 20807 10603 25711 15203 16914 10234 20750 16589 9826 14496 22709 10330 10600 17970 12838 10393 11308 14963 22574 21777 10115 16826 11185
887 22370 15971 18069 11882 17691 19691 19250 16195 6023 11159 15661 15870 17330 6926 13146 21957 14714 21380 9249 10109 15076 9643 19996 18242 20911
10319 20926 15809 20740 15014 20777 18025 13607 14781 13160 12902 15691 13543 18433 7801 16571 19902 6234 21967 11019 11408 7986 19022 14807 22169 12635
12279 24191 13561 23731 17481 17429 9395 11357 21990 15849 11652 15465 10461 23246 13659 14169 15669 18859 12060 7469 8837 15648 19746 12587 14523 16088
17214 16298 20030 19925 13749 26712 16238 12810 13272 15703 10085 13114 10999 15125 8754 7237 16961 17246 23581 13194 7600 17818 17384 11722 20397 18201
0 20646 19071 27091 3280 13834 24334 18491 20260 23671 8305 13832 14317 29033 9280 7934 16836 23524 16264 13394 4699 13206 23050 6988 16258 13978
10398 20459 16289 24044 6074 29472 16977 20362 17013 6097 13882 10338 15758 25201 7641 11042 15945 8135 16432 14283 16129 13133 18082 19425 15527 15453
11140 15029 22542 25578 9820 27366 10524 15254 22522 17886 13635 17084 18844 4744 7664 8020 19747 5530 16305 15176 14093 17381 30981 16157 17768 15770
2539 21085 14590 23419 12116 22844 0 12265 17786 13623 7058 18545 12144 12388 12342 9583 17725 6049 22411 15259 17381 18775 23231 17851 24611 12834
3973 27665 19100 15947 14930 15112 21162 16878 9505 18647 10769 13209 14318 16896 11359 7329 20088 12268 8675 10014 3283 17700 16354 16915 17387 17409
11651 13179 17818 13389 6787 11843 23215 7304 16143 6822 10148 14837 12500 14511 8393 6879 21178 9406 13581 7489 18200 16872 19375 24490 8431 17744
4691 20388 17254 21474 10978 25854 22576 18754 26280 9303 14820 12884 16332 31908 7630 6860 21693 7812 13579 14269 11033 15605 18740 11529 19003 20759
19700 23190 14071 19289 8652 23149 28848 13683 19847 9804 12262 14606 22728 17970 11459 12011 18854 9475 9454 4676 20748 22273 13942 7171 19579 17088
0 22901 18693 21190 10912 16003 19381 11168 19327 4000 11540 13133 9637 17315 0 9107 17796 12671 18423 11415 16276 20808 12670 24068 7093 21584
3192 12278 17991 25113 13642 14783 26641 16051 24880 11455 12128 13374 17861 22367 8509 9548 21334 20602 19200 9669 10057 16388 24696 6039 3575 19364
0 16057 15924 17829 14320 19858 14224 16716 24483 15744 11206 9230 14962 0 8808 12659 20105 7176 17654 10462 5826 7313 34184 7488 19867 16859
15441 34316 19448 17214 7655 17361 20585 14070 21435 13739 9315 9377 12219 11352 14850 12422 17973 1235 15581 12352 8846 18009 14410 19769 10163 17283
21427 15240 20365 22570 11489 19326 19663 16133 14743 16476 12590 15217 10161 11727 15049 15393 19528 12544 16428 4935 18511 18735 14233 17908 9651 17943
13022 13788 19965 20726 17687 10106 17486 12911 16970 9750 8135 14377 13499 0 12896 13824 21411 14412 21659 9930 5721 16480 26882 11070 9924 11818
1267 13293 17435 16249 9379 20136 20960 11747 10101 17411 8754 11521 8232 17773 7326 14478 21257 6986 4910 9530 13660 14980 14364 26867 5324 13837
11174 16912 16542 22580 4280 23656 19393 12900 19043 3434 12601 12852 10398 19086 11276 13358 19266 12373 13816 12667 11064 16637 24974 6165 14915 14732
21822 30685 17205 19519 11739 20768 22267 14871 13428 15109 13263 14368 16640 11422 10957 11139 21834 19660 23484 13448 23058 22613 28858 20412 23526 15706
19642 6774 12161 21989 16746 24473 18308 15471 16918 14022 10223 11590 15450 22685 11436 10674 21314 17169 23588 13637 15191 13799 17353 7406 31562 13909
10107 12568 17149 19713 5954 1609 21718 13556 28796 16472 10958 9347 13379 16151 16838 9084 12246 10961 20398 7068 16502 17401 17640 13070 10595 12874
19426 15229 16104 20791 8192 23186 12455 18918 14630 9608 10769 14046 19863 14415 11055 14380 17614 9151 18574 10466 8385 17761 3688 11381 0 19130
1979 14678 21561 18621 12512 20355 16588 14882 29425 9795 15263 15324 14955 12278 14482 14630 17916 7489 21128 11536 15593 16056 16578 18369 12990 17454
11297 18086 17416 14394 10744 21550 22693 15954 26835 9843 10271 15512 13730 16683 11362 3068 17100 6164 13474 11699 16130 12733 14531 11173 14187 15884
8671 18280 15843 20011 20055 23857 30631 17059 21445 19473 12806 14689 11679 27074 13301 13061 20550 15724 16861 4707 5537 14751 33692 17423 13431 14320
6035 19432 20268 21025 6030 17810 17288 11636 21005 10059 12477 15203 16240 4488 6346 8936 19969 9848 16751 20713 5947 20587 13289 5557 0 20861
11885 17591 18121 24648 10818 12795 5389 16205 18253 13312 16732 13825 15500 25849 10168 14811 18516 11740 17507 11457 13707 16960 10074 14722 20631 15323
7361 26625 15598 18435 11677 16003 19230 13095 14365 10120 11557 12128 9056 11093 15888 13618 18614 3855 5416 11924 13683 13872 21498 28751 17965 14111
10930 14374 15632 16619 12709 21598 21463 11683 18995 17974 5652 13991 13133 15230 15502 5843 23561 11408 17147 6835 902 12564 12679 974 18779 13625
2590 16823 19558 25690 9163 20654 7316 15186 13776 11175 11349 13860 8288 9305 12823 16978 21422 1170 17313 12248 641 20293 21036 16007 12185 15244
17253 15155 21673 21253 13931 20924 11311 17754 7981 12701 10906 13392 20889 20821 7520 15782 17349 9604 20960 11784 9725 20450 22414 18812 18462 15133
17180 11984 16374 13908 9018 18128 17682 12305 13095 12091 11716 12884 19049 6949 16454 11325 16355 19906 11498 8360 3884 15911 18511 24850 20526 16959
0 24757 19814 21293 8551 28864 12256 19260 24226 10120 10597 10815 11258 22908 16229 10364 24241 10328 21505 8784 6957 19368 15436 0 18321 14277
12198 28468 19109 16449 15280 27429 19713 13848 17735 20378 12881 10140 12423 16791 13465 13436 19497 16163 21480 5765 7900 12171 7676 18636 20983 11296
15740 21100 19244 15961 12878 14934 19535 14462 10483 19377 15165 11829 21262 24799 4011 6949 16521 1593 20957 10703 11230 5002 25214 22218 25000 16821
15274 27486 12247 25199 15848 20815 20294 10711 12780 11824 13287 13173 17455 17162 10685 11494 19724 6483 19086 9144 4223 12939 7553 18533 14325 14166
14366 23196 16422 19794 13693 6943 14330 11730 26170 13067 9161 14249 15355 7752 11929 11461 23308 7489 18022 13742 21791 14215 8523 11267 11247 14073
8747 25837 18467 10678 10792 25268 19672 15668 22996 17424 13805 11479 11091 2526 15588 8870 16139 5486 18505 6789 1685 19231 20396 4488 20124 15615
9330 22387 15785 20693 10856 13603 15162 16578 24060 11281 11742 15516 17312 27080 14140 14636 17543 13528 24161 7056 5883 16398 16900 21839 18376 10378
14478 25891 18255 17685 9449 11797 7714 14633 14517 14377 13977 11410 12361 28471 2490 10008 16362 8307 11680 12089 11193 15104 29693 14828 14433 20117
5488 29286 22840 23655 19635 16181 27004 17103 18895 12215 13469 12145 18849 2133 10787 14650 21418 23876 20552 11586 4934 16950 26355 6892 21292 15839
12761 16673 16255 14302 10817 18005 21151 13698 14990 10535 9113 11832 18819 8352 5441 4489 18516 0 29432 10647 12710 17699 19106 2878 17351 15960
20018 13150 12550 20156 9971 21512 27187 14928 12118 8317 11219 14859 12611 22017 8119 13896 19577 22495 16085 14212 6838 16058 15041 21560 17865 17233
10375 30087 17905 29666 11001 13972 15308 20423 21716 14882 10926 17563 10719 9490 6447 11486 19941 9562 13765 7059 15183 17391 17817 10021 25806 12406
12637 11086 19154 10883 8522 23723 20615 17660 19796 8145 10707 12739 9480 1116 11587 11112 16338 4716 18424 10431 3597 17474 19578 8676 13128 13373
0 24235 19724 21997 4113 16300 16768 15470 20101 11149 14288 12789 13148 13224 1540 8745 20771 15652 17793 6241 9225 15116 12874 20455 19595 18346
8316 8717 16754 20665 9806 18730 15822 15385 19986 11638 10244 11002 17584 21646 12305 10505 17874 5499 21800 11537 7704 7955 19338 19496 12264 17630
4235 21832 18740 22906 5512 21756 29820 16944 16694 12349 15490 10791 18266 23152 14857 10598 21804 3011 23173 9088 10688 15646 11984 7154 24118 13728
0 12406 22255 15242 9676 31185 20027 15654 11056 27695 8109 13497 16571 10557 7971 12095 16322 14455 9998 12194 10775 9713 11485 8804 19218 17674
11770 29501 14371 16879 9820 20957 12283 17648 20784 6770 15668 14501 12039 16494 11591 11255 18573 7932 12518 13363 5807 17038 21668 18562 18803 17147
23207 20139 22250 16077 9861 29960 18993 12417 10668 19999 14649 15294 11572 8158 10935 11715 19532 17853 21731 12004 13569 10369 15913 7856 19193 14636
20767 14100 17446 16015 13484 13900 12138 14560 20353 13816 11895 11958 14310 24637 11772 10632 15049 2030 19007 4871 20072 15838 24531 15437 15296 18992
11247 16175 14737 27965 7617 10628 12227 11359 21973 10861 12020 11729 19366 10375 7716 12155 20006 12677 17929 6786 7716 13265 15638 14954 20805 11213
10767 24497 14360 18620 5570 20306 28260 16439 20152 19141 10698 11176 14375 26083 7575 5058 21065 18260 24183 6248 11232 10983 9541 19551 25250 19044
0 10220 16234 18825 8040 36827 20896 20486 22875 18026 13463 11355 12758 15997 12106 15916 18612 12191 12421 16181 13574 15164 31664 15712 9203 15868
13322 19468 18766 28999 12445 18873 10041 15304 19934 4319 13026 15932 13766 6023 2253 6794 18971 0 10727 8021 13999 10492 24148 14914 26989 16681
12255 27111 13009 20235 6765 21171 20480 15278 23917 7031 10618 15263 13645 20568 5767 15975 15414 5063 8836 15928 12366 10356 27120 21933 21502 14580
12143 27701 16540 19052 5284 19359 17466 14939 12355 13091 10976 12930 19022 13780 11030 4552 22931 8600 20141 16582 11726 14379 18994 9982 31015 18445
22657 15472 15880 18944 9956 30844 21017 18803 26280 20488 16173 14033 13060 5669 9490 8949 17633 6904 15064 10407 7849 15942 7101 7890 27201 19932
14598 18218 13843 26267 12435 15249 19610 16449 14092 14134 9542 11801 17495 11691 12664 11345 18904 244 14774 3127 10572 15170 23045 22659 6556 15637
25122 18745 16174 19029 6394 26639 17728 16819 18645 13862 13003 15808 11518 25285 20243 9540 17115 9037 11331 7484 14704 17341 27048 30163 16102 14977
15895 35111 12733 24084 13793 21170 10554 14152 17735 9279 9581 19448 10049 14919 11005 10031 20753 10736 17404 11111 7224 14108 13590 25183 14119 21951
14247 17640 21724 27207 17913 22573 21646 14718 15938 13896 9616 12981 15606 24510 12226 13347 18526 12623 10100 8784 4198 11935 22955 14348 15700 16266
7902 23394 11197 17233 4275 22258 23626 11815 23753 9749 14012 14517 14849 11928 7481 10684 19037 12681 24119 15611 20040 13517 13289 21433 11832 17392
7636 5947 16953 22577 10166 18531 12475 15677 19434 7278 13803 11057 15085 8258 9598 13486 20497 19843 14778 11535 10923 12398 26175 17735 16402 17400
13447 15745 16341 20824 13394 10920 18705 16235 20468 5290 17593 8444 18640 10956 12745 13740 19142 4460 21381 11241 9904 18401 23756 23825 20022 19364
4733 21341 13863 16456 12080 20043 11502 18466 19778 8088 14477 15640 14767 4060 9565 14983 21095 18150 9876 6903 22618 17815 11143 14758 17376 14057
12587 14944 15826 17279 11459 20753 14967 19664 15922 11411 11972 11744 18089 5733 4792 9645 20036 16143 25577 6406 18401 12361 27379 2407 7537 13978
18175 23385 13208 27855 11404 4934 24952 16184 20194 8527 14261 12958 15214 21488 8532 17194 22515 18758 23642 12880 15548 14882 14444 15661 10962 18757
22578 21470 18446 23099 15364 18183 14220 12042 20807 10762 13607 9741 12998 2882 17196 13725 19133 4073 13153 6304 8797 19083 29400 897 17329 14630
4464 21485 13916 18170 9602 7376 9378 13718 10813 14079 13979 10154 17063 9451 8662 8662 18101 7906 23170 11953 8717 16259 11091 15703 17672 19243
8544 21842 19793 24548 9406 9187 18383 11398 17145 6021 13327 15981 13969 3746 11583 14786 23107 25212 11904 4249 7109 16109 16262 16629 11469 17621
5543 20152 15470 20596 3794 11231 12314 18351 14314 12644 7379 15203 19960 19015 4179 14812 21712 9445 19052 11424 14649 14873 17481 14097 15877 15428
12222 33845 17649 16856 9011 15457 15887 16515 10963 15498 12678 13390 10805 31110 11990 12713 22750 17086 11541 15060 12378 17824 19958 7414 20065 14734
9741 10396 16877 17543 10165 16036 19245 14013 16645 14448 11254 12994 16169 17348 15856 14866 18781 6081 14295 6847 11010 20168 19775 6226 15903 17712
11658 19260 14487 21363 14208 19329 11519 15158 16385 17254 11984 11132 5917 11210 11550 12189 24620 13241 24397 9062 9556 12069 6016 13061 6969 20543
21318 13946 17974 15423 5751 14434 26688 18174 22631 8360 11897 12739 11256 20977 16207 12743 16914 13884 19836 4974 5363 11321 9642 9527 18858 12913
6315 22135 16638 21468 4711 15250 22445 15277 14310 8388 12636 12588 10718 9518 12888 10874 16524 9715 10282 7947 11219 15133 18937 14736 18480 9886
12261 10896 19434 21608 7942 16006 20864 11723 25727 5915 9962 16086 14536 11535 11773 12431 18568 11810 19984 15666 10387 17946 9173 8258 20266 11928
8788 21737 16415 22485 10880 24409 10516 16252 30436 5192 4397 12171 12535 10152 13400 12596 21515 9188 22890 5690 5802 12885 16228 28232 18072 16281
13770 17001 16496 20070 10092 17382 22202 14648 14418 6335 12152 10967 12754 4841 12268 17719 16022 11349 18210 9072 6288 13092 10654 5143 11984 15957
0 17279 19234 18474 7720 21264 16384 19156 12245 13431 9997 14609 11976 21761 6394 13440 18676 14556 15794 8789 21327 15066 11005 10917 14693 15797
16347 16041 13897 18414 11206 25313 20834 18398 14115 19013 10885 13425 14337 13010 14910 19214 18445 13733 23587 8109 8287 19601 22257 14910 14988 9211
19840 21112 19348 18406 11681 31824 9503 18955 15804 10962 11562 13566 8188 9748 3806 7605 20785 885 26369 14505 17423 19139 14105 20542 11028 16224
10362 23341 22117 19199 11718 11460 21219 14279 15223 15904 12036 11852 15761 15594 9131 13541 19660 11384 12122 11959 2819 14063 23488 14910 14990 20579
20154 20801 15440 21025 10759 15696 16324 14694 19690 16816 15586 13011 18729 7420 9119 10350 23490 14660 24136 6125 14161 16143 21497 19091 8134 19062
2217 16280 18911 18870 13761 28217 23924 17775 20178 11970 13588 13956 11352 26228 8250 10394 16625 616 18257 8078 11846 18627 11825 8547 12777 15783
2211 17992 13535 15277 12493 29657 12654 19109 23653 7609 11669 14883 16874 13247 13407 11394 22766 14658 18280 11443 2452 15163 23830 18706 30496 14495
9621 20593 18171 16311 9386 18233 14416 14139 20691 5578 12205 14987 10144 25374 1330 8719 19410 9173 16671 10997 11911 9328 18542 13397 18903 13983
0 20571 18963 17702 16677 8744 12822 13644 28316 6579 7728 13010 14854 8370 9672 12677 20162 0 17849 16033 14825 19485 15863 17651 11978 15706
16738 23308 15740 19258 19007 25704 15872 17134 14419 7918 10740 11286 6987 14550 10776 12638 16361 17501 16183 13783 4953 13973 14150 16663 18498 16425
4707 28671 15958 15794 12180 22686 13300 18681 17558 17354 14404 13147 15652 11321 11066 16809 15784 12122 9639 10144 10950 19901 14685 12874 19196 17010
16696 19053 19343 13638 3615 25289 22841 14963 20575 9044 15931 12629 14417 5034 11808 9954 18457 8874 20850 14408 16025 16791 11436 13546 12217 14814
8436 17664 17937 16182 11801 15984 27883 14143 13105 25603 13318 14042 16026 0 7383 9437 18593 12454 17749 11766 11828 15992 17076 18940 14428 16537
14838 14416 14133 17172 8733 22154 17374 14663 20668 17510 17873 14598 4167 11036 4383 11435 17391 10074 14110 11498 13548 11402 21304 18652 31608 10908
11737 18472 12393 6591 13114 25168 13368 11709 11549 11918 16165 14250 12752 6641 14889 9983 15682 25203 16636 7640 10932 11380 19309 24776 15335 14506
19529 21654 14305 17948 7424 16094 24839 14597 20098 13356 10347 17427 11392 36801 4510 12539 18864 12846 11430 11290 4425 6067 17396 12389 0 16778
11782 31881 19209 18150 5390 21803 25595 11998 24345 11790 11767 14432 9605 26203 10946 6687 19708 6506 17430 13868 6427 18812 7433 15496 14086 16673
1894 15072 17466 12854 9878 11185 19400 16472 18766 21852 10401 10221 12631 9666 12039 13244 16828 16801 18541 14802 19941 13886 17826 8142 27443 15559
10611 11661 18607 14366 5427 32306 21390 17426 15741 8131 8266 11116 8406 8098 4301 9869 19479 7648 17988 6480 12638 21682 3149 6397 18150 17022
12277 21437 18705 20632 4121 22133 15170 16130 16084 10909 8854 14183 11585 26394 13751 5706 17794 10799 18632 10066 7529 14505 15777 0 24095 15308
15554 25380 13915 20764 16225 22397 12168 14995 19132 14682 13870 11908 17592 1780 12016 17711 21994 0 15159 12452 17916 18118 10039 582 28462 16023
14695 7735 17018 26660 16452 9474 23373 13479 18531 13539 15575 15876 14721 17612 14375 10317 21459 16629 12639 11734 5635 13830 25437 14458 13129 18083
22709 12784 13750 17003 12465 21677 16501 12776 22895 11653 12226 17475 15076 29162 4436 13104 21572 7670 20290 14688 11567 12210 9187 18479 29364 13916
6025 12628 14453 17035 11503 16989 21186 19344 14660 13401 11203 14344 14033 16346 6359 10289 17638 5867 11880 16246 16629 16360 17466 19826 14214 16906
22129 8875 18844 20379 10132 25667 19944 20416 19790 8384 10008 12288 12604 25522 8922 16345 20202 5314 15909 2750 11018 18321 5552 12425 23047 16746
17284 13872 16409 15474 8809 16379 25532 24176 13541 6631 12416 12043 17656 5478 10483 10187 22141 12900 18875 6446 17261 16733 26617 15970 17695 15890
10840 23260 18802 25505 10610 20833 20944 12663 17967 13520 17376 14658 22505 11740 6385 8130 18442 16969 20658 11633 6337 14960 18803 17960 14936 15695
11913 13560 13554 21362 11920 13734 20209 17002 10385 16362 7230 10667 20624 15373 12552 7056 20112 3288 18102 12868 2886 18879 12366 12860 1278 15463
5690 14139 13685 17608 16585 17977 20699 12811 19486 16524 11830 9875 20179 20361 6797 9774 19305 6852 13087 13092 20686 12628 13059 5401 4315 17453
14135 5451 19554 16123 17623 26007 15825 13169 13891 11680 11683 11524 14288 20340 5132 9926 17387 13549 7689 8343 9632 12433 15064 18155 9552 15916
11486 21154 16787 18361 11335 25674 37869 17477 16388 8147 8011 11301 11590 21388 16184 13551 16794 19562 9532 12660 8782 13756 13294 18102 8241 14292
9938 17455 18371 17922 8801 30193 21348 21282 17842 4494 13880 11382 15779 7579 6735 14975 23792 3960 19823 7134 8091 21178 11315 9471 16195 14984
4832 22997 18119 21612 11449 20347 18613 14830 19260 21049 13233 11156 14194 17486 15797 13525 16657 10986 7884 15976 11237 15848 7062 10475 10280 19720
19708 19224 8491 18641 10105 15736 14314 12141 17781 17595 14489 14361 15239 33355 9549 12826 19612 0 23208 12419 11734 19885 25147 13772 18604 15975
