365
71 55 100 94 97 63 29 59 58 20 59 50 47 97 79 11 60 86 79 9 98 75 11 76 63 14
5329 17950 8476 2378 30134 13446 1508 2283 13165 22869 14742 16088 12904 18975 24123 12535 11605 6732 19034 7075 13245 10458 17481 10245 16907 18810
5548 21406 26589 1286 23871 19618 28297 14837 16339 10010 18265 22811 12487 17612 18695 19713 24342 8335 17827 16077 18464 18836 23662 11920 22277 18789
9468 6659 26200 15929 10654 5416 4818 4800 18311 15795 21426 15020 11943 26069 19934 13904 25312 11326 23597 11720 14109 2719 4095 11815 16112 16001
11253 18503 19481 4888 17262 10013 38010 8659 16727 9730 6904 17461 18323 20527 14207 13604 8859 10663 20808 18333 0 14361 4507 10743 17191 9126
8597 23819 18088 9701 11075 9445 6128 14323 9844 12235 16639 13797 17250 12002 12766 10420 25286 12252 23885 3537 0 4537 7059 9769 15074 15893
13549 15454 25750 8338 7259 7708 0 0 11023 18108 9070 22568 11493 16426 23598 11479 14364 10440 21864 9804 14193 16064 17275 9132 18949 15483
6929 21722 20884 13401 23062 7674 0 8234 15627 18255 14842 13991 9326 24498 31844 18884 24521 9304 13648 12467 16440 8677 10098 9026 18301 19690
11223 21945 20113 10774 28193 8200 21027 5962 15336 20144 7380 15921 14853 15611 18052 17216 8353 10610 20514 17971 9551 19784 13004 10220 20495 14358
6949 4308 22064 13965 13923 13568 15512 17494 11391 8511 13339 18146 11071 23966 17170 21287 21621 15433 20351 14074 4728 16653 13135 9606 11196 15821
7631 18876 17117 3235 10580 16592 20173 19030 11062 9334 5998 13749 12219 14146 19384 16685 18499 15636 17075 15704 17528 16708 12887 10731 22511 15286
9408 29416 22468 9730 18682 2459 24003 8806 20498 21177 9699 14814 10980 16917 13397 20168 12468 15920 24712 10633 19215 5422 10729 14133 21943 10971
10587 22539 15730 3084 10007 5866 23857 7629 16357 9855 10597 16674 10211 9415 17497 12538 21516 11733 18644 10507 16960 18672 795 14487 13553 16220
14198 7218 18858 14556 14454 7461 33960 10107 7401 7610 16271 21583 18433 21762 22552 20130 19867 8942 16435 10362 15946 14448 8225 10389 22110 14908
9666 14706 16119 12532 10991 10023 17792 15863 9742 16742 16024 20059 16060 20825 23375 10706 11943 14107 16445 12891 18429 19921 18181 15497 21512 18214
13743 22616 26529 14577 20336 8455 19404 1643 24836 24306 9371 16525 16462 19610 20903 19144 12617 13027 17549 13436 12653 5599 12042 13252 20889 21665
8343 9693 15643 21452 22103 4166 25355 11008 4048 14335 14923 11641 7830 33301 23011 15331 7914 16665 15974 15684 8239 17042 0 11485 18355 17868
9003 24402 21899 12659 21570 8891 22757 10593 11649 10665 8926 15893 11546 5193 26384 14671 19670 10327 19864 19262 7731 2006 17563 11246 16430 16815
15192 12330 21755 7714 12377 7274 25768 11553 8737 6299 19911 16289 19977 9582 19465 21580 12679 12050 14185 19247 4419 3023 14428 13129 16031 13162
311 18206 21674 8714 21701 9655 12754 5007 3375 24393 14355 9416 15665 22505 14456 19216 21074 14178 20230 20560 18251 16396 9797 10717 17583 10218
8535 16230 27407 9590 10184 9006 20321 8191 14701 13980 12469 18785 13578 17896 9369 19237 24443 9080 21101 14824 9833 5694 24985 8559 13924 11071
6842 18903 18501 13525 24575 8807 17534 0 17402 28320 15525 18319 7044 9430 26141 16638 5030 10732 17527 13135 15985 12361 10565 9519 17153 17999
10263 25712 15139 6003 20019 14787 15193 0 16196 11589 24384 20678 10910 28127 20121 8996 12637 11721 26167 18075 23156 3821 12307 12785 23395 19605
11912 11650 18820 15839 26697 5651 19250 4457 11015 10447 12249 17461 13492 13298 17038 15342 25876 13809 18807 13169 4375 20031 13070 16693 26878 10056
6492 19329 21338 22901 12194 9428 18232 19163 9631 18082 8997 17857 13539 17174 13345 11960 17366 13257 25400 4109 12435 17061 11633 10819 24102 16411
10270 23320 14828 12192 9975 17086 10288 12536 12939 22826 13534 14769 9559 20219 17712 18132 14299 12405 16031 8231 10162 5090 9281 8329 17594 12091
8053 25223 18313 11192 2428 10267 25042 0 1030 11643 20832 15182 11297 18398 23448 15194 17198 12059 15501 6641 8690 14818 13120 7704 17040 12061
6282 23380 8966 2033 12024 15016 19655 16809 22448 19611 10254 15126 6193 18557 10700 15972 5867 13499 14327 12715 9400 11813 11166 9403 18558 14290
18540 26207 24812 16813 15407 12956 10963 13747 15925 3244 21813 24432 5944 17935 27181 19358 10700 15108 23623 16422 19843 3604 6672 9806 23186 16806
6915 15101 27285 10350 16016 6462 13393 25733 18366 8380 10708 15990 10909 24701 21705 12420 19953 11600 15249 15682 13414 9866 12953 8319 13111 14068
12305 12003 16529 7936 21071 11475 17075 2972 6416 14667 13828 19361 10037 12154 20687 17913 20662 10085 20981 13111 27037 5662 18147 11965 18096 17218
7526 14117 18421 12776 11861 14144 8112 10867 23873 15306 15563 22341 14463 16731 7964 13312 8427 9393 18474 14627 5247 0 10206 10617 22544 18999
10084 19934 29082 17716 22148 18309 14768 11200 7617 15142 7385 14134 9839 17633 15853 10463 11853 6251 22406 18552 21182 27088 20311 14665 22392 18170
11638 15313 16210 8583 9313 12771 17935 30909 2045 11026 5655 21561 13303 16914 28207 15184 21199 13774 18576 12775 7895 11766 14437 12691 23972 12090
12433 12297 18876 13016 29443 13034 24605 9875 19219 15493 6541 19840 15490 21113 16811 19593 29477 13771 20641 11595 16806 17898 12417 8217 21698 19115
10866 15489 20865 10804 20155 0 11525 2251 13736 16329 12501 17932 13223 21958 14168 15230 23338 13094 26254 21200 20739 18361 1280 12795 16669 12206
11756 17218 21480 18832 15857 18943 8179 1515 11037 12651 16652 14677 10319 33427 27771 20725 21956 7526 10953 12506 348 7083 12038 10358 12688 20031
11000 12519 17516 8407 26117 7705 23065 0 19014 16952 8700 11496 11257 27157 21141 17300 15420 12403 16589 16157 2668 10200 6990 9229 25254 11098
18932 15088 17082 12527 18941 10822 27311 10479 18716 10781 9026 23173 17138 13501 21781 16117 13328 15445 14539 7274 18010 21330 15027 12465 13342 17067
9704 10857 16670 7305 12095 12171 27891 10932 19823 17814 13717 24037 9723 25715 22700 11759 21066 14049 18983 15842 22421 2652 9148 8197 16184 16828
8852 15931 17993 4975 19784 8486 30594 4381 8481 14625 19496 22665 8575 24098 16003 16061 22279 13840 14022 10916 22300 10499 7047 7789 17417 15592
13356 19541 16296 8242 25648 11545 33854 9835 19832 21578 17117 20976 18671 15571 7775 14824 17480 13792 15412 9340 13910 26578 13205 9059 11743 13404
7102 18075 25243 14110 22505 11511 21784 1535 17144 14198 7972 12408 19111 27035 12829 14066 14057 12779 20750 12811 18718 20577 6922 11489 22247 14771
12517 14426 16669 14265 26777 18313 18710 9982 11203 16429 13645 18399 8912 21380 20706 16660 20155 6184 19154 10867 2442 4920 6482 14154 20821 17865
6054 12977 12928 24061 24540 1744 9797 5172 13891 15342 18480 27948 10581 16255 18467 18769 23046 11334 14156 15268 14395 7962 3618 12645 17830 12195
1048 22783 17286 13809 12488 18231 18219 12914 11845 21989 18247 14741 12305 18877 8907 14104 13144 10789 13932 12960 4984 15044 9726 10697 22764 12133
11797 5025 20813 10904 7297 10246 12378 6374 28409 14707 11528 14974 17572 13951 26747 13170 17200 11420 22254 9286 7813 12030 10282 15774 21832 12550
10744 14618 10866 13308 10793 11290 4831 18458 18224 17775 14534 26441 8871 17560 25088 10694 19196 12322 19418 10838 12467 0 13599 9487 22844 12514
11663 17520 13313 7377 12315 3189 17058 2692 20268 12277 15911 17659 9840 26345 12168 14857 8800 16179 20209 11652 6625 21402 9171 10500 19448 14123
10966 20892 22230 13216 14502 22054 9302 15948 7462 22246 19987 16604 8666 17960 25666 18844 4664 10597 18067 10781 13628 13247 7545 12952 13923 13362
9290 16891 17604 0 14961 8932 13218 12234 9845 9592 20039 23932 12779 19994 19055 14952 12583 14268 21955 18231 20355 26670 14785 9815 21831 15883
12607 25351 17340 8423 13779 16343 12434 12388 18991 16187 13294 17079 8947 23816 23622 11044 14621 13875 21976 10562 3267 26985 18661 10928 15140 11669
14432 22631 20481 11790 15298 7157 21068 4729 13832 13288 25761 16380 12132 14060 13647 15689 16097 13253 21657 16115 14911 13619 12865 10629 20807 16049
11354 32292 18733 13373 14236 16986 2784 18067 21991 11894 12216 16086 13095 28341 7480 20513 19307 13482 20010 9445 12875 16103 17280 12708 18432 19533
15004 15832 23037 11167 22187 12142 24937 5199 4527 13738 7826 17210 16153 17171 26769 20035 13253 15611 13221 6697 16030 19355 2025 11359 18919 12378
16328 23855 13496 5488 19693 3979 26117 5677 12486 14182 23218 17588 12203 22813 24444 18909 22464 10441 23868 4415 8184 9497 15531 10891 16484 15484
10261 11693 22267 6109 21267 5571 2253 7939 12788 5119 16573 15194 13778 9570 18756 17144 13554 12470 18680 11716 13506 15733 10059 11555 20646 9863
11332 24638 19747 11283 12063 9378 19757 9622 16031 13836 16280 10806 7139 17476 19569 17793 22742 12436 17624 17785 14293 681 13585 8795 16322 17799
12402 18114 22230 11096 10094 9039 16779 5913 18450 3742 9289 11203 7178 10007 16383 18116 5172 17996 18023 6680 8466 17414 6891 11483 19886 15775
15036 26381 20472 2965 22330 16775 26436 12885 16810 10162 16131 9900 19475 21499 21466 17351 29025 13769 25410 9240 19303 6621 16621 12940 17933 15776
10403 19652 15471 19645 11540 5100 15092 13565 12645 12257 11094 19771 8390 11707 13265 16889 15942 14925 15947 11462 15118 16006 4796 15774 25095 12350
11601 23243 8515 12147 35163 8763 19304 6548 19110 5672 4849 20472 12892 18485 25035 15508 22175 10998 24843 13014 0 8530 22923 11080 22485 12462
9309 23625 18025 9376 8116 10760 14746 8260 12014 11768 10691 22553 10367 12104 21892 18123 12602 12452 12292 15974 19391 5868 2226 12372 17519 14979
10423 24327 15962 14961 8983 0 25854 23337 22599 11740 7243 16567 16298 13723 17445 17749 24467 11970 19846 15541 15693 11302 15785 11898 18798 20114
12700 12325 21725 6256 22590 7477 14463 9071 20845 17553 19420 15364 11931 16094 19565 14112 15370 12996 18513 5309 13392 1142 12570 10251 15846 12065
8533 17675 18489 10245 22391 16862 23343 20138 14963 11758 20405 14488 12875 11120 12580 14325 15250 12512 19758 21316 6220 8635 10074 9992 14005 15885
10626 21949 22425 7130 16710 9185 20868 24673 11716 11720 11803 14216 9413 13271 24805 14243 18183 10069 18066 5598 4198 6400 14097 10956 21621 16100
13360 20181 24064 9834 14549 13459 7791 16099 9979 11570 12355 9001 10275 17543 14555 15817 22804 12109 21084 9816 16545 7716 22413 4874 18157 18595
8467 20094 16815 5151 18535 13741 16490 7598 19356 16905 20046 14595 4701 2764 16974 13435 10635 10040 19500 0 10724 5855 8026 7445 12213 12138
13663 30359 15272 10892 22974 4113 14441 7593 25121 20899 16881 10994 10291 10379 24543 16836 12337 15194 17136 6759 7286 9722 7521 8092 22058 13745
13173 27328 16958 18831 15338 8624 10126 5792 12291 6240 20299 31019 9338 14181 25366 15137 18628 17166 17125 19144 11946 16402 1725 14095 16826 15590
10283 21778 16244 11552 24707 11767 19706 6222 19420 3798 18471 17429 10071 25494 20418 13838 10469 12210 29309 14989 10562 16895 11837 11184 22267 14847
9935 16396 16367 14437 18244 10316 17297 21390 14105 21787 15115 13739 10405 25393 22514 16391 18942 12429 17542 1795 14065 9670 4001 13013 19244 15108
6399 21203 18866 9106 6942 10182 16626 11428 15582 15899 11806 15709 12238 17350 17009 21032 18270 7144 17330 13272 20360 6504 12411 9806 29664 14533
1352 19386 24317 12544 27365 4789 12397 5875 16376 1919 8313 20970 15114 17834 23653 12350 29349 10768 19213 8585 19370 23469 15367 13636 20626 16639
8267 21715 21810 12114 18902 11700 22294 14874 17036 17327 14179 18124 12730 26064 18577 15248 11999 12385 23507 9090 17131 14191 7618 11628 22142 13075
5439 24880 21866 11517 15348 17594 7457 15357 11922 24765 7443 18858 13842 25754 16109 21404 22584 12586 21357 19314 17610 0 11937 17482 26584 16103
7390 13471 21018 11667 4062 11005 12682 14356 12604 17099 7593 20736 10028 25062 18618 15795 25056 15013 13504 19863 3540 7791 14682 11766 17424 13506
8890 22444 18326 8449 24587 4356 30003 377 15798 14297 17187 17702 3837 10537 23900 14870 21262 13009 25376 10536 10422 0 5989 11855 22306 18980
15789 21583 20788 11961 17185 13822 19871 7472 17370 12763 9502 19977 8195 16816 8976 15401 25606 9607 15262 15617 13251 0 12716 11990 18559 13196
11653 20936 11178 13504 16798 4302 20875 0 6131 15285 14080 19870 8712 14598 13053 19009 15422 7579 14713 9336 19259 20854 11288 15197 15085 10282
14181 22728 8095 10469 13510 3597 17659 11503 11166 22156 5992 14305 18828 19665 26791 17020 23400 11646 18278 15376 22006 0 6493 7954 23973 16113
10709 17849 20020 4117 28501 10521 10451 6634 10943 12965 8118 15139 19118 23746 17587 12912 24132 8450 17631 5966 15302 10395 13343 7980 22363 11390
1206 11261 18155 22562 11169 11106 4552 19314 15786 10132 9095 21285 15603 11841 18807 23718 20295 11727 18438 5641 10004 26863 0 18153 17639 21329
1850 18115 16446 5558 18215 4690 17087 12266 13774 20389 16007 17929 14707 8049 20364 15860 5923 13264 20546 15565 11256 11159 12728 11212 23325 13194
10179 17609 15001 5950 27518 10836 14394 22700 18343 18521 18413 14170 14548 19228 21723 15822 17967 12592 17791 16284 19725 9423 6535 9236 21088 14830
13892 11768 17579 12299 23326 12717 32682 12901 8891 13417 15197 15105 9036 15815 24973 16393 29266 12113 19989 19692 16776 4592 10231 10735 13536 16039
11717 23836 18620 12059 13515 10165 3202 13501 8671 17261 15620 20903 15091 12879 21375 15924 11379 13935 14567 22995 17288 20546 7263 11147 17206 15212
10736 17588 23089 10657 11763 10037 26802 10737 10212 14470 14067 22689 12346 19988 17583 15407 27631 12377 20484 13612 13300 3979 15565 6463 21026 8810
7815 17856 25843 3744 8252 12491 9686 1562 13084 14633 15488 10561 11563 21827 20820 17499 15889 12932 18219 4378 8593 24096 6974 6041 15996 14686
9138 24532 15786 2411 11416 11021 27298 17987 20278 5089 13831 12900 12939 16274 4616 10705 22323 14770 24206 17385 17029 5973 5932 11368 16266 17205
12864 10345 13966 13745 22478 5439 25326 2768 22955 15912 17244 16143 11454 12177 21305 13622 28343 12133 13917 12102 12608 23172 0 12508 28055 14704
5832 18323 20267 16251 19190 21339 8181 0 12078 10295 11120 11632 11599 18205 20226 15388 5440 17445 22973 12201 17598 1308 5971 11764 15844 13333
13985 9384 14038 18580 17429 14457 21094 12614 12104 12012 12448 21131 9676 28674 19035 15022 17834 15500 13983 18723 5157 11439 16499 9097 24586 17946
11636 25840 14637 5205 8699 11294 14261 9006 21914 14477 13962 15214 15540 9333 14969 21771 25845 14402 21102 4551 6448 3371 7916 8697 15587 12523
10063 21244 12640 12459 19489 7996 23464 16736 18849 20572 9150 12469 12822 17869 8506 13732 21682 15940 10730 8803 7975 7184 15524 11654 22254 12638
6548 14898 16105 14142 17256 23365 8856 10770 16366 15373 7524 17846 10722 16309 22794 13178 15299 12364 22503 13589 14125 9798 20662 11311 22237 16802
10594 4596 16661 4030 8090 1370 16675 5178 15334 20120 16406 15492 10532 20581 23964 16019 16842 11768 24307 16037 14317 0 12519 11969 19850 13449
9186 18746 22537 8359 29322 14247 13501 13309 14005 18678 17645 8385 12821 9399 22132 19727 16298 12458 16252 23256 2691 2621 12278 10229 23769 16393
11802 14264 17636 13162 17480 6543 16228 21932 12769 19394 23522 17230 4985 18121 24639 17266 10744 11890 20103 16856 5232 14882 508 10045 25006 17566
16563 15152 18476 5573 13639 3129 9898 10734 9116 20561 11357 19940 10314 7125 18261 14407 21319 7534 18711 1818 24923 9255 13336 10230 20406 14956
12051 27554 14652 13924 14326 13262 19026 13659 8042 14181 16237 15413 18792 30345 17427 19446 16062 13386 26358 3072 13959 9262 12852 10504 13260 14492
4844 20103 23088 15595 9781 8015 15029 13187 11857 14498 11345 16693 12088 12692 18863 22660 14917 10432 19764 9432 8104 22835 22476 11355 22439 19061
12304 28570 23105 4404 19357 0 15863 4475 20182 10821 15247 27819 14253 6417 17747 17289 16801 11332 20094 8086 0 10472 5044 9926 15922 14917
3924 14388 13108 5236 8735 16241 10594 7482 12271 18872 8044 15178 9831 11091 36018 18032 11960 16698 28147 6111 16635 26241 16152 15503 18686 17117
9986 28972 17689 7942 18825 13124 12769 4211 6568 16280 4568 16723 11539 27769 35810 16116 34451 14200 16788 10032 14455 13631 6893 11913 18266 13509
13971 12570 11977 19111 24917 13306 26952 16255 16300 30358 16877 15086 13118 19021 13795 17494 13875 11964 20721 23556 11615 5215 0 8679 24479 19209
15675 17160 9718 10799 12961 6822 15370 6166 9228 16774 19340 22615 14756 26198 11184 13127 20809 14834 21912 8830 5864 8724 13039 12943 19198 17609
9015 18317 16443 2448 21950 16253 8635 11248 10095 7477 22423 26072 12339 19666 27985 18405 23862 15108 18176 10851 16561 8937 14794 12614 21783 15229
8620 21772 13444 10290 9922 8424 34538 10792 10879 18419 7994 15848 16825 25744 10195 10335 17359 15043 16687 12314 6204 2210 9490 11730 10689 15630
5691 12016 19793 6733 17741 14811 8727 8280 14637 16251 12146 14241 9038 18732 13056 14012 8970 13667 20211 6310 21430 10076 9109 10764 21920 18488
7008 28940 27305 10948 23644 6717 17940 10534 12683 17003 11740 16482 9256 32305 19752 20054 6903 11643 16208 11672 18897 15372 5343 12664 24659 12979
17286 20713 21740 4420 14274 13889 18926 10840 17224 5705 2145 12922 12235 12690 14334 14872 16094 13215 20080 15834 5960 18233 11877 12832 19319 10997
6794 2973 13239 9857 3174 5342 21775 15144 8635 12356 16265 14263 13638 10976 31238 12921 21374 10882 21453 9769 10708 7890 16913 15389 24097 15198
14661 13225 21615 5729 15341 8922 5718 5924 4146 13839 12667 15498 10740 25280 22861 18029 16092 13898 19010 7985 20642 11777 16916 13275 19979 13498
10415 26054 11082 10472 10825 12208 20048 10031 21300 12992 7173 14894 9974 18766 16085 17371 28035 12019 17517 7177 17950 0 5803 5660 17374 12337
12614 28285 17411 10121 20481 10984 0 12575 17081 21981 8688 17718 9927 23278 22577 20969 19674 9247 13503 2403 6376 9044 16817 13911 8858 16142
12696 32844 15579 18204 15963 14875 6441 5707 7685 22164 25262 21869 9426 23801 23639 19306 20606 10784 24875 8675 17803 0 5807 11825 18495 13442
8403 12986 15584 3701 22584 15778 24332 14946 10892 14983 14136 25274 10657 24078 16434 14544 13043 12554 24797 4639 10661 798 7069 16080 21144 16468
10755 7073 18493 3730 12096 5156 19372 11254 16125 14442 20871 16757 6759 10541 13769 14005 15223 13175 20661 8994 13712 11461 11275 8326 18668 20859
11662 21138 19896 19949 13086 12691 17918 4556 4737 15540 16231 19103 11129 20460 26790 19174 20788 12731 14391 20920 5920 27974 15703 13491 14483 14642
17424 31108 16060 14870 16757 7331 15502 7355 14859 13716 10003 21095 22105 18420 9264 16183 21821 11542 22327 3414 15203 14832 27172 13606 23627 14569
13395 26256 13865 1747 26381 5356 18640 2441 16201 21347 14711 21627 18330 17620 20463 14335 14225 15277 18038 12630 13016 7807 13249 14678 16030 12134
11471 14057 15696 19650 20555 13750 16165 172 12392 13267 4943 17354 16068 12784 20399 14655 24137 12166 12260 11610 17095 14438 13491 7117 11640 12624
10675 10121 18691 4762 22323 4765 8945 9882 18053 22035 11292 9106 6926 22724 14007 13331 14516 10204 25269 1686 14023 6066 14841 14097 12524 24900
10552 9286 22183 12915 15277 5668 20615 2708 10020 10358 9506 21431 13243 9876 14235 12246 14045 12302 19761 6142 23665 14802 6213 9163 20034 13154
9776 12680 19805 14922 13046 15312 8056 0 19465 10642 13879 18193 13911 31480 19761 17140 14158 11376 20765 7521 11536 23439 6542 14732 21739 12194
11092 17159 20161 15964 21411 5784 21955 9689 21533 11919 14710 14333 9674 22034 24292 16813 13422 11231 19313 24153 12338 14079 12724 12160 12969 15337
13218 25297 14948 17418 11349 12755 2171 432 9349 17063 22555 20106 15090 19571 23263 20883 24860 10248 19043 13423 21769 9909 16744 10659 21589 12287
10897 16981 12849 13776 11921 3316 22029 7204 25908 5218 12722 21757 12987 12360 12220 17285 17213 7191 10477 11433 18997 17469 16711 12327 19826 20644
7367 16158 18662 7260 17799 9249 18153 1927 17428 13935 17029 22795 17455 17902 30684 15409 15059 17110 20864 14947 5146 8105 10837 13440 18131 17558
11371 15755 23053 8566 15589 14545 19499 23159 19441 16531 21375 21400 10320 3625 19707 11300 4623 11128 14833 20189 5015 0 7495 6701 16508 13775
9887 6426 26713 10610 12291 11969 8014 1093 17357 12071 9077 23288 10722 17082 4576 19422 21448 18441 15209 13364 19932 17916 7515 10075 15544 13177
7220 20346 23493 11641 23090 12077 15417 18233 15015 13168 13013 20450 11581 9729 18828 13419 17588 13345 16226 4380 5638 8832 15981 8782 19451 15954
10198 15098 20980 12256 20597 10384 7878 16297 14078 19303 16568 16861 16579 21224 26024 17014 21425 11359 19469 13025 11621 17749 17278 11682 19874 17825
10464 23017 20177 11821 19014 6355 13142 20407 17482 14008 17077 19722 10582 26912 12414 15465 31069 14263 21825 8313 13415 1234 13282 9305 24622 16742
13620 14096 14700 7681 24975 11330 3436 11465 3452 7117 6523 18131 13378 17760 22880 15384 16317 12488 19425 9896 6342 0 5082 16560 17387 16477
15889 14763 14257 12846 21590 5555 17069 9590 16019 16163 18699 14109 11823 19238 16432 11007 20814 11292 21698 15606 10708 0 23600 12721 20728 14603
10553 13034 19708 13355 6632 5620 10083 3817 22203 22354 14453 24427 12651 9057 29151 15514 16631 16085 24092 12278 11317 3359 18303 12392 18224 17944
13968 22060 14568 9556 16396 12950 27135 13003 11106 14790 10088 9107 10508 15235 19766 16082 24263 11537 17529 19908 175 13341 5919 12999 21079 11473
10561 19490 19633 1187 20439 12098 29298 19379 9924 13132 22782 17005 12191 15633 12769 14773 20156 15404 18662 11034 17170 15531 5859 9466 20824 13336
8589 13768 18356 5333 8931 18846 13952 24235 3871 11232 14515 17154 11272 25744 18089 16849 9511 10769 18521 2951 14333 12599 14153 9478 20740 19420
9856 9372 24386 9655 15277 14428 16273 18896 19159 12827 13288 21886 2555 14649 19180 8416 19954 10178 19269 16871 15525 14595 7552 12099 20565 10198
16157 12915 21000 5031 15655 18148 24334 15582 20572 14307 10381 15181 20443 12693 16389 15109 13701 14846 23445 12194 4235 3832 12494 12976 14327 16779
10645 8344 18903 6962 16926 9860 23098 23797 10631 17566 9549 17791 12799 20265 27948 14872 21986 8739 20715 9751 15673 9261 13347 11752 19258 18074
13531 22626 17094 13742 28527 5470 21583 31322 9213 25342 9894 10125 14109 12087 16894 17170 17037 14654 21725 14269 11533 7749 332 11972 14332 17916
11592 8978 23109 8286 10637 8181 12423 15906 22407 10537 10006 26258 10538 9417 9104 21675 21267 13527 15508 9361 13294 7584 9475 5491 17765 15624
10683 7582 19090 10262 14973 9696 6505 25417 12917 20001 11877 15277 9080 16708 6915 12432 3081 11782 18769 14188 8263 14538 14523 8128 20390 15025
12192 21102 13647 19145 22296 2261 15486 22743 29236 24828 13103 13763 10210 23300 19355 16266 15423 15359 18751 15219 16284 18907 2434 10097 16458 15651
7349 21258 19715 11764 16688 14488 19776 16858 13772 11526 12041 21979 12202 25341 26318 16599 6262 13318 21865 6353 3834 18758 22770 10379 19972 11644
12539 15076 20517 11540 33188 15572 16253 12363 5888 11939 0 18593 15187 16617 15065 19029 19775 14112 23007 14614 18978 11558 16118 7667 25286 20306
10242 15696 10093 16028 15041 7551 12916 10991 8727 20683 15290 17092 21249 32996 11667 17422 30724 16106 16136 15000 10800 2789 0 13748 18532 16864
6367 7462 22026 284 15973 6402 26720 9250 15652 22307 13897 20966 8207 10868 19457 17678 26744 15215 17180 6021 4396 3920 19289 13692 18506 16807
12110 18567 20878 14269 16173 8231 9390 0 19612 20362 15081 22282 7927 22472 19362 19223 13051 12641 20415 10764 13766 6380 8629 6356 15626 10356
3167 17499 24435 15867 26873 10818 12220 13417 8674 9097 14142 24943 11192 10227 14290 16517 19172 11332 17107 3883 8736 14925 17596 13884 15471 11697
10112 17095 26768 23336 23147 11139 10796 8158 19759 17576 9393 11008 23743 23982 37524 10510 24387 11083 16305 9196 8781 2250 10055 5426 20249 18127
12342 12075 21256 8957 21634 12711 5859 13722 11140 8332 14481 18142 11240 22044 17138 17155 23489 13389 18551 19145 4078 6782 17656 8883 14857 15087
14766 18964 24229 11140 20122 22316 19406 13094 6754 14701 11750 13851 13092 34596 678 6539 19349 17768 22280 12270 20385 14241 8357 10728 16179 20648
10759 24780 27063 946 12334 13230 17186 12263 26344 7862 13644 8955 14478 17688 20933 16869 11175 6789 16808 18188 24204 15562 10832 15990 17752 13592
10889 7099 19763 12533 13605 9986 20535 9554 15693 14834 9364 25498 8377 15323 22772 17235 17352 10941 12255 5355 13374 15095 13603 9162 23680 12872
13615 18061 11348 16033 5138 8429 18453 10578 10379 13778 10405 12552 11981 4140 10620 18579 7428 17992 18004 20285 12796 4956 5658 15171 19417 17295
12016 10909 21545 8406 14437 8366 22179 4411 17114 4157 12269 21531 10525 25506 17050 9764 27699 14115 14436 12836 14035 8474 4191 12955 18633 14065
13080 17204 15275 10953 15866 8980 244 8326 12506 14314 13831 17970 7110 14951 16870 12783 22792 15163 19800 10820 6386 15057 0 12359 21065 14482
6128 23269 22119 14006 5091 6249 7783 19367 11153 8324 14984 18206 14316 15474 7321 15701 12788 12849 18063 15120 5701 25599 17220 9481 12185 19085
5523 23378 18591 4770 16509 1517 20219 9495 15168 10715 12476 18569 8971 15614 11405 14815 24743 16046 16407 10962 11725 21425 5631 15620 16880 12743
6639 21573 24875 9596 18719 15574 9892 16487 21609 10190 3348 19499 15430 18164 30101 15050 20876 13504 26168 9816 18035 10103 0 5939 13980 16434
2741 9893 12258 11692 13837 5983 10674 0 12657 11941 12355 24079 10091 25228 23737 15963 2909 12017 19415 13235 13411 24185 16897 12533 23134 15073
11238 23148 18665 10181 21474 12279 11475 2690 12263 1564 14854 18576 15047 25244 17276 9710 22918 8042 18126 13645 11201 12308 11325 11593 16133 13420
4428 13500 19389 8759 22010 8686 14870 11137 13425 16307 14652 22234 10836 22163 16970 13599 15901 14045 17738 23864 29957 9642 17831 11427 16517 17306
8981 25195 12187 19914 9775 12990 11946 15868 15428 12135 23236 21300 5050 25594 17352 13850 13803 11354 16166 4731 4043 26392 0 14614 22239 18237
12578 13653 21229 5613 17268 1973 6833 7502 19284 13633 13323 24585 14058 15928 18296 16095 12436 13734 21684 11026 12958 2735 11601 16457 24112 12165
12781 15969 13940 7207 6995 7282 19668 15265 18748 15254 17089 19625 19423 12835 28390 19664 19429 12802 21499 14183 19856 15781 2295 8162 20669 18398
3901 17390 16959 9996 3846 7936 17157 8959 6452 15303 27306 18004 8229 25170 17313 13766 20629 8721 11317 13758 12180 18434 4785 11595 28674 12353
13647 16729 25173 2126 21237 6026 17003 14004 19820 12935 13885 29585 7195 23681 15475 12948 9097 12177 17320 4799 19052 18758 7383 8308 14830 14157
10674 13011 15864 7726 21594 1294 12496 0 19103 10359 15927 8681 13044 16894 27682 15881 19687 14255 20794 13096 14029 5376 15899 14016 25345 15377
7130 18458 17116 9032 12924 16124 7572 8087 9692 16571 12287 13094 13939 10393 21058 19318 14414 11020 24110 13248 9672 13484 11619 11253 13268 17154
8451 21041 18762 0 13906 12666 12273 1736 19355 6678 6999 19926 8527 24855 18866 17555 10977 10222 16860 8571 14100 10247 10677 12570 16936 11720
7514 12672 18079 5918 18398 11001 19825 13658 14474 10573 19302 20434 19357 15866 23927 17037 18820 17132 15449 13012 20106 8210 10372 11148 26222 15781
12019 27980 25174 8793 18071 13507 10466 15919 14313 21295 15028 13772 16353 15041 9853 15712 20602 12963 16430 9878 15807 11021 7433 11732 23407 16808
7355 14535 15619 12620 19784 11106 13903 14928 13182 15893 23649 9944 12620 21811 14709 19244 13527 13620 12332 14000 17506 7226 10708 8139 20430 15866
9272 16368 21916 7859 8199 6189 21345 8231 17457 7997 14385 16603 15802 7386 31090 16883 15685 8133 16659 12083 7929 0 18906 9475 9097 9994
9228 29231 18786 13583 20179 14400 7076 4968 18182 20000 11602 20843 13761 17573 10310 13631 25430 9042 20609 9051 23183 0 7039 6510 22397 14846
5951 24750 21809 20083 14616 0 28111 12404 20331 20879 11763 13688 14159 26050 14591 7210 18313 14693 23063 2893 24168 14721 14687 12506 15803 10827
14837 15131 25318 9314 24101 11479 7648 9416 16153 16690 9794 11019 7990 33185 17743 16884 23488 12173 19228 18380 19374 17743 11158 9861 16675 14817
7989 16250 12201 13697 20991 10861 15121 7367 0 15034 15914 27953 5565 12617 12697 19155 11881 8882 20845 9368 21362 8138 7598 10225 19176 16625
10780 16562 17547 15891 12894 16245 19524 23318 10244 11289 8303 17248 16420 10316 23040 14721 13912 14250 21716 18934 6995 14384 7737 12966 22876 12113
15925 27389 15159 10132 23403 15443 22151 2772 18895 20746 17496 8446 14734 14693 16430 17801 17021 11802 17238 18447 19247 12021 333 16570 24814 18632
10232 29193 18769 7558 13977 7090 21831 8019 12796 4460 17147 19795 13095 8632 35682 11296 20477 11846 23926 4149 21804 19424 6904 9326 17848 15222
11471 16957 19565 12200 22287 17600 18018 18400 15985 13730 12763 12713 13928 18894 19363 17605 10029 13567 25811 12451 20105 10313 3793 15079 15768 17535
7156 12419 24188 10370 31259 10915 13452 15037 19430 14164 19039 12663 7949 10733 23599 21929 16426 13187 22448 15017 3176 0 19847 14920 15522 18890
8217 19701 25313 10729 23142 6765 8657 18280 3389 13654 14732 18564 20360 24514 18802 19972 13327 12354 21699 14221 13622 2636 21820 10191 21013 11740
7332 14762 28431 23315 15680 8345 15426 12534 18114 16216 1351 9754 5839 17501 18518 20796 22051 13877 18816 22476 9001 7763 8471 13305 27036 13255
12251 25745 12129 8818 11579 7344 10662 6655 0 12577 24941 10709 15639 3708 27968 14824 27947 13452 19018 13984 39382 6179 10335 9572 15556 13624
11458 10883 8721 11901 10350 15239 10806 13640 14373 16467 21194 16211 18600 17066 17808 19944 8370 12271 16604 19310 15506 14840 6742 10325 24831 13513
11267 19953 10302 15365 17254 13972 16535 12062 14091 20710 16280 20139 14115 15266 19925 15249 21935 14660 18381 13210 24811 13672 3754 11880 20872 7922
15429 11373 10089 7087 12975 10435 16999 7440 10357 15493 13000 18127 9405 28114 20471 16319 21716 15355 25477 15772 9969 15273 10877 10202 21341 13230
7047 17731 21125 6068 11368 7858 14600 15023 13407 6466 527 18451 9522 16704 17611 16062 26077 10367 14052 4073 16965 3077 16769 10157 15206 14864
9516 4710 21675 7619 18699 11870 11930 13523 14569 10459 21314 14262 10779 21710 25455 18102 3797 9669 14638 19939 19292 5943 20881 12646 26342 19246
7665 14667 31351 10138 24931 2981 22673 1020 21469 25455 8877 21560 9415 20822 16628 15668 14853 16401 19432 13284 13572 0 17371 5710 17097 9993
8157 20751 19067 9331 19835 17646 11147 5802 14830 22233 11189 17748 14027 17585 40929 20464 30682 15009 18879 6950 10336 8368 0 10542 24778 13681
7391 17673 16580 12497 13681 11421 13832 4465 14941 18361 6704 10557 17532 19184 23440 12792 17220 12411 14649 19459 4918 9924 3621 8329 16068 13946
10737 23117 30300 13838 16970 15264 16650 8120 16492 25355 25513 19184 12565 15485 23987 14984 32464 12873 17057 8122 14600 3859 13178 15295 17139 14233
9343 5873 19204 10113 13038 6654 23593 0 10022 19359 12035 18318 15264 30283 18386 21132 13402 12741 19991 14780 11791 913 8676 7668 17288 12040
9304 23901 27463 12500 16147 14120 12303 3491 10326 18858 10234 14971 13817 13015 16229 22820 17623 12328 19516 15059 6128 12798 17430 11012 11311 13922
9517 26684 18280 7903 19208 11074 3210 16611 9250 17073 19417 30269 14820 17563 8503 15103 15196 9409 19012 23132 11279 1343 12559 8561 25457 16673
5662 19973 14772 4570 30598 8012 12762 4532 16556 12313 14817 14926 11569 6663 23417 17879 14486 12540 20093 15529 10693 18112 11850 14030 15197 14025
12344 28285 22126 5022 19119 8378 19144 14812 14315 15903 11833 15468 13260 23813 15391 12954 14472 13959 18050 14392 8741 10159 13312 13876 19373 14048
9825 3859 23511 13303 17391 15881 16130 12031 15893 16300 19613 23139 8316 18883 13594 17866 11663 14702 24731 6279 7251 2326 8851 13631 21247 15370
5803 27002 20817 17539 24726 8139 12008 6823 11213 3286 5870 12582 9488 24262 21377 10391 19689 11390 16125 9324 15418 7633 8262 8893 18212 15262
11413 15304 18877 17121 9411 17550 4725 2463 18397 14997 19037 20706 9175 10175 24856 11601 8910 10891 19179 20258 14877 3823 28928 10698 24655 15474
12447 18022 18693 22389 13155 4619 8231 2072 11935 13569 18553 20970 8412 20780 18090 20570 22387 13398 16602 10610 13102 9589 4811 18068 19807 16264
8184 15327 16420 2755 22489 4480 8180 9033 23527 6862 10730 17935 5419 21957 21433 18683 12299 14506 21509 21555 6384 22662 17415 6688 13739 11867
11517 18305 22915 0 27410 14084 26392 16062 19741 7685 18302 23797 12372 16472 12925 13075 27328 14465 28754 12363 13005 27478 10523 16437 17339 17921
9088 17331 22559 364 21793 19873 21023 16574 10406 11453 13040 20112 18977 12563 31357 18273 12472 11623 18292 13240 6640 9511 6612 12011 17777 14842
14787 20585 18752 12496 11774 11548 4448 9838 13173 21503 7979 23747 11919 10771 2260 12072 6963 10607 18552 9283 25264 11047 9167 9016 22015 14630
12133 17622 24757 17181 18990 5453 13688 10789 24909 5145 11324 12244 8972 8930 17963 20440 21125 13276 22651 10316 20484 8534 15511 12611 19911 16291
8190 18945 24550 7815 16937 9025 38699 6755 8564 11859 21065 12747 10050 16978 17909 16964 13318 13792 19073 10974 13075 2393 14442 15527 15542 16927
5836 25046 16912 15079 26785 22341 16800 2896 14838 14460 9549 26058 14013 5491 29520 16920 10324 12589 20560 5690 12787 0 6942 10724 19568 10889
6770 21452 8333 10765 17546 17323 21748 2823 10106 7744 16796 9701 16613 14608 25853 17489 9981 11835 18924 6170 3048 4233 24496 13161 15312 14257
6086 18360 22720 5166 15247 9599 20691 8494 14316 3561 13808 17505 21336 8517 5404 15708 30664 9226 16860 14461 19026 15550 1342 5704 23740 14059
10487 13834 21071 12815 26472 15421 10922 15679 22005 11908 9989 24425 17095 19377 14176 11101 27707 11589 10666 8050 1542 24755 20646 11570 19965 16515
8486 22769 17464 9892 18428 6692 16120 9672 7124 20484 11699 13145 12768 20678 24766 22194 25927 12745 17197 8804 12731 12802 2349 11831 13943 12303
9126 23423 21445 10880 23570 9654 20097 4313 19097 15953 16164 10310 16032 27049 15200 19902 22782 12581 11168 22644 13338 0 13821 12775 14541 15424
17178 17281 19303 9894 20110 16855 4439 11942 14418 18480 14952 23636 10723 5452 27679 15101 15002 11330 18443 17026 17722 11255 18540 8953 19069 7762
14706 16653 19322 8726 11272 10630 21280 20430 10471 24404 18870 28678 11792 9038 20268 14172 21840 13542 23565 8622 14091 10866 12068 12090 21327 14421
6383 23793 15622 4414 19921 12013 0 13907 24242 11182 21769 18273 19103 19757 24025 17415 17958 14357 18007 13390 23250 26260 5424 6947 14786 13857
12971 9935 15748 12703 25668 9926 7429 10286 16825 18273 20206 19265 13881 27608 19130 15404 18236 14091 23019 9757 19088 22183 11745 7909 10875 11208
15436 15528 21691 13062 14019 11904 18532 16549 28718 22561 10836 26185 8677 21283 7071 15072 9892 17083 14198 16365 15322 12681 5860 17488 16927 14987
13025 17500 24077 10729 19521 11908 16311 0 14148 15849 13809 22542 11933 17913 13602 19989 26572 13500 21854 8360 14691 4739 8529 13336 18668 16690
10693 23650 14759 6544 12576 6907 16136 7372 14101 21013 9481 18287 15298 29792 19472 13786 14663 12308 22078 9849 8337 13570 13920 14548 14333 15352
6881 16630 24550 22050 15599 5946 13037 13364 10760 19392 14513 14815 11175 24121 26826 22632 22033 11786 18843 8266 20897 11236 13960 9373 15805 13936
14463 25437 16057 9705 15349 14346 12662 10041 26854 21410 12501 19780 7689 30473 15075 17001 23904 12039 16135 14986 17986 11258 3021 9777 19407 10381
6599 12689 14251 8310 10576 14554 19153 9219 19798 8868 10516 15531 13273 19504 27817 14507 17394 11552 16251 9915 8057 0 17952 10907 17615 20359
9958 9239 25994 19724 16438 7210 7575 16218 11224 6759 19665 21788 14602 4826 18402 24710 10971 13725 21544 11172 13155 7052 9819 14060 16396 19303
13788 18448 19084 17282 15060 3062 13219 4401 13396 15192 20391 15368 5791 9865 32092 17921 24683 11974 16982 2389 9779 16911 8591 7027 13919 17255
10202 7218 21107 8443 18011 11063 30473 6102 7909 13590 5413 16923 13890 12791 19296 13339 11600 14990 11023 6867 10080 6931 6361 12247 15541 16724
8243 18855 25557 17433 15724 13656 8571 10443 23170 7012 14666 15322 4055 20269 26654 10614 23122 13717 17452 11126 19168 10887 10385 12003 15788 12098
9444 14532 28657 8595 28668 11980 8702 5233 15652 15928 9309 18740 12258 34257 30196 24795 21933 12210 21672 4212 11077 12706 19693 12915 9548 19629
10513 13556 14873 7042 19826 14735 4727 21332 10809 21849 13843 16864 6520 13534 8336 16378 15776 12678 20711 10083 5548 6562 8185 16383 20792 10197
14819 17312 14573 10595 20708 13706 13924 2126 8535 11916 8912 11383 2930 20972 5811 11481 20228 11154 17822 24335 14606 0 20145 11647 23490 17425
14252 10312 28188 2652 18589 11311 14121 17407 18417 15371 11667 21622 10976 12997 29284 16840 23421 14840 24284 14286 18287 4696 21467 14184 14975 14876
8382 23656 15102 11101 21934 19235 21578 2151 7719 4422 21403 25313 7425 13173 15175 11215 11774 13594 22530 11031 16308 12130 18804 13561 24465 22228
12771 23704 21625 6824 13982 16492 14906 16541 9204 15520 19164 21511 8573 8784 27776 18783 21171 14799 21974 14403 5447 21169 12481 9984 21107 15048
8305 16419 24158 11996 14399 2760 10119 3750 18242 8438 17521 20605 11668 23881 22019 16326 19409 9275 20887 10315 7062 2615 12404 11804 28745 18922
12799 21310 24383 15269 14511 8048 19229 16428 19402 9319 14117 22346 14600 847 17800 19292 15957 14621 17559 13860 9802 5983 13031 11623 23167 9798
12497 19748 12517 7625 16661 8167 16293 10379 9523 10844 10385 21155 10508 19180 26015 23466 19940 10917 16232 15381 13188 3777 13655 8745 19236 12339
13207 15321 13620 6626 15070 6113 12272 20555 20870 24688 16432 18135 14513 22778 11876 21063 29291 13712 25827 27297 19535 12611 11485 6015 22664 15037
6724 17224 19876 7142 29271 11030 23184 10053 16871 13651 11692 20042 11282 10595 15494 18688 24447 14400 22191 13576 18534 22167 4783 11634 13405 16487
7709 24667 22836 7611 22980 6900 29939 12711 17902 6179 23778 18380 17086 17268 152 14234 15026 9948 17925 13678 21114 17954 16793 6898 22017 14263
9507 18165 21984 9443 15091 15910 19259 13918 7684 12931 12080 10138 14508 21942 11847 10241 15115 12298 14398 8632 4019 20013 12085 10004 13227 17274
13328 14619 9860 8071 25715 10161 14933 13041 10144 18482 14422 20677 13052 28335 17167 15656 12410 10920 21354 21298 10489 11851 12898 12604 22721 14558
16579 18668 23537 13233 20861 8561 20946 4806 6477 10331 11701 21182 11410 28584 13458 16517 16809 16336 22169 11149 13032 3426 7327 11038 18390 18847
7220 22793 14975 5431 7181 8751 12344 7202 15853 22743 12393 22440 11394 24503 24764 16966 24376 13687 12565 7906 0 28711 20278 4508 18429 18063
11229 22252 5122 12272 30322 11422 11999 0 19779 13004 18990 14483 12988 2011 14350 18438 9957 10652 20305 12064 16917 6961 9061 11636 18283 8163
6973 22642 23885 7743 13725 10691 19392 10913 16539 13006 20472 16512 7154 9642 7898 21472 10884 11519 26420 15861 7029 20215 9212 9238 24799 17897
13452 15933 21703 7561 22236 10972 17816 19794 8834 12122 9257 15455 15117 18896 19501 12957 19090 15071 23086 10743 9634 4821 19766 10925 21102 15266
10438 28155 22727 16448 27113 5954 15872 11644 17088 16862 22219 15896 12484 14022 13012 15598 15388 14092 15593 11950 10600 31321 13070 14210 12835 16284
4689 27596 18896 5419 15581 10735 12057 14576 17500 15778 4284 13432 9271 30521 19772 19178 22757 15864 16741 9322 7137 10370 5213 9201 13875 8011
11433 12871 20383 9571 9057 11429 19486 12907 22414 12392 9609 22938 15249 16908 23850 16472 18037 15228 15939 11236 20639 12932 11548 5526 13700 12606
10497 5556 23418 4922 15673 8233 13835 7964 7710 13474 10123 24427 4606 17557 15744 16347 22507 12582 21093 18895 7874 12933 12712 9891 9846 15737
8415 19882 13382 11360 15753 14428 15596 5362 17167 21851 12767 11879 10362 20295 12620 19167 15898 10458 15755 13891 8382 22996 6209 8491 16684 12955
10904 4961 18292 10968 26591 7690 15062 4834 9569 14262 11627 21160 16989 35432 22197 11881 24114 11005 20866 15282 7702 5785 8281 10434 23732 20322
13999 26768 17071 11775 11920 10827 15308 12350 16377 13139 12093 17985 15206 10915 25935 13843 4311 13236 21368 24418 7439 13732 7054 13294 25248 11188
13016 15319 22241 10463 23335 5067 9593 17276 10884 11641 11584 19583 22499 22656 6608 20048 18662 16622 20023 20023 15437 18263 20648 12434 16899 13605
5427 19250 25519 11682 15139 14043 6263 6356 17829 2975 4836 18022 11919 13627 29570 24165 17855 10559 25956 16384 5591 20765 13531 10940 20693 13308
8876 26942 14360 13083 14307 8743 27456 15767 26463 14458 16831 9754 8435 12923 15348 18842 27331 12904 19198 20015 19376 5225 486 7854 25226 14993
5597 13341 17909 0 19665 6931 23299 10761 7298 8757 14227 14306 12677 11942 20320 16712 7842 17970 17736 10719 20191 14919 2396 12799 14631 13800
5318 13811 20630 353 19451 11304 17019 22416 18752 9216 15082 20804 8188 24621 31374 15480 12600 14468 26585 11735 7785 0 11522 7192 20515 17851
5854 23179 20479 9803 9670 12445 24497 17465 8877 7158 20795 16946 8462 13437 27284 16385 17227 9800 17515 14356 19918 5293 14523 9569 16412 12389
11528 12762 14407 8750 17245 18369 9561 10823 15634 10638 9577 13770 13241 18174 21625 13459 28265 14800 21722 12789 12387 0 11012 12048 21511 18523
5873 19295 15345 14764 11736 11413 10044 12492 4303 18666 17569 17927 11320 18294 12322 18751 28741 12130 20172 11324 22162 7718 5895 12943 22247 17402
17140 23650 28937 9495 26161 12343 14623 8777 13599 8077 15642 14219 16306 18328 17550 12722 16574 12018 24477 10636 4226 12313 6727 12821 21973 13534
14949 17226 26124 9924 18173 9460 8006 15838 8781 13684 14507 21118 16683 12988 17295 15518 13256 15743 16250 995 12425 5692 11102 8703 19500 12368
5576 29422 17506 11797 16757 8850 18560 12073 11877 13660 14451 15682 11469 29579 13417 21759 18045 12865 25539 19955 270 9495 19131 9925 8210 13542
9088 4498 24141 0 21928 9640 6024 11206 7940 6914 14757 15131 14515 19527 20966 10207 9391 14780 16702 20660 17145 0 7569 14155 22836 19689
11282 9807 23850 4657 16044 10496 19313 11669 17534 16343 15370 11048 13243 26793 11895 19382 18581 12416 17789 2082 18883 755 8963 7454 20074 12335
8601 17506 23552 13697 12585 12891 13785 4826 7431 21816 22610 16201 8155 18162 18940 9924 19772 20490 22875 14602 10703 19406 9666 14831 22569 12569
11852 14553 26461 13662 14765 11306 19810 14655 10460 14567 12883 28834 9971 13505 22092 22786 18758 12601 18512 20482 18431 7177 13139 14108 22598 7991
13733 5850 16246 7633 16834 9594 19460 9219 20890 16379 8438 17435 11098 19991 17633 11901 18671 13581 10912 10889 7698 26709 3621 11403 16672 10848
16356 15202 21648 10596 25300 6258 23842 15633 17705 16631 11996 22237 13717 18268 14386 19719 17364 15113 19025 7050 15599 10384 9635 6952 15503 14177
12465 15061 17140 13737 21537 15238 13617 8893 7207 7511 15698 3572 12541 21366 12722 13533 25657 13153 16020 14956 17668 21027 24297 10725 9940 15979
15837 16407 13819 14686 19806 15794 23313 0 8625 13225 9522 13500 9350 13882 25102 15889 12028 14443 17783 3278 21543 14760 8824 13738 12181 14354
9198 21359 7621 11527 23000 6239 26459 7554 19955 13867 18133 23968 12527 24861 13280 14466 22488 11250 25870 7938 25079 25633 17377 7824 22067 13328
8322 21589 12192 9128 10801 20101 19702 21688 4832 18872 24826 20216 9137 10471 19171 18884 22225 10589 16069 13122 22494 4415 17908 9222 18672 4840
12161 9469 27783 13352 27105 9904 11366 8815 12769 13789 20652 23654 10082 14125 13469 14825 17026 11148 16411 8856 10762 31273 15593 11562 8254 14677
3715 19504 10797 18952 10306 9103 19997 0 20378 15112 18638 15445 13432 14322 16934 21414 15447 13099 19528 12077 5590 22723 15236 10119 18933 17737
10592 16382 15685 8768 7067 11104 21357 15323 7587 15467 13510 19592 8648 15298 25573 10485 12095 12574 13687 8322 0 7264 2562 13735 21677 20071
6405 27334 24170 2112 13460 18301 17748 20174 1091 22707 13661 18143 12836 16075 24001 22704 14523 14701 20209 7884 17055 15529 19792 13697 25104 18546
12310 23061 4747 10985 21129 14771 14932 15390 20626 11085 14268 18946 16064 22004 21417 18961 21122 13785 28052 13356 15726 11344 11397 7852 16130 12250
12859 12065 29132 6636 10391 13060 16081 14301 14745 13876 9914 14071 2039 21248 18784 17825 17020 16414 20428 504 11999 14593 10135 4198 7283 12714
12600 20483 16488 16893 21486 10426 23764 9004 15765 14996 21109 18874 14932 21503 19904 22671 13250 13543 18933 15523 25106 467 13478 11945 12864 13413
13055 31602 10935 4804 12720 13684 20404 9989 6366 19497 19892 7587 8738 22311 26616 16947 12143 14436 24411 13723 17066 21990 12130 12867 23317 19310
12756 14956 13891 14014 19733 9049 9971 20702 19072 18199 9218 15151 7651 30695 26765 18206 10611 11852 21061 12488 3271 8451 21615 15880 20881 14503
16034 24104 20143 13171 10143 4322 6633 11231 15616 18556 18646 20269 11272 32551 6232 16228 12217 12802 15636 7215 0 4403 13888 12379 17265 13119
14211 28154 17464 15267 16119 9946 10958 6591 7491 9219 18331 10888 12441 19833 14485 13577 10587 11967 16568 7328 3923 3391 12277 10561 23527 11052
13580 13047 16436 21826 20210 4298 11813 0 16350 16178 4096 22820 17971 22082 27111 5190 13957 11929 19188 10310 4002 9226 12588 13919 17184 13387
10973 22023 25711 9338 8697 11903 24797 8444 15484 17120 20947 15704 12646 19661 19159 19536 20809 11517 17843 14574 13467 10294 11300 13488 24787 15322
10242 24951 17529 9719 17449 9669 15550 4636 14318 14901 11961 20038 8490 23335 24544 17536 22509 9551 17124 9181 11261 19361 1619 11420 13415 13673
11155 19852 12374 21084 24374 15172 34923 9626 15959 18040 11827 17436 13454 19192 16942 14030 11334 11392 18995 4755 4447 6069 27386 8792 17613 13065
12530 13745 20298 9805 17528 10778 3958 4663 12976 18308 16455 19648 4879 28209 11691 12895 11876 13836 17998 9445 17612 9955 8533 14105 20306 16850
11639 18235 26009 11340 21947 13738 15263 5238 26263 9542 9656 16491 16615 14533 12166 15500 15111 13963 18495 13526 12048 23747 9332 12660 20188 13938
9968 24723 21498 6434 2896 9255 22105 11178 13180 10715 14040 20258 8906 17408 15190 19124 27053 12376 19512 6591 15150 0 11058 9158 11970 18536
9557 20697 21577 11457 31996 13030 31762 24024 15079 17060 15151 18611 11235 15474 13523 21330 23234 11885 19196 8432 11101 4370 11154 4760 20497 10855
7953 16078 19577 17564 14554 9315 21131 15691 5793 23021 6567 18416 17673 25933 23844 12574 14557 13432 22376 23420 15571 13675 11268 12565 21628 8302
8248 15178 27452 14537 12065 12212 6496 0 15441 12120 10823 15055 10258 15037 9978 13366 12940 12316 26134 5790 14655 11017 8860 11921 27118 14123
2679 17484 25745 4914 22066 15539 24649 15015 17701 24597 8043 13781 10213 20560 24062 10848 26702 16705 23498 8053 17108 0 10538 7742 13984 14076
9534 16392 16216 10432 19148 1026 14393 5337 11034 15409 12880 23400 3551 15009 18498 19636 19654 12103 15563 8248 13788 0 9082 10926 15594 15066
9259 17667 23027 18872 18414 9976 4242 10057 8913 14821 16944 19836 5503 10093 23426 18034 19551 15761 21457 15893 13552 11279 4679 9271 19041 14382
8465 22792 23263 14695 15357 13491 18730 23447 10601 11545 10076 6947 13095 11786 25242 22197 10534 14300 18460 20692 13592 15662 8789 10802 19611 18171
9472 30313 21427 9759 10189 9641 14964 16950 18669 10446 17793 14747 17920 21436 27611 19563 25279 14937 22016 12389 5304 13911 8622 12362 15292 14345
18016 24478 22671 1619 16530 11348 21717 3934 17048 21576 15047 15759 14081 3531 21079 17361 20692 15621 26183 15252 11447 13267 14428 14746 21866 18478
12963 24939 19716 21804 16261 14392 6087 5765 15371 269 19032 21510 15165 17843 11114 10543 9987 13626 18830 10254 8996 1638 24541 9454 14381 13960
5417 17993 20542 10374 14819 9166 21196 8269 15764 18188 17316 16521 9147 22220 26938 17572 8031 17779 23580 7134 8117 17161 10542 8559 21052 14811
7694 11900 24680 0 17791 2717 27228 6482 17468 15655 24097 17177 8779 18772 26557 17288 12063 14124 21567 16903 15356 3286 14721 12097 10363 14363
12568 19389 12779 10125 16134 12104 13971 17179 10382 15253 7337 21328 15244 9483 9532 18654 23599 12491 17886 6823 8745 0 1540 10657 11373 15061
6682 11971 16934 11286 20556 0 22689 14373 10984 7210 9076 14202 17674 20640 26667 11551 9603 16416 21032 10060 26413 10155 5497 16111 22435 17161
10955 31508 23542 10858 9561 6411 20866 12467 11604 9614 9066 10943 15670 14101 28653 18746 12955 9449 18783 12383 7418 16180 3298 8152 17470 18193
11210 25335 21096 5091 17783 8663 26031 17318 4716 15745 14148 18565 6788 17109 21376 24899 11303 13928 17123 10947 14826 5945 17295 8315 24291 15215
10449 25214 20250 13363 9905 2437 15840 14500 20774 10158 10990 10099 15213 18923 20347 9022 4665 14506 21708 8034 20150 5409 21170 10023 19742 16088
9990 29019 20843 14410 13486 20146 17612 23777 20325 12421 10525 26704 5689 24169 20362 16665 21775 9875 16549 23561 2935 12219 18758 13217 17954 16535
10423 9728 16585 8701 21509 10953 23753 0 19918 15156 12857 16822 11660 6816 26901 16543 16912 8363 23213 7990 0 15365 21453 13245 14720 15759
11179 18153 15700 14842 10251 8075 36698 0 10537 17566 13822 26572 7685 33412 17871 16323 14495 11696 22900 11891 24887 2893 10485 6614 18741 21282
8338 25628 15559 6131 13806 14580 7749 12624 6188 10482 15623 19368 7710 19532 13466 15730 13944 13232 16619 13961 10309 7130 15888 12200 13465 13239
8291 18649 24274 0 14779 20006 17800 15060 27679 23492 6701 19035 8355 21296 14484 16925 3221 11264 21428 12021 9988 15571 15503 15045 14459 12654
17797 16377 21594 5246 11359 11126 26057 12139 14973 17203 10794 9137 13252 25502 19744 17409 14629 14852 23524 9869 10771 0 6385 16493 18026 14153
10715 29619 18982 11745 17480 10865 14897 10089 22199 11882 8246 25396 14761 24092 17597 20990 3083 13577 22070 9710 23128 21864 15145 14211 17665 13444
10687 19232 11925 16969 25176 9541 9775 243 17990 17406 12386 14159 8721 30743 22941 14062 19180 10294 20103 9549 16232 29060 15592 9285 21045 16606
13650 18044 24525 6636 14765 6935 13848 3640 15971 10823 15257 17699 14155 21962 8218 17187 15071 10588 21477 19854 8167 15948 12579 13902 21574 15237
15249 12086 12687 5409 12193 6541 14739 10300 0 11790 7520 18580 6698 22463 13485 16374 33598 12091 15425 10201 8025 18703 1574 12401 19043 17689
7834 26784 24086 7151 14722 20798 9539 6291 25529 15939 18198 19996 15181 24121 11633 16178 24359 17948 20715 10232 18470 0 10915 9343 19994 18130
7534 16398 23594 11714 8795 3663 13439 554 16937 15557 14976 9883 9370 22688 13391 13547 9032 14565 25403 13576 15615 28376 19528 18816 19805 13904
18349 15236 15826 18667 18871 7958 21344 11142 7894 23110 7898 15189 10332 26418 22494 23963 9652 10436 24847 11533 19112 18508 10780 13284 22245 10554
9832 28844 20764 11982 21644 5378 13636 9089 2410 11330 12359 14772 13857 28302 14446 10283 11419 12944 20305 16313 15234 18126 6828 10380 17375 14597
17798 20798 14844 3556 21016 10272 24532 10423 20402 29020 21199 25370 13199 18806 14365 22397 14912 14390 23102 10743 6431 14657 2277 14671 18898 8582
8999 18402 26183 15712 11567 15525 19339 6734 11632 17984 20741 22637 14414 16730 18151 13350 17398 15767 18776 17256 12499 16973 1176 15534 21162 13296
8043 10604 25026 13015 11941 16876 12529 18938 12266 5100 12940 20637 14581 27578 18192 15854 17888 9484 18806 14536 20046 0 849 7297 21479 11525
13024 24635 20769 8336 9341 18086 9474 13222 5019 20213 18400 6475 12564 25397 11159 16543 0 16254 15193 11490 9305 14284 590 10225 25954 11519
5399 19768 20057 13455 14092 20472 19045 19261 10084 16365 10319 28375 18146 21552 27332 12549 13842 8980 13086 15241 11528 22995 7104 16222 19658 10654
9036 17916 15693 12888 13389 0 20957 8050 17964 9538 11556 19738 13867 15070 15580 22433 14429 11064 14880 8664 27972 19972 8036 7036 23877 14187
15522 20409 9133 6063 18313 2186 19625 9517 19621 11666 9416 18412 11127 23312 15152 12051 16397 13536 17550 11071 20985 14378 2052 12085 25167 19505
10239 8664 16771 9829 17665 17248 25629 14863 14660 12708 15157 21336 11320 21772 11438 20640 21066 14087 20372 12478 18403 9459 11285 12016 14528 13813
12985 13538 15429 12830 10424 8824 19026 13028 26969 20689 11186 11007 14442 17967 21866 19409 27933 12416 19050 9200 12202 9512 10109 12254 17928 13550
11908 21805 19978 5610 14832 11195 18328 10830 21185 19839 12083 22117 9897 21672 11204 17227 827 11216 15084 9264 16620 19166 4887 10124 18145 14231
10929 11718 6313 20359 16502 16714 27638 0 16122 10103 6950 15882 6018 26423 13840 14106 19133 12344 19897 9748 11221 10967 20259 12869 20046 11013
6463 19819 23764 5349 4544 11193 20355 7503 3102 13140 19966 15514 16035 20769 22824 12714 16109 11389 17744 4969 7488 6767 7486 11627 7636 15092
6614 16555 16807 18950 8387 10440 11859 12500 13899 12281 19524 21230 12293 18411 19298 16838 20637 11367 19520 13858 22060 0 5415 12451 16021 10647
12811 10233 26719 10523 17014 9813 26592 11562 25259 12369 21227 17860 14171 10024 18063 17111 12250 12786 20004 14396 3984 18264 14341 9729 17366 15929
11457 23385 15664 13540 38789 17152 93 17669 13619 10242 16320 19578 13461 14513 21490 14756 14091 13787 14256 7609 12205 12209 22211 11504 15056 10298
11223 18975 22662 5916 23928 14514 11661 2647 16454 25138 12665 23610 11648 3172 26047 20293 10764 9392 26208 12707 3383 17469 14460 12069 24477 8601
7687 23081 11008 11374 8676 6684 8598 13621 17344 6753 22750 17923 13291 23556 19836 19078 10928 15469 21928 12550 13515 21262 11996 10739 14449 15619
13546 14150 23588 17829 9960 12487 26882 7427 11525 7983 13028 20615 17996 31430 20904 11555 23434 11481 10397 13724 21415 2380 10955 11920 18561 17196
10290 23051 19460 5426 17693 14044 19261 14751 14535 10952 19056 20624 17756 14664 5896 18898 16278 13215 13371 13319 8084 13390 7605 7905 20396 17522
5951 12159 11168 17374 5454 6195 14268 20558 12941 12835 12669 18103 10305 13672 21901 16578 26973 14702 19275 12665 14244 15157 8938 11212 21257 14433
9042 37063 21481 11207 9352 13299 24191 14761 8132 2789 18026 19192 9276 17568 20959 15854 21243 15213 18616 14516 16168 3973 4353 7615 17726 21150
8094 28558 21141 14208 15636 17544 32796 17188 16967 10347 18916 17034 9538 12905 24110 8559 16731 9698 21753 7649 8264 16690 1778 12017 20381 11253
17011 12139 14707 11568 18344 16056 8127 7184 17586 18288 13223 11208 7359 21517 26756 20482 4178 13754 23559 11936 12621 3370 13774 12316 24026 15340
8609 14504 17505 6675 19702 8992 11807 0 17027 9321 10438 15618 14859 14716 0 23406 8174 15875 21946 19218 11339 19368 4122 12767 13469 16863
13698 19949 22062 4596 21297 7059 14640 21150 18083 13816 23666 14910 16500 16600 18734 14308 8117 10205 20717 6564 30243 18950 6754 9310 25321 14824
9498 19270 25708 7834 15126 307 14485 10116 11323 25326 13109 7661 13219 9444 28081 13535 22724 10250 25565 9930 0 12828 13309 11636 16600 13657
4344 17983 17117 1359 25991 9255 7432 9353 14914 22133 7144 10999 11325 15172 3711 15244 14144 11547 20261 8412 16181 12614 6057 11815 16984 13682
8480 33559 30501 9156 22362 11874 9841 14045 10201 13406 9626 16442 16780 12944 23949 16888 16735 12634 22770 14000 23842 26404 10372 12706 16658 14181
10676 11445 10227 11215 19374 10052 12491 9462 9450 12298 16617 19752 14348 26702 19919 14326 17405 12865 20767 10770 7998 9135 12785 13909 14517 10127
9491 20372 16076 8844 22372 6200 23041 19352 9218 21308 8738 18282 12520 4001 9434 17856 14746 15421 21157 17133 17390 941 13070 8461 18875 9694
7219 16608 12012 12363 12408 7595 20893 13384 11674 15564 11330 23035 14186 23828 24785 11618 23303 14543 20538 11759 29122 6219 3008 12178 13528 16616
8614 11243 17531 14273 16558 6252 11309 17063 7267 15327 11562 10544 15868 16259 14136 21869 5714 13626 17778 10742 3866 27410 16151 12624 16719 13707
16189 14664 19926 2394 23835 16707 18174 1133 11231 12504 16814 17373 12135 14283 19564 13187 17495 13748 18686 17106 14089 2139 6642 7391 24008 17753
