365
71 49 35 40 92 59 14 20 40 44 0 91 57 63 15 100 78 9 76 74 62 73 22 90 83 48
14764 15744 22480 18243 21851 16498 16685 11803 13688 15268 8785 8759 10607 11669 17111 12011 17377 2554 22109 21616 13924 8208 16479 11956 12430 16582
11130 18959 18045 20382 17641 15272 18756 14261 11064 14758 7004 11135 14148 11747 24239 18096 19783 15935 4447 2673 16987 11481 13804 30344 7180 10822
14952 24173 16875 14098 10053 16768 15199 13694 19985 7552 18251 9725 10322 14396 17288 14096 19003 5326 20790 22892 12363 12482 16492 13710 15747 17044
21104 17515 19403 20473 25193 15176 11679 22153 15941 9448 17040 7613 7094 1915 18239 25938 17175 12412 9250 12880 13336 4581 11314 19441 18888 22174
17370 20368 19972 13934 19870 14231 13988 12305 13230 11026 13206 10204 16396 12048 14762 22976 17055 15350 3178 23735 11111 13234 19147 12670 7058 16463
14286 18155 18549 17549 22542 14732 19827 18296 12383 8670 22348 12863 9831 15265 12838 7959 13980 22614 11610 25739 10298 15175 16831 5489 13510 13205
20469 29535 12533 16589 16179 12774 11746 21005 17360 9148 11357 9790 10448 25378 10902 24163 10812 8292 16079 12899 12833 16192 22529 14747 10839 21219
13822 18004 16165 21921 7083 13035 22009 22563 13885 12003 24803 13662 11654 15119 15164 20922 15802 18571 11087 11760 10152 13368 21875 9267 23358 15103
17366 12052 17837 24717 13638 13928 20138 17513 16153 7961 36523 9573 9253 14796 21906 23971 13842 15015 26942 18488 11675 9153 12109 5440 13746 17689
11791 18683 16317 21999 12075 9913 12720 19132 15518 8176 13571 12912 14666 19955 20451 18544 19632 11234 13867 24057 13872 14112 16881 8883 17670 18866
19401 7444 18218 21034 28016 14136 18122 16672 9412 12018 0 11292 21500 31503 14783 17319 16866 21444 18157 19712 5029 12094 12504 9952 14130 16859
18584 16872 20885 18736 20203 15399 16504 19772 14873 8159 10392 10613 6442 20506 13921 8831 11332 18938 18136 7010 14610 17264 10942 9626 12389 12712
17003 16548 18519 18402 15086 15155 17679 19045 8503 10542 15364 9744 16425 13675 20750 18517 11471 17551 10890 19657 9375 17140 17974 18695 12240 17011
15955 19522 22178 16819 16455 18604 11962 23300 11514 9966 10102 13026 18327 19652 27589 18733 17057 9138 0 20121 12316 7088 22451 20533 13650 18367
12063 8578 15122 17969 8016 17152 20173 17833 13787 8241 14416 2874 15429 20327 12344 21170 14565 28073 16911 37022 11384 7162 14786 13088 12224 13380
15455 7839 18207 19158 15556 12890 15974 17550 14164 9331 19122 11748 4131 34179 22323 15710 15951 2692 11505 16874 7699 14308 16663 11588 15187 21462
6707 21046 20464 26280 12927 12147 13753 13741 19853 9368 23254 10103 13094 10894 20628 15513 18624 13493 19882 11264 13930 8159 22518 8363 11764 9283
13087 15105 18666 21041 17086 9431 10913 11021 18705 8981 17888 13128 14683 14001 15429 12600 14896 20438 17371 10485 13328 15063 23300 0 7927 12929
7289 9667 17096 20155 12484 11579 18974 15009 14269 12686 20022 12775 13071 27090 18842 22678 13446 8175 19641 24248 12582 11723 11594 13407 18403 12218
22517 25083 18269 14603 17212 15546 15705 9577 15047 8727 10030 9997 15917 21312 15414 9945 21234 10565 16241 18837 13718 13032 10982 8876 10927 14786
18114 17758 17578 17723 12108 17607 11768 11313 11451 12457 26651 9992 12660 7064 17296 22621 21365 7335 16360 11168 17527 10733 17859 18108 16477 16649
16829 26458 19500 16386 19753 16174 19561 18562 20547 10142 19432 8852 13210 12170 18032 15685 18788 12492 13297 16553 13512 13961 8985 19445 24594 24721
10852 20873 17477 13120 17468 13849 13419 15591 20407 10394 18572 14537 10358 8574 24912 20100 17706 18075 12531 25608 13408 9570 6530 11621 9489 13535
9259 15394 17577 15785 11650 12378 17986 10831 13415 10327 19480 11686 15334 19021 15602 14149 15838 15836 11866 24134 12270 2728 10856 17002 10657 12441
11229 20215 15013 13718 14443 16111 14900 17318 10569 8622 17614 13924 11288 18952 29227 19215 12890 22313 10586 21020 6405 2467 17756 17783 5953 12811
18344 12516 17658 18588 15033 17955 14959 17433 12717 12965 9283 13231 16924 16063 16139 26633 17407 8841 16492 18835 15970 9803 10721 4938 10399 14907
20826 7349 18673 21218 16484 17522 16684 11620 18409 9427 11522 12052 14137 13224 17304 25368 10636 19005 0 7672 14169 16079 16185 8077 13039 22291
19224 14465 15049 12411 21940 16427 15487 14034 20685 11731 18185 16261 19109 10927 19787 19355 16169 0 8474 9290 18508 11796 6378 3601 4713 20859
10319 6091 18992 23106 16095 8696 15633 17633 17488 10109 21527 12822 12781 20899 19408 17045 14578 15679 4562 31002 14341 13578 29803 12090 13311 18559
19941 19121 18002 16126 12749 15456 11833 13596 16473 15583 14038 8847 7648 7177 19358 25100 20358 24277 17378 19627 11942 4432 17798 15387 14966 19939
9111 17410 18692 16444 17144 13969 18933 11560 14465 10775 16217 9064 13441 8687 24259 9078 19805 26584 9675 23033 4500 11158 17268 5596 7019 16287
14490 21423 14488 29034 19778 10894 13182 17536 17383 6947 15658 12394 16332 5483 22715 20505 14923 14015 11027 23768 15648 13312 15338 14362 17792 10592
14771 32087 17505 11954 16193 15852 14142 13582 20087 12255 22032 10689 20969 16761 23381 21628 17956 12232 16453 15416 12576 10576 12590 8928 21309 21878
13870 11247 19456 15036 7904 13945 13148 15232 15779 10942 7553 12010 13555 4172 20750 4528 14526 15282 6027 21957 10218 4435 16122 4475 8989 22265
18225 22864 16563 12342 20637 12985 9659 9801 12522 13869 7050 9018 14124 16397 13068 18914 13450 18964 14574 26822 4614 0 16637 16749 16725 12661
20312 3747 14736 19584 8046 13222 15872 12024 13045 11991 11227 16594 13522 9722 20380 23946 20095 14303 8905 15269 15671 10507 9573 303 20531 9718
12655 16455 16885 24055 13227 14427 12490 13906 9718 9149 12453 14951 11400 16501 24465 1004 21075 10738 18149 15579 14745 13841 13935 19156 17906 13520
13832 22488 18735 16106 18466 16171 21137 23277 12222 12509 20130 6466 15806 13062 22146 21090 20465 17410 2271 26819 12563 13087 17507 23844 13470 21034
21042 19118 17995 18610 18550 18271 16218 15565 9215 11914 10629 10378 10520 23919 13803 17077 16522 16675 14275 10262 9340 10073 21792 24512 13882 17170
11645 14392 16195 26084 21570 11748 18530 13392 10617 12132 14302 13123 13745 2959 12736 19631 10492 11058 0 34137 17520 13316 18076 3355 20658 19800
19324 30362 15794 16149 21682 14680 13480 18748 14965 5826 15721 10495 15351 17022 23510 4584 19278 25725 0 9742 15495 11156 18498 16214 11162 21139
17230 13271 18278 21887 22308 13802 17916 20796 15060 12556 29062 10806 13263 23381 18302 7679 14250 10664 19802 20205 8110 12505 8167 18238 11998 12017
4620 17664 17741 9756 25712 15445 19030 15897 18776 9049 20583 8715 11640 8602 22718 20602 15753 12600 10826 15864 10946 9564 22186 12003 6228 17658
10482 27336 16886 29341 16113 10527 19287 20379 17733 11825 15448 8394 15497 16326 13992 25904 18649 15660 0 20350 13143 14115 18558 12349 14563 18149
13348 20156 15855 17287 18889 12436 16826 23304 14992 9318 6687 11515 15033 19731 25597 25092 13765 18726 10795 11324 16889 7546 12956 14330 19423 13980
10903 4853 21055 19098 23265 19263 14396 9020 8342 11609 1042 10811 12060 30456 16218 23525 16834 14992 0 30549 9072 14892 12212 12331 23323 17026
19930 11145 19968 22274 12225 16076 18449 19707 16381 10990 791 9483 11823 21221 22811 17711 9289 26634 9703 19347 10260 9620 20002 7477 23469 14509
18231 14295 23774 17585 18593 14548 17444 15056 17666 9215 6302 10019 11743 17451 12607 7713 15153 13610 19386 33148 11368 8325 16768 17993 9165 11759
29957 6526 25510 20769 2280 10542 16652 19783 11647 10042 17432 7658 12312 10648 18307 16486 17427 18927 20438 17990 10593 15607 21288 16951 8270 14870
12720 16193 18172 17034 19720 18699 17364 11745 21446 8468 17034 8808 16538 14372 26925 13324 18969 18099 6882 5058 9422 17538 13141 17747 18029 17680
25348 12320 19645 15516 20188 13286 19864 20298 13037 12631 8429 15134 16881 20658 24804 23877 10164 10976 13265 3289 10336 12203 16355 15589 4729 20484
19412 27198 13339 21668 23485 16171 14760 15954 15219 8499 16311 10523 20488 25390 19847 24903 17858 16147 8161 22100 12576 13934 20361 13314 23833 16542
16228 24464 15486 17228 22510 13622 17727 14886 10960 13741 21270 13393 9510 16727 23967 25561 16540 18578 15857 12505 4799 755 15801 22402 15912 13145
19384 23974 19605 20081 16206 15427 17628 19303 14251 13120 13124 8391 10414 11450 24240 17657 18026 17240 17257 14120 5453 20150 19333 10403 13874 18208
14484 26051 17893 16424 14565 12772 13050 12826 14242 8833 20178 11739 12230 33757 17346 7054 16531 19702 18150 16870 10448 14058 19361 19639 14242 19501
23393 14669 18705 22362 8667 13715 16825 25275 11821 12116 6884 13050 12130 27236 17580 20555 14340 11499 15948 24455 6852 7383 18605 15182 15887 17460
14696 23132 20386 20031 18402 13202 11797 25611 14189 6899 10527 15755 9027 26021 14534 18396 10491 9397 11793 19788 12916 15171 14089 7882 9769 11508
17575 5442 16464 19730 15591 15028 12940 15489 10415 17012 14260 10555 15130 16293 20007 10981 15288 20429 16912 26913 8159 16763 17600 14363 17466 14482
15533 17675 20062 17804 22942 15038 18090 17035 21098 14490 18176 10259 13091 28642 21338 15637 20514 12540 14450 20988 7100 8283 14202 6719 8473 14205
13348 24237 16182 16767 18426 9040 17401 18436 11101 13414 11929 6944 12750 22040 22642 9879 24339 24268 13845 30287 10727 8787 19114 21697 18683 19207
18526 19055 17249 16406 11533 18792 18522 16737 20246 11143 9540 10891 13147 18492 20123 17551 14838 15840 9455 25679 13252 12292 17802 13345 7023 18946
23286 14834 17829 16793 18651 13521 11540 21687 6922 13715 11425 10490 13897 18822 12537 11991 16782 10803 11108 12444 12436 10292 13843 19046 17702 11411
13324 18602 16250 21580 19466 9975 21966 15897 19311 12850 12482 9427 18148 15162 30026 8188 17051 14825 10770 28395 12763 10812 18530 17652 9732 19081
14701 15400 18530 20663 19447 15733 17587 16142 13093 10895 7076 13327 18463 13235 25289 6961 12119 21991 3190 16069 9729 9133 15953 1578 10947 12832
12111 10735 19510 20418 16565 17685 15952 20702 14292 13590 18219 8852 16065 13318 14777 18764 21378 18528 32224 13442 8258 5068 12162 15430 11691 11081
26315 27783 15858 19452 13918 14432 16734 19929 14935 10214 12197 4468 10781 25350 15260 21309 12733 15102 23179 22578 12784 14204 13889 10515 16760 17896
10724 23029 17189 12216 13687 12551 15027 14076 17161 10700 6473 14836 17117 16640 16866 20033 19706 21328 19418 21981 12347 16923 17629 19131 17011 11787
18058 13668 21015 25171 20433 15486 19005 27605 12665 12869 9484 11400 15217 22451 18958 20620 12062 14963 9237 17174 16194 8296 22264 14087 18402 17108
9812 16225 20156 21917 12280 16467 16486 11364 15085 11551 8021 11295 8025 11939 19993 27742 13950 10298 21153 17126 13318 2585 16981 6823 2082 18468
10743 18673 17408 19797 14999 14564 19921 15601 16487 11911 10238 10940 11671 16790 18342 30377 12606 13132 23794 17301 9411 11756 15608 14776 22140 13346
15300 22818 16548 23564 14024 11621 17613 9666 19797 11264 23920 11619 9854 19475 19954 15698 16607 13204 15167 21017 12307 11127 16299 17190 9157 17932
10816 27592 19886 22117 18521 16338 16560 11393 18376 10483 22656 13748 14570 5432 19913 14185 13362 14616 14335 21535 7704 7606 16978 19055 12585 9832
24701 18167 21908 14476 18021 16098 20119 16210 9520 10054 17380 10732 12630 21148 14856 19375 14720 9010 24488 27867 14360 10200 14464 12192 16607 17494
10090 18829 19546 17349 15002 16969 10972 16050 17378 12141 19333 7814 20005 18418 16967 25858 15483 18779 27304 24348 16508 15671 14366 6829 9990 23527
12031 13360 19904 21073 21242 13572 16326 12186 10643 12055 16159 9340 12060 22000 18212 27403 18193 2764 19125 18325 9385 13569 11929 7654 6771 14351
10942 12487 17703 15523 16196 13215 19783 12006 15034 6326 14912 13759 10102 10430 18418 17582 24893 21880 10610 10909 10808 18070 14078 10422 13179 11314
6526 13682 19035 21156 14045 16189 12197 16755 17400 10694 16797 11174 13566 8596 27624 18631 14472 27698 27922 19893 7372 9746 10779 0 12865 18671
9655 11428 17172 16591 5924 14859 16053 8777 16569 11707 4526 10869 17284 4447 20708 16956 15580 11991 25503 0 16175 18484 20744 18954 17588 15948
16945 23783 14813 12885 10435 16776 17232 15285 15511 14228 24461 10781 16485 3973 28035 31217 16580 18943 22540 22104 10576 12421 13743 10909 18587 13012
13153 26499 18774 21576 26639 11425 14636 11784 16991 8833 17176 11549 19493 11130 17222 8000 16585 18866 21018 20157 15192 7111 19873 3509 13430 10482
16157 17191 18935 14845 16008 10195 19734 19410 12045 10356 23827 13842 8891 15000 18127 16659 14278 11399 19954 11534 9217 15534 15533 2734 10824 11163
29249 16692 16117 22200 19211 11818 17676 12373 10533 13271 19520 8572 16076 20976 11817 14633 22285 11890 11319 8379 11635 9690 17920 16794 23190 12260
20623 23363 17359 14454 18363 14060 19211 10023 16061 7718 8498 9579 15086 15649 19217 20452 16199 26246 4667 22870 13474 8918 22714 13664 10436 19393
23122 25646 18887 20522 17789 13416 12736 11265 14253 10797 24906 12418 12139 22921 16471 14402 16940 12976 8707 8591 10877 10746 21964 14256 16251 19286
12289 4630 19395 17652 28116 14996 5623 15651 11201 11976 18114 11179 13603 12102 16554 33716 17339 15825 24060 16233 9992 17919 15499 15192 14571 19681
23998 16173 21665 8898 20456 10168 17336 22398 16553 11431 9443 11645 14728 22528 21198 22234 11346 26222 7306 21561 10640 14418 18369 15457 11602 13286
7730 19807 18233 10118 16979 15843 18698 14107 15782 13250 25558 10892 18730 8868 14631 13378 15593 27150 15041 16973 11772 11225 21164 15867 16977 15902
14546 9742 17342 18520 15039 17737 19318 14088 15277 13099 0 8831 15555 21407 15509 13503 15505 20656 12839 16755 12305 11817 19068 22407 3205 21947
6797 12844 19256 19595 22274 8363 15011 19339 14087 9552 13005 13352 20221 10849 21977 21408 16408 12592 2224 26073 8864 14231 24104 6469 11986 16189
13811 11938 17487 16686 19729 12039 18334 18300 12092 14170 10180 12444 13440 19058 19234 30197 15563 18641 16490 19710 6966 10776 18069 8016 12504 16794
20861 15390 22052 20826 10696 10801 11744 14365 16663 8791 21011 7875 11972 13596 18430 15149 12390 20125 2103 4017 11243 10657 12770 14026 13735 10796
17067 7748 19463 19778 10040 11092 16173 6643 12189 14069 18260 16176 13753 5528 17169 24566 13601 15618 8171 11978 14429 13117 13078 8374 9354 15446
16176 10285 17599 21118 19701 15112 14788 17137 20716 13409 15961 11761 13521 7988 27089 9945 13450 18643 5565 3444 11825 11466 12428 11390 8503 15531
8718 11550 14766 19698 27646 13551 10848 13611 15446 9393 13691 10733 12948 20779 13634 20109 17489 16305 8287 18386 5545 9649 11350 7576 14277 19907
23714 18334 20628 14824 17444 15702 14125 23488 16066 9372 13734 8499 6803 17308 27254 21167 15754 14041 15872 18243 9641 9267 17138 15257 10018 14939
11993 18973 16931 25235 21316 15846 14249 16942 16591 13249 24008 11910 14398 23678 27878 23057 14508 17100 12805 9848 193 14144 17476 23284 4406 17881
6434 15400 18710 13413 10434 12675 20432 16763 15123 10397 20083 9617 12772 15734 9549 16614 18912 17271 0 17404 7339 8198 18090 15832 1588 14778
16496 18639 18117 20787 19467 12973 16793 13289 8741 9126 15560 8538 12764 21868 19043 12922 19569 13350 185 3503 7102 15760 21803 11213 12040 15042
15496 12369 17879 12593 24512 13625 13420 21400 14168 14577 19531 12276 15178 25513 18296 14720 13479 20093 17167 16775 17472 9234 16599 22506 6029 15831
21147 24550 17655 20800 23762 15176 18411 15864 14843 13702 7721 16084 14693 9192 27001 26743 12753 14585 17146 15808 13171 5948 21773 17283 19560 23281
18798 9634 19301 13148 13240 11889 10550 14617 14408 7411 14428 11061 12089 10004 18021 15135 11808 16253 10799 20393 12852 9906 16554 13405 5708 14335
21212 30049 17704 17157 14349 11931 11671 15140 17953 15352 18645 6928 13678 18951 15917 9047 14454 19078 14113 16545 9091 13234 12039 15381 15759 20532
15775 21695 17169 22282 19173 15030 14096 17957 11966 10358 18625 14810 17570 14817 25967 5199 14950 13527 19119 22528 6885 14349 15248 14149 22740 16494
10568 19473 18754 18700 14644 19278 15287 18108 11094 7948 28904 13935 21349 10240 14541 18522 16957 7259 11123 17534 9841 9627 18976 16005 10862 23497
15800 18215 18896 25623 26725 16588 19983 17697 13420 11224 10045 9795 15174 14498 18435 7955 18349 22166 10039 20683 12148 11890 15922 13482 5178 15014
7315 21337 16011 12646 8064 12352 16585 19873 14183 10976 6165 9011 15971 20082 15581 19596 15152 11595 11971 16607 12309 10042 14116 18662 16482 18553
10251 10282 14938 15513 17179 16278 21880 20192 10952 8757 24300 14311 15807 23032 18882 8641 19862 12134 8621 14704 14921 8920 10960 6218 17811 17090
21694 20155 17546 10752 22887 15184 16482 10676 12472 6011 9589 10759 14076 17786 21244 14737 14717 24285 8615 18918 18351 16140 16458 19074 21933 12003
18475 28769 20902 13862 17927 17721 14265 18032 14847 6511 17103 9481 13498 13312 16480 2883 16419 19052 0 22125 6794 14241 18544 13895 15970 12621
17970 7310 19176 19393 16517 14775 16554 17170 19663 8288 17374 9003 14847 19332 17823 26359 13123 17192 6176 13758 9436 7971 24423 17622 20890 15498
17512 5642 16177 14668 22402 17257 14890 28049 7481 10853 20514 12566 8155 9396 22175 26600 21512 22025 18082 16845 1731 8611 23602 21610 17760 15356
11142 11393 17198 23229 21337 15801 18814 11130 13599 9219 20570 10852 12840 10281 24528 20162 13861 8986 12186 2517 8502 13800 11525 18302 18705 19113
12611 18338 18003 15941 7283 20680 12922 21030 13483 9708 13646 9723 14302 18338 19871 21190 12132 15273 12354 15562 11543 17635 19917 27395 13050 16029
18379 18169 16249 18903 16904 15733 17071 11240 12985 7928 12369 11939 17330 5401 14730 6425 17993 11724 15697 19307 12840 12892 20944 15527 12206 12826
5614 18351 24470 17053 22657 13671 10274 13542 14087 11222 11012 8693 20290 20185 20339 22499 16554 13278 7354 8628 12042 16409 12574 14210 17470 17517
11530 16925 17134 17870 20520 9513 12552 18170 9703 12379 32864 5596 10561 32845 18612 20021 12171 21987 18962 26437 11625 7206 14545 19610 22250 11938
19878 14750 17412 18092 20858 15491 15119 20169 18193 13122 11693 9141 10415 26071 20436 18215 15996 8433 25978 16931 9211 17066 17926 10998 9762 20433
12818 24632 17675 18871 15141 15474 19019 19124 9391 8679 23104 12031 15107 23547 13712 26774 21061 21035 0 515 14738 11266 21062 25372 13035 11673
6938 12945 16990 19030 14735 18756 15359 9738 12957 15898 19397 10104 10528 11119 17474 9287 14730 24752 17884 23852 12619 6568 16422 11074 13762 20707
20400 16445 16592 9753 18204 13391 14316 19532 14402 12035 22693 6530 14059 12328 18420 22016 16876 20779 3318 20113 12633 18947 14681 13941 8322 18302
10430 24692 14821 15938 14942 15256 22467 11038 14630 17046 9289 9211 13751 25824 20181 21934 18046 9342 10528 18834 6692 12883 10062 11361 7555 17644
12782 15888 18773 28977 15078 18959 18594 13141 14059 9528 20235 10833 15652 23319 20037 17533 17108 13267 2572 22167 10177 11418 15428 22257 14830 13117
10486 15443 19839 16366 9100 21172 15261 12978 16496 11676 8928 8226 9514 16857 14265 16430 12372 11357 6780 18349 18989 14567 20479 7336 15254 10311
8923 22106 16972 20065 16851 12500 10281 15380 18631 10506 13419 11779 8902 21662 15788 22032 23224 11099 2971 12634 12183 14152 13573 11731 19738 14679
15900 11221 16433 22000 22769 14301 14535 24798 13658 8283 11562 9106 18399 14186 10829 2116 15721 12927 20915 15769 7951 12210 18583 13260 19894 16044
7986 892 20832 18602 11815 13408 21456 14680 13150 9652 35325 12264 19219 34243 20307 12426 16625 19614 3773 18678 6446 16984 14483 19199 9297 14752
21194 24226 15691 16831 14276 18249 13417 15666 19340 15345 23164 8993 12228 40681 27270 15237 14949 18099 13988 24083 11888 14571 16475 13668 13844 8249
19189 21343 21085 19833 14504 11147 17261 15448 14004 13935 18850 8968 9949 8795 13553 10988 14950 19842 5021 9754 10250 13445 13255 14918 12747 16567
24800 13660 19372 23097 14304 17236 15259 15393 18328 7799 6895 9597 12314 30037 18498 21433 19437 18028 33808 17310 9094 12610 20715 12547 4723 17835
16589 21652 17413 11911 20422 10621 15251 15976 12708 10144 16321 12359 12036 18252 16641 16038 21468 21035 11689 19685 13500 13508 16475 23000 17182 12560
13789 19548 18325 18852 18628 13193 14209 13848 9399 11817 7071 15226 13050 15594 16615 8507 17815 8566 13171 19176 13486 11794 18771 11084 4627 13767
15033 11735 17482 13665 18831 14956 27140 14000 15886 14267 0 13208 11466 27897 22327 22769 12973 14909 13949 7817 12633 7324 18247 5975 11967 17165
15926 18607 19505 5367 19112 13383 13191 20094 16095 11325 18815 12676 13771 17612 21137 9792 18668 14496 5904 24751 11380 15391 15514 7200 11985 16519
9849 9796 18525 13901 13201 14589 11396 15231 13694 7936 1935 6971 16355 10593 18879 13891 22952 6299 12484 21100 11496 10647 17502 9334 20701 23048
20344 21483 19538 18668 21283 15147 14807 17696 21333 12371 30237 11979 10281 10524 20249 16171 14781 11280 12420 20615 19665 17777 17057 24322 16655 18177
15089 10046 18816 21617 15654 14594 17593 24400 11556 6195 3738 10461 10514 14431 17325 28754 17532 21135 12773 8739 12814 13548 13972 12315 20133 20398
7651 27198 20037 15276 19314 17092 9090 16158 15554 13323 658 8914 10127 17036 18932 12393 17318 18851 10670 22534 13187 9143 17892 12251 13842 10918
18684 16780 15948 13624 13921 15933 23128 12779 10795 13503 18287 11436 15827 8548 18530 25774 17574 14646 9509 15310 10955 13340 12686 17937 6742 12685
18083 29316 17806 23714 21016 14903 16026 19376 11217 10715 24653 10538 12475 9666 25019 16640 17908 19180 4937 22697 6270 6985 12090 15704 12327 12680
12369 17400 19168 17994 14232 15766 18977 22471 16491 6053 19366 9527 13093 19087 11575 28553 15696 19648 14177 0 12760 19467 20505 11239 12646 19478
6330 19574 16240 24172 13146 12116 20110 18060 11271 13553 11780 9292 9498 22248 22068 3456 12395 17864 18072 35817 1483 12912 12079 11672 9089 18770
17850 16961 17330 11291 17746 15199 23527 20669 10332 10547 12890 10684 16946 17255 23905 12722 15652 20112 19244 9364 8454 15376 13482 13626 10525 14646
7026 7185 16389 17878 19251 10376 18162 14205 13713 9106 22429 9772 11993 8450 21582 27902 17704 8340 2525 22707 15676 9152 18574 6943 7270 11822
13015 1798 21294 20715 11563 9240 10859 20312 15131 11255 26824 10239 11608 32821 14455 11985 14735 15369 13052 34468 8581 12219 12330 30716 11475 18746
21426 9733 13797 17524 12308 11477 19350 25038 19818 13002 29513 10107 15548 15464 21119 16102 17621 14788 13804 15743 14539 15684 19744 8488 17159 12792
7500 14576 20533 22283 11337 11958 10371 20174 9829 15194 13756 12654 15877 12361 22050 16415 10669 16503 4293 32304 10985 11595 19605 13137 17424 16907
10738 29133 17928 14453 23319 12231 15134 8780 21156 8239 18761 8793 9865 17723 17728 22959 18202 18918 14193 20400 7748 9438 13719 6683 11110 19649
21349 12104 15645 17056 20784 11526 20417 16749 9985 16971 0 7962 17116 24586 26207 18399 23802 24180 8618 15201 13882 9174 22092 17278 4803 17564
8979 11922 19589 19003 25397 15669 17170 21042 14130 11577 22368 12817 16457 17694 20438 17602 18843 12297 10095 16832 11794 12435 16865 5949 21175 17639
9318 10300 18566 16292 26595 13711 19051 21939 14864 12656 16266 6379 19298 18098 13510 3256 16352 18423 3117 22809 15978 10538 10736 13883 3714 13255
6746 6611 18246 17740 13902 17008 18952 16565 15064 8330 8602 11395 13550 26084 17518 10921 15757 21419 9473 19211 13085 14134 16810 5478 11554 15478
4987 6369 16926 11830 21722 16772 13186 8270 13782 7603 8766 7557 17157 22258 20467 15227 14319 13239 15163 20836 12090 12828 22299 15145 7585 15760
21749 9994 17759 11202 16263 14195 12545 18937 11965 9091 25036 12718 13942 14746 17810 17002 19746 10716 12440 16796 3746 11561 17671 17208 10263 14055
19507 23205 16411 20649 19907 16291 16436 12086 13067 12072 11929 12312 10768 5444 15618 10468 14627 15481 16188 23742 14847 9080 16507 7990 13856 15228
19809 28538 16338 19141 20148 14822 20510 20108 19206 12108 7789 8792 14287 21417 23179 24690 14200 10208 11034 12945 13471 3356 18110 14295 13633 19085
20835 14356 18009 18121 14748 15959 8531 21830 16846 11338 17562 11641 15722 24168 18224 12371 18752 19581 11244 21514 12588 6893 17309 14355 15577 20048
9632 7512 15702 13298 26963 14349 20676 16966 11892 11666 14803 10342 16531 24266 19677 6593 16245 22330 9674 24677 9594 10371 12372 6485 25948 18685
11437 13621 14892 21215 17104 15127 16580 12958 16310 13101 22879 13128 19372 23172 26396 12959 13340 1215 6685 15532 8897 6854 17636 12273 14452 19169
10637 25283 17776 13826 27972 11303 23096 21590 12718 9446 13652 6830 16822 19104 21381 14270 16917 12874 26787 18134 12960 7128 18261 5902 15977 28184
11892 19621 14242 6443 16482 8321 16977 18315 17378 11053 10865 14202 14551 14837 12925 8566 17582 4211 14876 23032 14567 15131 21541 21040 17271 12501
14165 17866 15576 18055 15121 15626 14981 17449 10512 10386 20451 8763 7937 18939 17679 11971 10058 23960 12333 21513 15565 12086 19777 10011 11183 17485
13288 23702 18199 18692 17190 16684 10892 14700 12649 10397 18137 9808 5673 12551 17101 21329 20032 9856 8154 24406 8229 6825 17348 14697 4401 16688
13584 11403 17893 20773 15058 12921 16575 12631 13465 11825 19452 4915 14959 11920 23381 7086 18895 21736 8628 18306 10354 6851 20554 15349 6687 10145
14120 7208 17965 14641 23621 16164 8833 13936 15014 9709 34843 7818 12065 18809 27491 22036 22245 13803 22723 10817 13778 6901 20594 18369 12409 20501
13073 18218 17722 12440 17284 15146 16729 13393 12375 11365 21471 8944 11402 23859 21389 21294 20471 20830 9855 21653 6191 18001 14816 19639 12010 14676
22705 11465 20843 18685 15433 13466 17567 20476 15974 10052 9102 12451 14762 17712 16494 15476 11753 21796 10485 15789 11105 8983 9216 12810 7510 9422
6499 9102 18502 22238 22852 13301 11837 20201 17021 8083 15288 13266 15730 28831 23477 13001 17109 17230 11441 18672 8088 11130 17110 17207 19184 13241
15231 14113 15667 17357 13217 12942 5160 17998 10151 11900 5536 7772 14367 7580 17981 15974 11141 16283 10960 21918 11616 9505 17355 8201 20839 16730
12755 0 18517 19875 18269 12182 19876 13760 15428 11616 16326 14430 12457 10217 16288 22228 15369 23579 15782 25289 13334 2328 10718 3932 7286 14219
14919 7944 15464 22894 19037 16545 24710 16262 15689 11282 18540 12710 21046 11913 24619 29831 18933 9904 3012 22268 10492 6848 22393 12151 17103 12664
18148 27038 16111 8674 31963 15090 9527 17338 17154 11380 0 11773 14548 18866 19643 9322 14659 11159 14688 17529 11392 262 22699 17535 19034 23065
10953 26161 18810 14488 13977 12657 12615 20635 13962 10895 11872 6845 17089 17508 21240 8832 18796 5821 16175 19500 7247 13149 18987 12834 9730 15670
29474 28958 14410 19270 16716 18143 17065 15797 17932 7353 8888 10706 12193 13414 14831 18720 9613 14797 4058 12516 13464 15552 20437 11489 11774 18740
15358 16382 16373 12268 20109 10274 16337 16027 17440 11720 15028 7405 12162 25077 26703 19575 12133 19169 4685 13949 13401 5007 24082 4348 10161 12938
9155 17754 19025 18662 18810 11847 15865 22077 16157 11474 17189 8275 15407 9301 19327 26128 12495 10237 13709 14501 12094 10550 16462 16818 15591 15047
20385 16911 18533 19829 18644 10814 14443 18703 15202 11858 13580 7844 14726 26948 19897 22303 11698 25083 10344 19526 7972 4406 19786 2181 17662 18985
22120 12497 19988 17834 15095 9610 16074 11146 9831 9044 15774 11708 17223 14983 24519 18343 21907 14516 8530 24755 12405 23933 16226 17077 10559 13177
24323 15820 17002 15785 19028 13297 16752 21456 17822 12855 23719 10658 13299 9387 17846 12013 18501 17399 15114 19032 12126 11765 15034 23228 5184 14073
11584 11139 14565 15984 12463 17211 12006 12846 18525 9331 4185 11408 15536 16111 12169 28858 17351 17605 12624 13858 5470 13763 19901 8804 25901 17535
20161 16532 15661 18371 10187 11860 21139 26487 15777 5933 14812 10771 15805 18661 14635 20531 12190 7470 12708 21235 12631 6271 24829 8272 6157 18301
15868 21978 16498 19281 19354 16584 20017 15436 12798 12159 9583 13106 13918 17302 12512 24693 10134 11902 13795 13232 13829 13798 15928 21651 18777 18094
11562 16764 17074 11026 10844 10851 14149 17419 14266 9813 16780 6693 12534 7397 19309 11757 14328 16836 12770 22839 8777 10522 5030 20805 19797 20330
10370 16223 20800 22291 14284 10490 18298 17325 15087 7957 29637 12008 16832 7515 20822 12741 18034 11080 11617 23422 13380 2906 20114 10035 11164 23260
16091 30080 16140 15622 20356 13121 21019 18707 11783 10652 28215 11226 14571 13171 21430 10569 10230 19597 17537 19090 7179 9638 17900 13713 10097 13439
12799 12894 18202 20277 15150 16525 11827 15115 9948 16005 5374 13398 12139 18458 17141 14084 13957 13857 12472 17972 10522 14368 6506 13868 13473 16133
11749 14694 13970 18536 20957 14435 16733 15320 12432 10794 22863 12891 8335 16187 13296 16940 13619 16712 28057 24511 10330 8482 14158 28769 17106 18883
14174 17668 15781 22127 8942 13285 14418 22998 17216 12734 16022 11396 10471 32885 18045 7504 12119 20504 11641 31852 7223 13613 19760 10188 19635 13516
17830 13874 20066 28594 15130 10708 24164 20997 15211 13121 19582 14130 13288 17607 15243 14582 11642 13991 14936 13000 7843 25023 16691 12194 19065 12008
15366 11826 18165 17297 13622 11900 8222 10801 15341 11781 16168 8417 13147 26720 29227 9180 18855 8261 8716 18110 9913 12701 25890 21368 13251 13997
17131 23632 18542 21742 20842 13530 10205 14638 14695 9252 15190 9140 10590 18150 11097 17484 15084 11689 15201 28063 17262 3266 20004 9899 20408 11870
17904 20348 17461 18255 28832 9502 15243 25198 13938 11164 21453 8448 11024 10026 22886 15534 13576 8942 11971 29065 11789 8923 11114 8115 9401 11500
12234 3944 19769 16373 29080 12740 10984 15155 9082 8955 19911 14203 12205 18442 25257 11817 9903 13876 14855 17561 7263 15913 15092 7358 24001 16701
17602 16256 14560 15482 15923 11368 16793 15534 19146 15080 21256 13719 17562 12287 14246 21713 17426 16199 16228 13748 9342 16246 16206 20867 13252 22656
11823 13234 15632 19520 21217 15065 21838 20790 25265 15027 22434 11136 17028 8748 22482 20085 9099 31409 8389 14528 11714 9918 14767 12301 24687 21358
12911 13248 15337 19727 21609 12423 15060 14746 12466 9919 11075 8834 12181 14187 22445 12924 11088 10299 0 15853 5299 16924 15969 21127 6713 16308
15108 27268 18832 15907 11976 12137 16638 20573 13983 10371 21912 14679 15129 2441 21509 21190 16259 15851 13350 29598 19920 10937 22260 3776 17230 16438
15802 33603 18004 13525 20102 11812 18533 17167 15431 11650 17662 8677 15549 23528 14944 16385 19633 18987 22127 18887 11120 8253 22029 15497 14038 14562
11607 10106 18144 25972 16280 15602 16558 13209 17109 6626 12564 10885 15911 11207 21318 16739 15707 22885 17423 19171 13460 7880 28599 14209 8675 13973
12265 28008 20047 30373 22398 14399 14414 22261 13211 3227 7502 6190 11716 19419 19671 15930 18728 15432 19441 15186 15230 12101 14196 11414 28912 17940
11445 8864 23525 22390 20470 14753 15349 13664 17771 9297 19011 10405 13047 25686 22573 14509 16408 14438 12731 12396 8019 6466 4420 14933 12161 14737
15178 14436 16664 22495 21010 15184 23515 15694 14797 14706 12910 12889 13569 17454 24202 23754 15818 16894 9759 17744 7951 7778 12677 16570 13859 14494
14256 12374 19279 17407 10261 9619 18800 16495 13335 15633 29980 9358 10389 15851 18987 20330 16633 17697 16305 25218 11864 7787 17298 12109 0 12748
7148 14799 15693 11634 18943 14082 16130 20744 9615 8807 9503 6740 15358 11723 18033 23582 16228 19645 21836 27880 17507 11324 17280 18500 15966 12102
10157 13788 17670 14664 15509 12726 13957 12351 7913 11357 24831 14553 17966 10818 19102 26700 15046 7884 11929 13549 10808 16924 16334 10714 19362 20411
23025 29137 17398 23764 11153 15606 15761 12591 14826 8003 35550 13171 16214 10147 16335 12533 17987 16720 4257 23692 14020 7814 17384 18322 10151 12642
19358 9629 17439 22361 16176 17039 19709 14113 16534 7742 28618 14279 17419 4383 20427 16081 10973 12776 5468 20715 1166 4970 22660 11666 13231 17358
10328 21862 18770 20430 17793 13106 17725 14586 11221 15333 9320 11823 11492 9057 19642 10999 14118 23339 10104 14251 13618 15246 4648 16437 20420 14734
12451 10013 18816 13945 18914 14600 12705 18477 15264 8173 13335 6917 9889 22621 25767 16365 17882 22151 19974 18796 16512 16148 18452 12847 22128 17626
12699 12446 19548 12805 13251 12272 13959 17195 14774 11903 6818 10586 10873 8528 15961 9924 19571 9597 6268 27770 15556 13595 12345 6624 11027 17607
12953 12268 17993 17117 19922 16409 14390 17307 16174 11654 18966 12181 11853 7189 18000 21459 13997 19559 8549 21100 13007 11043 18610 16324 10713 12207
30162 18686 17300 18255 24324 12267 14627 17291 15903 16282 20334 11955 14804 29207 20887 10715 22564 16416 5947 21520 14249 13125 13645 6724 9962 11962
17599 8990 21285 22560 11262 12888 17871 17473 14043 9916 12427 7855 13979 8905 21702 13826 18042 15030 9665 35510 12915 12003 25081 6740 11573 6041
13051 14397 17749 19408 21295 13393 19842 14586 12614 12135 18906 12771 11694 13888 27715 13577 12077 19479 437 16294 10781 10089 18852 7478 11636 16198
16861 18162 16805 12914 29555 14230 16682 16565 15077 7813 15711 11626 9493 5099 20518 17535 17350 10010 10567 21363 9102 10119 16107 12105 6389 19563
14143 23094 18109 21948 22312 13611 15286 17048 19194 7112 8199 10050 17972 25950 24966 5699 17311 14318 12725 6185 12979 9918 10348 22311 10849 20608
24735 27601 17614 19722 16401 16173 14785 9722 16577 10716 5461 13432 16893 15977 27115 20359 12430 13657 11557 23148 6664 11383 14208 10557 22865 20575
18071 24244 19485 26515 14678 16122 20818 21175 16110 12744 22065 12212 10330 224 16651 20278 17611 17925 0 18014 9644 20901 13847 23401 8560 14496
4963 12805 18071 21768 17058 13680 11294 24425 14377 13314 10290 7141 16018 16175 18085 16275 14512 7996 17203 9310 11587 9664 15528 10941 14431 13094
25864 18940 20552 18864 18929 15834 13287 23126 15857 15353 11837 11203 12037 14749 19270 18727 17092 18612 9509 15349 9846 4557 21214 11311 15440 20809
18934 12440 18690 9834 16937 10208 15370 17573 17280 8158 5027 9356 14438 12162 17944 21802 12073 11798 8197 16902 9437 1519 21495 11523 3868 19278
21909 16557 15657 16566 12590 15133 17451 16751 13359 14054 18157 12150 16782 17405 20801 18548 15158 22649 9838 17153 9905 12249 18449 23140 16391 18508
13711 33914 17756 23003 21644 12398 22645 8160 13788 12118 14481 8008 8694 15946 21305 21569 17326 25702 11676 23248 15678 15457 18856 0 11558 24552
18576 12320 16375 19457 15420 15222 14822 22265 12374 10281 4221 7134 13595 15154 11958 12384 20064 14670 10665 10767 13350 13274 17835 599 15926 22847
14878 18464 15540 21966 19574 17981 18476 18459 14783 11206 9697 7274 9899 6498 16873 13745 14742 26264 22139 23956 7514 8542 14007 18555 14364 16985
16497 9224 19524 17624 17678 15842 9953 16997 13082 9795 18680 9674 16585 21699 9072 31267 19179 19116 0 10589 10096 8971 19129 19366 11224 16448
13887 8546 14776 19000 14335 13208 13860 22249 14671 16789 2375 9007 14112 9530 17946 20962 15498 17324 11111 19796 4592 9689 11221 10861 18596 18577
15004 24965 22241 20889 14583 12987 13661 18208 16376 8460 17671 11786 15880 18676 22144 29923 15312 7196 22045 22391 12391 8720 15990 9153 5227 14035
12595 23685 14650 18778 19427 13247 18379 20308 17773 9612 5154 11474 12348 5971 20469 27985 13708 20747 15618 6444 12480 7567 19243 25147 12097 16333
13349 17015 21310 10560 15981 13325 15826 12161 12788 11416 5805 5925 17043 17248 20213 22699 19526 23496 18053 30609 17316 6235 14139 25293 19265 23755
25104 13888 16481 17221 15931 16208 11936 16228 14448 8662 15883 11695 11591 17524 29033 2420 6795 7314 8011 9594 10499 11260 14539 10452 13473 14865
9795 15549 15794 18461 18929 13650 18391 16267 15274 12304 13211 14920 12904 21811 10175 12493 20574 11044 10282 14706 6465 11265 15360 5604 16272 15375
16044 19467 17363 17798 17752 14324 18929 10360 16232 12294 21179 8260 15340 5699 21326 21179 12230 15511 4757 16013 16565 23290 12601 14658 17408 19894
11241 10603 20471 23445 12189 10246 17321 16068 14372 9900 20346 14108 8775 16046 21166 18197 15451 16094 8073 15592 7126 20118 13782 19535 6211 12563
11034 17901 18202 16884 17038 12638 17580 12783 13169 10606 24105 14465 14612 21085 13051 13630 10823 29637 10243 26298 13728 12756 19998 15151 18520 15859
14989 19969 18834 22414 18257 10500 16754 14124 9568 13824 3608 13180 9608 23229 22538 23857 12993 19321 17722 29045 10634 12140 8665 26668 13580 15960
15009 21380 17517 16869 23693 15529 19084 21232 18370 8945 10633 8990 12950 15444 23722 17995 16618 4730 15626 16652 14828 4878 17842 18966 17865 20040
15029 9558 14566 17471 2885 11587 16212 19036 16493 15305 11045 13075 15127 18662 17693 25796 15813 18568 15038 9164 8842 9415 14353 8502 7004 11343
13789 21466 18996 21648 19005 14145 15069 14939 16238 16987 15282 10869 17011 17822 19288 16131 10812 15483 8633 17324 16773 6077 18248 11216 8554 10506
18569 11352 16739 13102 13559 10372 17747 17917 13085 9385 0 9540 15829 11062 30054 17411 9631 3135 0 4614 11764 12169 17730 13074 6814 15175
14187 9864 19960 21208 6689 19602 11855 21932 9624 9660 18178 13965 11577 4837 23886 23330 15436 18412 4881 15937 10612 10248 13432 24203 12196 17733
13830 2997 17746 19393 18694 14247 18924 25296 11041 12960 7165 13918 21042 16372 18945 22758 17685 12932 17052 30524 15254 16908 21453 15410 10493 15749
17827 18324 17963 14063 13181 13660 15615 18798 13122 9275 4866 4106 10880 9821 16128 26663 13411 15006 10888 17090 10567 7455 21035 8785 17196 11395
18378 7045 16683 23366 15006 11834 11948 20687 14327 11517 7551 11969 9745 19824 21766 15563 12029 25425 19531 29744 4395 12098 15541 13705 9032 19170
14018 9858 13794 15270 17799 13713 10905 14541 13397 9888 8567 11153 19159 8762 22183 24169 13423 21292 14357 12346 9277 8273 15625 18387 10937 13464
19292 32810 16768 12559 17367 17298 11735 17656 12569 14238 13530 10544 15323 9424 16901 17681 18009 21058 16520 19024 6510 4870 13182 17466 20442 12053
10370 26321 19146 23520 15572 14601 14635 13143 14080 13477 19653 7601 17423 21654 20750 0 13853 14876 10771 33518 16748 14664 19035 22683 13599 18950
21663 15861 18413 13642 15698 11224 15896 14522 15110 11698 27951 9189 7476 17672 9550 16002 16262 28036 17512 36214 16512 4387 11850 0 12606 19509
22475 21689 20871 18865 12511 11940 17489 20219 15643 10983 20218 9584 12064 10686 17875 16890 14214 12635 12663 28909 18022 5796 17868 17967 5432 18361
18565 18272 16738 19355 21526 12065 14147 13516 13549 11604 14027 8877 15090 21994 16735 16277 15735 17765 21854 13527 6961 12455 16832 8614 19749 9671
10493 4948 19700 15264 23477 16964 13722 15162 11593 12275 16922 13598 15342 17720 18566 27769 14700 10904 13297 12241 15504 9147 17788 5838 15999 13272
18031 28811 19822 16709 13548 14873 18944 21008 17700 11128 7075 8664 15836 13652 22424 15811 18502 13928 25554 33208 8584 7594 11710 19460 15832 12909
14910 15167 18268 20097 18830 11573 21738 9868 16072 9186 15891 8933 11441 5766 22523 26753 13468 23734 3390 15237 13571 6286 10452 21084 19809 18753
14084 21678 19241 19845 17237 14415 12161 16589 16252 11798 19234 11928 15386 18810 21440 21426 13726 13647 8880 14920 4569 13106 20228 4956 16024 13694
6813 21806 13338 14787 15971 12582 17143 17788 17004 15229 22516 11827 11584 4862 28111 13976 17646 21188 13106 12681 12205 11204 17777 7417 14386 10499
14369 18650 17075 17871 21922 17795 10787 15774 15787 6559 18438 9582 13639 15795 16116 8258 16418 19893 6207 18922 8765 9329 12221 10713 9259 19284
18592 17734 18713 12555 22495 12860 15540 13216 19872 16839 17468 10099 13705 10138 22361 19403 22075 17265 10517 15944 8955 22174 18164 8779 15827 18984
11526 23415 18052 23792 14887 13321 21518 17060 12604 8408 6711 8530 9749 18548 19144 13039 19129 19637 20484 20751 14050 611 22961 15541 15090 12876
15053 16797 18766 13465 17858 12437 14542 15898 18518 9328 15458 12902 17519 27339 19649 19962 18469 10163 15832 18722 10976 17049 24087 27647 18442 21396
14027 19944 16544 19107 15562 12843 18565 17519 14854 9928 15024 13802 14631 22129 20767 17590 15985 25271 13650 12168 11243 2806 11293 16408 22228 17042
13093 23788 17587 16033 18405 13624 13710 22098 13050 14894 21323 7960 13981 19844 22689 22600 17697 16710 8337 5250 9334 15323 16443 18268 23722 19718
9327 6907 18212 12461 12442 14683 18542 22875 14458 10259 19400 5499 12637 15389 16068 6403 13837 8887 11742 15346 11700 15908 18904 9133 11198 17468
22414 13616 17250 22442 14254 12798 23272 18029 10950 11782 23046 13658 21065 13830 10842 6056 18711 21614 24862 36406 16604 12437 20852 8069 6759 19358
14276 21797 19353 23191 18135 10274 17225 21623 13682 14024 27297 12863 14623 27344 22931 29519 18874 19778 13746 9750 11818 9837 17124 6062 16685 17436
4731 24979 18515 21551 13202 16324 18340 17739 16699 11854 14229 12701 11407 19499 15727 28200 16440 24129 15420 26816 10423 8831 18581 18930 9858 13747
14294 6138 17436 16486 17701 10660 15462 19175 18021 10046 2219 8174 10942 8503 22134 20777 15519 12589 21433 30820 10804 6926 18090 15313 9035 11819
20511 19194 13340 26463 17090 15076 13679 14878 12541 12137 10593 13752 14438 18633 13711 10460 19783 14895 17165 14170 11232 19206 12621 6375 12281 13220
21234 24459 16838 14282 12869 14906 10608 16368 14569 13066 25291 13228 13580 11027 17063 15268 18259 10711 8285 28694 13955 14362 16323 11595 6273 14094
12175 18439 17339 22580 27224 17255 16426 19917 16372 12449 27416 8154 11956 29833 20070 18014 12228 14659 18515 19397 4409 14028 20145 14147 9963 15998
913 7846 20673 15510 16848 18989 19638 20332 11894 14348 21348 5110 15611 15953 13899 20178 13193 17119 13570 23700 17179 15208 22375 9988 20161 18830
24611 12161 17004 15155 12294 11556 13113 16482 14022 11238 10763 7581 7909 17334 19087 23220 16637 22489 14621 29891 12008 11466 15594 13248 18920 15603
17806 19724 18058 17319 8809 14066 11452 16309 16322 8734 10803 11094 18663 11140 19183 32038 10917 10292 9230 19273 16390 16947 20776 7509 6591 15307
11616 22958 18774 19909 10875 11605 17550 21269 8396 11397 10957 9561 18232 24418 15709 2166 18580 12307 2749 21619 10381 9069 13987 5277 17912 16875
11843 14018 18151 12499 17277 10504 17582 20968 13905 11828 18621 11796 16505 5453 17674 17144 15899 9105 16532 12269 5855 11511 17195 10864 9830 18633
18091 29046 18953 19571 20892 11571 18750 18010 15919 7560 14184 13072 10902 16295 17934 18698 15950 25549 3690 20627 11794 13371 19992 21432 13813 14913
16518 12836 17561 18410 16059 13604 21570 17619 12093 8139 9971 7698 12045 25115 18497 7192 12405 18502 22999 15838 11745 9443 23820 3952 13965 17086
19647 11157 18027 20265 13485 16639 13951 20117 16082 13202 15962 12258 13982 23102 20886 24876 16524 9842 20853 30397 7319 17058 24416 21486 18160 18724
17064 10171 16940 23314 21545 8494 18463 15927 22396 9369 7506 11572 13876 11628 13743 17841 14660 17639 11263 17683 10802 7543 13687 6885 18097 21514
26532 14166 12766 14672 14134 17783 13495 17045 17073 13704 19994 7806 14248 15391 27324 18710 8442 14336 18401 21512 13779 231 17122 18036 11743 19639
9938 12055 17711 18926 12514 12937 11422 12505 14844 12225 16004 10383 10967 12787 24762 13058 20728 17285 3905 19336 11276 5717 19648 12047 10563 21931
17356 28461 15612 18347 8833 10778 18179 19643 12492 9602 10377 12802 11737 31107 13629 11946 20695 7913 2743 19270 16287 4976 20551 22953 13781 13741
11871 13619 20039 18081 18253 18622 12106 18786 18002 10285 13738 12367 7939 11293 22181 11086 12247 15719 16666 19950 12207 14467 21471 8438 16143 17829
10551 3857 13807 15644 15194 8378 18413 17017 11670 14976 262 9902 16328 11567 17555 29450 15212 14770 11171 16574 1524 1456 17728 17236 8790 16458
25549 25713 18477 10402 24945 11981 21637 17621 20044 12712 25665 13040 10598 3782 13883 13564 16378 6542 10950 21936 14194 10620 18664 3269 9104 16968
5748 16246 18843 14859 12329 13837 11298 14543 14747 11376 15210 13713 13355 16835 22829 28831 18196 10528 18908 27157 16180 6542 13552 2194 12774 11344
14322 38400 19619 18488 15465 11599 13707 13728 13686 13246 1532 13341 16485 15703 17374 12398 15439 22605 13810 23246 15247 10953 25586 12155 12529 13215
16109 10388 18116 22185 24820 15433 16351 18398 13231 12014 11083 12215 14365 14086 20421 11586 18611 18246 7107 27232 11594 13922 24094 19400 14327 12923
4858 22837 17806 12935 27026 14579 15343 18072 12892 8819 14895 11258 18179 12457 20368 24241 12519 14795 12283 14099 8020 12043 19390 13156 17578 10203
19669 26000 18015 13840 19641 16504 13783 13862 12328 14896 22862 14045 12878 6433 20596 22076 17690 11305 17798 24064 10869 11622 17669 7393 6998 16149
9028 14550 19041 14419 25014 14506 15284 18167 18776 16656 11470 11572 11375 21708 24003 12313 11068 12687 16202 16683 4779 5830 8997 20965 12296 14117
18052 12910 20187 13186 20358 10498 17242 27651 12650 12779 19254 8765 15499 16574 21426 18489 23725 11097 16133 20566 13099 17438 13099 7644 19945 14100
19258 16132 15664 27130 26958 16634 12108 17841 12601 11991 19567 9487 15053 19545 18958 18658 10767 16870 22415 20079 15076 9806 16374 16152 18361 17217
14763 5079 18802 16921 16893 12116 17689 12502 13178 12484 16111 11787 14988 10240 24557 14984 18585 20657 9822 22992 9941 18788 21860 17390 22394 16912
16451 6995 16960 11315 19759 15098 18146 17606 9559 10522 8106 10578 14916 10947 20389 26629 11352 16526 8085 16535 5954 11556 27840 8865 24904 25400
15309 17687 14414 12173 21872 15958 13411 19320 15770 10116 11225 10121 11616 26656 12425 20215 20391 16418 1537 25368 12612 18025 17153 6789 16662 12670
11054 24331 17334 17464 9787 14721 25453 12542 12926 9580 25432 6902 15253 10492 15232 22768 19531 14609 16335 15912 12661 17721 17776 20487 11598 13144
13348 19129 16893 19799 12735 15189 11658 9207 12629 7702 14772 10441 14832 24526 16966 24757 15373 28230 19335 6320 8355 15542 26403 25874 14944 24047
10552 21833 17118 21562 12752 13615 11064 12468 14909 11505 19020 13212 7769 18609 26150 9334 13936 11425 16703 29630 8670 9298 14999 17055 9839 13009
17047 17920 18420 19983 19696 12442 11536 17297 19371 11280 12139 16138 8293 21882 18797 20809 14091 16125 18039 27781 6966 18592 9399 3739 8988 14875
10953 6532 19704 19938 19323 16630 12360 17820 18572 10647 13847 12262 12595 22100 10728 22916 15086 19016 15537 15300 12494 19842 18548 11796 18721 17497
8621 9873 16788 19370 17757 16742 17095 20180 11824 9621 10227 13425 9197 25234 14771 23426 12322 8889 15730 24136 12992 6352 21689 17780 9129 11496
9311 18184 21067 16119 11103 11807 19155 17335 13442 13114 16660 10058 12869 14722 23426 26602 12401 14707 13827 22990 10627 6023 22446 18901 12960 12094
18829 14818 17987 25652 18774 9871 19090 14016 9660 8451 24102 11879 8778 13612 16424 15628 12403 26054 13116 16917 12959 8700 15329 10302 19367 17390
18802 21615 18636 24377 14814 14731 18782 22754 11471 10333 5553 8704 10010 14079 22855 16593 16144 22797 9467 17440 13715 15009 14529 15938 11170 23100
17257 18103 18438 18581 18625 13580 11230 22581 10680 10248 20406 6777 7693 20282 20766 9518 10539 15092 1468 22300 13263 11989 11233 15125 14882 12626
12076 9145 13420 20545 18641 15747 11373 15777 13889 13764 23902 10722 15225 16027 18459 17379 12528 22746 13075 35864 8777 16017 19700 0 11242 20179
24667 25581 19926 20297 15680 20466 16251 19212 17118 16202 22314 10018 9054 22049 19852 36184 11101 18699 11991 16837 10125 8372 17027 13987 8811 14647
10686 8748 17219 19181 16098 14776 13934 24770 11798 13685 16402 6939 15721 13606 18963 23014 9770 11173 12434 25014 6893 7926 13589 24655 11282 15215
8626 20937 19974 17447 18711 8030 14346 18246 20943 13164 15863 12875 13562 12760 21386 19815 15080 19885 7158 29927 12176 5076 19001 3687 13685 15907
17922 13258 23312 20772 16061 13127 14023 15996 13104 16528 12640 8853 15785 23211 14632 27946 15031 12725 17688 30062 14663 10634 20033 9355 16319 19471
6397 24206 13566 20569 13464 13880 12869 20432 13380 6374 13920 8991 11015 21288 20880 3645 18644 10949 13702 24844 8127 18451 13790 12106 14573 12603
7376 13138 21707 13851 6654 11184 20382 17976 8917 13321 14941 16060 11777 16231 18881 10397 12834 20424 9669 14200 9134 14657 20377 17302 13298 22690
15790 10879 17769 13436 19990 10934 19021 13829 16613 7601 25465 8654 14086 13435 21498 17569 12783 15956 15369 13699 4886 15217 16482 9531 12031 13185
19787 23352 18534 24090 19250 17327 6683 10411 12083 11474 29892 8213 12156 15468 18500 12880 18074 7326 17461 14928 8506 12995 17407 15419 11134 20147
19459 14866 17155 22562 20798 13692 19590 15818 16355 13707 5514 8690 15110 22243 12935 27151 11657 16714 14984 15173 15415 7162 9176 8436 8857 22660
16065 27691 14565 19711 19734 11039 12309 18081 8322 10281 28986 9844 12125 8148 16861 20464 13881 17669 14123 25970 12768 14755 16821 11955 9607 18828
15715 19893 18184 14572 18342 15382 20434 13015 13364 9117 11661 9583 13120 21421 25118 19474 14477 15642 2398 16985 416 9052 9783 8047 12530 14094
16114 28219 19507 11081 23326 14091 11074 13437 12909 12190 20670 9902 14722 19577 24506 6699 21979 21918 16702 17755 12212 15230 21155 19856 21852 18005
21049 13372 18796 18905 15190 13913 19640 16073 11820 14343 15898 9056 14024 11525 6419 10484 9477 7627 19508 17207 9716 16825 22092 4991 15598 16215
15214 15214 17462 24474 15043 16546 19401 19962 13242 9927 11203 7530 13833 2146 25165 20735 13977 17988 18642 31158 11893 9449 13422 8805 17543 20551
9931 8176 16168 15376 10629 13546 13198 14663 19410 16074 20841 11710 18048 15321 17832 9003 12233 8553 4170 24884 8938 16494 16759 5721 12047 17049
23962 24708 17203 23248 16131 11373 16913 20376 13080 10889 14569 9463 13812 19841 14148 12860 17173 12664 9948 19750 14676 13385 16754 26790 18514 21351
16483 6308 18769 19550 19472 15855 18054 19310 15335 10704 11080 13321 16543 26765 10477 34220 16915 17256 9750 22054 13116 17711 12911 15320 13468 25808
23780 9031 18510 20912 16182 15106 13632 16760 12574 10575 8224 6445 16933 12093 18436 18564 13711 11069 21309 11977 15575 11963 14188 3960 18515 12109
12947 18791 18100 16923 17245 16615 17803 17159 16694 12801 17181 11197 16776 8936 22375 18507 17194 8071 21355 12235 8227 13573 18791 5329 14903 8650
9778 25290 16674 14212 16249 13545 11410 13791 20067 11565 9307 11525 9379 23792 14539 6083 10633 13614 25896 29918 11333 6334 16129 16235 8210 15146
10292 18747 21193 22002 24273 13965 17882 19278 11418 9306 12354 7383 14632 11185 19397 23596 19584 13389 15574 7459 10892 17279 13602 14369 15325 13500
21065 17361 17808 19444 16247 11439 14908 15831 13957 9915 7869 11472 11959 18460 13788 27472 18132 2113 5626 968 4514 15843 20957 8078 11748 18470
27353 24708 16956 16151 12979 14256 15359 12519 14955 9473 18081 7610 9391 14910 20513 15693 21936 16488 14965 24737 13911 14315 16242 21086 13064 20727
10661 19210 14457 15685 17931 15309 10527 18170 15986 8111 25067 9661 13640 17373 14098 23021 17505 14074 4422 15511 5447 12204 13208 5394 14964 18049
18800 17490 17407 24162 25266 13042 15941 23912 21548 12183 13975 8837 11037 17417 17716 17924 17943 16156 12608 13855 9483 12998 18036 10575 12400 18500
13635 19103 18576 26163 16531 14438 15721 10846 14267 6277 20520 10218 18051 9594 17854 9136 18353 15139 12361 11938 16516 9914 19191 7107 16418 15261
18641 17150 14385 19551 17668 15655 18690 14551 15452 14383 18664 15618 19117 11645 22778 17010 15651 14552 11009 23224 10639 11509 18359 7339 12643 15196
11075 22076 15565 23570 14010 7121 19891 13321 10690 11743 45707 12268 15235 6960 15152 21442 14646 11925 15231 12320 9683 10419 20360 7099 13300 17476
13884 10251 20177 23707 16090 11423 13323 17439 14368 14530 2890 15777 13590 13188 21708 16519 12093 12864 15754 15677 9713 8739 13151 21272 4340 16594
32338 18829 15803 19628 15608 11168 10480 19339 18984 11232 20156 15371 16292 27759 23497 9341 17497 7799 0 18356 13519 10762 14160 11993 12011 13204
13547 12469 21056 25897 22785 13682 21876 24455 18877 12951 17493 8822 13541 18573 24247 16154 20188 24132 17224 19959 6294 13282 15453 20307 7820 14387
11668 15150 21903 13203 19629 13850 16049 21208 11842 13366 15319 13462 10840 19936 29465 20956 13376 13016 10285 10627 14179 11898 10136 7842 1889 19233
9879 19071 18799 21569 30767 11929 17250 19505 14382 10987 15502 11369 10768 19941 20479 23906 16321 13033 3304 18580 13636 7434 21237 16299 12966 9315
14793 27401 16893 19697 18078 16478 18157 17076 20629 9917 16941 10605 12805 13630 23308 19636 20239 20175 11889 24106 9352 16873 16451 23105 26190 16491
15830 24095 21600 12778 19740 15475 14206 11311 5801 5860 15661 10540 12811 14778 25197 23220 11236 25819 15001 20141 7290 15296 15332 13317 12537 17002
11939 18456 18313 14151 10193 12436 11431 12717 13453 14359 23061 10483 9487 22002 19511 18286 14269 13143 12975 9195 14034 17110 20340 12667 9185 17122
14626 21700 17891 16562 22059 13002 18703 17246 14274 8430 20017 10212 13096 17812 16167 14551 13692 19725 14997 22484 14064 7906 18731 12541 19107 10498
18738 10444 17828 19434 15254 14149 19224 21676 15615 11215 32918 6886 10666 24461 18180 18839 13640 16336 0 17854 10249 6162 17813 12440 15641 24924
22970 18303 19507 26742 15842 17647 16945 16049 16026 9301 22507 8450 14513 22240 15567 26443 17552 11353 9742 21312 7651 8185 7715 13869 17640 15539
14588 28079 17033 13464 19989 11496 17658 13715 15721 8743 5658 11729 14750 17330 16178 15724 19124 2836 1547 24313 8194 15035 19497 8722 10207 17214
21686 23352 15584 16866 16733 15291 17312 15393 15692 11725 14041 10330 17264 20402 13429 7361 19571 20292 803 22076 11407 13836 11433 4850 18419 14767
14119 20529 19636 15197 26517 10853 15475 9814 15880 15051 22239 12507 14134 19718 19670 16410 18429 11720 13163 28838 14318 8257 6728 14116 23358 12986
16942 26763 19359 19529 18878 9949 14845 18784 17220 10482 21278 14461 12580 15013 22861 15852 13170 5330 13749 20485 8383 17080 18454 11724 15802 18232
24173 35115 17441 18576 16212 15142 12713 16211 17640 11880 19546 10776 11049 17618 23374 16536 18815 20729 16031 18028 8431 11911 20905 18547 12302 16373
14371 19760 18963 25538 20224 11417 14926 19948 13095 15073 14107 11693 10448 4421 27249 9582 6414 11354 15759 18029 8816 8897 17705 20358 14690 11551
14671 9663 17881 21145 16464 13640 16222 21137 21101 11973 12001 8628 14669 24949 12969 23768 15688 18458 18433 22059 11577 6555 17842 22403 13360 22550
5531 20490 21696 27628 10947 13848 11735 18539 17311 6294 1519 11632 12124 10891 18971 10017 13758 19903 14790 16159 8501 12816 13138 9644 7104 20646
20264 16272 18688 16646 20481 16062 6109 26348 18050 11071 3670 11323 20205 17064 11440 22356 19419 17808 9134 11845 10069 4797 22139 11078 16422 12476
17079 16871 16930 22680 14183 15406 10097 20629 15347 11851 7036 4426 16126 9957 12582 13433 13890 22790 15575 32464 14566 17543 21932 13543 12407 18581
6786 5555 16393 13437 15945 14919 17173 12651 19314 12344 3445 8815 11139 19364 21179 0 18866 22633 6892 25063 7224 9538 22188 10254 16106 15741
25747 4044 20869 13458 22125 19589 15578 19456 14077 13770 9180 12581 18128 15696 18421 8945 15937 21392 15718 21270 8839 8949 13148 4940 16025 18156
16225 17128 19524 17201 6305 16033 13679 16098 8277 12597 27351 12642 11252 18882 23117 8769 17053 15471 3171 8536 13232 7110 24707 17834 6893 14854
21538 8986 17452 24137 21659 16060 13905 27781 12187 13059 18155 7240 15816 21486 23086 9457 12579 17875 11963 20677 10617 10712 17272 647 18941 18939
16369 17751 15545 12571 19509 11751 11404 13998 11671 9773 774 13656 16996 20221 22772 32022 14980 11015 6353 19424 12826 9683 16175 14742 10705 17019
14577 26881 18297 23232 12585 17354 15824 18303 11277 9429 26128 10589 10591 16363 11963 24311 17140 16128 12510 29284 9785 15494 18370 20423 8161 11101
24029 68 14048 22515 15050 11491 11108 19677 14730 15862 18359 11544 17480 15737 19301 5401 19327 8043 13419 0 5259 5436 23818 16564 26404 11557
17278 15959 18120 19211 11024 12162 14718 18772 13717 6061 14121 10804 16597 8201 21035 30893 15188 10659 5081 26335 12826 13330 17917 16398 12294 15241
19586 18300 22953 17237 11803 12593 11841 7415 12809 12430 16404 9783 4959 18822 17603 17644 17343 17294 12374 32719 13885 12940 21639 26618 21297 19947
6942 27091 15894 25726 17552 8588 14584 17098 13166 8397 16369 12912 14025 11772 18804 15054 13715 14523 3105 31044 15210 14624 20407 10723 13398 22966
12200 9633 17298 22545 20813 7992 9265 22326 19384 11369 5420 12533 18808 20381 20697 17578 10756 13180 9953 26972 12174 6696 22551 5051 3712 19275
