365
93 76 36 2 44 9 71 3 81 100 19 66 6 15 99 47 49 56 88 29 90 58 73 11 57 77
19300 24401 18836 12276 15214 26423 22151 17206 6082 15356 14011 11859 10069 20471 17328 19031 8953 29455 22859 15042 17836 12646 15412 16297 12775 9624
16157 21727 13303 14427 18521 16890 28740 5745 4180 16463 15730 11432 12789 13451 18660 22942 22712 16579 11583 14192 25639 13360 19778 23208 8755 4521
26128 20022 10494 13293 31963 22323 17490 24353 7063 12612 11292 12648 9314 19751 18378 20728 18448 24830 3886 15764 7568 12183 17476 16348 12327 8178
15671 13878 11456 14756 15894 19839 11448 6037 21427 17702 14580 17932 7746 7930 16867 21097 20047 24441 12534 19310 5614 15471 14290 12542 14116 6436
21419 11513 14956 12123 14120 14813 23087 16562 0 15194 16054 14497 12954 10284 19386 22508 14268 21191 23359 6609 6517 11813 10986 24926 11636 9572
18689 22203 11623 10447 37216 17957 32696 7533 7439 15947 8958 13147 8360 11951 15875 16914 14266 14371 7936 15975 16551 9396 16719 26624 13142 5011
14665 19708 24300 12455 26211 20849 19871 14193 10675 12589 13779 13267 10802 10969 16720 21083 6933 13819 9244 14816 9136 10436 17329 25616 12365 12519
18439 18913 16087 13980 16992 12954 20698 24438 5194 13968 11598 10878 15405 11704 21918 19710 20353 18399 9230 13202 14205 14911 10800 17921 12735 7905
18346 21993 13999 12862 9563 22026 26384 9169 959 14199 16434 12387 6596 11443 18136 13812 23578 24584 20910 19466 7355 13627 16404 17038 13857 10843
19639 26584 11001 14399 0 16951 22688 14159 20238 14290 15205 13929 9238 15398 20053 23326 5278 12333 15161 19863 10452 6536 21446 25189 15023 8975
17235 23208 13183 12153 10481 15524 15255 22349 5342 13923 11368 19166 10969 19548 21523 21318 17837 35967 9683 8754 14488 15591 17512 20620 14501 10467
19544 24358 25384 16631 6819 15265 21007 23738 15069 12319 15922 20142 9581 10325 16260 19771 20288 11714 8286 15989 5675 11390 22434 20959 5355 17098
13167 18884 16693 12721 24508 18729 23380 12020 20833 15073 12014 15625 11519 12728 20064 16257 11152 14407 14088 16893 5614 14355 17986 29679 17591 15330
13835 18793 11575 17708 15461 24775 19729 17859 6351 16456 16156 9763 8416 9317 23133 25350 19162 21694 12325 21285 16883 18065 16974 16719 11301 8415
9601 21303 19691 18804 18457 24844 19570 9842 9339 11831 13536 17981 13009 14018 17105 15158 21075 15185 13943 21630 15425 14248 12146 28453 12660 10009
15666 14300 3723 13598 21259 21483 12790 17676 0 13866 12879 7237 12327 5415 17655 19672 8394 14258 11566 18602 4198 9307 12100 31943 10551 9635
21244 22250 15686 11879 4185 18371 19238 23513 6555 14866 17571 17214 10249 14685 14947 17360 19717 15245 14353 13289 21881 10958 16703 31972 11765 16481
9880 15709 10952 14314 19300 17698 10433 8482 16827 15121 13602 21087 11801 14046 19891 17335 18088 17828 11624 15096 10220 14298 15993 14600 10174 13083
19686 28626 17819 13574 28027 18445 18328 11976 6149 17985 17258 12013 9853 12426 17705 18706 13121 34930 14355 13341 9207 3316 11234 25310 15252 12023
17923 23019 9502 12976 25266 14795 9927 15592 5020 15908 15125 8620 17230 11509 16987 21377 20528 23465 11909 18011 14871 18351 22226 26457 11276 1590
16841 18906 19547 14456 23715 13485 11921 28945 8443 13818 15439 17416 17105 19833 17364 16854 19092 17352 15455 10379 11295 15202 20983 14585 12198 6682
14889 20481 7921 17160 18825 20953 11456 24605 8102 14110 15858 18771 9703 13121 16795 13438 13615 20928 10849 9158 5365 16472 16428 15586 14706 6985
21519 26849 14632 14448 2941 18593 22826 23906 12468 12386 11735 8328 18129 15847 20696 15551 18216 27644 23847 15224 9569 18219 18982 20619 14031 6040
19722 10427 16223 14626 4568 14835 21220 24169 10059 13110 17810 21471 10599 7480 18732 27922 21880 23578 18259 18362 9482 15689 19298 8656 6755 15384
15869 4305 11176 18265 11176 19874 13641 17045 13561 12528 10558 22201 16944 14451 21543 22684 16567 14087 7061 9308 1541 17926 16835 23268 14044 14263
14477 21011 16623 17285 19204 16346 25707 5135 3821 12437 13858 8358 13449 8607 19735 22502 26078 20499 8704 18293 8132 12314 23725 30019 10302 12573
17424 18844 15823 15933 25255 27682 26838 16038 16188 18061 14783 14779 13915 5887 18460 20541 20979 22336 11243 19531 10958 19463 19075 30157 13397 12816
7256 16563 12160 13748 4416 22515 25344 20090 7716 14743 14970 16289 17273 9489 15656 18151 17921 19842 25883 17209 15074 18639 22241 25570 13585 14798
17611 18652 371 13803 15477 16214 19826 12848 11270 14087 15561 18631 18144 10038 18214 18877 10182 22615 6629 14612 6881 13308 23862 12375 9056 13722
12455 18040 5501 10106 14256 19568 14244 20925 2025 14399 12447 12790 10130 11175 15695 31446 12652 14805 5453 17491 14557 8097 16525 24901 6278 7975
23179 16650 9772 13383 12364 20397 27956 29337 16931 16613 14685 13090 17831 12469 15442 16959 11139 23147 13969 5661 4837 10523 18431 23332 14789 12871
13680 23826 15893 11719 0 21508 20832 13241 15841 12320 14946 11530 4785 12241 14671 18045 19326 16288 7011 11123 16528 15524 21448 11996 10088 10640
14882 24661 6940 13345 26151 23554 29469 26376 16605 12646 13578 18328 15756 15121 15748 23298 21785 275 12585 13163 12346 6950 16730 21192 14432 9302
14806 16949 14249 16677 27227 24505 25404 8450 9453 16154 13732 14598 14368 17709 19948 20534 15419 16061 17678 17778 9768 7803 21462 23806 7641 17459
14495 18678 16888 14316 17780 19010 17258 10058 12820 15558 12300 10012 14138 13116 23639 20672 9803 23639 14945 21238 10943 8500 14360 16348 9188 9595
18372 15482 17771 14054 12746 23397 21615 23188 2649 15744 13572 16087 15080 13324 20141 25449 9102 17356 9060 11766 2998 13839 17681 24459 18214 15562
17034 26425 10023 16060 17759 14950 12650 17470 0 15664 13770 16057 14971 12612 21595 19642 8465 25559 16051 12739 11500 9932 18351 12882 14184 4545
17249 19050 22537 18617 6302 20352 15279 23710 14582 14249 17408 11462 14630 12255 21371 22994 23383 10232 11232 17307 10710 14725 16631 12536 15027 17368
18782 19717 10684 14876 12137 16617 7939 24211 6512 12404 13307 10250 7387 11322 17992 19414 16385 23469 12715 15566 11690 12802 21777 19410 7014 14814
16520 22149 14120 15601 2591 14873 13928 14017 23288 9412 11074 12133 13313 16540 12388 20267 14047 10891 11260 12141 9356 16978 20259 26250 9776 16542
16116 21088 8781 16051 18213 18759 20035 18006 0 13198 18251 17336 13287 9539 18811 19752 15700 20694 8169 9895 13757 12252 18621 21742 10278 17028
14130 16985 14641 13028 10684 26369 14540 17606 25419 18261 11526 16448 17965 14884 21829 19139 11834 14651 22338 11829 6098 18470 17511 34160 15261 13000
18010 14181 15576 13650 23013 18828 23905 11687 11650 13159 16986 22072 12121 9979 16064 19566 7475 14156 11207 15000 10612 16589 19397 21801 12842 5121
13611 16246 12180 12486 12774 28251 18966 21222 17930 13296 11377 11052 10542 10947 19412 18104 20857 15128 11537 18484 1111 12203 14016 21063 11376 12401
10927 16660 14517 14345 17126 16853 21919 21265 5854 17364 15316 15859 7327 15285 19194 18114 31437 20965 7825 10652 18840 7601 18139 44816 9632 9165
11910 17719 15124 12948 15038 17379 30679 13776 2874 13496 10471 18430 10983 18687 14293 16015 24895 23972 17765 15053 7718 18900 21384 18473 6289 10847
17431 23898 18453 16347 10252 23611 12622 4586 13286 15249 12552 21837 13235 10777 24741 17199 11830 14246 13115 11445 3504 3252 18407 13186 9526 13697
17843 22395 13784 10721 9496 14789 28907 14454 8428 16970 16518 13608 10477 9692 16519 15533 14277 19121 9003 17296 11355 13688 21842 17552 13180 39
15906 16860 14917 13436 13527 15260 26523 21973 16595 12420 13991 14392 9955 15083 20909 20415 7526 13915 15316 19945 16351 9901 23217 21761 11153 1423
15280 20453 22157 11603 16121 20793 13852 15097 7006 14665 10903 13254 8656 17592 16336 18952 20164 20464 12425 16186 22512 9064 29827 24030 9760 12229
19330 13642 14360 13314 15134 14190 12763 17498 4442 13643 9941 14111 11145 11748 22533 19284 24957 18030 21877 21213 10456 10655 17571 8001 11281 4307
14598 10116 11661 14143 22373 14447 20872 7702 0 16534 13117 15945 10326 10413 19858 16283 25346 22657 8885 14944 2134 16241 18465 19528 12240 5565
20493 12601 12170 15850 6867 23601 5584 24884 18083 14516 10736 19566 9262 11588 15124 15739 13261 15853 8573 5927 8305 16383 11388 17294 12829 4259
10111 20775 17432 15293 12370 24221 14340 16932 4217 15225 12910 9236 9576 14285 21068 19552 18737 30649 7603 21745 12623 16066 14999 14865 14044 9647
14429 18116 12150 18438 21374 25357 18553 19019 3941 17422 16712 13127 14634 14661 22727 22803 16184 16231 15284 18637 20471 24125 19237 20891 14497 7199
14667 5887 17827 15266 20833 22942 16696 5567 13516 14171 14937 13260 14278 17563 19604 18607 31340 13603 16368 8704 13219 10347 21718 23619 8888 16234
18187 21828 17772 12361 13741 22495 20734 32593 11863 9573 10121 18152 12339 16976 21437 16010 11153 15722 17534 18851 2449 17922 22527 18892 9421 14330
17768 23925 12687 13869 19524 21817 11386 16493 14698 9995 13654 14672 11803 9557 21553 20937 10286 19263 13253 19410 2034 17017 13440 16855 11804 8236
12972 18736 17921 13847 16064 22470 16076 21917 16350 15061 18534 9962 7457 12313 23329 23089 13709 8412 14482 13511 0 21076 21777 27585 11936 14532
14909 16210 10669 15166 26099 19494 24631 12046 12899 15331 17011 10864 5560 14423 19876 25365 19452 20237 10686 5135 14905 20073 16749 13386 15263 7524
19698 20940 9409 12045 19142 17912 14529 25569 18410 11867 14977 18456 9889 13672 22509 20076 23327 27260 20148 1401 4918 14030 15710 14459 11226 13291
16403 24546 6556 14192 16630 20358 21482 7821 6007 14127 10029 11640 15330 11331 17278 18701 10501 20914 18217 13170 12380 13263 11861 19600 13777 9957
16086 12637 16070 14893 17830 24675 18707 10648 11177 13251 13780 14997 12963 9917 16292 15426 7092 23251 18589 15849 20044 18918 20787 10437 10716 19726
13378 24247 18098 15194 14196 10003 11332 5165 16979 15742 15768 15671 11036 14139 20305 16841 14038 21679 25738 21177 18768 13178 22732 18979 8523 10278
17054 20716 14242 15668 19294 20391 12423 13525 2211 11917 17768 11469 7856 17903 22916 16789 18384 22044 7751 18854 9438 11510 20752 17428 17192 10981
18467 25230 15732 17395 28632 12739 19691 18565 23262 13621 14888 15493 12152 20739 21605 11987 27211 11935 26504 18583 11968 12329 19136 13204 13874 10176
18229 17639 13671 12295 13406 24829 20509 12479 4693 14562 16093 19198 10790 12259 16605 20139 21334 17522 2417 15100 1453 17006 18717 24724 11489 15543
19243 21363 12950 13901 19380 14723 23489 15786 18934 9350 12213 13987 8990 11975 17247 21467 19491 17128 9170 10101 11089 11702 22236 23238 10768 19412
16444 23583 13167 13382 10679 18134 11490 7225 7314 11351 9841 18667 15134 16607 19318 11404 15337 24832 6466 17167 4048 22081 18050 18588 10752 17527
11486 17866 12520 16763 5335 21369 10658 15927 468 11869 14775 19224 9152 14247 19798 19529 16783 9678 20824 12570 17623 17230 21299 22476 12057 11040
18286 18200 9530 12818 20945 22707 10508 23438 11623 13455 11599 22122 11795 12618 18422 18913 9195 20006 12268 20272 0 21180 21503 14996 9904 16077
17387 16675 13492 15321 26159 18824 26460 14535 7835 15514 10880 19291 18321 14876 16601 17376 19405 13737 11286 23537 14094 16162 15730 20334 13149 7832
15279 15412 20206 10374 17010 19540 15347 14390 12325 12426 12104 15377 15226 16458 17851 15572 25145 16686 7376 15503 6786 15651 21395 32328 8821 14752
21060 20589 13609 11447 6403 19974 13281 7692 10010 12755 12906 18859 15482 15896 20414 25939 16613 22809 18025 17347 12444 13016 14464 21537 14324 9881
12436 19934 13203 11760 14652 22616 15743 14183 2338 11705 16125 12935 6444 13124 23147 22505 13573 17824 3689 14268 24357 14987 16189 13287 10574 14587
17725 24619 11831 17976 19853 27381 29608 4432 15550 13256 16475 16894 13185 15284 20979 23514 26988 27142 10098 20016 1729 20566 17737 20305 11693 9080
19487 18151 12515 14920 22780 18069 36070 20439 25223 12054 10533 11462 11854 14271 21716 17351 16254 19408 18595 11816 5203 18980 26333 18634 12288 8144
18377 18735 15028 11390 8945 18935 14910 15490 5242 15820 12318 15046 18137 20102 16923 21337 8537 24772 9787 10794 19145 20693 22270 5053 8560 9621
12054 16875 8102 14920 11881 30707 18992 23401 9439 14718 15508 14428 18372 13018 14348 20245 18752 29376 16946 12178 9416 14936 22434 18258 14201 12539
17551 14210 12248 13890 9258 18851 9229 32 12655 15742 11299 15102 9255 12982 18225 26721 11651 15191 13356 14117 7462 15558 22407 18021 14486 4220
16166 19550 10099 10946 22785 16793 19518 13643 6428 11458 10837 11145 13270 13569 18116 14691 13612 30791 4175 16201 18032 15276 25302 21781 13232 14481
14804 15404 18526 12074 18196 19490 12135 26359 27961 17267 12017 15696 11355 13049 15696 13024 9116 16563 12233 13356 10398 14910 18403 30452 10529 12991
16916 19793 20006 12898 11493 22648 28944 12711 15051 17413 17015 17542 10186 10877 19110 22506 22311 21100 10029 11792 22936 24487 22215 23939 8124 11855
18687 13984 18153 15377 19725 19958 17318 26731 23047 8813 13662 13835 10058 20903 15955 13924 7871 17426 12144 14279 12163 17708 23781 31336 10231 12958
19259 23550 13103 15192 21290 21090 14581 13277 11703 15066 14838 7124 8821 12891 19723 16721 23545 21065 13744 12929 18783 23369 22074 20256 10241 9761
14540 15670 3816 12911 3730 16984 11830 16690 16080 13071 12951 12367 11545 9892 19599 19809 24214 11586 13391 21147 13098 18781 20448 22663 12858 8433
13664 14604 18680 12796 13019 23425 32712 17723 17683 14379 13054 8611 15392 15813 12952 24773 15092 20078 14138 21548 13898 13071 19810 25661 13779 7560
20271 23911 16410 15463 25783 21401 20509 23169 22601 15604 15437 13539 17402 12862 14850 13717 19227 17930 8429 13390 19541 10767 20285 36748 10051 11683
13358 23170 19381 12405 16578 17627 19976 18900 13476 11337 14300 16665 13822 13680 18821 23240 22895 31159 10918 18126 9072 11682 12591 22822 10984 6507
18543 17175 6406 12133 30995 16489 17551 21851 7217 14569 14263 15884 9610 9450 18664 18213 15782 30823 6780 14763 14957 4285 14085 13283 6147 13840
16100 11971 8219 16201 17340 24904 7991 16061 3548 16924 14637 18236 10647 13932 19340 15956 25716 17376 9006 15938 10808 12782 20003 32598 5055 6183
18154 15605 14391 14240 31320 24716 12532 18712 7790 10166 13621 10657 10447 10137 18691 13839 19623 21405 16345 15422 10821 13670 24950 13779 11403 5921
10020 9300 18142 16150 11998 18266 22077 3635 11574 13641 15480 22322 9763 12355 19942 16940 11214 29829 22554 18400 13820 14120 17932 22337 15250 11065
7453 14249 9039 16893 4027 16993 9963 26225 20467 13688 10483 14365 14351 15792 19264 16063 18733 25722 16800 14784 6292 15309 22467 11872 13276 15130
12835 12314 15183 9521 19659 16267 16058 18205 19906 12858 16453 13933 14183 16921 21510 21511 21233 22841 10987 16709 5980 19972 17144 29525 17742 8304
8912 14824 12819 13682 9847 28158 30117 2102 11197 16297 11038 10375 15823 14221 19713 12662 20961 23765 15916 21600 13385 22713 16961 21792 10856 10078
11588 16788 0 15947 18281 24522 24000 20197 9284 16306 16479 19767 3986 11288 19798 17941 15413 20942 21033 18870 3618 11829 21977 31481 8018 18718
13866 26357 10886 13813 14549 19862 16077 17244 7991 10903 13321 10373 15920 15284 20791 6613 22879 36044 10310 13536 2915 14199 19261 25199 9377 3178
18805 23584 17657 14214 7842 22806 16197 12312 9986 14583 15484 10402 11548 14057 20739 17237 10081 26662 23696 12159 12642 10409 24341 7493 13142 12129
14154 17461 15274 14784 17122 19257 20797 13128 8930 13965 11989 16644 15365 15707 18663 17430 21972 14651 20341 22588 11537 13342 24931 22270 9558 8594
15741 21436 15085 11648 19762 9489 30507 0 14164 14901 13256 9952 16336 15502 15985 22453 15506 18769 14758 8083 5272 15587 18629 22774 11241 12665
13196 17974 12226 12518 24109 21254 21771 11500 1200 15603 11682 17692 11760 13687 18888 17758 15791 23366 12930 14818 22313 18794 16221 23695 12378 21756
15573 24340 10099 12665 15762 20644 32112 15677 14513 19017 17301 9150 16162 16558 17245 15154 15748 20859 5129 19687 2597 16350 21244 26505 16804 1799
18242 15148 15648 12243 12200 23920 16257 19758 15727 10727 15505 14934 13160 10918 19824 12116 21663 23324 6642 17719 12912 6394 12715 19594 11523 14951
17613 29587 12228 9972 18024 16927 23962 4608 14417 13351 14806 9403 5949 10631 21992 23769 27424 28307 18888 13828 13333 13141 21215 19626 16468 17897
15398 10832 16232 9191 21103 28422 18068 14435 7715 13239 17591 9961 11563 17996 18279 18050 22721 11083 13285 18936 6266 9642 23276 25486 9838 19122
19968 28088 10340 15146 18255 18396 22663 11235 1155 15617 12888 10118 13473 13022 14606 17053 12417 23345 13589 19896 13426 14618 8663 24269 10786 7530
16820 12351 8286 13516 10699 12069 7808 26820 6730 10709 17399 15524 9725 14915 20464 16681 19376 14308 21207 12850 5827 13310 19528 16473 14016 15620
13016 15685 13804 13663 14437 16615 26749 25786 14573 19345 13696 21109 9732 14913 18585 16658 9593 19645 17171 17948 8742 16427 21142 20299 12900 12543
15351 24099 9125 14011 15946 18703 21715 17673 721 15137 11774 15628 7556 19452 22493 20677 21430 27870 14138 22630 5229 16578 22638 27432 9215 8185
16916 14592 17430 15299 15404 19454 20986 19049 4515 12064 17085 14693 12336 9653 17398 27745 14844 25477 10471 19336 11636 5520 17468 14697 10934 8537
15450 11479 12126 18231 12869 18464 15419 26109 9531 15290 13060 16166 8285 15825 18521 17912 0 16650 20944 14750 5257 16392 16027 32828 10622 10090
10140 14174 14650 12690 6574 12540 23244 15423 4216 14129 14437 12307 9522 21108 18667 19217 25573 21570 14839 9199 22853 21156 13545 13703 16521 19218
9206 19649 10398 13772 18810 19689 29063 14198 0 15982 12211 20509 7776 13592 17236 17178 16106 29811 18978 15450 9153 14130 25601 26930 9326 15092
15780 17712 22908 14506 3432 27065 23074 22487 2486 14091 15791 11015 12200 15445 21131 21773 4191 31290 13511 18841 16439 13870 21673 37369 22167 16473
19086 12414 12204 14220 4781 10518 22727 16203 24107 17003 14348 17897 16825 11185 20789 23941 17616 22539 19004 12326 13072 23177 13504 22245 16579 10174
20623 14515 9919 11776 29539 11689 22957 10012 8744 16450 14505 12705 14117 14248 20006 21733 6404 28138 11014 23380 4323 22754 17560 7186 7783 15950
15730 22816 11458 13177 14349 22688 24005 12098 11587 13867 17628 15296 20227 13930 19426 19408 23045 29258 22141 16960 14154 7383 21323 17674 9581 13823
14185 18901 21178 13816 16641 18904 12730 14391 3400 10006 12479 14423 13206 3524 16526 18214 17842 20349 24096 15208 14398 10301 17234 18908 14481 8881
11493 23084 19138 15840 13803 29977 18024 10494 0 17706 11806 12063 11950 6679 19720 16116 12894 19191 8276 16947 14181 14168 22674 23800 10481 9963
13410 16500 18061 16484 30787 12653 15568 23513 0 12300 13817 23019 9055 15339 22490 22753 18852 17187 12772 21408 9663 16602 21409 14054 9384 4852
17297 20214 12614 15412 19100 12736 17649 19864 0 12086 11904 18554 15081 17374 23861 17912 20595 13722 2730 11561 24941 14619 11830 34865 14073 15627
19777 19865 16225 15605 18731 11232 22184 22592 31758 14974 12343 12073 17659 6320 19319 12912 29596 21408 13129 13287 13451 8559 15230 25608 10275 9572
18134 28793 17122 14946 11977 20531 12315 16030 1427 16368 9994 12622 9087 15920 16684 17803 26562 19247 17550 10410 10918 6025 24645 20424 11594 11235
11709 17190 12827 15530 25905 16294 15189 14581 13676 12831 16905 12622 9954 11593 17293 15832 12496 19437 6242 14352 7999 13468 12841 24795 9258 11140
18288 21177 15215 14574 19491 10956 24913 20142 13721 17310 12825 13518 9583 15385 16127 22545 28793 18342 13493 15267 19535 16282 24533 26580 11301 10889
14305 21641 7023 12919 22800 24134 7077 13260 1935 16611 13853 14318 13232 20566 21159 22581 6794 16341 10357 20352 9949 16433 16874 20251 17269 9592
17915 17055 19396 13770 2897 22690 26356 27148 12698 14278 14163 12618 12102 15364 21919 25015 14375 11631 14051 19804 4366 21880 24113 4762 9140 12033
8454 18206 17887 12363 23114 8603 17448 19900 10640 12190 12177 14651 10718 12299 19245 24744 15604 20966 9922 15773 1301 25374 21391 19462 12229 6491
16061 13205 15262 10730 16568 16650 25293 16935 17639 15203 11774 16356 7667 13111 22696 13230 19450 14061 21544 10493 16859 12371 14773 19449 8378 18147
11242 18044 10442 9991 22290 12928 21191 19025 15753 14338 15226 16424 4831 14456 18768 19413 4615 15068 9830 11928 19454 7956 26090 13835 13525 11543
11263 21676 9809 13003 30496 20388 20456 24739 8190 15981 12228 14696 7410 13789 20111 23266 31289 11511 10133 18267 11545 10253 22714 13439 10375 13577
20641 22704 12458 17604 15440 18193 23961 17649 28025 16874 12165 12825 12809 21530 15860 24077 22363 23016 13854 11869 3384 14857 18346 19800 12322 9480
17318 18569 9730 17279 24743 15723 17666 16913 0 14246 14358 15894 11188 12286 19569 13151 22148 22963 807 10915 4966 17006 19805 16846 13134 10413
15565 17824 11462 11778 21027 12604 26030 12101 2667 11894 14674 13675 8082 16523 17704 26673 10910 25793 12394 14963 10681 20738 23754 15881 9107 13404
14480 17535 15739 11633 24412 18642 13786 15990 6020 12472 17431 6285 15578 8487 16270 20074 16340 31893 14838 20107 1501 12469 17311 19719 14232 9890
20739 9897 16886 14299 10744 21925 15402 13026 11762 15753 12127 10208 4161 13959 19953 15378 16270 25453 4101 15814 12691 12834 15264 38597 16055 11930
12299 14077 5961 12639 5175 19377 15248 18815 6003 13517 13306 3418 10206 19722 21998 13936 16776 16569 18517 10135 5867 20433 18664 18519 11003 17607
19087 18247 16684 15987 4519 15920 21737 19486 3928 13818 15129 15507 12558 17421 19722 18821 5019 23648 10078 23195 1173 18596 22969 8508 12075 16651
16518 23994 7353 12171 9829 25167 13439 15187 7852 17224 18154 15723 8592 12592 18606 18995 18094 19699 9480 13000 14335 16180 16984 11744 13088 10036
16748 17017 12203 11509 22209 18815 28341 12666 24915 12071 11444 12613 6165 18589 21696 15206 17788 10934 5135 12446 10634 15202 22990 21552 11746 12685
14302 22210 11002 15797 17815 18704 14575 16588 776 13645 18420 10386 11891 17849 19927 24725 15998 35166 19051 13192 17310 13418 21948 16178 13027 14098
13637 11408 13252 15983 23177 21250 16648 16214 19934 11862 15312 6650 10970 14483 20138 18132 18417 32929 5500 13544 10959 17286 22411 15819 12769 15921
16310 15463 11781 15571 10845 15894 15210 18329 14389 12890 16946 17485 10283 11812 20040 8847 23577 11549 15995 7419 19005 10408 19586 30619 6695 13867
8721 19608 15275 12957 15268 17915 24051 24253 15880 11632 15280 19793 3958 16362 18209 19389 21934 15560 11335 10994 13013 17492 20651 22019 11059 12126
12627 17992 12186 13978 17895 27426 19309 9177 0 14062 16999 17607 9915 16372 21793 20312 30352 24346 19965 15697 14477 13979 14146 15331 10463 9844
11514 27823 15264 9556 17474 22720 15690 6053 13937 14086 15215 12228 11806 13991 22301 13242 16853 15420 4553 17654 5989 10766 19068 18504 13514 12245
15835 14640 6609 16108 16864 26600 24050 18719 13524 11981 16560 19485 10570 13731 17867 19737 19543 25806 15839 17523 15689 14402 17557 19901 7523 6633
16987 21194 12607 12368 14819 24445 25762 20460 15480 13627 13023 15311 12448 9864 17944 18426 23960 14880 6921 16160 17605 22812 19297 10522 13967 5985
13068 24285 19140 18837 26448 18153 19880 24281 5346 13689 14100 14010 12059 12510 17569 19455 11232 12740 12100 11586 9974 12751 18184 30410 13723 14614
13536 12830 13285 14260 24594 27335 29479 14179 7011 15916 11878 18602 10756 6537 21236 23254 18311 22251 9678 14462 13079 10338 14165 14714 12826 12566
16319 19412 11322 6889 23712 23385 27378 15814 9278 16277 10013 13895 14207 11115 17882 16682 29404 23152 14503 15618 14882 10185 14341 11002 14652 14285
26213 24548 15592 17142 14131 9453 10486 19745 0 11806 10664 14796 7577 2366 21463 24370 26133 20167 7298 14041 15498 15226 18031 29817 10921 14628
19256 15103 8188 14151 11818 16040 15792 12908 25199 14776 9978 11538 15015 9905 19056 18444 20502 4493 4486 16421 10248 20170 18795 20672 13830 7858
15031 18667 15270 17518 18442 22967 7652 26229 10907 19617 14520 18703 12446 17307 22291 26927 25941 25549 22678 19199 11213 12949 13648 22065 11259 14814
13609 26228 9349 12932 11363 22397 35434 25377 0 14955 14644 9534 7969 17343 22637 22828 16968 24888 19549 4318 13625 16395 23650 24198 11544 10293
17829 17339 5055 14918 17040 19552 13463 24085 8214 15324 9888 14922 10410 14430 19950 20162 26337 21191 18447 19791 4996 11785 18511 6735 12754 7996
10106 14080 9101 12860 18077 13319 22259 17910 8651 18064 14663 8661 10443 12006 17478 29559 16348 22694 8229 16207 8120 11553 16549 15942 11812 2054
13181 30836 18561 10483 13226 24347 20050 18683 8648 18620 11651 18754 12243 19640 17142 22510 26932 15593 9107 17817 0 13596 14247 4725 11831 12038
11740 21175 11590 14644 4373 16229 20778 19925 11076 12370 11933 11333 14590 15029 21573 17842 18348 24928 7608 9273 13822 10190 16540 10298 5879 1805
19721 20397 18048 13629 14166 14969 23178 6340 20717 14754 12582 12164 9781 12269 16733 15160 9774 16430 9140 24009 18812 17181 17497 28167 16891 12234
8715 24528 12140 12882 15798 30329 30610 14690 9848 12514 10348 14053 9390 12742 17665 17579 20656 24864 13307 10278 9709 13609 15656 17368 14581 8117
19547 17712 16676 12953 7270 23266 11651 14007 2905 14565 15690 14567 7093 18360 15569 20835 25648 27249 7753 12537 23312 16423 25703 21389 12740 5873
16198 19824 22664 14974 24951 24558 23241 24199 12055 16734 14563 13259 11912 16537 19437 19126 8919 28816 12292 13789 7844 8747 24338 23114 7988 15365
15377 9044 19501 14949 19284 17067 14786 26577 9509 10106 16186 12601 11461 20392 16685 21982 24933 31523 17922 13013 14573 14904 18483 15418 11204 7041
16951 18604 17767 14069 15835 15245 13245 9314 8864 17024 15803 14105 11271 14441 20695 23703 8949 25619 16472 13894 7253 16169 17807 15399 14076 14839
21958 14499 10564 15327 32783 19670 15957 21865 13715 14501 15273 15210 11883 12047 20769 24626 5243 12623 16888 25286 6052 13698 24635 27685 17621 6295
9348 24053 10006 13851 11303 24352 34135 21946 8930 12930 9021 14525 5362 9034 21018 20107 16056 18990 14863 21349 15812 22997 18466 30896 11283 11467
19808 16294 7214 15742 10803 19761 25033 7414 5418 16278 14672 11244 13656 14812 17478 29833 24446 25688 4332 13033 13365 13825 18048 18575 8998 8039
21165 14993 10320 15830 8703 22377 11882 8100 12348 15275 10876 14409 9966 8574 17075 18433 21064 26137 14511 17629 9203 10216 16176 16836 19125 3755
14020 28825 16695 13803 6481 24791 20537 16559 6254 16489 12147 11758 10957 15839 20208 19956 28484 16578 10316 14324 15741 22770 24169 18243 11295 8893
18606 19720 9075 12531 11162 20067 21861 11480 14306 13288 14617 15319 8723 18027 18261 15122 22173 21272 24805 12833 7157 10726 23724 20285 15239 5396
14227 19311 12444 14933 15329 13127 8327 8950 7531 17642 15736 11049 12709 13287 24488 22841 12365 24157 9358 9524 5233 11759 15371 29259 10022 8019
17126 18621 13498 18099 23747 10844 8125 12739 8018 14226 11061 20109 11045 14745 20484 14848 28084 20665 10738 17196 12971 19510 16331 13087 11936 11199
15158 19142 4291 12571 19258 23136 13499 24374 3557 13040 7659 11189 15577 19834 18965 23385 17260 22973 9465 17118 8020 13236 15748 21711 10920 9154
17754 22194 21280 16694 27129 20945 13100 17020 21142 13806 18436 18812 15919 17372 15731 19638 22634 28862 5841 16204 11197 15417 17416 12597 10726 5507
11235 22212 23503 11851 35219 15714 24013 25264 15849 13538 10775 16414 13027 16627 13892 21235 18132 13821 9733 14261 18826 11284 19451 13677 6446 9251
16484 25404 13716 12726 16996 19317 20405 18819 10660 16387 13597 10287 10110 12376 17520 16605 17862 21059 14032 13456 17881 17909 18864 29438 15872 13483
15354 14625 18234 17037 11050 25186 17967 13486 0 10890 10843 15080 14963 14806 20149 20874 24317 33067 15912 21985 2532 12873 16204 8181 13547 7641
18291 22435 15992 15996 27630 17542 23320 16515 0 15559 16361 15972 10753 14674 15006 27047 20645 10588 9761 20066 18843 17800 14639 15831 12179 13999
13906 19657 10124 13264 21142 23079 24916 15843 17676 16852 9409 12957 10143 15058 15729 15902 18376 18504 10832 11606 13656 10703 17993 14909 12219 12246
13333 19103 13665 15727 8064 20865 14244 15440 2136 11872 14799 19405 17671 16228 20131 19030 18845 18506 15245 4075 14759 17640 10801 25203 14502 10557
20016 19977 8543 10034 23697 25768 10960 12115 18308 15834 13676 11211 13328 16408 18648 12738 25119 20776 11973 15072 9557 14706 18521 18451 14709 14251
22413 19210 14432 12414 8450 17289 14046 23895 7595 16246 10517 13337 17791 17861 19455 18873 23398 13557 23396 16118 18990 10916 21409 28569 11400 14003
14112 23310 18611 19201 20105 25453 19987 17168 16705 15408 15662 17228 16006 15483 20585 24816 21613 17186 24410 20039 11369 13331 19685 36262 15797 8445
10623 23222 16832 15266 21465 22100 6883 10727 0 13395 13035 12808 15207 16192 23862 13562 19167 14828 16368 14887 12392 17454 19705 5148 9069 4720
24435 14156 13169 11213 14718 22221 24374 5380 4202 15657 13706 11887 9355 7519 17626 15384 14762 18893 16345 15222 166 10593 15518 17814 6898 5515
13754 26793 11118 14153 16199 24172 23356 23898 14384 11306 11262 13523 11517 17041 18680 16430 21229 2356 18202 21724 12277 13544 16403 12352 12712 13204
19992 29382 19625 13628 20572 24878 21495 21060 13603 17416 14607 14449 12487 14207 18616 19942 14919 33757 14117 15096 16192 24317 12930 26831 10966 15118
18158 17810 19259 14028 12953 14305 15903 20592 8137 12633 13389 13789 7967 12538 19352 18387 9152 20756 9556 10716 3963 15381 21432 33053 10935 3597
12383 17139 17388 13710 12827 16309 16924 7188 7279 9703 18171 13498 18741 12736 15066 20109 26931 14484 23224 12462 10642 19333 16368 23000 9663 11784
14023 16327 13147 14774 28241 17704 19741 16387 7132 17479 13649 15259 7597 11664 22237 21685 18160 19437 8805 22274 4412 14311 19492 16311 11946 6094
9070 16023 10851 12801 0 17073 15601 34075 2373 14853 14263 15390 5463 14054 14604 19833 21941 19124 14384 15693 18109 13389 17384 17279 15435 12221
18301 27763 9131 14028 26278 18272 15417 12853 7328 11336 18823 15762 8506 7992 22689 12307 13464 31553 8185 21412 18913 20270 18022 13534 12647 7949
18384 23971 11645 11011 16770 17426 14471 15175 21632 15785 13535 10552 17680 17979 13550 9372 9473 18495 11146 7734 13553 12456 14618 5975 13335 195
15197 19214 10774 15231 14688 14975 17972 10413 14242 10626 13561 11034 10509 14741 20488 14101 16767 28182 10156 20699 7343 15654 20828 12378 9208 9446
18017 17674 12343 12553 28263 25912 17060 18103 5388 9994 13083 12008 9633 11976 17387 15302 20409 21869 9171 21095 3504 14495 25538 17410 13071 4012
15326 15527 10590 11867 14112 23547 10274 25976 15197 14897 15074 15595 10050 10986 15004 13123 15188 17758 9158 15611 21684 16176 20911 16906 9023 4778
12615 24637 14687 15565 30802 17627 6936 4737 19206 11446 12445 11565 12146 17964 21940 16860 27954 11967 10448 16294 8930 21697 21514 18534 11865 10852
15013 18562 15353 11850 21524 15415 17220 22724 0 18140 15425 17849 16259 22594 13461 18386 7510 7570 6002 11359 21990 15706 22175 15403 12673 6269
14781 20589 14169 12565 24113 19967 18146 11575 4271 18222 8681 12518 10355 12821 19162 25444 14088 17852 14355 13151 14244 10740 21764 10736 6536 16211
14594 12516 15713 12774 33333 23338 17552 14948 4540 13064 13444 19070 14166 11498 18540 17286 20493 10682 15305 13444 3251 13286 17670 29322 16428 14771
19693 21581 17873 13597 24171 16320 20024 29390 672 12703 11755 16965 15880 15787 20069 13978 11108 20061 19050 19759 21665 14594 22302 22441 6207 14891
22192 20894 6217 11500 19406 11363 16118 22790 13864 14964 13536 9599 12151 19693 17101 18522 16093 20064 14551 14557 17458 22639 18248 14426 14708 13668
14949 20119 12247 17714 32386 19849 10271 12841 3651 9461 13495 18122 11024 10140 17066 20988 21100 17374 19102 13284 13244 19184 14863 18361 9308 10500
19735 19618 12386 11364 11995 14555 22809 15629 17882 14759 10639 4126 15420 10094 17428 25925 19515 24742 15864 15423 14651 8548 22936 28222 12412 16087
21469 13040 6759 15651 7262 12023 16805 11825 11032 12600 14837 14823 12652 12037 19547 30085 22214 17659 6347 14323 7154 15279 21470 33256 8560 8041
14703 24379 4540 15981 19829 19508 14678 31480 7872 14786 16848 7690 9824 13961 14994 20900 16476 23232 20673 15151 6910 16755 17920 40634 9030 7818
18482 17672 10438 18599 0 22387 18489 21072 9752 14559 9397 15692 9292 9965 20078 16929 8295 20116 18024 16042 13905 9961 13837 15545 9896 4410
19458 18071 9497 16651 19675 14460 27015 21977 5528 10624 14648 10370 7879 12255 20384 22297 6931 23408 10873 19746 8939 10547 8432 17337 15475 5057
15874 14798 13897 17383 23455 18771 18201 10346 15218 11604 14331 17517 5380 11722 15304 17836 25109 20793 9935 20469 12499 9344 19567 24483 8330 9962
19652 11644 22246 15293 19163 21258 22204 20310 0 14025 12718 13608 13818 16693 19970 22312 14277 18731 12383 17314 7138 19756 19290 31764 12004 15498
19677 25756 19726 15211 12264 18577 25873 10866 11546 14285 16114 14078 9434 15543 16511 22112 4847 20300 12845 15081 23937 21367 13027 27647 13801 10910
16526 21875 14621 15384 9290 25341 22575 6278 6299 11716 10689 13511 11717 9904 18698 19077 23523 15015 4843 9813 0 7590 24054 25142 15613 3913
11030 23522 6565 16940 28835 20566 22426 12652 7649 12841 18469 10088 9078 15636 13452 27346 11878 15388 6147 10569 11813 10656 18914 11287 11472 12347
20039 28868 11684 15795 24270 14349 2927 28682 26031 18917 14169 3901 9155 13145 21759 21889 9312 14294 9504 7996 9048 14749 22952 16576 10653 15504
17318 15897 19710 14584 34694 22519 15078 15726 16366 14125 18281 13611 16571 12966 16751 11254 22806 23606 13273 12978 7733 19681 17587 27522 9878 13837
20842 13565 17182 15980 12499 18234 24711 25178 14065 11768 13241 8616 13218 17553 20049 21870 22421 26448 15756 12816 22925 16837 12090 17562 14078 15330
18995 22991 8495 15722 12687 20922 23859 16736 13256 14337 11868 11220 14424 17281 20006 18153 16924 24599 11259 9275 12925 18023 21289 29369 11217 10023
13040 19327 16093 14783 22183 15537 13457 23234 9533 15452 16131 14669 9398 12233 16821 25095 21922 18305 21726 14339 9915 14085 27105 21474 4901 17925
14375 18301 17933 13727 15437 23580 14425 13548 12641 17898 12159 14980 14681 15082 17807 21040 10577 18235 5876 12688 18363 22513 22448 20733 10059 7164
13993 15634 8303 13573 15020 30498 11496 11348 25667 12032 11135 12677 9150 11571 16099 21232 33853 21653 13812 11550 18301 21534 20501 18850 10912 7940
22385 15904 10087 11566 16888 17006 19461 12209 6583 17437 10732 17064 12182 17428 20556 17954 17982 12599 16936 18324 21418 16406 26912 25773 16061 11869
15936 21392 17185 14282 23154 12311 26412 5755 15879 12765 9392 11333 12813 13809 19307 20529 19863 20599 16364 9813 10598 16783 15462 27026 13580 16541
17632 20636 6466 15991 14280 25185 18124 16299 3392 10844 12225 17289 9956 14620 24561 22860 14103 17814 11981 20747 9038 4436 15969 25754 19435 12406
11913 19577 20643 15410 15552 21261 16422 26642 26072 16400 9237 13884 18319 12747 20601 23374 19889 15374 13741 17961 23003 14476 23033 23071 10210 10933
17175 16221 10828 10422 4130 22179 11342 9297 7033 16962 11422 15523 10836 20231 21420 25073 16176 23885 17150 15984 9558 6104 21943 16467 15482 5359
19921 19342 19425 16526 20924 17572 16659 8317 8416 17495 14170 16102 11014 12730 20139 23322 15070 28433 16121 17274 3741 13654 20712 28334 11024 14222
14601 19705 14757 16772 12977 22154 18774 16724 9012 13307 11651 17511 12429 15076 20160 21644 20368 12632 15732 16649 9644 21947 25172 20500 10799 10737
18106 14413 16896 12252 6304 20682 22096 13157 5749 15265 17036 15328 15719 13926 16106 14442 16664 17893 17701 15344 7653 13269 22373 16422 13775 10696
11925 26437 13028 16137 21606 18928 16377 23704 9661 17255 11771 15233 13677 18982 19085 25288 12654 4842 15120 21850 12742 16083 22115 13507 12658 16231
14081 12428 7838 17039 27755 19453 16121 6527 13007 13818 14659 15746 14922 21667 19491 17886 31447 23238 12139 15419 2088 7090 13001 25211 12382 9281
17784 16259 10297 12560 29143 19473 23933 31734 4848 15064 14888 7748 9396 16536 21561 16570 15973 23780 15897 15812 8144 13954 16595 29724 9130 1151
15597 20723 15085 14727 24252 20197 9412 15879 26406 15282 17294 15426 15085 14762 21598 25596 24101 14956 3983 14457 18441 20550 16216 28294 11925 7508
12993 21288 15892 12735 30438 20123 10990 21229 11048 13438 12063 16533 10859 9329 15825 20703 13361 26693 10087 17311 17482 9572 12656 9896 11568 10201
17846 25953 4612 13965 22771 13276 20625 11421 8488 15349 13856 17867 7633 12669 21338 24297 8370 19423 11850 19166 17751 7742 15092 21590 14029 9442
19626 17006 15097 16279 12670 19714 16334 13115 20463 11930 13877 16724 9812 18466 15777 20230 19119 18270 13693 17726 17174 22050 13828 25039 7225 9566
14640 10662 21702 13838 12318 21290 8517 17393 18883 11641 15990 18136 18505 15934 18150 19757 17127 27494 18239 17792 6414 12658 14198 13858 11075 6420
12333 15832 15336 14659 25906 16003 20578 13035 9194 16032 15691 18991 12744 16277 18626 14246 13561 20125 13139 18989 8960 13360 21803 19927 10847 13669
15736 18588 13644 13555 19827 23173 23737 25315 21666 13981 13150 14223 10335 12769 15748 18204 21685 18880 11814 12699 13898 6694 11833 11857 7611 13259
14736 22866 22838 15102 25524 23251 12067 12362 9337 13226 14149 16266 10166 9888 16931 26096 15878 20712 10846 9370 16203 17924 22390 27189 14361 10779
14608 9947 16376 12324 30869 22670 15176 20000 20338 14614 13055 15882 12867 12685 21343 17915 25590 19905 6792 15687 8316 11680 26218 29104 9818 11498
13381 22230 11654 11302 21495 10174 29369 12746 20123 13956 16184 15496 8307 18128 13475 16676 19513 20764 4376 15356 13394 15107 13345 24581 15736 10673
14019 18245 20995 17271 19852 18100 20879 26409 3045 14629 12408 15514 14738 6927 15868 24867 24143 26151 15407 13599 1261 18401 22563 16627 12570 4097
22829 24118 9987 9242 7971 17502 13528 14214 1667 12781 18996 13791 8147 14354 13171 11559 16440 18375 13781 7130 25420 16569 21640 7592 14965 7707
13472 22902 2786 13369 23495 28420 18100 19616 1343 15397 16137 15031 13455 15055 18610 15430 14060 20628 15085 20448 12004 13253 16059 17386 10735 6574
17846 26814 8799 11593 27313 18665 14862 19332 0 13016 11110 12516 8502 14895 21537 25195 19316 18125 28430 14626 14998 12206 16343 21410 12389 16137
21667 24309 14823 18574 28486 20469 14028 3909 22340 14500 10086 12325 13186 15688 17294 26372 28862 20661 6369 20731 4130 21780 19877 30487 9930 11611
17982 22571 3885 18352 2612 14132 21704 22102 15300 17245 9612 14424 11081 13625 17505 19194 23856 6083 18525 15152 18956 8919 15836 26663 13374 7518
9886 11975 11263 13336 2859 14083 17022 29659 406 16106 10835 14415 15598 14186 18784 22022 22179 15666 7086 15893 7288 15863 24683 19892 14098 9248
17419 16576 15486 13118 30757 20873 22052 20401 15813 13839 13613 11906 10565 12098 20701 17176 21843 13412 14356 19067 13715 20174 18364 20236 12282 5160
17649 16843 10158 15688 422 22200 12606 12578 15997 15703 19009 22203 10515 11090 17592 22282 17207 5547 9229 17757 10844 9948 19796 12253 15783 8379
21831 12574 15134 12584 22363 24734 20147 22373 19924 16640 14938 12627 11825 12440 16373 19596 30247 21538 16362 9406 6213 10865 13367 20670 9916 7052
10662 22391 12575 10122 15367 18400 29521 10720 6293 17059 11011 13572 15745 11927 15566 21464 16965 25226 21981 15259 8841 11641 17144 26459 8942 19524
11451 11699 16217 16686 20436 20027 22889 21581 3084 14582 14722 15356 9246 12462 17439 15843 16360 24939 17072 9047 14462 14733 24488 15746 10794 7562
18154 16809 15950 14794 18471 15810 23000 6342 4175 10113 16441 18772 15590 13773 19768 20363 8301 15997 19237 17213 23106 9002 13993 22746 12851 3274
20990 18279 16005 13931 11307 10710 28009 20625 6321 13624 17663 17744 5274 15570 18531 14773 16405 18278 14890 19022 15223 19612 22807 11752 12156 15293
13157 17433 12634 11835 21653 22690 23137 19091 6004 14866 17781 16430 10048 16793 17108 19588 30432 12851 10035 16297 16995 18673 18783 25750 13722 5452
13953 21306 14841 18253 27045 29877 20144 15872 6764 13106 14910 9809 13896 14041 20018 16601 17032 19848 0 14169 18603 15758 17817 6603 8645 9449
11809 27696 17890 20703 17187 20230 12564 15153 21913 15719 14492 9987 12102 13800 16326 19529 26545 15484 13905 14503 17724 19696 26335 21292 13950 9510
11175 23599 20748 12982 5063 15808 28249 13407 9877 16377 14175 14809 10312 16565 19248 14835 17273 23167 14998 17764 13463 16671 22182 23812 13485 15405
24729 26654 17011 10941 15913 21462 21824 23751 7187 14182 13744 15030 14819 12631 19657 25888 16679 8356 20874 14865 10712 8889 19938 27075 12857 11077
17654 22388 16906 13049 28420 18342 14801 2904 16661 12084 15449 16028 12570 7453 17232 11474 8041 6615 16940 7715 6991 17947 17059 20610 10971 8289
11666 13461 11513 16753 14334 19874 25055 9105 8211 12562 12391 11641 9682 14827 18944 11889 21012 14688 4918 8101 12919 12185 17755 19308 9790 11020
10484 18270 18554 15328 11232 25689 26358 14786 14754 17505 13648 5380 8381 17843 21704 23242 17679 35026 16749 11612 17090 18915 15052 9759 15524 16302
16055 19969 11405 11678 16489 18727 17088 10615 3778 12503 17047 10216 11990 9122 21836 14611 20405 23293 14165 15725 912 18269 14502 29039 12562 14400
13549 29373 15805 18835 24558 24879 15806 20793 8062 14640 11343 11767 13277 16156 21406 17384 19026 15223 20945 17424 426 12259 19090 28428 13507 7080
15864 12339 18642 16839 26772 19490 22744 24864 14367 13202 13499 15455 11842 17032 19703 17653 18201 18284 12668 23954 14339 20205 22776 8109 20009 4363
14685 6995 17854 13257 20495 27212 19062 10168 9479 13103 12194 11965 11273 13944 16989 21603 17522 21287 9721 19901 17003 12533 21922 13983 9926 9175
18820 14954 12247 16385 0 11235 13025 33829 7177 11281 16477 9974 14463 9468 18482 21439 16023 31680 14639 12754 16186 11350 17350 14848 9846 6667
16989 28074 10963 13131 12243 16893 16906 16825 8158 18242 15255 17892 12901 10089 16709 17445 22650 14609 23472 16902 16047 20600 25922 25176 2443 1910
23899 20969 18700 12620 14784 18423 24446 13184 5992 14279 11514 13360 16379 16426 15980 11841 9162 24816 13049 13126 15951 15186 11022 29204 9646 4170
19511 18743 10864 12959 15891 11616 12516 14929 3937 13577 13335 12762 10143 14599 22342 23854 30160 17960 12025 19091 14211 7291 14029 6386 13085 16133
8841 17146 19750 10811 21597 25585 13015 21204 13287 13211 13943 10480 15935 13958 15170 24232 16420 29927 5885 17705 10186 13386 18447 26919 15078 13613
13200 19310 13703 10383 13144 18506 19555 6144 14199 14165 12454 20791 14116 12195 23929 22016 15386 22615 14911 16187 18887 5395 16506 32265 15271 11049
15170 20711 15162 9792 15471 21908 15544 22491 7080 14263 12810 9654 8353 15523 20409 22336 12273 26688 16377 11903 11882 12437 20545 23997 14054 9983
10310 16566 8418 15129 14068 25361 16019 14023 3463 13901 14252 17229 14115 14798 22617 16745 22637 25945 11859 21110 9540 17806 17669 29143 15511 16117
17932 15290 14201 12184 13859 19755 11692 23471 6901 14869 12775 20814 10845 16655 19853 9815 28412 21475 17081 4792 8601 13113 17027 26617 10379 8944
21412 22475 5146 13959 26857 19302 17209 6709 15111 14160 15688 10998 10569 15575 15099 21381 12605 7184 9494 11937 14211 19526 19120 16325 16100 5792
17871 18159 5854 8358 7351 20048 22386 14465 10243 14225 13935 19268 8281 19254 20986 22584 20075 6884 13605 9424 13945 14441 23155 14437 14629 19271
16000 18532 20506 15335 17787 20810 16692 14307 12127 11912 15628 19535 10273 10312 15604 19958 15191 18753 12218 19045 18706 11753 19473 23004 10341 8278
17765 15253 11139 12606 30028 18728 23861 19318 9863 16922 12380 12946 13230 16773 23139 15740 10913 33509 24400 11987 0 11849 20304 9662 11620 14451
18819 23323 13233 14829 11366 27189 33699 13970 15814 15037 10803 9799 6677 13556 21418 15369 6862 20246 13501 12178 5824 20606 12958 18628 11514 20042
17466 20814 13034 17233 12996 20965 21373 39244 5528 17886 11342 11286 10960 15472 14958 17835 16534 18618 12449 17343 16680 18947 11703 17610 8797 13548
21218 18608 9246 14364 19183 19248 13339 16357 6498 17714 14766 17328 16440 14900 15526 19058 17818 22732 14279 21460 12906 21016 25292 18053 15517 18387
12344 23091 24321 9908 26324 25614 23344 23235 20736 12844 17424 9520 10017 11749 20848 15966 21129 12178 13300 11538 5757 9265 25492 24072 7224 12660
16862 21628 12400 12151 22690 26852 15417 12404 26281 15308 20062 14334 15798 13269 20436 21014 24658 18660 14531 19503 5116 19188 16773 23343 12795 8513
18449 14078 11635 13500 5916 22778 18974 2265 8767 16852 13355 18788 18592 16304 18316 25163 22897 23384 21541 21894 16330 8768 17342 14465 14485 16812
12922 22899 11073 13937 27536 18886 26081 8237 18254 19416 15033 8304 8245 15932 17738 21546 17969 15814 17631 15719 9558 13625 16142 10635 11316 7021
18201 25161 11704 11205 5579 22835 6570 21083 3083 15305 12857 15428 11980 10028 17454 19795 21428 9234 12057 12564 11662 12341 24166 12371 11786 11615
18387 16360 15402 16079 12377 15472 27491 21881 13834 21255 6044 13481 17488 11479 23268 20952 4244 24336 17173 20860 7011 24826 21301 21394 8145 8482
13173 32054 7424 18280 11930 10706 17868 20834 12429 18110 13686 14627 14976 15227 12496 20783 18670 15946 14252 13124 15882 15795 26595 22959 14433 9929
19174 13679 13405 11968 14595 13776 20911 23149 22884 10654 13544 19313 11874 11400 16506 21298 12304 13847 9861 18228 6262 12935 22490 18143 13517 9741
16210 19132 10714 11795 26279 20966 18303 11802 385 13683 15056 13682 6637 11591 23176 17166 11491 12883 11590 11626 9873 13642 16875 23961 6679 8966
15459 20417 13980 15690 7578 21554 19522 17214 8117 10955 13098 16044 10387 15356 18349 21727 16349 15932 6129 12649 12408 16434 21564 26046 17322 20673
16088 20136 15482 11305 15722 23108 11703 12687 4398 15338 13000 14720 14245 10246 16813 20468 23024 14259 22343 15954 9794 11535 20730 18282 14013 13253
8278 18512 15098 13216 32868 16260 15750 7256 6921 14383 17491 15788 12022 12228 23970 19549 23207 23729 12303 14699 1509 15386 17284 27846 13003 6668
20810 21296 9918 15125 28173 18961 14562 14573 8711 15280 14097 12566 8905 6753 18524 15580 14223 13985 14751 8200 7606 13232 13158 27649 12357 19239
20977 16110 12963 16640 28460 13951 16324 8067 7858 15854 16373 11944 11994 12576 17104 27861 14207 14001 7628 15030 14888 13432 21830 18371 8865 7020
15831 22170 8613 19814 3143 15307 14022 17989 0 13298 15191 6799 17238 14528 16934 20202 11007 19340 9929 10359 17225 15658 24983 19993 15571 15978
15275 10420 17329 13169 12368 25196 19076 32296 0 12307 8094 15145 13153 12006 19591 22410 10138 20954 6811 11695 8414 12430 21162 31149 10154 14338
16240 19825 14667 12743 22340 16010 29542 9495 11410 15957 13472 18439 10713 11507 15558 19201 20650 27011 16967 14794 15784 12033 17935 23784 12147 10493
15543 23893 13174 11144 12698 15959 22432 10867 5572 11598 13096 15216 10611 15758 17057 20263 27250 29158 5505 11071 7231 15628 17128 27078 11591 15528
7242 22984 22498 19058 14586 23345 28726 12915 6325 13513 16007 11192 11823 14636 19976 16421 20605 19778 15542 13580 13184 25837 16773 166 8132 3537
11834 21006 359 15547 14055 23379 25428 32671 4089 14357 12395 8413 14717 13049 16994 18962 11534 20866 18734 16997 8343 13590 19300 31282 10423 14882
14182 26968 22285 11937 3994 10074 20543 19661 18154 18752 15863 12112 13266 14720 18985 14868 12339 25863 12137 16703 7046 7740 23138 23159 7950 1253
17009 16276 21184 16001 28611 18130 22355 13604 2579 13054 12736 15630 9564 13741 19160 21810 13767 32268 11653 16552 755 6393 21393 30314 10270 20649
12843 21883 16906 13306 12356 15206 13331 29476 966 15337 10356 10800 12464 9822 23717 26542 10405 32562 26137 16818 9074 7871 11215 15714 9818 17280
10917 14503 10597 14840 34508 26304 17336 25336 7603 10898 16548 17941 11135 11106 12788 17597 13526 20508 2691 4325 4685 10475 20677 18177 7770 3553
20871 13449 12167 18033 16467 23345 26434 3572 11917 12579 15098 13883 18685 14480 24248 22879 16461 11301 11306 7909 11911 7050 17432 21644 11324 13623
16057 21768 14249 10631 18898 14719 20169 30631 5863 15389 8751 11329 8130 15264 19539 24192 25529 15489 20204 21498 16650 16304 16070 10059 7967 13407
13795 19416 15053 14759 157 22973 27190 13218 17291 14221 13511 13018 8477 13900 20479 27004 13097 14925 14127 18207 7066 11921 14994 20242 10694 10125
18105 22600 12413 10467 28499 20308 30139 21608 1509 15712 15048 14181 17090 12844 23028 22919 14781 22503 21695 9464 2927 14277 17696 14196 12976 6012
16812 19223 7392 12172 21958 17142 19547 24321 11171 16426 13015 20518 13357 6347 18703 19133 17942 12113 7615 5598 20441 15096 21734 5215 14326 8334
14373 20964 7260 13837 24114 26787 24685 23241 14046 16203 18289 16583 15869 15265 18323 15473 23921 19518 14652 19483 12757 15035 17629 16144 15530 9957
21172 13416 12942 18322 19324 20295 18100 4767 21077 16121 10866 16444 7195 10554 19492 13067 16969 17865 18507 18541 12979 12388 15654 29182 13447 7685
11460 24769 12801 15889 22568 22567 24750 21678 11779 14012 8679 8433 9524 12389 18493 19557 12213 32560 10900 16920 11061 19359 16896 18844 8659 4737
16868 17868 8228 13167 14356 20336 17827 2203 11421 14802 13399 18010 11177 11409 16196 18927 28304 24842 8571 8889 11066 23508 18653 20151 14182 8418
16469 19999 9001 12086 7207 28311 14873 35187 14478 15240 10508 17516 17460 9209 17724 16300 21939 15090 17094 7695 16847 16469 16188 11873 13201 9125
18028 20233 10692 13249 18230 9750 28713 17555 8349 16173 15424 11988 11118 9961 24796 20335 18297 23769 10822 17211 7727 14663 17695 15018 12554 8883
10925 22358 12709 10840 0 26858 15020 15712 11068 11876 14277 11913 12818 14468 13025 17783 22139 20870 4229 15737 24021 16267 10123 20488 11844 14499
9600 17755 15985 14655 14752 27291 21718 23129 16011 14211 14186 16010 13548 7104 20852 22410 16077 25357 10056 19037 10057 11221 18445 24490 15583 10500
12216 19210 13112 14696 28373 23691 24918 26750 3896 9055 17085 21474 9906 10888 17692 20104 22728 31780 11236 17649 652 26654 25261 19756 11601 14276
20223 21396 24474 13928 33524 21223 23874 10390 28228 18012 10713 10088 10845 8451 20619 20491 8270 20744 8271 13654 2542 11978 14983 19893 9800 11420
22584 24396 16022 15389 12856 19368 12714 10453 18215 12709 16667 13155 13933 12871 20920 14561 17955 17306 10681 14060 11248 19751 22192 6280 12737 15437
24003 12391 13518 12917 26681 19077 23551 7407 9715 13077 10802 8612 13005 14820 18481 24596 12724 12231 16555 17602 11099 19547 18821 15391 8212 12661
19164 26257 12762 13818 19200 23080 25451 24103 3823 13622 16013 11092 12185 11702 14729 17559 23448 13832 13690 19086 11224 5380 26075 26318 14216 6782
18960 13637 13445 12429 18048 21243 14728 24371 7417 12397 15783 14481 12336 12923 21144 25014 21118 16082 10486 16640 10172 13426 15537 24450 12911 8725
15071 20880 14408 13659 33268 18739 19119 0 28006 11881 15057 16027 12529 17842 20360 21122 6688 22023 13214 19366 15442 7613 14196 17716 14807 9459
17299 16905 17928 11056 30672 17498 13329 14396 2402 11417 16336 15097 7575 19076 16866 20546 16224 12295 16897 18353 13977 8651 21863 13971 10082 12258
14508 16439 18316 12928 27715 13077 19298 16264 107 11955 14718 11093 14827 10182 18574 19135 14759 22137 14620 8764 18889 12107 20859 11684 13717 11562
20673 10253 13250 13081 28061 18219 26471 20701 13416 12967 17329 17972 4812 17809 20870 15125 25034 33749 15128 13144 9524 7138 20044 23914 11747 15203
22179 20762 14651 11236 14352 11307 19877 22158 22139 16673 14482 10913 9931 12515 19827 20642 19964 16003 9912 13574 14053 17611 20962 16656 11199 8780
13590 14991 8157 12221 25045 20250 10014 919 10101 13857 15293 12188 14007 14818 19852 11968 18989 21889 9255 13220 20263 15210 20041 19711 15169 19378
19313 21108 17929 11600 14622 22725 22839 19838 14187 16912 11329 15324 11912 15517 22644 23306 8809 31513 18850 16102 7583 14292 10818 19963 11278 4408
14707 23821 4281 15700 20750 20300 24701 1016 11517 14187 13726 13121 11970 15479 16605 22915 8479 20719 7064 19339 25451 14599 17097 8243 4457 5919
15652 17845 5420 13815 9985 18357 11536 17694 23452 10435 12135 13404 14174 11224 20310 19740 9301 13470 11531 18867 0 23677 25942 17565 12280 17161
21310 19148 19199 13750 22369 24648 15448 18342 8606 14097 11691 15999 12820 15685 20772 19448 15405 24763 14592 12472 9392 7265 12404 13238 15255 21001
11799 13483 9758 17045 23322 12903 22802 20326 20512 11523 14784 7329 12143 7694 23688 14591 25204 6286 17964 12425 13735 15444 21010 28575 14083 3753
17989 17909 11155 13190 7448 19819 26566 30213 10141 16620 16214 16060 12606 16105 17322 18614 24568 34907 19530 17253 10987 8754 18577 35020 11032 6052
17280 20398 9863 13868 17285 21196 13802 19167 15086 15688 11449 8958 11068 10478 16804 18022 22505 22799 19835 16097 8600 17331 24766 25412 15868 2324
15510 15513 7123 15686 25255 22314 19345 5521 13232 14027 13538 9447 19079 19006 24239 20843 20359 26649 21422 11578 4417 18524 15483 17395 12449 10540
15350 11004 12805 12682 11821 18090 17627 19561 9870 13596 12144 20125 5904 15896 21528 20155 5303 26866 12231 14928 15777 10284 20022 23292 9616 5794
11865 20559 12573 15106 12540 12769 25352 29889 10834 11445 10902 15858 11027 11664 18390 21642 24848 18695 15403 13814 3904 22553 10378 22144 8977 9522
18316 16035 19060 16983 35027 10198 16153 9847 26693 14810 15359 8491 14415 9746 21925 23745 20048 14251 15259 18970 11985 20505 22221 21653 13010 13007
19250 16833 14268 14159 14186 22659 14403 21816 6840 14174 19328 15731 16166 11024 19490 15184 26763 30212 9434 21015 12852 17863 14827 10495 9187 10497
12075 22219 18611 10969 5589 23014 29613 22046 22276 17127 13174 12336 9379 8287 20361 28505 24238 10248 15695 15820 16428 19855 23227 30538 12189 15179
19965 18632 11134 16995 26109 24340 17422 20708 14755 13422 14325 16544 8561 15775 23645 23561 7848 13518 11614 9498 11975 15393 22805 27498 15294 17357
15892 16706 16023 14546 2656 19068 11954 23334 15790 12154 10892 9672 6899 6197 21618 14938 30270 30510 11401 17794 12013 16332 17888 13557 14102 12541
15689 21516 22674 15865 24564 19996 16607 21728 6105 13720 12802 13583 7413 7289 21638 16159 18923 25326 21995 11062 21869 13196 20041 23086 9334 15023
22530 20279 13357 12932 19069 20830 20714 26142 6637 15806 10506 9344 18279 11018 21674 17186 12587 20682 5186 20931 10412 14887 22082 26226 14330 9961
12781 15881 6802 16412 25988 22334 16904 5617 4376 14724 12805 16739 11474 18035 23854 14756 10863 22681 7119 18425 7580 17931 25487 23827 12548 1615
19588 23703 6158 12329 13819 11326 8069 22461 765 12386 18454 12511 5873 15368 17922 20277 19438 20064 17071 13679 8875 12543 21730 15883 14029 1771
17776 12819 20735 14015 10843 17945 3045 26259 11054 13492 12109 15228 11677 11951 16685 15804 9639 30632 10179 20003 17364 10745 23964 17854 7678 8499
17208 12714 23838 11664 34047 15742 13641 14011 3022 14959 16251 15844 12443 11490 16465 19696 21249 20729 12065 8248 10850 17692 14787 24276 10998 10917
15066 13191 20697 12633 0 15994 13966 12091 10028 14077 18653 17400 10433 14574 22340 12317 22268 12817 14508 13193 19111 13393 17741 20182 12833 10370
16202 16700 21472 14357 18922 18953 33037 11644 30219 13824 14111 16987 11039 12584 21772 18390 12253 23268 10459 16871 11784 15455 16000 22848 15949 10486
14041 20110 9008 12889 15379 18455 26948 12413 11156 18486 14132 15526 8395 15053 21049 21538 19025 21808 1162 12566 20879 15678 21881 28648 15805 12942
22815 22345 11877 15449 26366 13952 19942 18259 13503 12677 16146 14644 13223 11778 16774 14957 18545 29176 17056 8060 14944 17384 27464 23172 13309 15550
15230 21649 8380 10187 24456 16335 16716 7166 6698 16611 9186 17229 12513 13977 13301 14653 18780 12115 15232 21680 1298 12587 18063 28955 13291 10380
15728 11282 17820 13731 15499 15664 17445 14648 6610 14800 15685 21151 12878 13326 14596 19844 28750 27953 18285 16749 28199 12854 16515 16756 7623 15858
20725 23631 14188 16965 27841 28008 18538 12901 6626 15382 14276 9784 14515 9612 20047 22707 6072 18695 14704 14579 21749 16229 20658 11709 15127 15810
18382 17735 13680 15834 15507 12593 20575 7750 16467 18520 15084 8594 6462 11005 21251 21030 12528 9826 13092 11068 8901 15732 14785 28636 12359 15097
19320 15081 10639 13429 10653 19774 17916 4178 7724 14968 19657 6741 11062 11287 23264 21258 19414 13114 14933 21498 10441 14152 22461 10965 11847 15078
13958 6982 764 15944 2180 27625 20896 20470 18265 14492 20151 17493 11006 14608 19042 17255 10139 10011 9699 18727 5767 13515 32073 17906 9918 12136
