365
38 4 56 80 37 28 68 81 69 18 49 70 68 66 48 45 68 9 92 46 52 68 86 41 58 14
15761 27460 16364 20615 13997 20317 8449 10617 19929 23585 19828 11267 16826 23758 15137 19200 20961 10504 17957 19915 13378 14202 19893 20026 336 12279
19771 19197 19820 13935 12933 18789 20548 16985 20456 17612 15353 5564 11360 7888 15454 15023 12719 16121 17652 25801 14196 20018 21415 6477 9108 11550
19446 22315 17383 18623 24283 19493 12279 6982 16048 23778 6320 10879 14157 15549 21061 17140 16255 20081 13510 23794 12441 18523 22837 16147 13475 11672
13253 26933 10816 16679 14322 24527 14194 13076 16451 24686 25595 13673 12342 25347 15156 12867 15030 4882 8229 21026 4501 17270 20199 6722 10794 13032
20390 24518 17443 10202 12516 22015 15575 8717 18805 13919 10429 16218 20225 5006 17619 14955 14741 8712 16524 23284 12761 18088 17220 19918 15800 12826
2745 13018 14698 19433 13001 19535 22327 8681 17747 16753 27554 6001 15040 17453 11551 11497 44415 9845 13063 11865 16349 13580 23976 14537 20747 11498
0 10722 21645 18459 21374 22544 24840 8722 16358 14066 18372 6659 8845 16857 19416 14497 10453 12843 14681 18252 5302 18766 18874 23692 9569 15196
17096 19386 21712 9262 11832 21412 15029 15140 15210 25317 25215 9697 11876 18223 14749 17653 20663 9367 12829 15034 4253 17887 21106 22888 20931 14059
15417 32477 19799 4469 17361 19334 0 12254 14129 15410 13704 24846 13257 20897 19935 17796 21576 14176 18913 10462 8909 15751 22569 25537 4589 8924
15342 34185 20752 10950 18412 21946 1256 11163 19025 5152 25654 11452 10322 14661 20747 13349 26294 13618 15539 11952 4736 19542 22728 18621 7388 10759
13889 8198 19815 11125 12082 23179 16926 8549 13980 14172 15382 8810 13128 18797 23261 11108 18302 11062 11945 9033 4134 16428 22422 17538 5951 15493
4631 28075 16342 10691 13769 18957 13765 7038 15435 20268 4499 16627 10888 23860 15313 13926 12971 14158 7510 17176 13140 16345 19941 20841 11627 13953
5053 12605 16017 13055 20701 22127 13942 9888 19407 21105 18013 14460 12402 17236 14926 11864 37834 7954 18664 22558 21475 21604 12302 27642 0 13267
12758 28976 9843 19682 16939 14409 17350 11953 13145 24560 19377 5982 15521 28223 17762 12950 31530 10364 18466 14571 11655 22150 19848 13023 16236 12605
10224 23621 22096 20236 17745 22482 5048 11358 18330 28430 18882 19063 10057 17913 21244 16419 16901 10098 10889 20966 10128 14306 16419 19718 5949 10217
9557 23771 24369 19027 15980 20302 12262 11515 16933 24933 16198 3514 10699 9901 16616 19107 10321 4436 17724 31923 18913 19031 18227 18475 20702 10072
13847 21355 13838 12804 17548 18974 25227 18100 11461 18136 18914 13271 15708 13709 23998 14752 17788 10695 13211 22731 10960 19151 21310 12038 14990 12945
16059 21123 19972 12920 17339 19381 15131 11570 18238 14832 23923 3053 9830 10774 14401 19747 15409 9519 22092 10715 10447 16302 16226 16503 179 11849
4184 14515 15029 15218 17316 19456 8664 17868 16449 19564 5197 21773 11795 7326 17436 16582 22010 9374 13760 23850 14604 17860 21286 1517 9243 11772
5756 12771 20002 5828 16211 19646 8050 13861 14525 25134 19203 7392 12887 17955 16263 15543 19890 10687 10926 20057 12228 13171 21789 14155 11545 13782
365 16705 15162 13977 16070 23578 14128 14392 16963 21992 9868 7083 17961 20167 16202 19050 20156 12864 17703 15366 7315 16812 18440 20058 3828 13244
15959 33079 23592 16689 15934 23691 18087 12476 16696 19413 17801 5593 12067 22668 11737 16174 16117 16160 16220 14148 15472 19113 20607 18849 15173 9437
3957 26906 24206 15132 18680 21370 8503 10435 16981 16790 20184 21368 9876 17369 17932 12496 19748 8606 22894 14543 10801 18262 19696 20224 12324 13526
11985 25082 22198 12164 21866 21748 16039 12285 16101 28866 16303 9729 8579 25262 13783 12241 23808 7401 14854 18400 14846 16388 18276 16960 16108 10774
8253 21975 21689 15708 13495 21003 26916 8695 18162 23180 19325 0 18282 7886 10436 20903 15321 11273 11823 17355 15012 18288 17804 23686 9021 5887
5073 25151 17244 12078 20287 23853 8622 14336 17746 23884 17844 11242 14121 0 20542 16156 21550 9801 15740 36674 12717 15065 19948 10584 479 12399
9501 29979 16619 5869 14911 18339 19212 10228 20048 18338 1450 12969 17655 0 17705 12517 22104 8450 20490 24216 14237 15109 17086 15048 2353 10270
9570 20450 16904 22343 15183 15934 21851 8831 15624 21294 12864 21236 12397 11998 15055 15318 19059 4967 21260 20676 5754 16174 21335 30143 3691 13427
7738 11343 21552 11865 21691 20984 22480 11137 14073 24215 19240 3002 9412 22153 17809 17909 14153 11622 15813 18920 11853 19667 20043 9768 13686 11722
21079 11262 15156 16021 17674 20684 22383 18306 22274 16983 9638 27383 16384 21195 12811 11592 28615 10899 13379 20403 15543 19328 18709 13468 21972 13858
14864 14572 13846 10745 18355 19404 2506 7799 17767 20883 23032 16044 9214 15501 14099 10368 21615 9842 16329 16761 23810 16917 18980 15165 9668 12129
15989 32028 19576 26182 19258 17914 9680 13926 17143 19572 20700 11436 15261 17478 17970 16356 18073 8187 21922 16768 3007 18012 16144 14677 16099 8340
11024 11807 17406 11379 18742 22222 10997 15625 18365 20827 8322 0 7565 28695 17218 12323 21987 8033 14965 29692 14627 21263 17558 13207 16542 11841
9654 19932 16590 19402 16103 15013 16594 12962 15900 18635 6738 19283 12824 19757 21409 11250 26641 7154 17628 13825 9830 16226 20082 27463 10735 11279
6232 22311 14565 20660 11939 20952 18635 7614 11446 25978 2550 8013 12729 3658 14650 12239 6651 10625 12645 21966 11923 18850 21653 24586 6083 12670
11650 26375 11056 14374 18348 20984 4616 13976 16144 16854 7203 28271 10362 17822 16870 14080 15336 10296 16293 20367 16058 16756 19871 9227 19605 12690
8076 19774 15738 24348 16652 19604 11360 13609 15535 26578 12003 13113 13031 20227 29047 12829 19412 8760 14211 19717 0 15501 25499 14704 0 9092
9782 20450 14406 10181 14687 17178 3346 8014 14807 9083 14803 8678 17411 6509 23768 16075 32075 15596 9643 22803 13169 18883 20260 16233 17135 11731
14924 16385 17168 14159 15428 17080 11973 15399 16458 19908 12519 2283 12400 18128 20541 11260 27363 9967 21283 16809 8728 17728 15999 18530 18699 13529
7867 30455 19503 9128 21448 18294 7086 19098 15238 15432 1733 11444 13718 0 17782 17686 29744 17531 18272 12897 10425 19580 15601 5477 5797 10947
4233 19609 19958 12900 20702 24824 16377 8370 13776 24884 11577 9241 17071 10009 16566 15777 10473 11522 12347 17599 23832 16838 17214 18156 14297 13464
4132 10079 18296 9606 19471 18922 17291 10426 17998 13484 3458 4334 11850 10046 22091 16921 18965 10640 21731 25649 13243 19048 19361 31362 14969 12679
10135 5422 18562 12149 12270 24013 7932 18256 14669 15971 20064 13131 17755 6062 16235 13508 2797 11751 19860 18672 9593 15398 17484 15449 596 14293
18078 34147 14012 19839 20832 21849 13946 13850 15155 18378 13927 13157 14092 21075 19042 14849 37812 9108 13423 18468 24748 20152 18424 23907 21354 9019
5322 12908 16096 11915 15848 22574 13412 17772 18639 19181 10200 16246 13746 8820 14372 15549 14149 10009 15154 16019 17552 17104 18614 12621 13513 12414
21824 25309 23514 10182 15766 19236 21742 21854 18973 26842 17337 12442 18481 16530 16409 12431 34616 8858 15788 13008 24422 19442 25133 19441 16161 10712
6308 14486 17531 1730 19959 22525 32411 14372 18038 18589 21856 14607 14137 27529 19552 15043 21556 10194 13853 16008 4871 19795 19160 16012 18273 9877
4045 29391 21347 23985 12897 17599 15452 10312 14971 19647 10349 18553 18952 27671 18732 12346 23540 11040 20287 23706 12433 18117 20092 17910 2855 10698
15729 7614 19495 15974 11850 17767 10625 15169 14646 18527 7906 20102 11023 40206 26561 19076 34891 11176 12237 16768 16980 15683 20029 19230 17183 17594
9930 29354 16391 8338 15175 20148 20154 16425 17048 16372 10581 17676 18847 21589 17212 11553 18534 11149 14429 17668 6021 20705 16715 13476 15176 11138
21956 16645 19372 15028 18844 19524 4982 5974 16339 23121 11454 19388 19887 16316 22003 17310 13872 15079 13116 17042 23653 17616 18834 19751 0 14582
2879 21430 22725 12630 18367 21300 23471 17587 13113 12894 322 15112 14563 7551 12929 17499 19584 6097 16898 25648 17155 17308 16426 24894 7291 14019
6426 5708 24428 12010 20164 19390 17091 12409 22138 12270 14787 20339 9323 23149 16447 15099 15594 7019 16563 19902 12524 16677 20325 15166 0 5029
7633 14276 18101 18928 14741 19819 10119 17326 16006 28404 20240 5740 14876 21337 11641 9447 38280 11661 14554 21013 8860 23372 20950 17581 9118 9399
10319 13748 19595 9018 15719 18620 9742 13756 13484 23326 16642 2067 13863 24733 20312 13146 26264 6156 20371 19994 3477 17580 20309 16220 9696 7606
13273 1721 19344 11032 18320 18282 16900 13109 20171 18264 6890 16080 17261 14006 14570 10044 13422 10472 16713 22294 33161 17264 16087 5128 3694 8992
19180 13562 21091 20368 22167 17499 6460 8280 16388 20111 12716 10274 9190 19253 11445 10492 8310 12629 18040 10887 15430 16594 16349 18144 0 10760
23265 20895 22274 10900 17858 20674 0 16772 14725 22585 22586 0 13872 17402 21939 19366 26238 7059 17893 24276 13292 15685 18306 9154 16240 9553
8987 6090 26271 14083 15164 22310 19452 18765 14711 21574 19572 1142 9198 18610 13977 9215 6645 7769 22316 18134 6073 15721 18743 11723 21433 10154
9987 13903 14231 20150 19351 17346 16699 9192 16152 20851 14093 24181 10568 3466 20458 15801 25703 6372 23379 23868 13825 20558 19826 18092 14269 12578
6300 26353 20348 16757 18902 20347 10083 18809 16054 24334 0 7808 16437 21402 22844 14352 27853 16826 11137 14897 1812 18397 14168 13429 8818 15419
10801 25847 18366 19636 20362 21004 4838 2361 19094 18848 15156 4129 11292 18372 17734 17889 17392 8732 18284 14244 8134 18397 22361 15346 14685 10796
8814 10722 19342 14505 22417 20956 18575 13420 16608 25089 5047 22954 15181 12640 25923 17047 25153 13992 14951 16892 12303 19280 19938 14809 15596 14402
404 17678 14326 11249 20985 19696 28747 7474 17033 16331 18155 22811 15015 13723 15152 17490 7125 9848 17385 19607 10364 21109 21878 10232 15738 8949
10946 12312 12733 10464 16114 20982 27974 9321 15789 19823 0 11390 16718 9542 20328 14198 31295 9762 18296 18392 22080 17261 20254 21486 8950 10556
3592 15284 22302 18468 14118 19932 10169 18244 17473 19779 16113 18308 14607 9568 18413 9404 14386 11243 15476 29348 12326 15918 15642 30584 1772 11263
17615 26134 7471 18823 21076 13373 9111 5817 12822 31154 9122 17874 13399 18789 21542 17420 8405 6909 16671 13136 12957 16301 17010 14081 26601 10299
8410 20236 21465 18093 18322 21884 4235 18731 12900 19777 29354 4895 14348 11057 17684 18874 25973 9142 13194 14202 15934 19725 18072 14942 15801 9553
4126 23290 20870 10184 17561 18712 9741 11845 18775 21202 8181 15758 12707 14476 23684 13217 23450 10675 12444 18449 6714 19154 18668 18500 7289 7956
15457 26673 27459 8064 18177 18736 5837 18232 15024 16891 21943 20389 16998 31508 17428 11658 6351 12534 15960 10012 22485 18304 20674 18705 11491 10390
15407 22536 18479 20956 14737 23762 13211 10929 15629 22055 12691 4081 7269 15770 23892 17944 11297 8989 9087 20022 8365 16092 18346 15653 10969 10053
9201 11276 19973 14548 21761 18576 11107 13028 17739 19728 13242 26409 9362 16602 14044 19438 26622 12167 17007 23856 17144 17214 12950 20361 7441 11218
10951 20873 20970 7582 14021 21417 15766 18771 17424 21821 13506 2811 17551 18941 15628 16295 28315 7214 18246 22153 11670 17333 18115 11865 10346 11243
15567 14144 24946 15986 18372 22347 15048 13464 19730 14995 14154 10164 13611 9808 19211 15880 31952 9796 20797 14708 10382 16358 20586 11634 15421 9303
9879 21261 22413 15805 19091 17419 7424 11845 15302 18245 8189 18823 11354 1936 17549 13682 21820 3799 21742 9213 11932 17806 18422 17307 19149 8855
18786 10421 18847 5385 13719 17922 9942 13362 17507 21890 10513 14393 13279 5061 19571 14724 15951 5876 18572 17380 13504 18247 27376 23413 19072 9350
14631 20328 17308 18145 19945 15793 17182 12045 15705 17227 18564 8039 13425 19770 18005 9485 14472 18733 20117 26981 9178 21282 19982 3484 16841 13769
13131 23003 17650 11850 21497 19085 16730 9704 11373 13238 14764 1924 14518 7457 20456 15594 20981 6712 18819 17867 8290 14977 21084 16937 4121 9100
21747 13557 15724 23945 19177 17371 2226 15125 11894 7765 11914 18724 9783 18323 15017 13127 18940 11203 21415 20714 6636 15142 24956 14150 22784 13212
10078 8458 15575 20856 16472 17374 10070 18543 17280 21210 13587 2491 17048 17590 13104 12581 26555 10586 13564 24633 8049 21202 17416 6297 15076 13434
10896 33890 13275 20457 18265 25638 4177 15441 18555 6474 11636 15935 19607 3632 18639 18668 5189 7731 18416 34862 15832 19796 18783 25335 2563 12702
12187 19649 18304 15483 14419 18667 14478 16094 17906 15252 22368 28560 14912 20113 17886 15293 33341 13160 24023 19069 11716 18809 17541 19232 16939 13237
1271 18490 19027 10472 19856 21392 16675 12056 17305 26775 7500 18728 19982 24754 24542 11370 17269 14448 19916 19595 19473 17180 17050 29143 7871 10120
14521 10981 20636 7683 18389 17357 13544 13465 19661 12875 8934 4016 16052 14521 16985 17580 24118 7534 15512 19614 0 12841 20488 28330 0 10537
15070 18850 19165 24947 18275 15757 18952 15535 18776 20958 24255 7458 16660 16769 25057 12572 30022 15136 11456 16663 23988 16804 17050 10586 7652 8496
21912 14616 14966 22538 13682 22619 14785 8973 17207 24938 12357 2360 12189 18552 10940 16431 13274 15622 19402 13777 15774 19034 19284 16567 16506 11122
10248 26993 9402 7212 15373 16057 5951 11198 16511 11919 15302 15352 15838 22251 17773 16255 21792 15397 14534 14942 11005 15393 17880 20288 0 10554
19388 19609 11258 11237 18580 19360 18566 15126 16149 14609 3765 11527 14490 17179 19525 12576 35833 8810 18230 20869 15162 17409 24511 7478 10958 12101
6875 11020 13241 15639 17449 22234 27231 13919 17528 17768 15403 19144 16136 22322 12805 14965 19302 10084 15474 19273 18678 19326 20992 12985 20524 13517
20774 22797 17409 12689 18881 20775 12979 9452 13663 30102 19344 17994 12913 18247 17860 19581 28913 10008 16603 10004 4346 17144 18034 21376 12369 8521
20953 14422 23160 11697 15671 19985 0 2851 15579 9511 16550 19602 14685 19775 19076 15200 14215 15676 16913 25531 19032 20828 15280 24519 14842 6854
10359 25107 15639 13083 16440 18217 15523 19028 15628 13726 16280 1693 10302 14631 15216 13306 23465 11037 11734 25398 19580 18086 22567 23402 9336 9234
17735 21397 20779 12140 15934 20901 7297 8643 17469 16957 18683 1551 16221 17029 13918 12489 16516 14183 12780 18662 18177 17050 16293 15251 10977 13545
10306 20965 22980 18107 14799 15654 23317 13930 17225 23668 11844 17624 8166 13204 20956 15443 11151 5910 12628 17762 3556 20215 16914 20710 7568 12703
9817 22372 15900 11532 9339 22810 22499 16219 16472 11143 15401 7882 16190 9505 15035 16501 20719 12413 11908 12929 13589 16860 18885 16875 19908 14251
5991 15943 27585 15232 17468 18018 11222 8430 18058 14159 9276 17002 18150 33605 19808 12925 7799 12454 20757 23496 11919 15161 17866 12308 18625 14834
21366 17981 19345 18487 14903 23101 1316 12077 18686 20522 22294 2977 16768 1644 17557 13572 17555 13628 14869 13132 14332 18733 18718 16673 0 9084
19999 16047 21537 13377 12482 20446 0 11717 18313 17163 6991 23198 10507 3689 12688 14721 15752 13466 18213 19935 10992 19433 18007 12929 8975 5757
0 9175 15935 18883 17074 18274 13515 12920 17404 29974 12453 13453 11336 21330 19037 11045 17338 13080 14337 22526 13279 19225 18147 21217 21476 11067
20766 22720 16533 10541 15505 16238 19800 11278 16226 15556 11236 0 13586 22968 13274 13319 19495 9885 14285 20558 11814 20715 25073 15915 10158 13521
6736 16236 21400 5934 14723 18602 5368 11920 15400 15300 13941 25426 13749 10548 15924 11856 27645 14633 16871 17693 21508 20387 18411 14310 8912 14570
5896 12650 16701 7934 17132 15212 7639 9821 21319 16395 16197 12617 8210 13293 15694 15856 17483 8984 11734 21811 17563 15980 20048 26007 17639 10432
20085 7779 15440 22552 19409 20720 2659 11852 15190 14223 10857 24435 15352 5316 22614 17517 26293 14948 14099 20211 7923 16695 21271 20702 23903 7240
10998 19878 15827 15672 14917 19321 12244 8170 16908 18451 15917 7820 15025 20948 15104 13432 18279 7970 19146 15392 5649 17790 16859 5722 21452 9009
9653 20527 20570 18946 13453 20359 14448 15038 17358 20505 18840 19542 11551 14552 20987 15438 11200 3379 14731 18257 12671 21342 23553 14576 22110 15608
9884 13309 17882 16796 15052 17613 10178 14974 18971 18633 21775 0 11176 11569 18392 15164 17645 6931 18809 20701 8647 15956 17880 8065 11124 9512
10462 24455 20931 10289 17506 20315 17277 16648 19164 18672 13549 17615 19468 20204 21137 16693 25000 12927 18151 22701 10742 21200 17971 14390 14230 7906
15165 14015 13144 25225 18187 16386 0 11924 18130 18407 6142 11663 12689 11569 12564 13868 3358 11890 15291 21162 12185 16940 21901 21031 1102 8894
24272 14915 20644 19916 14689 16517 9920 9344 17773 24049 19326 11568 15642 11474 15579 15555 17027 11641 10113 13523 19829 18751 21109 16621 14656 10088
11824 10100 21586 19095 18907 23934 3824 10230 17075 22602 22515 11115 13783 30733 15254 12772 15016 11846 20459 30154 8904 17966 18474 22079 27999 10876
7805 5550 17883 14935 17377 18359 23585 10471 16804 30560 15274 27110 17132 26093 15138 16464 17293 10013 21767 20146 7706 19034 14429 13209 19493 10514
6478 17222 21792 15055 19153 21044 0 16256 18879 25778 21427 17455 12094 0 19572 12494 19596 10375 14203 24867 16971 17297 20537 18491 10583 8994
3775 12640 15419 8729 19575 19376 6601 15392 14810 19305 12833 15911 12765 19055 22269 17967 15816 11827 13263 20184 10323 17590 18142 7410 9543 8039
13701 15365 16300 12662 19801 19000 5334 15656 14117 23773 12552 1719 16103 8894 18560 14706 15993 11676 16059 15775 24463 14894 19472 19531 9941 11968
7706 15157 24651 7146 16549 21928 4694 9736 18759 20533 11682 16345 11202 12751 16387 18045 15222 10084 19734 26623 3090 19103 19694 14187 18637 12772
14165 31355 20753 17249 12317 24407 15850 10348 20711 18822 12575 17953 15346 19202 8473 11941 21764 12517 16221 23853 6748 15645 19318 15292 3689 13085
18260 17890 19515 24172 13779 22134 13525 10703 13853 16205 23210 0 14888 11991 18201 16028 24006 11354 19560 12143 18744 22131 18643 20755 14305 6673
11804 27179 22044 19891 19479 22041 7050 13260 18422 22452 11362 23716 10145 16772 11739 15280 18114 10303 17862 15678 10687 19628 22921 28347 15119 13551
20637 12676 18594 18116 16268 20969 1279 17840 18382 19316 17857 17768 14412 6235 16243 18611 18180 16850 14971 21648 11416 16219 18501 12680 0 12372
15298 22359 20285 15549 16925 22202 10445 17582 18722 18629 15509 25701 13409 15118 19703 18926 24035 9821 19583 18569 13017 17579 21976 2541 19896 12336
5784 13280 15840 26455 18987 22204 6147 2229 15236 20411 18602 0 14882 13411 13351 17302 24311 10521 18816 21687 11032 16698 18921 24922 19584 12413
7241 23783 23549 16056 15087 21035 21564 15788 15696 21124 9931 17181 17008 28248 19265 13160 13076 5090 14525 19984 10497 16699 21849 18051 15148 13142
10457 13160 17210 7806 15703 18617 12187 10386 18403 19304 12284 2256 14414 15756 20397 13136 20843 6485 21475 7553 10174 16576 16121 17795 18577 12196
7261 13890 23460 7633 20169 21852 26418 8519 21207 22638 11553 22272 18190 4331 19378 13758 16388 6467 15388 14909 7828 20307 16890 17215 3860 10379
12164 18323 12826 20830 18904 18243 2812 9899 18811 17564 18302 1659 15856 13003 25593 12496 29278 10891 15114 11081 10908 18721 17785 13133 20394 12213
20855 29858 14326 4199 20511 20967 9908 20009 15215 19901 11389 11522 14829 18727 14696 15700 22136 14250 16897 14542 8676 16018 14158 15111 5944 12353
12740 17474 19485 10632 15283 20317 7274 17132 16379 24598 22732 5277 15876 24115 14579 17833 41507 2598 23241 16365 0 15139 18492 28401 0 13725
10037 10902 24768 12907 16092 20387 190 13224 16938 10047 22280 15973 7498 14737 17173 9651 29849 8927 16568 18625 7604 16490 21437 20872 9030 9899
6172 32382 29536 16838 15811 19682 15868 12633 18143 22742 6015 11179 19129 10897 24963 13674 23369 14200 15678 23210 5345 17880 21443 12569 22009 9376
13588 3921 11914 15136 12813 20542 0 19079 15020 16599 12112 12649 11828 563 12839 12673 12838 11718 15930 20139 15948 17774 21594 18722 8704 14989
10590 2269 16259 19642 13869 21181 7455 7126 18888 33603 2954 11341 13866 5273 20194 11084 15632 8170 13003 13794 23178 19631 18342 17169 7695 12652
5888 22137 21941 26367 18886 25607 8411 15973 19443 31965 9055 12601 10663 8502 17862 14050 15413 5480 19810 16994 5582 18431 20713 17624 15864 10980
9655 24946 15547 5273 17889 22783 4091 6923 14006 23455 17405 0 18456 2081 19178 21651 13715 10099 11603 20240 8332 11911 17855 26754 20018 13877
12042 31025 16602 16726 16879 16635 8686 11571 18139 13731 13234 14822 17755 13218 27540 14497 12518 17984 21645 16664 15472 16454 18458 13449 15078 10950
14927 27935 10991 8607 16821 16873 17036 16911 17366 12794 6251 6598 13867 18402 13929 12407 20018 16149 10155 17679 7236 15985 20919 21700 15120 9885
1809 10220 17210 12174 21358 20327 26253 15184 18570 27396 15314 6124 17052 19988 18946 9527 16629 10442 11968 18846 15136 17341 18231 10427 0 15233
17867 21961 14932 17263 15585 20892 0 9634 16675 16362 1285 16198 13738 7814 20321 13092 23909 11543 15536 14226 10195 19369 24385 16308 7056 13967
9945 27237 16016 9762 14791 18684 22928 16687 14810 20168 27071 9841 13411 12429 18385 17146 16395 9894 17248 20426 1291 21062 24728 19239 31223 10751
6181 11805 18540 14552 21392 19436 18344 15968 16535 22651 16426 13621 13897 28921 12727 17541 13756 14514 12868 16690 3995 19980 20536 14135 17351 7737
16728 20198 25702 10512 15177 18657 12946 10710 19802 16514 2765 14428 9992 32532 28289 16450 27628 6962 17414 23112 7426 17178 20636 3181 14228 10845
4611 20511 20354 10571 15912 19190 14372 16245 17488 26106 12946 4458 15433 4177 21907 16513 13909 4994 12336 16464 25125 20962 21848 10715 21362 13353
8228 19012 20307 17073 15184 19558 2563 17420 16151 13818 10640 15097 13666 28243 19238 15443 25056 8182 18737 13959 10469 17000 23378 21024 16067 8981
17805 11759 20654 13524 17107 12289 11972 9470 18231 21461 8893 9175 10329 18128 16760 15747 15486 13162 17043 16392 19238 19509 24024 11743 8579 14710
18199 25422 15556 17108 15050 20453 6187 4249 14206 13429 17316 3262 21001 21519 15438 16196 18542 7951 16770 25251 3175 18352 16547 21042 19523 12637
13124 7054 21718 13063 12422 22822 6534 11423 12051 9044 26673 20981 16623 16605 17290 16242 27623 7920 19553 11946 13261 18048 21389 16728 119 8837
17473 26738 15600 16072 13299 15075 16422 12708 13242 18900 18329 1668 9278 25372 19725 15976 26130 12821 17187 16352 20707 17196 19643 21562 2450 10940
5411 30536 17415 18994 17779 20912 20710 13602 15553 17329 14340 3613 17766 14899 19577 11934 26456 7992 18565 25663 7918 18388 23001 16009 22442 10551
8532 14299 13183 17782 13740 19674 23303 16651 17552 16746 16846 7203 12830 21828 21789 18294 7629 9565 13028 18542 6904 15794 19924 4421 1210 13430
16961 27992 14989 15433 18106 19126 0 12189 15172 16947 17442 14830 13172 23152 20630 17563 23156 10821 18888 25628 15122 17498 17431 17121 6475 9168
7582 20020 20819 13606 15273 21904 18982 17473 20635 19711 22599 10114 7572 0 20692 20930 20255 7381 14599 13222 13896 18685 16687 0 16958 12789
10351 23870 16679 19916 18493 18485 5062 14671 19651 22298 0 26335 13502 5995 14648 12670 24857 11510 13597 18818 14956 20081 20984 6139 5489 12720
13821 0 17275 24213 20264 19779 14579 7694 15535 28781 568 14832 20054 18294 23503 14375 12041 11242 11366 22975 16518 18098 17561 15760 17907 9659
15541 13616 14183 16547 15870 24292 19031 11749 15981 12531 7627 8967 11926 20393 17072 11035 20139 8775 11136 25559 7082 20367 16237 13745 9125 7361
7311 21420 20587 8638 16580 21799 16493 12974 12967 20644 16865 7747 10655 13795 24248 13135 22677 14120 21983 18142 14335 18771 23995 16652 7204 14127
15569 29819 19427 13792 17852 19152 20124 15025 13378 19439 14603 7956 14667 9833 17483 15775 12422 6941 15436 21593 18639 16286 23774 24712 15249 11729
12190 17961 19829 4584 13540 18905 10659 10666 17795 22396 15520 10763 14791 15970 15300 17758 16105 11397 18169 27769 16668 15301 15598 16980 8012 11641
13368 0 17372 23094 14283 20347 9021 12904 15472 11587 10573 24126 9117 12147 20000 16774 11467 12387 14066 19843 23504 19234 18558 15368 8551 10920
9895 12382 17293 11996 14092 20179 0 12451 17665 13795 15438 13943 12811 21430 20408 15534 23130 10894 12591 15645 9055 16366 19015 15870 0 12022
8459 14231 23940 11077 21217 25501 5087 9984 18271 14324 21781 18132 12997 22857 6832 13889 13724 8635 14543 20702 14938 17801 17682 23448 5379 15112
11265 8654 13599 14880 18607 20671 16813 10448 19157 14251 16478 6973 9108 11659 14248 15574 25326 17524 11340 17954 8449 16440 17154 29999 6865 14320
15122 9358 18364 16062 15538 20711 8256 10946 16612 19004 20157 5069 15940 7176 13261 16896 18768 8223 13289 31335 9081 21125 18993 17430 21588 6630
6978 12759 24215 18424 14536 17128 4360 13154 18128 15968 22657 27163 13373 27090 14268 16112 21001 9934 14184 19749 16464 14985 16336 18372 13416 8277
6661 12026 10879 9564 22313 19583 20684 12980 19141 13342 19043 0 11541 0 23382 15430 32224 12706 9351 20060 4393 19080 20394 16860 953 12700
12223 27410 17048 19362 12678 22843 0 11109 17670 17580 13054 21517 11305 11392 14783 15520 26211 13297 20394 22673 8973 20671 19528 10409 24941 13685
5191 9198 16404 10680 13386 16376 7831 12507 12944 19930 16197 20566 14431 983 14619 14107 33954 15594 14349 28667 7075 20568 18912 12430 9960 12672
13295 21043 16135 19151 14855 22790 19848 14610 15167 16967 25670 15687 14913 15417 14995 19870 20557 12911 12748 13316 16757 18608 18105 8752 16153 8551
18102 10719 18881 16640 18392 19036 18113 10579 19364 23284 18510 11967 15938 24220 16922 12551 15192 12630 16906 15462 21982 14132 19783 21492 4258 11202
12230 17079 28056 20211 14497 23377 7425 11108 16131 22655 5260 19094 16338 6039 17028 13400 29835 16506 12195 13221 6147 16017 20289 10477 16124 10159
12934 20071 12560 13375 17643 22376 8636 12732 15869 17326 8174 18721 13676 28868 20393 19250 14963 14406 15936 17044 25457 19008 18254 22228 9891 15829
20102 16907 15751 10093 17481 19843 11329 8753 21122 13183 18530 4522 13087 16503 22704 14331 25176 12965 17560 20479 16194 15520 19461 11013 13483 11579
10825 12914 10413 17017 14526 19408 20280 15279 17672 26046 13900 10914 17275 16608 13459 15688 32608 8466 25308 15620 2158 18468 16410 11441 7689 11257
5063 25989 20265 15464 22347 18311 4001 9437 18072 11566 17674 26356 18397 28374 11094 15518 13880 2899 16240 20150 10281 15960 17330 21423 17973 13216
9114 19355 18911 11953 15608 20994 27160 9488 16352 13682 13619 9542 20998 1571 18000 13192 36031 13487 18719 16695 13553 18222 21434 16187 18404 7835
4364 16002 21534 21475 18646 20441 0 14537 14444 14089 13190 0 16463 15575 16043 17231 25509 2257 19199 24786 8755 18978 17596 11505 9883 11131
9601 22012 10679 18137 16586 17700 21413 10492 17100 20477 18266 6743 17112 27099 26750 17586 15140 12869 19931 8221 18727 17706 21359 4783 9464 13155
11262 30128 20325 17495 12275 18128 3210 17802 15946 11483 17578 15717 15603 17251 15256 11788 22495 10449 15384 22000 11188 17952 15109 16538 17449 11700
6179 30414 25182 11130 16567 18625 17862 13734 14999 32510 19882 28450 12273 19802 15854 13394 33632 10207 15815 17729 14817 17355 22445 16665 12798 15035
20648 7433 19714 11132 14826 13686 5288 10893 18619 23760 19798 9648 16108 16643 15886 13735 10219 10412 11511 25064 18197 15762 21017 15400 7870 7211
20526 17516 21524 15326 12122 22852 11478 10481 14583 26086 14490 5474 14624 13970 18968 9940 24320 10846 8873 26169 17779 15395 20282 18755 9787 10599
2939 20363 19839 21545 17550 15972 0 12145 16505 22544 18843 13986 16855 11070 16740 11080 23683 20162 20986 14835 0 17749 17018 17172 8924 9993
13386 10382 12212 5581 18232 23720 5987 16596 17770 12090 12535 20107 15783 25955 21945 15801 32099 9125 13308 23590 13405 16718 18139 10183 13905 15821
15728 0 19759 11392 19993 16955 2130 11872 17224 19828 19469 13060 16514 9822 12875 17409 18304 8486 14727 17477 18915 18646 19492 15104 5140 7420
15520 18637 23574 7045 17397 22453 25732 13185 16462 17789 17001 21055 17829 22247 15326 13713 18372 11257 11645 24121 19753 16876 14690 15137 17632 11796
7997 11103 24449 14843 18595 18079 12917 13266 15415 23690 11181 8618 18736 19950 18735 14153 11574 15869 15576 20162 5181 17252 18428 3899 16334 13677
13859 25862 10577 20429 16012 23696 26614 13054 15000 17771 19073 1749 15459 15327 12803 11281 23488 10826 9895 18695 15056 21733 23440 16003 0 11239
4169 17612 18067 15599 16855 19356 18507 9843 11118 6141 20763 22309 10855 9561 22971 14643 12771 8445 11079 19484 1014 17961 22189 14832 8459 7303
20025 12324 15738 8159 18442 19775 9418 14376 16235 24985 14917 20395 13587 8876 17278 13980 24205 9095 9826 24438 22229 17608 22363 11327 8430 12256
16323 23800 18304 16793 14894 22968 14381 13299 18198 19273 15211 12708 11031 8704 16143 14136 3739 7508 21983 19066 11916 15751 22326 19702 6693 12666
10753 13881 14961 13123 16620 24152 9102 6927 16834 19843 16697 10773 8091 15977 13459 16730 24896 10504 16551 14395 13195 18625 16150 14289 16362 10683
13376 15959 13733 2723 19627 16899 15490 8407 14079 23246 9372 30270 15421 11273 15775 17046 38190 11930 15359 10727 2163 15853 20923 23956 8674 14334
9121 28114 18658 11969 20137 22056 10722 16544 17006 23986 11237 6017 12386 7591 14906 13204 10245 14116 18835 21207 11814 14154 23339 18106 5067 13131
12178 8699 20006 22405 15909 20815 14285 9394 16862 7430 20847 17680 15038 7344 17446 14456 8996 14621 24059 21874 17175 16828 20719 17550 19416 10928
6324 18135 22603 5211 17073 20007 6235 22382 15135 11451 22926 14316 15067 26378 25096 12649 17287 7155 20434 24458 6459 14560 16480 10279 13328 13715
20573 14143 15848 19918 14786 18904 4916 9837 15722 27180 21147 3823 17013 19213 22152 16522 31936 9564 10944 18058 18528 18897 20622 17387 10459 11026
3852 19275 17844 18118 15363 18675 12589 5962 20447 25299 29685 6761 15232 23022 15951 15215 25259 11308 13099 24741 23800 18531 21448 10156 11290 9468
2048 19913 20579 16564 18457 18786 0 8373 18478 23238 19499 17644 14349 9263 17171 14409 10952 13354 14924 17088 14759 16150 22827 18987 0 11015
14506 18579 17504 25668 17516 23813 14528 13493 16186 22809 29628 1670 16001 13805 11512 12839 21014 11178 15822 18087 13550 17554 19637 8031 0 11987
5332 26769 17826 9797 16137 21382 7446 8129 15994 21130 11485 3429 14762 8829 15677 10419 20019 15704 12816 21485 20095 19940 20788 20390 11021 13249
3595 2882 25168 23050 10949 15338 13548 19395 18614 21536 20019 21399 15924 26615 19325 15600 33442 8004 13485 24061 13989 17903 19704 16254 4565 15747
9827 34115 14510 20606 19662 23705 12275 13953 17312 28080 5707 14389 12429 23011 13699 13323 27398 15171 15037 18457 12929 13514 25237 29878 4868 12598
14291 21170 15810 12942 16363 19037 15205 8696 16018 15354 10718 9154 15958 14417 13312 14947 17755 11215 18379 21545 8717 16583 20856 9329 15716 8931
16028 7923 23705 18976 11782 20701 21648 12936 20902 15587 15666 26511 18622 12954 13279 13434 21175 6731 22329 11133 21149 17425 16308 21174 15845 6952
15221 34108 18193 17062 12809 18481 10870 12192 19035 7860 19589 8561 17709 0 22121 13141 19790 8526 15697 21726 13156 20800 24320 14681 11286 13823
0 19149 16769 9455 16683 18967 7163 13548 15574 19455 11556 9650 21550 5808 22920 11132 26057 7092 19739 6965 11577 19228 16579 24027 4425 10430
11798 11843 21874 16168 18374 21182 0 15227 15069 16538 10518 11815 12675 18877 20639 14627 9896 7272 8853 24087 3888 20081 21228 19088 16528 13476
5304 16030 23994 18672 13782 22162 15470 18175 17889 20456 24025 6285 16699 21472 17574 14425 18365 6056 13531 17135 1339 16882 22196 20701 4944 9794
6629 18460 20084 12104 16648 19444 7791 13253 17614 21670 7860 19194 16033 14762 16778 14782 16767 6823 18289 15286 8358 17991 20089 15670 14736 6589
15035 18276 17354 17947 17422 24004 0 5700 21051 18154 11155 5908 12966 13154 22097 17601 24051 6742 17197 22464 25535 16918 20001 12314 11434 13820
13420 19375 21530 21130 16545 19155 8452 12009 13432 19615 15179 11271 13952 13705 14514 14752 23773 7745 24440 17253 12436 17592 22090 27246 0 9756
13245 20557 19870 18697 13298 17583 14850 8982 17956 13994 11481 17722 9602 10724 13183 19739 21165 15413 9295 16326 8323 19347 23610 8726 17903 7005
11916 18488 22373 17700 18124 18541 4153 5558 17393 11442 15161 13178 14926 11508 17267 15194 19358 8281 21501 12598 19157 19432 20400 13655 15417 15421
8796 7803 10448 16654 15974 16938 4212 10145 13188 18236 15231 21262 16775 15562 23087 17388 18174 15599 10717 12647 27766 16815 21671 5669 8769 13735
10548 13842 12101 32648 16099 18656 12256 18000 18618 23024 8326 4269 16000 21565 13370 18734 27443 6477 18019 23357 1889 18971 21665 16958 16021 11787
9736 17728 16748 17460 19275 17819 16137 11160 19645 20686 1257 13776 13943 19795 21531 15352 16951 4355 20440 20890 16284 18251 18240 27876 3225 11345
13875 23329 18348 21427 14681 22681 14035 14012 18260 24856 10454 5265 17960 22799 18597 14497 13721 8821 21276 16763 6623 18852 21831 12615 4936 8552
8936 14930 14187 13371 14125 14654 3765 10522 16383 21589 8988 22034 9011 23939 13364 16766 11285 9039 12826 19925 10161 19390 19880 12469 6614 14887
16237 19669 18469 17309 14477 19836 15193 12102 19641 30715 14176 5791 15224 6423 17788 9441 21717 7371 15030 18253 21457 18830 20006 19055 0 13501
6395 22869 18079 17844 16476 22968 4631 13570 18328 8386 18570 11528 6231 20048 16125 13758 32169 6339 10928 14005 16254 16395 16076 11371 717 14850
4838 21829 21435 13670 13788 20189 9557 15118 18552 20775 16106 15911 10602 5767 22047 13229 15949 11649 23016 12435 6840 20847 18983 16828 0 10514
7461 21651 24192 9051 14312 18436 14918 17323 15863 20331 16888 19475 9200 21566 16014 16270 7202 15457 18697 16419 14914 16633 26968 15817 5359 9661
5340 21549 26672 15633 15239 22761 2705 13444 16120 11813 22027 15412 17520 10245 12853 16481 16284 9403 20227 25019 3312 19487 19647 14560 18570 10185
10486 27464 28768 10152 23298 18171 4748 4904 13765 17976 15081 21789 9437 13638 19580 16924 0 11980 8477 23101 23984 18612 22944 8830 10461 13716
4596 17108 21085 15934 14660 17316 11775 12792 17209 16987 12555 5776 15477 23008 19695 13218 34659 3882 21911 16480 14049 16730 20436 17886 10295 8793
16716 18202 13342 14897 19675 20121 21893 20424 17487 19951 15585 14830 15609 9980 16676 17452 4982 14677 16015 12327 2134 19487 18537 19641 14701 8984
1016 22113 22629 9127 18844 22565 11283 15506 21668 22308 19909 15291 16987 8380 16651 14914 14098 11914 14868 19835 2251 19755 14776 24205 14323 9995
6203 17780 21305 16498 16184 22235 8835 12813 16362 17962 11750 12029 14440 8021 16446 16721 15804 10182 14758 24688 11828 17631 17988 8653 22354 14868
2756 24062 19328 13634 22301 19869 10491 8989 20685 18571 21065 9378 13213 15121 20190 14843 20073 8578 12053 20892 14721 20516 26570 22346 11381 13004
6887 13185 17066 14632 21409 14332 15051 14476 19248 26398 21772 12700 19089 17057 12399 14666 18370 7984 3395 23167 12991 17112 20950 10927 13078 14028
13418 7410 12339 14743 15819 16984 18285 16061 14809 15021 14687 18709 21220 16655 22873 13160 4088 13002 13280 22351 17895 15667 20232 14465 7593 8982
15138 12043 21316 15918 18030 20890 15197 11483 13811 20100 13717 10291 12952 6013 13623 12906 21010 12998 14150 13967 19870 20073 18036 24683 13769 10535
8137 8184 18375 13696 21390 18337 14866 7770 17962 18118 19960 0 11829 22465 9626 14569 25159 7604 11735 22824 8597 15148 18927 12903 10753 9191
8535 16144 24142 10186 18395 17584 22872 8746 17142 23067 8818 0 14026 18435 15277 15760 23598 8806 19948 26460 10406 17910 22738 20081 3539 8107
13336 23295 14686 19091 13797 21443 7121 15003 16045 21971 18528 4140 9392 12127 13983 19727 24795 8182 15693 19353 6857 17023 20106 9810 4639 9614
20608 17517 25913 4078 17153 20887 27371 10084 13780 21375 9058 4071 10036 15497 13628 19650 21747 5135 12594 16625 16079 16645 21676 10168 1254 12207
12277 25356 14868 13113 15780 20684 25196 14225 16923 23786 9803 7773 15783 5003 17137 12733 31980 10534 17727 23020 18005 14833 21630 10630 19785 14238
11604 23487 20086 13769 12817 20069 15052 1581 11060 10977 11933 1652 18303 9301 10245 16509 35322 15340 20458 18787 8228 17520 20014 19599 24554 15530
5582 17049 23647 9212 18617 22853 23131 16183 14931 17523 19291 16332 13884 12124 18572 11336 20781 12021 13670 7075 10196 17518 20482 15486 0 12036
20288 26111 16551 16874 18781 21206 17511 13449 23464 21524 4284 3216 16561 10648 23739 14937 20221 12321 16538 23788 18988 17093 17471 30886 11986 10193
11378 19244 20302 17644 15322 23382 4999 12212 16050 24313 16413 1025 15705 15381 16100 10456 24282 11467 10811 12060 9125 18673 22416 15765 14059 8422
5162 14216 22006 13470 14963 21840 5838 15059 15535 19114 20739 10613 20862 17463 18042 17942 23216 10468 10853 16600 5761 15471 24108 9874 26656 11369
4842 16591 20388 14949 15639 21977 23297 8260 20236 24654 17518 18118 6543 10273 19427 15303 32074 8881 9953 6433 21679 19226 17220 15381 7867 14328
12121 4291 20204 21311 17563 18610 12441 7109 15322 14973 3446 21021 10954 20185 20321 17052 19551 12579 16495 17869 1406 21980 14758 18033 11172 12840
16092 13520 15008 18278 18032 16653 6151 15978 15861 26027 11945 30892 16178 22379 16540 13018 22713 11542 18788 13621 11354 17233 18606 23520 10402 10084
11723 24085 20275 11189 17544 18430 1280 15115 16438 19130 17278 13073 14148 14435 17603 14739 16476 13976 18997 22527 13656 16940 19363 20949 16880 11152
20694 4549 17268 11076 15838 20244 24129 14060 19213 18663 14337 14594 17659 14782 19704 14062 30721 11472 15104 17191 12299 18747 22688 18804 8248 7521
21666 6170 17249 10914 15681 21102 15066 14121 15509 22002 18104 17430 14653 14007 18198 15503 32250 7376 13883 16342 18360 22980 22552 16385 2573 12246
18385 28721 15834 16318 12575 17870 13070 8293 16103 27661 6061 25582 14583 21135 19124 14032 9960 9556 20509 17741 11124 22918 17880 18640 21921 15028
10492 22162 10175 20344 17933 18372 4881 8915 19540 18405 10728 9013 18513 11856 18061 16942 28293 12797 18635 15168 9735 17252 19447 10517 21012 10484
16384 20266 17461 15154 16705 19196 17795 9227 14000 21152 15204 0 16717 10087 8654 13819 30131 11332 15280 17279 7034 16836 20188 21480 32226 16620
15201 26016 21821 20517 21804 21519 5937 9004 18877 14332 14571 9891 7346 9773 19684 17220 18000 12304 12013 25063 0 17872 20624 12544 11848 8543
13603 19321 19047 11975 15115 23007 4821 16588 18432 20568 17989 18139 14379 30764 19801 13687 23770 17376 16592 21693 7388 18076 16135 17214 4114 13372
11305 20102 20694 6957 12943 19322 4830 10506 17379 14144 10201 5398 13218 5167 15808 14941 17672 7581 7015 23250 8974 17624 18189 25763 16237 11833
25034 29 27361 21234 13506 21156 19265 7804 22572 20103 20031 19943 11053 8383 19854 11293 14721 15153 11138 12513 12581 19891 20690 15882 14345 13517
10727 6476 20394 12953 17961 18900 26059 13730 17356 19406 15861 20814 11139 8124 16201 18060 13291 10704 17684 18281 13969 19884 17652 12539 7141 11093
19898 20757 21890 9511 15604 20850 35884 15656 14867 14883 0 8827 10437 4456 16270 13195 22569 10645 16017 12690 13882 20495 15859 15135 10571 12852
2743 9382 17264 26520 19734 17677 27560 3234 15666 24478 17743 4239 16585 7761 21639 13363 11836 17512 13550 18339 6617 18750 20639 13820 0 12949
18769 9580 19586 4163 10419 24814 13571 20232 13585 18701 10189 8158 18227 11650 19869 15931 14793 10969 15531 17799 17890 16553 22054 15767 10413 12811
12483 5750 20070 11926 12287 19675 12480 10254 16250 12260 14955 12189 11511 5556 24265 10938 35741 11535 16801 16361 20722 13949 21137 18558 1852 10982
14054 6553 17550 22570 17342 17522 3820 15124 18142 24025 34019 13083 14951 16807 17860 16952 23851 10544 15410 29977 9066 20423 19606 20188 0 9825
5763 14515 15672 12014 15331 13217 3540 9956 16273 23468 19261 12183 11705 23646 23560 13315 6664 9642 24264 16997 20776 22499 21330 6532 26101 13657
14025 14640 18443 19327 15231 20849 22813 12410 15523 15254 19019 5165 14125 18528 9451 14802 21733 3739 18024 18520 16684 18984 23176 17530 10094 13973
3672 0 23675 8315 19027 20134 16122 12858 18117 18389 19039 13343 11201 18160 14716 16349 17929 9605 15346 23123 14391 18361 21687 16001 10459 12274
11082 25288 19077 25005 17587 16404 27356 11913 17835 23750 9512 14108 12371 17785 11010 14430 15873 12921 21069 9853 12216 16769 24223 18269 15452 13108
14726 6536 13643 13042 17638 21936 13707 15006 14500 17313 3952 9251 12910 7240 20148 14163 21765 7557 16435 23529 13634 15194 16003 20586 7972 12263
0 21153 14159 12013 17917 21387 2180 14132 16646 12969 17262 6348 15139 21679 19780 11887 21059 16785 14650 14334 19134 16534 19845 24867 0 4921
19913 28487 21213 17657 13123 22543 18813 15966 15332 16483 6883 5858 15577 16551 20587 11448 14961 7963 18004 18566 10578 17540 18213 24533 9267 12680
11776 30429 17122 15206 13259 20355 0 11099 20705 19587 12594 19469 13158 0 14745 15946 15669 16225 19748 20993 22581 16348 16446 22645 13595 8439
9630 4238 16813 16249 17274 19616 5378 9461 16574 15715 5373 16778 9645 5036 22778 14550 28406 9287 12941 26984 3024 15785 19413 11908 8751 10471
18071 6369 16050 15400 22010 19985 13625 7317 21132 13895 10539 22997 13581 18485 14413 21041 16132 9762 14183 15636 4445 15400 19907 4988 0 9502
5405 16918 15230 7802 13643 20273 10890 7100 17264 23725 2225 11959 15578 17275 19096 18168 39075 8544 19600 19911 7840 16335 23513 10690 11501 13408
13125 27011 21945 10844 17536 21196 8098 4937 15311 12105 14316 949 14713 11171 23214 14555 8145 8488 22002 16470 4945 19238 20867 5380 9550 12981
14995 16942 14766 14975 19537 19967 9251 7138 14811 26455 25045 9995 12726 18169 15433 16496 18274 5785 14470 7273 14841 13701 13876 11039 15381 9686
10783 22111 19607 28212 17226 24403 11039 12147 17639 20776 12085 21883 16294 19920 17989 14881 25008 9541 17213 19709 17412 17572 22094 17412 1679 8591
17678 18600 18886 17477 14783 19073 8889 9663 19220 16751 1839 9172 14885 9557 17972 18708 27706 15731 14044 12294 8574 16174 18953 14054 0 13698
23662 19595 22911 18187 17504 20927 10509 13002 17390 23368 14223 11731 15606 9591 19701 11965 19763 8876 24151 19969 17333 20206 20968 17252 0 14079
12547 27148 19873 16905 17906 19101 7266 10130 18871 21204 12978 20304 10807 17582 19232 14702 16307 13609 13793 28576 13635 14603 21197 12221 14882 13223
8190 21185 12743 12115 14351 19211 24893 10551 14477 24770 23263 12875 18246 16813 19237 13866 32066 13293 13363 16923 16713 18325 15808 18391 12151 9196
8980 34696 10957 15639 14250 16727 19416 10280 17759 18897 11455 18487 8526 9461 19525 12343 9669 5428 18482 19153 2682 18485 22571 15536 11386 14567
7842 26271 15238 11798 14167 18768 4658 9204 18755 23910 13187 14100 10526 28633 15658 16503 17230 14899 12691 19911 11334 15819 20691 14914 11398 9441
7908 12125 20943 5434 14134 15823 19137 18733 17180 25743 10673 13400 9993 27502 13562 13258 20694 10228 16716 19388 7801 24300 19813 10415 14491 17244
10732 7987 20763 26004 19004 21560 0 7884 18731 27280 10762 8795 14766 10746 16052 19822 9737 11747 14200 16619 13909 19889 20354 10872 13736 15674
13135 19688 20921 14554 14194 20716 1578 1941 17413 21825 28916 9230 14901 1634 13524 13033 22498 15308 8673 8676 19764 19461 23579 24304 14374 11886
16264 18453 13993 22628 14683 23336 16496 13120 16706 19819 9203 7379 13630 8190 22722 15670 30887 11988 8698 13757 15325 19482 20498 18411 21725 11682
19972 7807 16191 12708 16925 16633 19756 19297 17943 19904 17308 3088 11227 22104 25863 18504 9384 14606 14797 18005 25506 18192 14036 23128 9691 9337
9965 16931 11007 9473 17503 23031 20333 13000 15502 12591 16887 27738 19573 6571 22749 14761 19261 9485 15048 19990 10707 19991 17436 13273 12008 12779
4970 18478 21877 14871 17308 16435 10141 10479 20163 19459 17408 17289 19414 25860 18482 12378 23999 13258 15245 27323 19144 16499 20041 20975 6278 10568
11505 9524 22595 24601 15167 17279 14902 9189 16421 17372 13406 17754 13368 27899 13152 15480 22592 4812 15885 26900 11666 17104 19084 15108 12598 8443
14862 20297 21575 18141 16310 19485 17337 8289 17677 19938 10047 17045 12878 10712 18358 16836 11112 19931 19806 23706 5746 18132 18139 9510 11607 15232
12483 16087 18474 20132 11289 20150 21056 13080 17224 20425 12196 27712 16169 16763 22220 16137 22018 8737 19178 16738 7178 15386 23053 15072 15377 8489
13438 14499 22360 5804 14633 19578 1152 13179 17415 17702 18052 19512 9753 17215 15847 9973 15521 9892 14926 15515 18136 19922 20279 12180 19713 9945
5628 25451 13126 23964 17097 23650 22752 7119 19240 24882 15951 17435 15172 17531 17159 12996 23387 12720 18183 10491 7648 14732 20005 16376 0 11051
16186 23384 19172 8954 17853 18673 0 13492 17761 15166 13985 6167 15231 0 19423 16400 23143 11000 18014 15051 11254 20487 20725 6801 16324 16774
13117 31762 10552 20234 20858 17047 8666 11642 19442 14305 26048 1369 13142 8741 24416 15062 33466 9916 15907 18793 10678 17790 24392 18368 1492 14311
21874 26628 16767 17655 15013 21811 5833 11578 15064 14664 12339 0 15311 19540 13098 12301 18615 9687 9452 16098 16338 18797 20473 9499 7639 11804
13032 16189 17599 9321 16983 21192 9829 8186 14118 17137 15258 6489 14271 14159 20640 10688 34052 12129 17588 16031 16293 14701 21765 17602 31230 11522
10620 23660 15534 19909 12403 19712 14596 6187 16065 24385 20694 17376 11385 4938 17237 19487 21729 8965 24302 28034 7369 15381 16833 25633 15759 15977
12780 9319 8026 16125 18949 18576 0 13645 17467 22628 0 14708 11816 23865 9594 12778 21852 10364 17776 16645 7501 19054 20030 13964 24594 14550
8759 23505 19283 10779 20419 21878 10376 8933 18263 18257 21788 4504 11171 25203 13922 16344 22663 15553 18445 25739 25115 21025 19978 8523 10708 12993
15130 28963 15665 0 19159 19163 16280 4828 15840 23738 11737 894 16749 5315 16510 15490 37866 12559 19198 22159 13436 18011 17785 14707 6228 10793
13509 17219 20586 14415 18469 20795 9251 15636 14261 13376 22712 11229 14252 13282 18842 11767 6132 12529 13565 21071 22243 21652 17734 19497 2947 11196
10115 15349 24576 13998 21581 21036 11606 12278 16345 21412 9282 10892 12774 4656 19285 12470 26937 7243 15315 8447 11551 12439 15397 18852 3109 12864
14848 28854 16526 12219 13435 18906 15487 14373 19365 16578 4740 0 12834 22810 19584 13148 22072 6548 11313 11978 6808 18817 17533 21744 13887 14048
10823 24126 21680 14375 13576 19091 11942 13244 13438 20611 13484 7721 15143 28275 19096 13601 22583 10086 18594 21584 9815 17098 25963 13931 17164 10470
13147 19802 15366 14480 16542 20339 9591 7038 12065 20192 8463 5276 14058 13717 25845 12080 25521 12685 18906 21629 11566 17997 17895 22654 21438 13102
10643 29975 20239 16010 14871 21773 13445 7183 17134 14619 10014 8606 17402 20819 22740 15442 18910 7249 17473 21109 12660 18867 20158 13368 0 15635
12771 20526 18367 7948 19275 21293 8200 16783 18992 18524 25329 9850 6916 6940 24791 15484 33096 13259 12543 12778 8076 19965 19458 20955 5992 14722
20406 14546 18796 17231 15957 16624 14164 10291 15397 18619 25473 0 16336 21008 21622 17502 11493 12675 22400 20757 10280 19090 13163 7489 8149 12578
8379 17154 17825 19033 19457 18857 15814 11840 17037 22112 9518 0 16331 0 11889 15967 23694 10461 14472 18463 5257 17346 16154 19268 13478 13968
9024 6258 22250 20003 13601 17643 7406 16017 16294 13017 11641 4139 10290 14687 20127 13860 27331 8625 21730 19113 17399 20164 19641 25475 16283 14507
12899 27451 16512 20065 13790 20895 8843 11253 15592 16055 0 3912 13737 17463 18661 15527 13711 8434 16209 22844 15667 13003 24964 24779 15176 11574
12283 13985 22100 13269 18272 18076 9211 12598 16649 18127 23482 6664 9802 20667 17755 11828 19180 15227 13351 18288 3606 17449 19380 5939 0 12856
5682 14528 13620 12840 12522 21187 3029 12272 20626 25891 13632 13765 11552 18650 19114 13004 27747 11503 12570 16672 16402 17526 17557 15068 5570 12005
13869 9344 18395 16321 11208 19572 3213 10502 14829 16701 15551 6473 13654 18934 10849 16976 12005 8383 10240 16403 13781 18168 20606 14830 16951 11968
11727 27021 14391 18361 15821 20592 6321 13799 15176 6821 4936 17760 11526 11111 9250 16813 1368 7914 11041 17513 5047 16307 16041 11647 12947 10825
3101 27824 18635 12881 15642 18021 6031 11947 19329 21204 17745 569 11676 14212 18127 16102 21575 13167 18717 20718 8418 19209 17917 18404 0 10982
10130 12235 19570 13702 18314 17922 4170 4496 13895 20987 15944 7504 11895 17360 13416 12202 21582 14885 19133 21213 14571 17624 19556 18194 938 10098
11240 10270 14467 15668 17751 22529 19758 9339 15426 16589 11727 14493 14510 2241 17032 14421 30646 12800 17572 19760 13256 18254 20582 20539 1851 8284
16389 35110 13310 14226 17065 18627 11203 9579 19193 24149 4910 30991 16351 2381 20845 17625 8268 11015 11525 9539 14819 15775 18124 22655 16009 10703
18361 8943 12011 14382 14080 15043 14121 10369 17268 15680 14795 19390 14970 14121 19696 15847 15106 11246 12406 28563 18291 20590 21877 18910 17810 10890
9994 20689 15572 19840 11700 18849 3974 15291 16430 26958 23031 11436 13135 21788 10807 15229 23884 12382 12368 16508 5959 21076 17513 19951 11785 11823
9045 22281 23548 18367 16801 16061 9606 14653 16250 20384 6456 13747 16118 15205 20092 14653 17050 10562 23708 13259 11478 17762 14383 10704 21178 7239
11290 9110 16536 14776 18034 23004 2898 6751 18924 8308 12075 3772 14875 3156 18508 10563 12107 11716 13450 19936 12148 16175 19839 21394 0 9427
5566 7363 15925 16267 16647 18404 9369 8569 11244 24619 8783 17091 9726 21914 21043 13653 20997 13347 15107 25760 12823 15876 23824 20578 14554 9503
15424 22097 18517 18375 19868 18061 15109 9773 17067 15833 11569 24243 14296 12296 22129 14729 31440 16589 20594 26155 9584 18119 18527 19922 13089 8515
18607 10538 18778 110 17789 21938 0 23084 15103 23771 15854 17316 18917 12557 17349 16960 32208 10973 16747 19143 16245 18815 17786 6507 7237 12761
10192 18100 20455 26060 22704 19684 16213 12757 16456 14650 25779 6036 14418 20360 22395 17417 13591 15663 12419 16270 9618 20347 20005 16841 18005 9468
8829 22624 12766 8809 12302 22865 3677 13198 15846 20749 26524 12361 19424 12960 11680 16015 17415 7044 20702 24588 13463 14049 21392 15093 8624 12719
6870 24888 25827 8760 20853 23977 12843 14013 16062 14512 14825 9871 8626 15059 21647 14042 20700 15456 16362 16532 4300 18547 21535 19958 0 11680
7399 9135 21311 14801 15686 16235 12691 15326 18130 12388 18122 7012 14383 11326 14827 17560 30746 3322 6071 22281 757 24637 21074 16668 6311 11292
10674 18469 16483 11487 16821 23393 9212 11269 16159 16524 11962 21282 17390 25450 16720 16826 24946 12798 14570 26330 15248 17169 19988 16342 452 12646
7955 17874 25188 20916 18077 14655 8642 11446 16134 19538 12090 18006 10839 20094 19069 15350 26302 11753 16588 15531 7065 16285 20995 22712 0 12808
9134 18348 14619 13577 16244 20889 13430 9708 15726 21769 8677 16880 7569 10245 15011 18124 15628 5823 23357 19767 11027 20998 18524 12885 5322 12548
4897 24061 16709 16914 15128 20283 9699 13978 17383 14967 6207 8043 15870 19373 19573 14818 27049 8676 18875 19851 0 16806 21530 17001 9487 12881
11200 11142 15527 15797 16664 22117 15275 11318 16145 20111 8616 6716 9990 21179 16630 11150 15301 9651 15496 25609 7125 17775 22103 18844 13559 11673
16398 21988 17703 9989 22309 19900 0 15406 16705 9402 20166 12197 19014 17879 17867 12840 18480 12558 14136 14988 6654 16173 21166 13448 8059 13329
5876 17554 23361 20769 19397 22320 19885 17339 12889 24292 17481 409 8593 24025 18778 14398 0 6013 18914 23020 4518 18788 21669 12878 11780 12722
12974 18623 22894 22493 13420 14754 15156 11817 17845 14382 7106 23804 12025 12776 18028 15012 30461 6903 9820 21382 11835 15893 19722 8722 14750 11435
16185 10929 19709 9831 19045 19427 13845 10241 19525 23112 1988 5265 11397 21852 23029 14220 31865 16760 15688 14714 8477 18506 20656 27290 11816 15391
13510 20069 17971 9747 18142 19751 4568 11654 16597 24908 18931 18264 12552 21141 19431 13995 8299 3849 16088 16001 11322 16366 18548 15985 27888 7933
177 26509 20102 23214 15188 16238 21019 15551 18100 25299 24035 5480 14763 8029 14967 12010 19179 14054 10775 16742 3729 17770 18250 27498 24519 10804
7375 0 15796 12739 17345 19669 11484 14010 13506 17168 12444 439 19694 13820 14696 16805 16621 6538 14167 13003 15641 18833 14883 13490 15760 14096
16467 31167 21539 6518 17012 14778 8622 16717 19590 17609 14676 13124 13942 22413 12343 12527 16170 5826 21183 18939 14809 17224 16622 23107 17143 9740
11231 21174 18572 15624 18109 20650 14492 13685 15781 24703 12575 6664 8188 15172 17369 15390 34196 15257 18952 17120 8594 17289 22053 24818 0 14230
1240 16433 24521 13259 18372 16685 16581 12415 18502 24245 6781 4431 15702 21301 20785 17347 25085 15264 13461 23365 5941 19953 14428 13582 12812 13378
10304 10441 20235 9801 17722 24792 9297 14144 15286 18279 13673 0 8781 10135 17149 12741 27548 10975 12026 17119 9766 16191 22777 16341 2315 14295
24143 16155 18313 11968 20099 24270 21761 15664 17635 12768 22416 2378 14244 11294 18485 20574 20819 7943 22869 25437 22258 15778 16880 12569 0 12204
3699 27400 19310 11750 13022 18741 20149 16475 16743 15078 19658 18152 10525 21238 21707 17933 23812 6240 15678 19079 5064 16899 24748 20269 10389 10954
17830 2347 13371 21557 15631 17366 0 15790 14184 14563 26923 12832 18316 23038 14399 14142 31346 13188 18227 19053 13853 19555 18474 14180 13742 11882
3254 35138 17019 13844 19494 16267 5843 15941 18609 20919 17873 21364 6604 17106 17999 17310 24237 7902 11990 18467 8574 19024 18475 7717 17627 12441
12277 19607 14819 18232 18231 19200 8377 8757 17349 18542 14379 1676 13809 14076 14365 9607 3841 11391 16089 16481 10188 18948 19689 11334 14327 7974
17462 16175 22807 19838 16579 21005 6756 12126 16137 18254 10496 7782 8818 18436 19921 17295 12989 10529 9187 22833 9970 20708 19942 18191 11205 9434
25190 14668 16832 16678 22266 21185 9166 10734 16747 18667 27052 11161 10521 23770 18860 13621 13818 15090 20746 21983 15485 18478 15683 20202 2947 15539
14485 16587 13516 24601 15620 18791 6313 11405 14497 28817 1899 9831 13055 19849 20405 12526 11353 8875 16295 22002 13956 15704 19205 15414 16151 7700
13282 14271 21865 17365 11815 19222 21591 12645 17999 24924 18498 11065 10390 21606 18342 14946 5884 14967 14253 8864 10851 15509 16677 14682 936 8766
12328 18599 16996 15097 16326 23828 18330 8695 16094 33276 6661 13864 17260 9049 17494 10435 12364 8265 14164 22028 9730 12305 18787 22765 0 5835
9976 19190 16072 12596 15895 19160 16360 10534 15845 19305 21819 2623 12754 14693 17474 16529 33421 7193 16046 21372 8527 15138 21143 14271 715 10243
4983 13319 15973 9885 15923 19373 13491 20848 15992 21292 17411 4146 11786 21018 24756 11342 17708 8027 21304 17082 16572 20716 19874 9632 0 10463
17217 14862 19410 18981 16971 21205 4753 17030 13966 19340 8820 16931 8631 4462 20649 17094 24201 13395 24176 22032 3854 17518 17964 16267 9914 12907
7332 28827 23406 12530 15762 18683 10760 8568 13518 28255 7084 9147 11402 8212 13824 17781 20556 15698 13809 20162 15433 15640 21372 21080 1696 11095
15739 33806 25637 8235 21150 18846 1849 14943 13378 25707 14215 16031 11817 0 11941 15833 33687 15019 19706 12449 807 20383 22033 21899 16778 11065
8211 11380 15353 18151 12820 19264 0 15996 18053 10906 16383 8544 10929 19338 22671 15552 16065 14841 19122 27138 13956 17757 18213 13897 3758 12572
14303 12729 23579 24701 15569 17458 14861 11015 16333 18942 22352 29363 9800 4259 17530 13299 19477 15911 16500 30750 8641 16975 22279 18703 15125 13082
22417 6340 14731 14761 13482 17044 16678 15894 17608 17321 5086 6392 16526 15604 14003 18410 14321 6874 17851 17474 9080 19245 22740 10215 11871 14144
1266 21033 20487 26176 14253 17126 11246 15231 17634 28438 8336 10302 14385 17818 16289 15493 7796 11051 18021 18656 9894 19023 18492 14798 18235 7359
9165 15075 19434 21125 19177 19741 8218 14881 14185 23188 7042 5919 14626 20558 22344 12029 25098 4433 17202 14936 2699 15375 24172 24201 11661 12130
