365
94 89 54 38 18 50 74 33 16 84 1 86 2 86 63 91 48 80 83 12 7 47 48 86 59 52
21506 16599 11915 13896 23775 16112 10916 11644 14677 17552 18361 7197 12275 22763 17215 28218 14981 20351 13797 23260 12716 18531 14237 12467 11655 14728
22172 19135 11517 14235 23134 8214 23412 28015 16199 20394 16997 5820 19798 16722 14237 12945 9160 10953 21253 8381 17861 15187 14078 14161 5191 13478
15765 9360 23317 16090 13901 11750 7980 19285 26196 13336 22353 13296 14585 20338 19226 9295 2063 15745 10413 8330 8909 26484 0 3808 9973 17703
20860 13993 12420 11631 17579 16932 15195 8544 11674 16992 20760 13950 14563 8307 14232 19046 0 12475 14966 5661 20685 10301 11262 11320 7453 14435
16476 14077 21584 12224 32453 11511 19267 23008 16480 19988 16915 2478 18981 12921 15618 15569 12886 9590 18050 0 23030 20967 12461 10121 17398 6190
15620 5493 15211 15826 25868 7840 16018 19347 22226 19431 21123 8249 10762 18048 16604 20000 570 12828 18625 6799 21213 12747 6565 8487 4661 25222
20850 15816 28065 14766 25499 14477 16935 18009 21405 21324 21394 11647 14726 18858 11593 3477 17958 18182 13708 1717 16869 14034 17219 16234 7547 17087
20524 17715 10175 9623 7339 9710 17653 0 27081 17196 14947 42351 16308 16161 19377 16168 3908 14599 7048 16142 20034 11921 7308 9679 13057 18250
18182 18448 16388 14351 13596 17206 7713 24114 19508 14107 19670 20872 15256 24478 14751 4150 14287 13306 14816 1487 6520 17545 5919 6787 12342 12048
17167 11983 24441 14264 26287 9460 26524 15376 19885 18497 17163 20900 17699 12636 15391 13818 14214 9903 12792 8002 20785 11095 9509 7362 6520 25323
16691 16026 14664 15839 32341 7210 18366 9103 30787 15639 17339 11865 20431 23995 14765 20991 16212 17626 18945 16419 19732 18136 3629 11971 14282 29546
14874 12725 11942 12072 637 12457 17130 25624 27173 14340 21166 14728 19566 18939 16854 13187 20925 17469 6494 10928 12941 16248 4917 6171 9754 9313
14809 17835 11439 13899 1028 17219 17797 13095 11563 17118 18470 4562 10383 17850 19038 22768 13857 16282 10419 3881 18937 28134 10824 12100 16519 12168
15830 16751 11067 12343 19726 4630 18124 24673 26559 15817 16191 27229 14841 18386 14727 13474 13151 17051 16220 24133 12770 15943 6834 4456 8896 18646
16463 16672 14251 15470 13490 15127 25049 11959 28875 16361 17067 15848 16005 17530 14817 25242 16596 14513 7667 26396 15308 16769 19111 3584 10268 10709
15948 9562 9738 14868 26148 9287 20260 27031 27698 19537 14185 9513 16527 6020 17650 24420 14669 13379 15171 9370 21954 22177 7678 10218 9997 20333
20285 18503 7234 12373 28381 7395 13551 9614 11289 19487 18408 20854 12925 22120 16220 13854 8802 10602 15697 15048 10196 20177 15956 8721 5543 21894
18020 11554 20608 11795 24137 14376 21941 4976 19844 15708 16761 26450 16695 5730 18586 25278 0 16314 19922 13365 19155 2272 14997 11027 4716 25084
19668 12608 18956 13520 18567 11701 13077 15590 7410 18037 16711 6463 13194 2566 17978 27497 1790 17620 18354 9899 23175 17874 9420 12354 10791 5100
18276 14529 29681 14828 24635 9167 20984 15396 17589 17020 24494 412 15188 13059 12251 20566 11788 8188 3028 19811 22261 21381 13051 5496 14462 23559
19058 17146 16965 13723 9151 13290 25894 9863 13704 17975 15575 4059 16557 13602 17943 17440 5558 15679 19901 15705 21521 25466 18701 15038 12313 16191
16849 10449 16091 11290 5676 13256 23058 4905 20987 15798 16777 11191 15312 7728 15987 23253 15089 9709 20563 10987 19940 14456 17373 10780 15622 25143
19731 13554 17227 13349 3503 19715 21530 14524 25032 15678 20021 17650 13359 23538 12348 9317 2664 11462 10668 3090 16002 15578 2100 11851 14835 15789
18443 15176 19813 14495 16975 11702 11374 3063 20122 14459 20762 26169 14249 10986 13803 15615 20968 12826 15257 433 20019 17446 12941 10171 12811 13954
17995 14131 20156 16655 28846 10737 13644 3849 18155 17735 19199 15795 19308 10258 13754 19280 9270 13965 5645 7235 14861 3440 18066 13019 15854 20181
19132 13004 681 16722 22931 13529 25031 10298 26723 17896 20087 13195 14216 0 16307 0 9848 16665 16288 7363 18553 24807 7787 11475 13808 18845
18717 19070 22246 16803 6411 17361 8639 25495 13767 20326 19551 15585 15844 13226 15853 23355 5943 16681 15103 10843 16325 15855 18719 10138 12474 18045
18231 13347 13856 8830 26530 8321 10018 0 27472 15672 15503 9061 14356 0 20639 11110 7414 13459 15896 10367 20400 13557 13649 12620 10865 5347
19964 17579 8021 14176 23809 18483 21323 15275 22468 13502 18593 9795 15549 13325 12916 15937 11652 13204 14660 19097 17899 14328 16746 5235 9237 14171
18341 18306 29279 12323 22310 4777 16607 13285 27066 14581 20140 1935 16780 14846 14637 12826 12604 13702 14478 18931 19966 16691 11858 15003 6017 11514
17099 18945 7506 13493 29507 18259 26190 10298 6909 18536 17777 8895 14954 17109 11938 11615 12172 11576 13604 10187 16021 18482 10600 14848 8265 19253
16868 18478 7766 14836 2859 12316 5348 27018 26463 17205 18204 26122 20478 13580 16368 23306 20425 15891 13367 4039 21040 22090 13771 3395 6697 15543
17607 18498 29640 18310 12526 6351 20385 25538 6465 21558 21635 17424 16466 6406 13982 24208 17456 11791 20602 15524 19646 34602 13746 6138 12976 17426
20629 14685 0 13355 25005 9445 16646 16576 21277 17857 18300 23900 15806 18101 13928 10724 10201 8998 18098 1476 18143 10692 16890 7700 24227 21836
24263 9869 10511 8398 12830 17939 8321 14511 11999 15179 18200 19842 16657 20228 19943 22058 13600 10771 21383 6009 22096 25176 18069 7834 13935 21642
21084 16938 20337 14263 13157 9199 26593 18744 11311 15514 16907 17506 16930 10067 17686 18026 3334 14764 9931 13319 15635 15374 16674 11335 5750 3984
19364 12762 23349 13818 26477 2480 29310 18543 16655 15109 22264 7613 14515 15946 17841 19975 0 15506 21586 10551 14530 16457 11769 11060 19234 32029
21182 9892 14538 12910 15530 15192 23156 16047 18618 16856 19553 21507 18971 15928 14460 14392 12730 16024 17469 0 26587 20889 25420 12250 9739 13474
20830 13412 31302 11865 7276 9764 22985 16331 26268 17830 15864 12082 13224 15809 15893 24517 27283 11686 15020 8344 18599 22158 10651 12753 16930 12475
18819 11596 26452 15095 26188 18885 17453 16744 32886 17859 15603 14829 11575 14503 18735 23486 8937 10124 11184 16278 15635 13144 10914 17083 7073 16599
23381 16547 27373 11880 19339 9167 20367 20462 24066 12755 21165 12245 9840 17243 17864 13300 12261 14695 13481 13382 25066 19244 5573 11650 17221 13971
17816 12686 18774 12215 16905 10069 23925 1367 21314 14605 18941 27610 18307 3685 18679 10856 10277 9805 8574 13286 23418 23634 4770 10471 8997 24396
16012 13632 4234 12091 0 8046 19478 19797 21104 13012 18215 9126 13141 10390 18974 14552 0 16181 11233 3342 13582 21596 10252 13519 11666 22460
20179 5826 34198 15944 10367 5767 31272 16118 14221 16120 21106 10680 15341 13264 16166 16028 4776 11200 12814 436 7245 16668 4847 7802 4402 20181
20096 17585 12846 11415 11370 12968 14806 10173 21427 17536 19868 15545 17624 6052 19510 21729 11300 16512 15456 20313 17393 31428 12656 11075 11044 14529
19863 12882 18844 14367 8485 10254 21120 37836 865 16708 14976 5787 11537 26139 17441 13959 20890 10870 18055 0 17148 18054 7712 8168 8756 16689
18033 11334 22205 10186 18338 10080 26806 24073 22178 14388 15965 27851 20400 7141 16003 13777 18722 15863 20192 12172 21526 11679 12517 1476 15770 22282
17650 12053 14191 12955 5653 17282 14670 7002 23198 19657 16852 22470 19497 8559 12381 15367 3808 12456 24180 18321 20365 10014 5292 12491 12130 7796
17034 8400 25396 16913 5586 9395 17606 17744 19637 17780 23373 2354 16305 9932 16369 27623 10394 9848 19791 5063 17708 20632 2369 18785 11550 14586
16318 19238 7561 12523 12403 11593 17754 9589 33626 14829 19266 26468 17219 8648 18439 10415 2628 16593 17926 22103 20077 7438 9963 2271 11776 23849
16556 17963 14229 11024 15832 3612 27595 12507 11337 14031 15558 18313 17128 1632 15656 24974 13833 18067 18624 0 14346 11015 17466 9049 9636 25710
19944 12171 27882 10680 6793 17184 24818 34603 26829 20906 18373 263 18374 1933 15092 15105 12215 13441 5893 5766 19272 26765 12148 5305 8662 22193
19443 12723 26817 15347 11478 13752 27370 15860 5993 16799 11867 10110 13381 3854 16863 14917 11255 18618 22037 7942 8221 23239 10191 3254 10315 4902
20232 17910 14320 16618 14011 17050 18637 452 17326 17568 13013 4118 17738 19196 16181 24395 8743 13438 9789 16477 12330 14055 987 16704 13651 12318
18802 19464 13342 12758 12861 12448 24055 21445 27373 19272 13573 19548 17301 1471 15819 29532 8467 12034 18230 0 21089 7512 14234 8952 13108 16258
17985 12890 28502 14604 8975 12612 17269 12862 19644 19100 18403 31368 16117 10681 17967 12917 4906 12952 9836 22829 11139 19218 15325 13504 10869 29838
17869 8380 21469 16521 19403 16976 10190 36285 32593 16294 13969 6093 15331 0 17957 28204 0 14644 11786 0 14434 19899 0 7100 13009 16961
15745 16903 8094 11836 17643 14702 26041 12371 22852 20502 16045 162 14834 10336 17256 12147 2476 12577 17019 8472 21560 21505 6860 11863 15080 15700
21208 18088 30072 14149 5854 17114 16485 13221 17164 15273 24031 13194 15478 9632 10885 8767 15786 12326 13320 19521 12364 7340 1564 7578 10777 2217
20186 23747 17721 10433 18268 11442 624 12213 25992 14710 19632 29540 9695 22876 14907 26880 11736 16403 19494 7153 24181 21177 10418 13184 13668 20514
24023 15744 15610 13260 2888 14448 28920 16707 9968 18589 16186 7871 17122 0 13058 28697 6471 10086 20492 27565 18320 15268 24097 13791 12372 19625
19457 19733 14018 13093 14565 11321 10175 5022 22966 16064 20787 22486 16808 21528 19878 8267 9677 14290 18450 19354 26518 11291 0 12551 11278 7791
19289 8748 12241 17533 0 7699 11503 18271 14739 16181 21636 8821 11519 10275 14231 14387 15049 12153 22980 17968 19260 22025 16224 1358 7556 22303
19977 12894 25148 17873 15745 13628 14334 16752 12517 16060 13693 15682 16026 5975 12230 26850 10158 10695 8974 11711 19142 20506 9682 9840 9908 16654
18183 13319 17228 11308 6486 5335 9316 11541 33928 16730 19402 14310 17062 19704 15179 31239 2974 14644 16873 2790 15756 18350 16205 6684 9143 11814
16839 8638 3216 10574 11561 16492 23773 3931 12114 15376 17442 8266 9683 16532 17004 29394 13771 15164 19971 15901 10197 11673 1054 9572 5919 14275
16811 16970 13898 15179 9480 3929 24245 0 34084 23576 15227 15163 14905 8878 15794 23467 2355 9615 3100 13903 16513 23880 24457 17729 17449 14150
18636 13525 7500 13497 22485 7256 27134 17550 7287 25381 15112 4989 22631 23525 18971 21036 6880 8416 21894 17117 24121 1838 16022 6634 12495 12663
18756 16036 1341 10222 5784 14903 19594 13029 0 16998 16638 0 15917 735 18471 10833 0 13423 22257 21496 13089 5889 20012 9471 9298 27
20346 17573 26211 13638 19049 12742 21811 19579 26195 18864 17814 15733 14732 0 15858 17512 12650 11262 13489 22397 13885 10989 17519 11957 11447 12648
18781 15011 11713 13971 14308 9192 34314 5124 17929 20827 17306 11130 12142 20153 13825 17656 11253 15389 18111 14257 20589 9090 16465 11959 9212 33717
21035 7805 14608 11627 16388 14590 13436 16512 24548 17912 22170 0 20479 22851 16759 3536 7207 13577 9432 9085 15858 12196 6796 11209 13147 22036
21517 11920 16464 9281 9040 13930 22974 14384 8245 16169 18569 10571 16502 5678 14223 12385 19138 12288 15695 4660 15420 10694 9903 13964 12272 7651
16244 17387 18379 16244 17521 11556 9478 23686 18247 23204 16798 12194 10122 10646 16847 22281 20148 11191 23309 16719 20288 21116 11311 10527 15003 9841
16412 9401 28735 11293 5202 17593 11075 7560 11049 19472 15736 11204 11215 9732 22141 6381 14622 15373 14112 6218 11176 5845 7913 7856 7772 24565
18381 8800 14008 16152 10250 9762 18427 19282 2978 15293 16409 22107 13181 8877 13325 13265 7631 10611 19482 10942 19206 25093 6867 19183 7780 10268
18553 13890 18911 13362 10404 11570 10342 27716 25457 19271 21352 21885 15629 3806 15727 13848 7114 15370 17180 4895 24258 17906 0 18145 10595 19034
21668 11528 11982 13848 16707 15458 7467 8497 7922 17451 17833 17053 16582 16783 16105 11169 12351 10672 7275 12210 12924 17649 3036 5233 4739 13548
16448 16138 20917 13001 12281 11834 28849 4734 28442 20017 18885 6011 10806 11909 19212 15025 7151 19039 14362 4820 11807 9314 9625 13821 9664 10226
19948 12623 24102 18028 6483 8782 12360 18009 14514 16675 16662 3906 15971 13477 15294 23323 18565 14691 11228 6283 11327 7089 17671 12022 7057 21972
18535 16426 11784 13158 4114 11752 12781 9281 575 16628 23877 7182 16143 12986 16432 16452 14701 13546 12615 13872 13452 6338 5012 10083 13740 19108
18457 12110 28579 13583 20694 6589 6895 16867 10226 18071 18472 10093 17520 12509 12273 1788 11691 16207 15761 23562 21288 27437 13832 8946 9181 6421
13724 5378 1221 9421 22730 12659 21442 24985 14955 13980 23659 10400 14372 14528 12569 21711 20649 15148 19060 16047 17223 15819 11974 1864 14321 12804
17878 14397 27233 7731 8620 12703 26139 7440 23740 18271 17956 13646 19099 9150 15666 17749 13528 15210 18857 12204 17016 12248 7658 12431 10090 14318
16611 12202 8562 11236 7599 10726 21631 16301 17437 15316 20649 7377 12241 13366 17824 21065 277 14755 12231 23027 21480 10004 1731 3896 11639 6878
20704 13376 13993 13180 14493 16316 14077 19273 26289 13910 16683 0 17521 18583 12148 10970 33800 14964 13076 16220 17492 17037 10490 1179 12933 13389
15693 16474 19873 11138 19316 10869 26083 7081 3336 17538 18324 18784 13871 6219 18429 15493 5284 10539 15260 6982 16557 14391 10874 15072 16906 20322
18653 27783 12406 14689 15425 13881 13350 22986 27803 19283 13967 11279 13802 17954 18968 20258 20842 13136 21038 15332 19294 17648 12054 10247 12797 6732
20520 11474 10282 14217 9821 10325 22215 12627 3560 18683 18572 18607 17838 2218 16460 29175 7163 10261 16863 0 15514 15262 1066 17036 1992 18519
19436 11493 28818 15201 9688 12958 19949 10828 11886 18883 19490 17924 16775 15551 10319 20578 11533 12068 14723 6139 20260 10043 20002 6507 15772 18972
14588 18035 9861 15737 20443 10547 25381 5915 12369 15698 13960 18610 12578 1404 13213 19907 15591 16032 17628 21737 20495 28036 13490 6444 10067 10767
17829 10862 30870 13267 27879 9630 20133 12730 16178 16075 20538 13368 15171 18215 14590 15254 8471 13523 13836 6708 22973 17410 7089 15164 16488 20783
14635 15583 25108 12766 10063 10850 9486 19067 23805 14426 17063 18987 22224 9515 14828 6163 7568 15351 12036 15220 14165 28206 12919 3996 17170 14823
18049 13496 8679 15171 12181 6350 11012 4529 21115 13898 20287 12755 20120 20636 17411 19344 23280 9744 14318 8836 20163 10508 12009 11626 12761 16935
15832 14577 17066 10827 26732 18056 21415 39986 27369 18676 17292 11708 19562 11818 14175 3716 10343 12712 15380 23879 16819 20326 19186 10892 5265 17454
19853 10481 13229 12892 2976 9094 17525 19393 24767 20719 19444 0 12936 12365 17927 12445 5658 13603 14622 3237 14214 24125 10330 5538 12290 22550
16424 12889 22935 15437 23307 11999 12492 17885 14817 21493 15287 7550 14497 16945 17289 23930 10159 18830 19156 2533 13993 14983 7214 13241 0 22073
19277 20281 22060 11213 20833 5666 18770 21970 20292 15020 14385 9981 14963 17333 16210 21332 9337 11634 22369 7001 17544 9553 9551 12945 7630 28480
20404 14486 10955 13779 18006 11464 15421 35055 6417 16790 15681 26604 17136 12690 18264 15288 0 16467 15404 0 17685 19724 0 14974 11501 13746
15673 11846 15517 11880 22531 15253 12531 9064 6443 18653 12218 16596 12553 10637 19465 26937 7033 13422 24196 10047 18206 7193 10248 14774 10211 17440
20955 11624 14292 13959 7818 10986 16696 27465 22245 16426 19908 10075 14796 11562 19077 16134 16836 15488 19148 2532 19340 9864 16810 14571 15984 26002
17144 15430 13079 16199 16735 17900 27942 10326 24737 18651 16892 19546 16900 6237 16346 18867 22439 17776 10288 21772 22798 21497 15966 1835 6225 13378
20375 13274 13877 13575 16326 13835 21800 6349 25673 19425 15871 14021 14838 32040 17129 29818 4110 11220 12726 2573 17381 33422 4693 11718 19169 15804
18725 13494 9365 12922 23985 8396 7219 13375 21225 13465 12986 15112 17498 13613 16589 21549 16479 13811 18363 0 14864 28833 12724 10564 13835 16963
17755 16399 29886 14103 12592 9911 25159 13569 25188 18033 16973 8996 13293 2582 18359 20247 15166 14183 9197 9124 22616 24301 2532 14067 14521 23017
16757 9302 18209 12893 16840 14127 13971 36010 23624 18775 16051 24039 14541 15653 17304 21123 11753 14485 22162 3246 17152 4729 11288 10672 9859 9190
20337 15458 14623 11374 25006 6865 18603 27557 33708 18328 15312 21725 14546 24295 17801 10291 13448 12483 16887 0 9809 22344 27834 8654 9497 11320
22665 16486 20749 14520 11999 14512 22045 20375 25036 18619 18178 4708 19059 7916 15312 14230 14500 17623 19360 13579 12160 0 6793 8112 16684 9372
16445 8557 17924 14362 8041 7880 21024 12668 21346 18040 16768 8417 15143 21844 13234 19286 12790 10105 20338 9585 27182 1263 10690 12951 13706 16787
16255 10712 22050 14621 19025 12872 24151 33843 21606 17457 18129 4498 18205 17605 16296 25246 9494 7300 7236 11109 18392 14602 11314 6355 8989 19932
16951 11074 13681 13055 19719 16353 18736 10437 15125 24393 20903 12678 13378 19986 20393 20260 11352 13639 15261 6114 9839 7144 7869 7853 16883 15753
20456 14272 28266 14861 24450 10568 26070 27231 17607 19523 17434 11788 13285 15375 16939 1522 16837 14737 12340 3376 21981 9307 5940 10653 10634 7176
17079 13249 21477 12197 35301 11312 17329 16127 21258 16466 21647 0 16684 18492 16897 7518 10201 14124 11330 15336 21937 22061 8130 15656 8209 22454
20186 15481 24591 15130 22071 14580 16370 13273 27235 15104 14327 12847 10696 19468 14048 14538 0 11938 23096 17909 13434 20941 12351 0 17158 20377
18005 10162 29865 14313 25949 9512 13499 13263 16800 15794 18239 23726 19501 3424 12890 22451 15184 13485 7339 8017 21776 18163 5321 18342 6226 17404
19540 20137 13599 12912 20878 17730 10621 2500 14871 18002 18711 25267 15024 7272 18139 22170 8788 13742 19088 12605 20392 23744 11221 6847 9738 17256
15164 18246 28524 11600 19300 13767 13948 29267 30941 16544 24116 0 15493 30049 15854 13286 4720 17311 22794 5301 12177 6787 2712 0 11557 21531
21123 15459 16008 12747 19358 15084 23323 1242 15876 20734 15998 3380 13490 23487 13333 12050 13913 9961 15904 1065 13272 20160 17485 7626 19435 6757
20408 16166 22424 12982 26265 10079 18848 12860 23128 17295 17740 6570 13981 23715 13797 20227 11990 14684 15786 0 28011 19210 15333 543 8696 26104
23072 11027 12672 14089 22865 11616 11851 0 23169 17666 17762 10075 18770 7769 14474 11283 5283 10952 10733 17639 13125 26247 16439 17435 14205 20656
16737 12871 22533 15983 17203 11043 27703 12615 12477 24807 21865 17710 11939 14413 19018 15647 19472 15045 19119 18690 17518 16620 9342 13182 12072 18982
15897 7629 20670 14102 11218 7100 16667 7938 23069 15987 19919 14741 18070 8704 15519 15690 12450 14323 21606 12307 16233 5032 17811 12871 3121 10874
19083 22096 6818 7913 17978 10157 10032 19696 31166 17628 25205 18858 14587 978 13745 19426 11092 16278 5305 25918 20235 18218 21680 8834 15450 21064
18565 7286 25749 11134 19741 16618 19378 10326 33763 18223 15016 3421 16820 14826 18581 9895 15418 14222 10918 26341 13876 12126 21426 0 12741 17207
20226 13700 8154 11902 7186 20021 24550 15336 20340 17569 21451 19593 12127 14848 10482 29948 16148 17287 15478 19193 20601 19025 11471 4397 6179 16807
19753 18497 12967 13954 10560 16802 11102 17078 27142 20613 16086 26019 16976 7834 16930 21854 13469 11139 14683 11641 19543 16889 16399 13418 7667 19681
18934 15714 23638 12258 13015 11246 14903 11050 40213 18748 14741 28656 13987 10364 13056 13489 22594 14516 19469 13132 14582 26306 5799 3297 12838 18856
19621 12016 16494 13039 13527 13392 17718 29115 3229 17896 19250 12911 19600 15597 15105 16908 7205 9900 17433 4745 22109 30880 17447 7465 6428 9172
14608 17647 28923 17431 21775 19425 14212 10506 18439 16903 13511 27616 15520 13693 17834 13526 20276 13374 13145 13583 17933 15597 11634 1860 6180 10337
21263 17470 10660 14534 19059 13576 13357 14649 15954 20134 19153 0 21089 12850 15416 21068 12672 11542 16957 22711 16306 29568 9281 9183 7241 22023
17523 9379 24053 11140 17394 10170 17487 6452 19440 21907 20368 4275 12716 17306 17428 11273 10235 14685 17160 11042 15324 13024 9823 12300 13938 23146
16095 16256 22837 13657 24236 12264 32747 10344 25356 19593 17775 17438 13002 10113 15746 16553 10367 12554 9246 15674 16968 16773 11941 16019 9045 18484
19161 14963 14898 15116 3042 16831 13938 22888 10538 15867 17881 14118 21369 16188 15759 13726 12902 18973 20891 16312 14023 17455 5783 10673 9346 13583
18025 16266 14731 13845 23372 16795 10875 15009 28266 15358 16572 24874 14289 8765 17020 20503 0 16446 14615 7381 11742 18023 6114 5703 17447 15346
21383 14737 31187 12807 8452 15772 20277 15497 17850 18984 11927 21546 13821 8321 18555 16186 7557 14574 22921 16127 16220 11296 1665 6121 8457 18413
15786 7346 17961 13037 25640 10952 27454 34906 20809 15655 16072 6171 14276 9362 16195 16426 0 10864 18775 14490 17799 15556 9008 13375 17189 22755
19121 13062 17632 12392 14371 11891 8244 18052 27379 18647 16235 10946 10667 19765 18418 10142 10710 17651 7906 5921 13242 22511 13576 4601 8180 8044
17556 15200 0 10300 7286 15487 19996 5748 9516 14106 17595 0 19527 19475 15164 30270 17045 14699 17156 9813 5465 28336 11012 16868 13023 25339
21718 17821 12814 10039 22444 10603 11823 30914 29862 16412 16666 12079 15694 29765 11971 12955 20126 15054 18015 24692 19343 9139 13029 5506 10284 16543
18117 20159 26939 11935 23909 11940 19263 1638 25000 15277 19805 2579 14449 28608 19746 15514 10444 20466 10407 13147 17285 17046 6253 11282 9973 9855
17371 13540 2432 18222 27990 9372 27939 18138 16694 19053 14969 5016 15370 19164 16979 34185 15331 15984 24211 10949 10852 250 8429 13131 12404 9982
22498 13403 21468 9836 10530 7301 17278 18152 18553 19911 16057 12916 11992 13326 11223 20601 10172 10813 14474 10261 20789 9154 0 12933 13120 15842
17944 11791 16819 13163 18756 13260 2077 30469 35034 16758 19675 17297 18224 5415 15842 19976 14864 14076 17301 9123 10927 28331 10507 7246 5490 23013
18589 14730 19594 12313 9479 11953 14609 14422 11773 18513 17206 9948 13921 26318 17743 12109 16333 14768 14653 25810 16510 21880 12059 14184 9927 18036
18854 16884 20177 10108 10407 12235 18787 16182 4756 14231 15890 13037 20020 7152 19294 22664 28639 11524 15592 11064 16592 23636 6208 16633 11796 10201
20373 17054 23116 15965 22635 11641 19704 21173 14938 18546 14888 15226 12178 1107 15578 12078 12368 12819 24303 14982 21644 21475 7878 9401 8587 17037
19115 16737 36803 14950 29357 7416 25148 13453 20524 17637 20530 22360 15535 12751 14165 31129 16789 15723 12027 15590 20482 14789 11388 7051 10111 18030
17466 9601 25549 11985 28100 14393 25146 26942 27659 20518 19295 34238 11694 11945 15314 27476 817 9788 15812 7191 11406 22211 17672 6567 13925 17506
21389 23092 17158 13650 7881 12495 5140 24086 17839 15515 22426 15337 13565 0 14034 21189 0 14655 8944 4583 26311 11043 19964 12518 7051 23709
19287 17361 22950 12243 7142 4663 19094 16046 6141 17691 23489 25322 18379 10481 17298 34595 4188 13505 17738 15261 21233 19056 9487 14475 2140 16465
19380 22777 16701 12597 28919 15574 3777 6112 5054 17574 14230 16629 14034 16650 12195 26729 0 10248 19930 17549 19766 9584 19259 18398 14986 7271
22982 18111 23333 10023 13046 11158 21050 11613 12492 17116 18799 16417 15742 20574 16323 26463 8154 16502 18417 15384 14997 20564 14438 3443 7083 14345
18363 14115 31043 17709 10602 19184 30980 4992 28410 20209 18877 8947 16672 9245 19794 26785 24235 15060 4575 8587 13986 18799 5340 4519 16407 14823
19748 9326 13289 14491 5110 12417 25680 16884 18533 16165 15699 9363 17304 16101 17757 19264 10765 17081 13501 9828 14123 12244 3958 10835 3735 20464
17178 9961 16822 16248 12068 11340 21205 14688 7855 15314 22320 18218 11413 10350 16894 19991 14976 12624 13551 18485 16597 29525 5117 6391 7582 10677
16601 15120 13248 15071 25156 11188 18881 19561 14302 20534 16311 13048 11089 12353 15499 10113 5240 15588 15189 14055 12971 29241 9436 3221 10742 19508
17499 13078 4812 12088 21428 12874 16592 5859 7396 17728 20679 17490 16396 0 21895 19756 15905 18104 14040 13919 12388 6412 7598 17967 8485 17854
15730 15637 24546 17672 18271 12186 22685 10616 24685 17063 20140 12555 21584 2213 20086 14341 16743 14531 7330 20586 14263 22726 15021 13966 12423 18226
18450 16248 19568 11023 16548 15648 8727 19371 29041 14869 20454 16905 18124 6377 17440 20490 6894 13270 11001 21706 12282 0 23444 10604 13003 14443
17351 13112 0 13373 18030 9916 17766 21386 28193 16095 16974 5365 15933 26445 14913 30198 13923 18650 17630 9978 15994 6975 5180 3050 15793 7299
19267 20862 10398 11324 15431 12919 19824 7101 10748 15926 17574 3222 17317 11283 16542 24486 4690 18949 19432 11753 12697 20092 6684 13179 5495 23416
20357 13251 14216 10569 5070 6971 8294 11854 6434 16427 16130 20181 16372 12652 15343 14729 6092 9860 16862 20916 14616 13183 14542 7844 6158 17798
19572 20139 8903 15810 15528 13206 18487 29505 24283 13256 17601 12584 18911 11643 14244 13921 17509 14823 10307 4225 15994 14186 9384 24520 16992 14625
18867 7933 22689 13951 7679 11145 16530 23845 31171 17059 19039 13068 13393 12729 10788 18182 13388 15898 15407 0 19716 18353 13068 13502 8232 20047
18879 13161 21906 13312 3391 11350 8253 31896 18059 20513 15691 19345 15937 12707 16432 14402 2712 14668 16892 12379 13660 0 4266 13426 11242 6438
18648 15612 12092 13154 19791 12238 3481 1010 10134 21136 19033 14865 17647 10340 17085 18145 11248 17609 15884 18446 24517 17972 6473 4597 2788 14064
20551 15145 20111 11472 9799 11793 16296 26212 17071 17283 17085 13439 13918 26639 18161 10658 9428 14537 18044 6513 19976 29585 2197 12726 7807 4283
21728 13433 8882 14397 12375 13336 15812 12413 21154 19021 17600 19449 16405 19598 18864 25290 6774 8230 19171 17043 21390 23159 658 8226 21868 6095
18611 15872 11251 14713 20585 6741 12834 5745 11119 18217 14894 25971 12924 13812 15527 32977 17974 15592 15534 9253 21396 8857 18492 9948 15422 14747
19101 18025 15467 12860 11733 9759 19638 27246 28711 18474 18603 25769 16525 18707 14503 20671 13202 17324 11553 15695 17080 2506 9293 6653 10936 11206
17058 14619 21558 10507 18613 5444 10825 12493 15870 20667 14306 14269 13755 19532 14137 25861 21067 13426 18291 0 16954 11644 16184 5447 8467 14143
15852 11056 2708 11962 15019 10405 14309 12011 18593 15295 20708 21532 18266 9685 17564 19197 2658 13808 18046 24350 18585 8195 10334 1604 13626 12932
17616 14386 30369 11769 13240 15470 15324 33430 8745 23568 14112 12231 11872 7198 13805 14886 9364 10081 16067 19468 11280 16537 6182 4843 8396 15262
15164 9472 597 12747 12968 15736 22871 32276 9546 15241 19697 21961 14421 25706 17302 27421 15010 21354 21242 3126 13689 20777 9466 1319 13614 15084
18710 14527 11633 13592 17499 18909 17478 18596 21825 16865 18479 21932 13425 6075 12067 13031 16255 13661 18375 9989 19921 7368 6967 2253 14322 26081
20975 17726 17575 15998 22541 13826 13503 12070 26291 18117 22907 11391 18852 15805 16806 15719 845 10558 13478 20879 9239 10086 15061 11937 5576 10566
20331 8154 31559 13445 12716 13299 23403 12907 17075 13955 19983 19053 17884 23298 17812 23859 15620 14374 19757 24827 15098 10488 21791 16374 14478 20655
21392 15767 15836 17062 17619 5405 25357 16710 17604 17117 17391 9873 13310 3791 15186 27310 3104 19348 15542 924 8901 12905 10727 8642 13620 14691
18829 15579 14376 12742 0 8966 23843 12336 15571 17930 22200 3355 20105 19497 15426 33441 5067 18853 13488 13706 21543 20714 8032 7585 12182 14932
18367 25327 4147 12250 36420 17213 18219 9349 21156 15075 14777 18068 18971 10272 14696 21479 21010 11467 15619 8241 15591 10926 3443 13652 12507 8061
14498 22276 12299 12761 8499 15702 28064 3831 1839 15346 21540 21165 14363 24304 18403 12168 4911 11379 16797 10477 21941 28305 6048 12325 18572 20809
15408 11022 15803 15684 25969 3964 8266 30521 17330 19098 19495 5752 12604 23593 17195 15301 880 13628 18699 9963 17562 16667 17233 13376 8913 8107
21573 16204 32994 13474 16820 16950 11774 14854 14365 19312 21922 10571 12038 18060 14303 13970 7142 13444 12810 6917 19917 25007 17769 8086 14821 12433
17785 16402 17529 9814 9420 7718 17992 12757 18583 14067 16224 17129 17386 11852 16727 15427 31067 21820 19212 15040 19748 20496 9637 191 6616 10801
22187 8749 15258 13473 13930 5677 16118 27321 7595 14481 20974 8873 18535 12998 17034 17890 6274 10257 14438 24446 10888 23973 13920 14601 21275 19287
19209 21282 15345 16361 21060 11110 23969 16531 14852 16537 17037 18239 17850 16968 22150 22868 7108 9443 23453 10455 23811 23143 12178 8155 7857 17688
17992 18418 18804 12284 18944 9240 16824 20796 3674 24554 22108 8644 14642 637 14095 11423 10828 13156 13349 13106 20664 10760 5386 7961 8756 15596
18997 16753 24813 9359 10607 15212 8373 23374 18312 20251 18960 21262 16606 18736 18597 17787 8983 14038 10084 20785 17784 5193 17799 10043 2408 12617
14241 22960 8702 12243 10919 11898 25073 17619 26530 17103 17616 15707 14157 5930 12362 29530 5958 14508 16272 17662 14230 11370 12800 6053 9680 14115
20709 12013 30515 12845 15468 7884 32697 7073 15383 19090 16873 15680 19758 8884 10365 24321 14463 14374 18026 17690 15167 10604 14904 13367 11523 15351
19150 18498 20328 13084 25207 11914 16028 22169 12066 18292 19004 10054 16646 14396 20254 16865 11955 9227 15578 4689 24104 18433 8421 15006 13722 9077
21194 9959 3812 16002 11415 8546 14729 8479 24889 20011 22127 23444 15070 15745 15731 19670 5288 11949 14629 10689 25131 6050 7624 6101 14412 8208
16078 15654 31762 12595 15116 5761 21677 8192 15722 18771 17256 23828 15523 24766 14534 13440 14196 19181 15019 9075 21073 23523 9429 17557 11826 5038
19569 16957 16110 15483 23487 11530 7714 17830 33962 15461 17972 24064 18277 9351 14760 23928 10528 14065 23061 8520 15219 11456 9294 10048 8388 12283
19512 16446 15203 14768 22953 16250 6143 19066 6470 15052 26106 8631 22522 6309 20648 15281 1900 17407 18165 8317 15705 18633 11289 11466 13656 16642
20136 13259 14580 10348 10321 12679 14702 11621 5221 15692 17468 15853 17683 630 15280 20872 9783 21358 17809 16630 19618 12421 16576 6857 14784 14882
16249 11798 12400 12575 13133 12548 19384 18138 21926 17759 20553 26245 15122 14559 16193 4733 5918 12722 7796 8870 16527 17839 24768 11641 7983 17672
22364 20075 16672 15370 21808 5799 0 17923 15548 21244 18204 4930 11059 10298 15830 23905 10976 11102 12435 14638 24458 19436 17190 15399 8233 27154
18932 17111 18437 11154 19799 11318 17882 6878 22771 14786 22698 8473 18178 22264 20962 23730 9589 12023 14421 16546 13896 19148 8224 5426 2024 11987
20517 13204 21457 11218 14687 10496 16659 7983 27699 17290 19711 4020 16169 802 12805 12324 5332 11604 11239 13216 20947 7210 19453 8292 17384 24366
20012 11840 17702 12080 12992 6451 19275 8559 24331 20723 16166 17847 13101 4269 12012 18459 11886 12156 10208 24219 10239 28413 8615 13938 8924 13054
21663 12387 13730 13754 14940 5543 25275 2609 35708 21162 14515 6205 20834 23441 13987 31093 14011 12990 14208 7259 17048 21908 9646 14104 15205 17772
20131 17957 25898 12146 14402 12306 27919 21132 22069 19723 17720 16944 20943 8041 12610 27356 9303 15136 10783 0 19511 7032 25201 6937 13165 10853
19423 15907 25758 13084 26369 15939 15466 26043 9519 17271 16834 14520 12850 2647 14978 17975 13405 13776 13832 3864 18980 11476 14623 18180 9392 15666
18147 21731 21495 13086 11691 17900 19143 13048 15356 14877 16660 12097 13669 0 20838 16301 17793 15617 16310 14760 22390 16913 16769 10798 14563 4771
18056 11482 14094 14823 3555 15817 24957 12570 24255 17272 19927 21711 18514 9645 15352 18679 13475 14577 12177 14148 17365 22078 13189 7148 9155 17650
17379 10806 13848 14147 19173 13122 8746 12118 13777 16163 15553 29375 13821 6668 16530 14305 21936 9778 18548 5829 16799 26885 8874 12429 11422 11688
17591 20677 20967 10147 19561 9357 19965 7972 13474 14314 17210 14200 10014 16942 18057 20290 8241 13117 8849 22300 23508 19590 19037 13478 18183 17879
19984 15097 27319 18218 8710 10948 15892 17385 17149 20558 18834 8599 15120 10954 16055 23883 20166 12337 15583 11192 18215 13884 13644 5431 12856 21075
18150 24124 27611 12750 6334 18388 21384 332 16741 19340 16855 13181 14771 28564 16125 1548 7142 14111 20147 3369 13846 23094 18584 7837 11452 9972
16639 9788 11421 14817 10113 13577 16469 20994 19717 21300 21618 5645 12020 11409 14785 14740 18488 13416 23257 5110 18774 10431 17655 6698 11129 23222
21087 12937 13053 10951 12954 10517 17366 8767 14087 17160 16435 18962 15793 23550 13209 16033 8234 15408 11875 7304 17221 17586 12162 10892 13152 10171
20731 10458 22234 17436 12433 5190 7035 11968 26360 19284 22502 13890 11851 16802 16392 30024 0 15092 18218 0 13188 10805 11453 13143 9055 26859
19914 18795 16813 13327 25878 14575 22842 7664 17498 17745 18732 16801 14380 13759 18092 21607 10468 18090 12725 18685 21775 2038 22228 4879 17191 15687
17080 14245 33623 13054 10271 15417 25470 6992 26943 13007 20592 5759 16186 13036 13645 8417 10877 12112 9339 13447 17983 19024 26288 8135 6133 23277
15985 14694 15948 16508 9100 13608 8084 12618 17939 17546 23488 16501 15173 23469 17122 11383 10821 10902 14970 12258 18738 27157 9734 12054 9666 15411
20368 17476 10971 12744 7877 17169 16116 16940 12387 17096 17631 20088 16998 15998 16188 17177 9121 11089 10929 3283 14769 24822 11972 10109 11750 2921
17760 10561 18319 10920 17767 13788 23169 11106 21307 21127 20488 17867 16013 3006 14816 36164 25842 10195 13160 26934 21374 22759 11129 8687 11513 9653
16856 21391 14209 11145 31380 9154 24036 13129 19228 15542 17231 22980 15248 10101 14894 30194 6339 17483 17464 10278 12216 3677 11821 11628 8156 30262
19142 19268 11119 12022 10787 7663 24019 25505 16957 16779 16155 15312 10729 11270 13930 34423 14881 10524 12051 12372 24218 18274 17028 14768 8088 13487
22247 12265 0 13960 2152 11375 28496 23497 28797 20343 15517 20654 14097 18875 13503 30738 2176 10516 13804 8654 21229 9975 7227 8647 13718 22224
21362 10945 10940 14099 20085 6202 2514 6215 4291 13736 17415 15091 15722 22888 15516 25670 14023 9049 16712 0 23589 14004 17806 8502 14798 12450
19864 18572 13107 14101 13608 4455 11316 4075 29324 18577 22978 25853 15924 17225 15244 24508 3651 16564 14863 28064 17519 23185 13746 10082 16132 8811
22699 15364 7044 15457 23433 19617 18693 12929 34738 20709 22035 16997 17314 3934 17501 19648 16170 12913 8251 6135 12420 17332 12470 5829 14717 6986
19401 18536 17694 9289 12042 12923 14278 9587 30882 19591 16236 11296 17724 14719 17639 15094 6862 12592 18370 2967 15854 19413 14944 13716 18801 18359
22803 11536 19212 14811 16052 17883 8561 21673 5984 18392 19834 1701 14836 8713 15602 18706 8458 14057 8422 28777 13500 42917 3680 10331 13567 8342
19889 11462 17509 15207 4771 11905 9011 1823 15547 19778 18369 23206 17547 17390 17281 14335 564 15518 21742 15857 22337 18192 16706 13798 6619 24109
15949 15085 16742 12726 15692 14140 15323 28266 19440 15027 16688 25869 16476 22399 12364 7573 17539 16302 16235 11706 15870 12194 13338 11686 8789 21625
21098 24272 16721 14806 13046 4122 18652 21613 16619 20625 22580 9151 13569 17104 16878 14459 17447 19821 11998 103 20899 18914 14409 13290 14485 16160
13969 15941 25250 11477 17075 11353 22158 32660 29814 17457 16928 15871 16039 352 17274 29168 14298 14393 17565 9359 23722 13311 9071 4999 11014 14466
18498 11062 17952 18044 13124 15861 4853 15802 24736 18061 22869 16193 16374 3765 17328 19628 7754 15371 17669 20870 19788 8558 10366 11961 5857 16346
17146 9226 8349 10040 12547 19183 12141 5846 27145 16579 19400 11100 17877 13882 16719 11364 10808 7158 14289 8367 16805 14442 10388 13919 13069 18707
18657 10037 23097 14724 19547 10667 10778 9918 18395 17385 15254 14019 17784 7972 16491 21448 8106 17477 7967 3957 15885 22842 10105 6517 13610 8406
15281 18057 3628 12360 11977 19113 24178 9353 21874 20329 15398 26361 14047 21171 16644 27493 7844 15017 15320 23964 18457 14170 3682 11361 19233 19616
16539 18468 11861 13780 21980 19179 11588 15738 15306 17520 16119 14333 12759 12953 14920 10406 19686 14257 14161 19483 19830 0 0 15415 9473 10217
17524 13053 21948 10507 15681 13090 15529 5559 15712 19620 13938 15305 17467 15283 16623 7158 11824 12076 23301 8171 19598 16395 5797 10656 6750 7932
17221 16824 20551 17207 18790 9875 23430 5785 23168 16215 19524 18476 20130 13454 17224 14684 18510 12273 20357 15007 14333 16649 4197 7988 17847 19709
17910 8968 11720 14456 35692 9510 15649 25079 16894 17823 19092 9850 15694 10977 13708 30816 10956 14599 14149 24907 12918 17814 6300 8555 5471 18274
13849 18739 6239 11708 16908 7023 16127 11872 25091 19413 18610 10458 15137 17764 13861 4940 14758 18765 14658 0 12868 24720 11324 10007 4354 17653
13929 6928 16020 16226 26618 12036 21223 24244 15503 16612 14554 12312 16248 14374 16658 10754 18810 13980 17110 8204 18009 34073 0 4019 14777 24475
19258 15779 583 12827 15831 10844 15021 11997 26639 15545 16392 15023 15899 18251 16107 22937 14147 16141 11516 7755 24536 20574 15038 6367 10557 15802
18518 16856 20273 11828 9795 11527 20588 20955 18781 17316 18650 13378 12026 18274 16841 17456 10564 9747 22840 5001 13858 4241 12103 8517 12903 16226
15773 13684 17339 11492 13641 12733 14190 17219 14459 21478 17029 0 13320 4151 15839 22594 14644 19311 14224 11410 13092 4366 10511 11135 10367 861
22583 12710 13441 12994 10663 7891 15808 20899 31030 14003 17632 23663 17101 16877 16934 10882 11589 14133 14526 19033 8193 12249 6698 7520 13340 17968
18623 13879 9999 14615 17610 12202 25016 18546 11035 18364 19548 10677 19715 16926 17424 28931 5133 14959 11893 16938 16830 0 12641 10249 21708 22144
18611 13117 667 13015 10621 13313 24369 0 18979 19266 15826 10602 19566 8900 16038 20745 5461 15711 6390 16104 16478 22201 13009 5902 13665 10584
19345 17403 14407 10519 4556 18090 16551 12913 34954 15613 19006 17626 16573 20273 13668 16215 7317 12335 7649 4799 17505 19550 7706 2903 14430 7404
14678 15266 10511 10778 20483 13317 18852 16419 20642 17491 13226 2158 16879 7077 18145 34662 0 11836 14210 10206 12989 13615 14238 2595 20402 11778
17060 15505 14199 15278 16196 12429 23927 14700 29388 17685 19755 24365 17110 13263 14577 20793 20431 18540 7699 15455 14072 22676 14381 14959 8918 23631
16782 8135 24573 12395 14509 15518 21839 12072 24364 17456 17779 9821 15128 9206 16417 16101 16501 16152 17320 1399 15727 12021 8130 14337 10371 22443
21615 23149 11331 12753 22479 5765 20635 5389 20778 17984 20788 21263 18188 28541 13586 16298 2089 12403 13672 24095 13732 17652 2050 12492 10767 18372
12500 9886 17632 12411 14332 7762 15505 9989 19388 17165 19923 13888 14135 11660 15237 33895 16617 12861 16743 13438 20392 19347 8841 12486 17315 15823
21985 12610 17275 11968 13137 11346 22198 25577 8457 20319 18011 12650 18350 14059 16249 16061 4835 15903 12978 6719 13870 22122 1277 9982 11595 29908
19044 12478 25418 15076 8418 16401 28463 0 12547 22030 15393 26034 14995 10640 17460 29457 6420 12257 6756 13370 28417 14892 6887 15033 8993 14323
17748 15855 4311 14235 24484 11514 17088 35162 16052 20854 16478 21876 17516 5508 12975 20161 4633 13091 16771 5601 23920 19922 2349 7224 15358 15976
16308 19537 14298 12028 18075 11401 19736 15089 23550 16069 18297 6839 11539 0 18473 20141 7604 15891 13316 9179 23262 20706 16546 7414 15075 22023
18631 17145 26473 14516 12130 8190 9897 11817 39426 18402 18772 13990 17963 6702 16525 3267 8910 13878 13201 3697 18474 2294 7321 12299 11937 13550
16001 7587 15394 13452 14068 4199 26473 2977 24059 15517 19427 19515 18037 20361 16627 18375 4952 10167 4411 4442 17722 20565 13519 6588 13582 19851
21425 16436 28142 12337 11399 9830 25334 12264 21964 16799 15478 20621 12120 14349 16058 41356 12872 11896 8588 3366 14330 27455 1071 13594 15608 7111
15756 17532 22296 5584 14921 7501 19789 20230 18574 18746 24969 30216 14276 12243 11668 5365 10606 16202 14176 9364 20156 16818 3705 11869 9801 13563
22102 13687 23639 12755 11588 9183 16186 8682 7814 16254 15646 0 14847 27796 17771 7460 14054 16121 13085 7746 18409 17610 16280 9285 11007 26960
19093 13842 16407 12109 5470 9417 15587 21750 36454 17845 18017 16195 18343 11479 17349 21473 6310 17829 4174 22302 16682 16389 16517 5979 13148 7293
15816 16041 7332 13813 8637 14094 22717 10796 0 18488 18704 28147 16930 2761 15110 13972 21939 15424 8625 19844 13199 12204 12459 13507 11562 13560
17142 13688 12812 9949 12031 11084 16220 5070 15819 19222 15965 3653 14949 17494 11819 13927 11535 5300 10026 25527 16226 16476 14215 11727 9927 19333
20714 21669 9733 10304 17810 16844 25002 18744 14311 17219 19892 14620 13621 3865 16141 8836 10134 9265 14749 21187 11333 21153 12392 9873 4828 6413
16744 16099 9225 16455 25454 10103 24681 9034 16849 21064 19106 1161 14800 22315 13291 28949 13631 12187 17055 10737 11384 23037 3023 14067 11897 10966
15474 20606 12393 11091 13213 16346 17631 2374 9810 19587 22872 12012 15694 12549 20830 29081 14005 13580 7350 10638 17046 27873 19457 12636 7946 21346
18450 12696 20311 12684 18276 10217 10099 34895 16500 18814 16924 5784 14379 6264 18995 13963 11524 12850 20975 12405 20997 20116 8715 14165 10903 11314
15345 16664 26486 11855 17245 10880 28626 16897 25967 18356 16287 6651 11844 17208 17716 10462 29012 11469 13876 17271 20456 18115 13719 11338 12154 25231
19153 17144 23747 15379 12717 11542 18574 12473 25076 18025 18009 12618 15686 19484 16813 17694 30198 8746 19184 9562 14833 23710 18001 13638 9216 24874
16910 21482 25343 13105 21649 11706 17493 14165 25502 15864 15558 16268 13648 10746 16064 15350 2839 13171 6047 288 23111 12831 20870 6713 7797 28918
17253 16308 28829 14888 16002 11776 17994 11329 10651 18948 23625 24282 17142 16913 17580 13570 17550 14678 13603 16644 26149 13823 11069 10811 10044 15765
20512 12200 12965 13423 27760 13182 19202 11204 35350 19149 16796 22706 14843 0 14108 15449 3731 12139 13753 11972 19729 2181 0 13767 11049 4385
21223 18637 22421 12051 14269 10733 11216 4365 17457 17567 14617 16376 16813 6566 14095 16314 13507 11694 13870 7464 20745 4201 16183 19633 11076 15274
17109 16595 20637 14679 21546 13812 10211 19332 16238 16881 20444 30695 13179 18237 15664 12123 6952 16501 19341 18125 14494 19731 13037 12117 7291 15781
16921 20344 20529 12432 17486 14401 11675 19578 11785 15961 17835 17498 14082 19615 16330 13816 1986 16653 5897 9865 20767 17332 18667 7898 11287 6891
18746 12770 15895 13679 12023 8242 31012 14733 28509 20771 20246 16431 18577 13715 10211 28880 9828 16672 8982 28291 13871 14299 22048 7841 5435 11318
18182 11849 21658 14243 3488 15313 9564 3439 30246 19422 17351 16708 14602 12262 16132 20465 8803 12575 16993 13009 15620 18620 19985 10125 14669 2553
19385 13265 11891 10389 4236 8135 23270 11893 9848 15542 17313 16204 12723 14026 16952 25483 9696 11297 14363 22901 22122 16622 13012 17822 7010 803
18364 20009 16464 11020 24093 9750 17723 8681 23046 14962 19234 13721 15180 7040 13048 17346 8688 19066 14847 18081 19617 18081 1599 15687 8770 15390
19226 12277 15002 8860 13036 12241 7216 18284 22039 16018 20879 23361 14381 23053 14635 27133 5264 13772 13811 4114 14936 15317 12442 11709 7746 25850
19811 10395 13355 12439 13149 11800 17221 11510 10187 19408 20619 10749 18930 19426 17991 20913 15349 15047 10291 8036 22533 24194 10948 16388 10598 24643
15269 17232 28704 13395 9597 7754 13578 20968 18338 17057 15500 4358 13832 16713 14656 14686 2790 18781 23816 6636 20304 14062 11762 14379 7499 15185
20162 10504 10712 11389 0 13737 18596 9200 23037 15044 16944 16237 15803 17076 16523 24371 9627 15286 19124 10555 7894 15321 12217 7472 9264 14776
16944 20727 20932 13398 5168 10439 23723 3098 9188 13438 23747 13694 12477 5975 18266 16602 15088 18432 19900 10185 12269 4814 11586 10391 14109 10850
19040 21581 15228 14312 25856 14148 18431 823 22690 16214 19948 20779 15524 14802 14196 24372 2105 14219 15049 14624 17525 9776 4589 14722 15151 23546
16644 15042 5337 16164 10896 13172 13508 9845 22507 23033 17432 15322 13014 8291 17100 17153 9135 13058 13750 12832 18556 13293 9738 10847 6234 10137
17483 19364 29510 12628 25350 13746 26993 18992 25848 13075 12902 12167 18084 4501 11932 13181 9812 18266 6161 15345 20017 14915 13360 6572 10528 24028
22934 13570 19056 13127 8734 9982 18606 10319 21511 19360 15969 1400 18318 7419 17250 17636 11837 17411 10954 15463 12621 22846 6683 3610 8467 16691
17790 21770 3768 11537 15284 17820 22848 1497 19409 15610 14434 18354 12141 16858 19433 26382 10029 17434 9667 3871 22728 20979 17622 12000 7096 19031
16798 19824 10758 14074 15518 13565 19015 29409 2396 18861 16544 8565 16011 12573 17763 22912 13238 10190 19632 4977 16840 18675 9211 11396 19086 13399
17031 11717 26374 14041 13179 8991 20563 8503 16172 17661 17566 11030 17996 10949 16628 32931 4214 19290 15243 11974 18905 4935 12205 16162 9597 10088
21150 13433 14212 15482 29736 11374 16183 13086 26551 19890 17966 12371 17486 3982 16639 12322 12218 14400 13083 11117 21952 21702 23020 14469 13223 26865
17828 24392 9717 10225 10313 13538 10913 9229 21107 19681 15690 3407 14276 17457 13010 33809 15440 14231 11249 21866 19525 28768 8306 6963 15536 10283
18156 9963 17234 12095 11635 8682 23059 13248 21871 18486 18315 20257 15015 5293 13710 12352 12940 14104 6825 16368 18345 12881 1131 4706 13211 8846
17040 12009 21571 8867 16239 11744 15167 29567 18101 18723 19305 12559 12730 6666 16757 25747 9199 9858 12739 16922 13283 28101 12865 0 8727 23860
17393 14803 20182 9588 15737 14381 10885 6917 4011 18045 16640 15168 14108 29754 16699 25237 15836 8806 17458 18355 25378 16747 24356 8474 10124 15986
17866 22966 14345 12893 438 11625 27732 14223 6087 17164 21780 25730 14367 6387 12368 13516 9625 12944 15911 6428 25314 24910 7826 6078 13551 9920
20590 15578 25342 14677 19126 10158 12766 18264 10708 16219 20976 19258 18633 0 15413 19810 18744 16284 18439 26571 20235 12646 11683 10699 4645 26789
18606 15350 18891 13089 0 3262 18676 22737 30140 20412 24592 8878 13644 13640 14818 22056 0 17959 12416 30628 19307 14316 16251 15116 10297 3739
19340 16953 21608 10785 14147 17234 25101 6352 12893 18346 16321 13712 12243 5328 14247 27469 15565 18092 15600 8346 9781 11626 13343 3868 10474 11995
17543 19659 20045 10948 0 8794 16035 0 20384 14874 20639 11685 14881 17457 14428 21189 6886 15018 8511 0 12269 19597 10817 10414 12309 16811
20370 14621 15158 14033 12804 13506 17383 2822 26840 15255 18160 8954 17167 19893 19317 18888 16465 12734 17980 25107 16030 14524 13544 5103 17394 11465
19058 16216 22097 13930 23609 6466 11283 8974 11211 14791 20573 13369 15205 14153 14666 15120 10149 9781 19907 7906 11661 15720 13751 11670 13020 19850
19595 18089 18595 9632 11163 12548 17208 20006 11992 22269 18812 10364 9767 14050 18514 21622 19052 13944 16065 2698 19875 13734 10563 3971 7951 5287
19592 13171 5711 12695 26232 16481 4184 4594 9725 15249 15748 9712 19253 15951 16576 20963 23759 15759 16551 9506 18935 14525 3700 11542 3513 23238
20230 10517 3150 10979 12603 10295 11617 0 30270 17103 22512 13788 13814 14120 15476 13597 5556 9600 14151 20018 13817 8679 18342 12810 7458 14436
14770 15917 29852 10559 13871 9764 12287 14831 23500 17833 15783 18304 19011 16558 21620 32938 8983 13953 18410 19513 19341 23438 4113 6844 9055 16402
19715 13601 30238 12767 15261 10643 11333 7990 32895 15372 18083 20884 13595 16071 16146 24235 7918 12416 12289 18286 14746 20834 1461 8226 9232 14695
18268 15370 16569 15292 16499 13197 26154 6423 12187 17136 19820 11690 15024 10782 24382 12958 20865 11047 12657 14309 10150 19634 16006 10857 12750 0
20527 15328 18951 14490 10711 13941 10498 23953 23590 21019 17856 11642 16547 12232 20027 16158 3326 18618 8227 6008 15838 13200 21630 6776 12955 19944
18755 20270 14547 13260 19589 7315 14531 25944 20896 18268 19553 16826 20022 20635 15932 20209 12313 12194 18352 15659 19003 10543 13250 13078 10806 18579
18698 12769 25071 10358 15749 15615 12091 9252 21605 13444 23748 6269 16993 6972 14835 31236 7871 13674 17888 13988 18229 20120 0 6309 7844 19723
22794 13692 22591 17580 23837 8355 20526 21963 16435 14681 18925 14489 10998 19610 15604 28034 14149 9778 18729 10187 18783 12110 15011 10987 13466 16009
20279 11010 19660 10586 11595 12820 21002 9276 16292 18434 19117 11084 13579 17129 14608 17019 5745 10181 14540 5236 19284 26264 3893 10174 7705 17537
17009 19929 35250 13698 9251 10507 7949 18828 22844 14456 22712 19511 12120 22034 12590 29888 4889 8904 12789 11066 16153 1964 17796 17413 5801 9513
20107 11734 24346 15571 8949 10200 23750 13829 22159 20133 14119 12900 19207 8599 15056 17325 12308 17827 8836 14614 19158 19082 0 8373 9875 14723
20917 17322 18752 13366 16956 7166 13167 21453 3171 17006 17825 11624 17142 1784 16327 28966 10062 13764 11002 22360 20346 23070 13424 9000 12449 23692
20400 15074 21346 13268 20816 13700 17813 7517 15733 20124 17041 9788 14880 22902 15897 12066 12641 19024 14842 9842 19086 13408 24619 17412 11643 14580
14863 15599 9506 12608 7679 14756 22638 23047 21915 19961 20745 14148 12158 12963 10743 14818 11787 14816 11003 22386 21897 21376 11821 14340 8254 13640
18128 7501 7219 15585 31864 15360 32083 18368 14648 14500 17652 16807 17475 14732 17531 15342 5594 15750 12388 19200 19711 4655 8336 5452 11703 22798
16969 17192 20059 15509 19832 10228 25581 10740 10959 16793 20747 14487 17249 24592 16166 19631 12403 11729 8922 11113 18748 12253 7711 11004 12178 23031
19071 10361 14681 14443 25695 10523 8699 10049 9806 18275 18681 11988 18707 11588 18551 15004 12869 15616 14048 3058 14668 15790 948 17030 11278 21419
21078 12416 21922 13659 23095 16627 15679 20175 17589 15470 15605 10375 13592 9586 15871 31781 6826 15090 9608 13958 20653 7564 11215 13257 5703 11703
19289 6179 9861 10410 27587 12744 28126 16937 26776 17356 19866 19236 14818 7063 12748 17899 13898 10822 18132 12536 12978 21920 19219 12102 3897 13985
18675 12507 10366 15123 26241 11797 14478 11984 13446 15996 18972 14294 15489 11393 17415 27710 20876 17347 13219 18734 17660 12568 12812 11436 11458 9314
17017 22344 26052 14219 6540 7996 14312 15128 20349 19204 21018 4192 14198 1235 12927 0 11337 14460 13505 12202 17984 8374 8134 17943 10104 25908
18301 16583 9649 11820 24066 15794 20907 11052 11732 18086 17669 18623 12588 815 13868 23054 8626 15847 16224 0 14252 17828 18363 18145 9727 11405
15523 18842 21884 11327 2410 17537 31721 0 18349 15936 17102 7853 13481 13906 16871 33526 13696 9699 13354 4049 13329 15690 5718 9254 11151 0
19663 16673 11893 10667 9291 10832 15001 4310 21693 16558 20062 8182 13443 14267 17296 6084 11554 16109 18371 4518 7595 7186 9383 11545 8977 31468
20853 13262 20050 11359 18687 8493 8739 16918 27370 19168 16141 28725 17059 16796 18733 18929 5680 15013 19396 10478 17596 18242 16592 6286 11371 10923
19525 12380 21332 10118 18294 11679 16476 13439 13755 18211 15299 16125 14950 26253 16275 24860 7239 14443 16036 9702 15687 11869 9950 8222 7223 24989
17318 18073 21081 11663 26783 16321 21621 15095 17276 16866 21061 14570 17172 18070 16417 25035 8483 13671 13751 21945 14959 17051 16230 8775 6434 34402
16256 12727 10663 13465 8850 15564 17461 16902 12809 20637 20234 15707 14625 2719 14446 20525 5521 16473 10880 16408 15305 10140 2920 13769 8443 19483
21464 17497 12989 8303 23257 11171 13664 87 19095 18281 16287 17926 18228 18753 15267 29776 22063 10315 15003 16104 21987 17187 3553 6438 14902 19149
18103 17943 23540 11273 8399 12042 17722 12577 23410 19441 20994 6084 10827 12620 17911 29067 6239 14371 16291 11621 15330 17166 4060 720 6611 23041
20107 7560 10624 12447 8632 16634 18302 4099 27463 15578 19089 8657 15011 24919 16042 20605 10906 15503 17384 24287 15061 19306 18763 14788 7364 21171
17248 13100 27945 11994 13347 17355 13225 11054 4059 18864 18665 22905 17638 4938 17160 32859 8541 11326 11392 11705 18373 23740 20835 11147 14759 13943
20697 18334 12318 10170 23434 14470 8413 2174 20646 16833 17480 31764 17010 10117 13814 29075 0 15869 6300 19096 18584 5817 4381 5801 13586 24983
14907 16439 25192 16623 12926 14150 13657 18379 25945 17994 22016 20069 15676 16731 17695 24836 8826 14821 15690 15679 16164 18548 6752 8712 19525 8102
20499 13806 16425 16433 18008 7936 24327 1319 19853 17196 16432 11732 16653 7607 14749 19816 8941 11957 14583 13097 20072 14382 681 13837 10955 15044
20048 17332 9030 13293 29182 12121 17855 4961 32713 15932 14806 18907 14702 17655 13870 25694 15943 11404 12918 9710 16900 19819 13043 17948 15844 9205
20385 12837 8856 14656 9936 13131 23199 4678 32997 14998 13872 7418 13805 12223 14962 12632 3737 13987 12424 4593 18636 19055 12856 10750 8606 14618
17899 12956 10114 12270 2824 15139 15395 23717 15963 16569 20831 7374 11367 13628 16593 23789 15651 12744 13958 11397 13764 17772 7261 15057 8488 16612
16978 18983 20688 12115 15432 12667 17444 13253 5913 18328 18126 14024 17579 15004 16571 11564 8602 14735 18650 13419 9601 17933 11027 2004 10005 11408
19139 11362 15642 12792 6877 13254 23896 21026 21785 17662 18117 7706 13074 13690 16354 14285 13967 15114 20747 27020 20856 16250 5178 8943 9932 23545
19485 20543 17212 15642 14791 10173 25523 24880 17295 19653 19865 2074 16749 10055 13161 13089 14393 15369 14271 3850 17946 20445 12269 14252 13616 7704
16582 17011 17362 11939 17205 8385 12475 4957 16994 16623 17508 7657 10575 9569 18153 16827 7346 10197 11896 12938 18829 15043 20277 13649 7019 24879
16756 19581 15420 10076 2231 8766 14609 11514 20171 17057 17213 18639 17978 21338 21493 15519 12688 16017 17451 21726 23499 14431 21816 9869 8622 9568
15980 14417 6726 14803 1065 11338 26449 26031 42332 17900 17017 14853 10383 17523 16142 10064 5498 12325 7514 6144 14290 0 3343 10054 8191 26877
18857 17553 7990 14412 17397 15658 12435 21503 23622 16233 21077 18705 15347 7731 15610 22196 21384 13529 21279 29497 19826 927 6793 12203 12103 23631
19096 15720 7117 15957 9752 18890 11847 3093 33354 18321 19734 5877 9368 17725 16258 23545 14776 14947 14747 13219 18568 11363 4292 3461 16905 22124
19749 17572 15901 15184 0 17554 18020 10112 19627 20525 17623 18702 19529 25192 18950 12606 0 9320 7441 1408 22916 19984 14150 3055 13190 21457
18840 16140 10646 15215 17460 10702 19606 12845 12087 20382 19568 5811 17618 16341 16827 8337 3865 16228 20733 0 14542 21124 6170 5349 15320 19312
19010 21210 17535 13910 16772 11002 18451 15870 8101 16963 19840 0 15514 19188 17118 17040 10600 17648 8752 14071 15582 14603 0 19242 9340 21087
19894 16995 20684 11433 1835 8311 14704 21662 20817 16501 12459 30954 15673 12304 13899 17029 16855 13244 9083 31696 15482 11682 18127 763 13269 15602
18951 22729 23669 12902 6882 11689 16169 0 23311 17796 20379 17402 14602 23281 15986 16154 11703 10328 12366 11919 16096 29257 15292 12539 8273 8591
18458 15428 8395 11838 15485 14882 24961 3473 22182 19736 15019 14559 14442 8915 16576 17626 11635 10175 14298 15683 18758 24352 10483 10226 10089 3740
17068 11008 16956 13502 10506 15072 13060 5184 29540 12794 18113 8063 15821 22395 19203 16025 11237 11524 14142 16982 22006 15193 7114 12929 12033 25073
18973 14020 2561 10801 1399 10536 12437 13585 26251 18996 25357 14879 15036 24010 17001 30794 11842 11621 14688 0 19203 24612 6730 14685 12896 6912
19497 16607 14147 13077 15039 15270 22574 20538 13671 18316 18267 8158 16667 18706 14699 24517 15041 10597 12892 12232 16478 21187 16917 7188 10962 23742
21041 15925 11635 12440 22432 20351 12167 24169 21246 18596 23368 3834 15187 10718 14847 29981 13710 14315 17993 20254 14372 20317 10842 5631 12207 21152
19271 13855 8619 11657 9544 6495 13240 7268 21297 16233 23025 25913 15968 12836 15400 27832 17882 17692 17658 3917 18757 1598 14137 8737 14833 20558
18062 11391 8659 13527 23705 12829 26583 19752 21864 17336 17763 29120 17981 9401 14388 28533 21349 9882 22390 14524 16149 27424 7414 14276 9639 19248
17709 13542 16819 13171 12669 9951 6191 5871 26779 15877 17465 13399 10486 19019 18152 22432 5163 11239 15379 9710 10684 32181 10999 9461 11195 23624
