365
33 52 69 49 27 61 80 21 31 58 71 52 47 10 18 12 28 28 29 59 60 76 38 22 83 18
22044 15082 16082 3399 22877 11866 9915 23628 2682 17575 13290 0 17444 20999 5862 16671 9888 9749 12902 23020 11247 14725 15684 16935 10189 23427
11171 19364 15468 20097 8841 21132 1403 21319 4491 9554 9543 11368 23361 15931 9748 16833 10076 15642 13998 29128 14152 12038 20717 13392 12571 13150
11794 18959 20611 17958 8311 13130 20441 12792 11299 13040 6691 15355 12569 16613 4836 18251 12578 17464 15438 13806 10554 11998 18231 15025 9973 19878
19835 10411 10787 28428 9015 19408 9917 23298 5506 323 24728 5238 7902 16729 3847 12303 0 7997 12108 17886 9537 17602 18550 13966 6042 9879
10220 14371 25372 22544 14610 18454 12134 24918 14078 8526 32363 8493 24319 15727 13122 15194 8276 3275 11895 16041 10560 13594 25019 13740 17613 13121
18436 12156 14294 15539 17581 5488 13892 18384 14752 6993 14043 14797 12063 21738 17424 16337 4019 14335 17443 17362 15947 12703 10018 15224 11548 11225
5958 13782 11611 3732 22746 3157 15160 16228 26990 5019 9477 21131 13703 18927 15654 12919 3549 10390 20464 11984 9362 12139 9524 9499 10386 15939
12043 23085 10039 18087 6665 7342 9377 14089 20595 19617 17563 23938 30005 15290 12032 16390 15778 3639 5059 22121 18006 5525 15365 11885 8859 10470
16012 14271 20983 18846 21477 11926 17757 20155 12532 14389 18828 19586 18843 15027 17829 19564 9063 12387 17740 9234 11085 19815 11962 16196 15683 14630
18279 10511 8329 9538 16799 12446 12300 19557 13200 14321 35073 21239 19528 18331 13159 15246 5044 11221 18323 9146 11212 5014 10867 14053 8523 11955
12630 18060 11727 28050 10477 10520 6187 14169 8940 15283 24998 13696 8773 18897 17766 18510 14905 6947 17005 20452 18974 15184 17363 15024 8412 17216
10693 21728 0 23429 13672 16703 7571 25998 8068 13455 12835 2231 25137 18178 16541 20609 10610 22164 15716 11234 11068 19928 8252 14381 6894 10709
9273 11055 21121 22653 11789 13863 20013 24764 16027 16526 14941 8192 20940 18964 15932 15100 14219 14714 17007 19223 7700 13606 13646 11786 17533 12635
13571 18841 17782 17488 13280 22361 11704 25782 3512 8056 21345 11328 30064 16803 17908 17077 13008 16547 17460 21672 12379 15038 394 11271 17482 21347
16397 15222 15294 23455 18608 14674 15477 23634 15012 18729 25824 25081 20330 14734 17306 19217 3399 21893 19463 17213 15096 27287 12132 16735 11248 19168
11712 17280 1175 18485 19371 12449 10179 18016 15727 12657 1729 11444 29490 25772 24269 16530 8406 4250 12669 19953 13957 10772 8615 11175 13076 7940
14709 18100 3090 10106 16638 17458 7807 18744 23728 12517 14529 7612 21148 19569 8456 16621 1707 12148 16357 16360 11546 18485 7967 15216 14528 14382
16306 12299 5137 25021 28860 17300 10147 17744 20406 9751 22570 14398 20463 10522 11586 18993 6956 12226 10113 22454 14767 16868 19600 15126 18469 16843
13317 16137 2153 19941 24831 17222 11459 15307 20208 15505 17872 13082 26660 19804 15009 15311 11856 16945 20848 14532 14881 14580 24667 16062 7479 9544
12862 19651 0 13448 9078 17153 9330 23255 5272 10896 16280 20800 17419 19755 2180 14781 1988 8280 14115 13327 12503 9007 9199 16389 3762 14517
6862 17853 10980 15000 14475 24232 14569 14590 10981 8684 18513 11854 26920 15792 8067 19312 9668 14252 15177 15105 14476 21141 17277 13581 12001 13951
16485 8198 5422 23272 11334 16447 5827 26982 12190 7160 18289 0 17402 17755 14702 16668 6867 18496 8252 24087 10258 10031 35576 12957 712 22591
10335 19235 10625 14795 23019 17997 12470 19183 28353 14508 29512 6656 8465 19587 12660 20588 16890 8094 20599 22195 20113 8769 13921 11966 9536 25340
5013 13646 17703 25089 14751 13222 14693 21217 12862 11765 29784 18959 25125 21698 11938 16546 2309 9555 15311 18939 10195 22796 26964 9786 8836 17172
6848 18065 4486 19071 2763 19904 10898 21854 13603 11278 38359 13868 8916 18107 18613 15399 16163 17822 19782 11583 17484 7020 17565 14115 13364 13921
11773 12073 9295 28701 21063 21154 18842 16476 9530 15184 26539 15258 16385 18431 6303 16451 11863 15598 12625 23422 11539 14849 10449 12204 15375 14847
11720 22115 0 5935 12014 23255 15457 17154 9704 15823 26121 13835 26726 18906 7218 15581 14987 12440 16400 28891 10514 0 19880 14421 6470 14046
19420 17427 7365 29767 19670 14946 17079 19726 21705 10997 20700 11232 14628 18075 4137 15296 9836 21016 16488 22452 9113 25178 23865 14643 12120 6684
12980 7677 4533 16196 23304 11019 14317 18700 10009 8354 25833 19907 21264 16255 16445 15359 7541 11954 13610 25410 8968 20268 11685 16138 16894 12350
13718 12116 1651 25976 16401 18582 16058 13282 19263 16741 19847 31944 1393 20449 7751 18054 15763 9716 16613 27065 8636 12615 11739 14893 15616 21374
11822 13659 14402 33349 15629 8360 20807 19013 13332 8838 3360 9201 15129 24454 20648 13779 3216 12822 16744 19014 14236 12597 15350 13949 10333 12725
4807 21924 16945 19799 4544 16291 12572 25015 2350 12343 16117 3415 13115 12188 7565 17205 20257 19154 15247 9140 17467 2737 11268 14790 6336 17112
11820 17146 4095 16632 14809 23745 11630 18670 22176 9137 18997 13425 9303 15553 10596 11979 6803 17306 16406 13723 12403 21605 6051 15352 14910 18875
11218 10672 16622 10862 14636 13058 15132 12397 7388 15550 11053 0 9441 18747 19478 16468 3443 11775 24205 15032 14942 5483 20842 18252 19279 13897
14046 9332 24237 17992 18053 18471 17952 21457 15803 14777 12364 16459 9531 18379 16340 20346 17244 18122 10886 21287 13292 24464 25534 16032 17135 6794
9443 12451 12722 23697 16193 16399 13934 17946 16328 9555 20969 9214 27513 19592 14714 13615 8444 7886 12775 17777 14982 11056 31251 11271 7765 14372
11839 12264 18191 12778 7988 21870 13366 16219 17693 7234 21600 6049 15530 17340 15190 17250 10345 12038 14828 12178 10570 13514 19755 11187 9471 18283
9968 10237 6651 14838 20204 19222 7155 21105 12284 14735 15795 18480 20431 15407 5978 15889 17714 9466 16438 24667 13953 3351 13699 16876 7062 12802
9335 14135 8628 19454 23480 18624 15935 12837 16792 16553 10982 20947 20141 21095 14457 21483 3009 13765 11701 12617 21620 20401 29515 10257 14531 8170
17638 18861 11915 21334 18299 17731 12195 18993 0 10970 15912 11050 26111 14439 13083 15854 10114 11386 5716 11481 8654 18171 14897 12909 13278 13287
8945 18575 12886 25646 17492 12222 15780 29425 10217 17193 18692 1928 30319 14266 12857 16250 9041 0 16440 18451 15299 12295 9858 11431 8930 17368
11152 15509 15693 15756 24793 23787 15896 17971 19076 16065 14564 32540 8979 19916 14910 18179 3259 21627 17548 18798 16230 11873 33269 12047 8989 24247
17001 10026 0 20887 18691 14508 14183 23275 7850 15999 21931 21801 21641 10970 13128 13218 20754 22250 21421 19219 12024 20176 18264 14419 12259 15804
15898 8561 8256 32314 17002 20357 11662 19437 20450 15076 20301 21369 25261 18530 19164 11171 10843 2566 12072 10765 14463 8032 11644 15398 11723 18673
11019 13322 1349 19458 19783 17182 11160 20808 14142 12757 17112 16684 24017 21478 13131 21335 9707 11077 12826 14137 9423 9981 25100 10017 10640 11033
11698 25788 13316 20207 10801 15263 17763 20354 24179 11904 21066 11835 16829 17730 13052 17079 19270 21492 19774 16680 14130 0 18079 14881 9157 15815
8361 12597 12557 21820 9534 17390 18181 23974 0 4981 23414 12562 21739 18760 18957 13697 12370 8341 21327 19614 14400 8694 18031 14896 12875 18611
14067 3706 15925 13051 14209 26353 15278 23818 25453 17136 23847 13434 9205 15658 10954 15427 13086 9698 19432 12446 10747 16034 20078 9831 12476 19557
3480 9349 16276 24068 14909 16824 13533 17513 21063 16984 19675 15208 13976 20519 12666 17958 12992 10736 13360 11402 12734 13750 12878 10734 12774 15606
15630 26497 16467 6662 15990 10876 13007 16196 12831 8521 18742 13444 21094 17190 14683 21112 14946 12944 23608 21096 12844 28202 20313 12743 12658 17937
11196 9567 14082 6137 18647 16803 15178 21994 7080 17448 16441 7581 20292 21918 12531 21532 23240 14667 20333 21670 10193 15840 4300 8667 6531 16806
14238 16998 10528 27627 9293 17988 14032 19539 13277 16639 23409 20080 24833 22357 14755 12819 12640 23865 16292 15253 9633 18880 13808 16201 10792 20960
8732 10907 17576 8470 19137 9438 10425 20805 13739 13217 31346 12000 22058 18569 15587 17933 14908 8178 14193 18675 12576 18204 12314 12651 10025 16986
15023 15307 4652 24447 19262 11594 16150 16921 5544 6500 9705 13904 19182 14902 0 16151 12113 19703 18247 19227 12384 6449 12972 12572 14690 17688
10264 13016 281 16406 12810 17989 13814 16454 17643 12202 13498 11102 12620 17765 19457 17214 8074 3687 18508 21820 13514 21312 14836 12658 12352 16262
15363 16521 25973 32114 18374 18570 9280 16621 10293 15872 11439 13933 12962 15286 21870 20615 9945 10933 10950 24653 9394 21134 21684 15785 6768 21295
19688 10982 16567 27151 13797 13975 6116 17924 9736 10984 22764 21012 7824 17914 7790 11570 7469 13166 15023 11903 13094 12833 23042 13453 14295 16372
6200 10576 6211 8735 16345 20278 10962 17969 22173 10847 25882 6841 17549 17689 26257 14250 8025 12359 9752 23538 14268 21772 8525 12846 12687 16869
18597 16935 14490 22047 18432 12998 12362 17609 16002 10424 11893 16718 12158 20929 9433 20157 5563 13789 15083 11586 10084 10486 14977 14377 8394 17731
21004 17102 14131 17011 16739 16914 8046 19531 14967 19047 19261 7097 20621 22358 15585 20948 15371 12679 16681 8660 7220 6943 12061 11543 17035 16377
16587 14111 6967 19755 13481 17824 17133 18542 14240 12117 12344 28199 7426 14595 12307 14196 9901 13306 10648 16570 17296 14324 18193 11563 14864 17012
19021 7913 9826 17988 24088 17115 13671 20345 20992 1994 22481 18366 16310 16942 9112 16284 11833 9355 14715 27184 15605 16363 8122 14570 9689 16948
21372 15833 17983 23328 25075 11385 12683 23619 7660 16703 9475 6015 17111 24349 17179 18169 10179 16687 20580 15208 15145 11881 16428 14582 16783 11423
7079 17374 16356 11725 8929 14500 5163 18983 22163 9396 8053 11750 10841 15727 21989 22817 1279 15669 14919 17241 18144 19239 17282 13340 18766 13850
20253 14972 10863 13678 20050 13000 6745 22908 5998 14871 11819 0 2804 20245 7497 16193 13350 15870 21199 14472 9982 19336 16935 17982 10972 22294
3793 13054 13584 17706 10535 10831 12101 12567 10789 11610 12905 10376 15344 20749 16368 14261 11659 13710 18943 14662 11006 7593 20173 12462 12552 15874
14923 12903 19331 26409 7074 21892 16975 7155 10745 0 18871 23394 32580 17853 20115 7501 167 11816 8866 18585 13798 19884 14204 15165 17116 14946
17720 24554 14650 17250 10938 14189 15298 21654 2881 12095 12177 4176 24654 19901 7500 18263 21458 8487 14578 9197 12389 17526 17913 16021 6707 17687
15004 8697 3058 12226 24390 7297 9690 18273 13057 11625 19622 12021 18238 23720 16188 13978 12167 9609 20610 6556 6513 17084 18648 12599 13875 236
8089 6424 7639 19786 16596 12395 10814 15127 15160 10825 9073 24593 11973 15017 7917 13650 16678 13158 22076 11397 16612 12196 11620 14639 12725 14107
8967 10664 12799 20227 13432 8148 6113 15121 13254 11949 15822 11434 21849 19889 10376 14403 21731 12202 23908 20146 13936 14519 23767 14599 5373 20767
18603 14313 8623 16139 6301 7909 14539 18972 22993 18249 18754 10117 15056 19638 3403 14418 7654 3337 17923 14134 8848 17351 17185 15283 15312 14815
10926 1767 7813 23029 23147 10307 15178 23283 8759 11330 24560 10724 23804 16975 17104 12155 9716 6038 21734 13186 7580 14311 13856 20031 17221 16436
10733 5252 17616 26738 7727 19579 9138 21738 12466 6854 13178 11991 12054 17859 2386 17320 7383 10811 14954 27867 15654 18198 4482 15074 15640 13659
11623 12823 7918 22641 20677 17428 17578 17220 14339 11087 18849 21503 10350 20309 15061 20969 11646 9361 9914 16809 12491 15206 22411 16708 7599 16590
17092 21931 14909 7707 13339 19469 12987 18572 12522 6944 26150 22353 25288 21342 13226 11740 19383 7916 14225 14325 16167 26047 0 8680 2947 19352
14945 21511 17150 16531 4251 9298 14117 18228 20430 9132 23692 6353 25399 19586 9237 16383 7644 15347 18489 7310 14333 23586 22329 11468 12843 22052
5014 8294 10208 15121 18400 14067 13421 24269 8606 18518 28067 11973 26276 19746 27533 24298 1290 15687 11976 19089 11553 18299 4996 13105 15325 16999
12147 13649 8036 22243 13295 11490 6963 19888 14386 17512 14722 14945 14858 13662 14997 10725 3433 8116 12213 11918 13291 7964 10159 13200 9646 14810
14003 16060 15807 15420 7670 15571 4787 18215 14295 7600 24539 20180 21653 20387 15853 19680 13494 15172 21889 14425 14535 9903 4658 15332 12742 17284
13580 13169 3321 20267 4470 15077 10115 17649 20714 10381 26162 14186 6939 15819 11869 18327 17923 14688 19306 9707 16932 25212 6015 11782 19610 21863
23773 9400 12212 20207 12436 23286 12967 21176 20698 12833 12594 17180 20097 17222 16090 11905 10306 14564 18099 19545 16801 14491 17039 11799 16910 13352
12325 25333 10817 13588 16482 12960 16456 21124 17431 8683 22827 16787 26007 19426 11987 17533 0 16601 7556 21190 14105 14826 21883 17510 7557 14490
8357 13945 4119 12697 13777 13387 13730 16621 10759 15971 17902 3058 23779 18287 18091 11897 8963 17343 11861 15553 14499 20575 18483 14636 20424 18121
8645 4938 16275 6198 19072 23641 17470 22493 11144 14706 13688 20920 19045 15652 13909 16100 11896 12842 18061 16641 12047 20853 5386 15661 12352 11188
17553 15067 228 21019 19670 18228 16289 16355 16831 6284 19346 6739 19057 19111 15476 14777 8102 14245 17298 16888 9164 7645 17067 9465 4729 19653
12722 18564 4935 20231 18110 16856 16361 19397 18194 11419 20691 9891 16051 18101 28130 16856 11394 13346 17224 24582 11259 18400 4680 12780 13382 24111
22118 11501 10627 16626 21103 26010 12950 11588 6998 13696 21746 0 10557 21560 3198 16437 13728 8927 14453 17289 10589 12588 25484 9951 18735 22632
18924 17571 14150 19650 14865 17400 14761 19714 13470 12902 18792 3936 19273 16744 8907 14301 6318 12892 13046 9456 11417 10067 28879 16009 9761 14890
963 16804 14243 26827 18993 26468 12171 19310 5137 12135 20892 2946 3823 18420 13837 14412 906 17916 15253 18754 11764 16773 12985 14401 12338 7511
9361 11244 8032 21290 20573 17725 15865 15326 5020 22151 18571 18836 18029 18235 5656 13803 3141 14022 13456 26956 18545 14534 9596 12494 7738 19666
12390 16612 16652 18495 22404 19695 12632 19531 18821 8629 7498 20044 19783 21202 13461 17967 0 3826 11878 31905 16118 10086 22680 11349 16671 12878
17042 14778 8691 27785 14729 26194 14764 20559 7036 19159 17420 9831 13584 15995 12611 21373 10185 21677 17038 27476 19397 10988 21452 17449 16541 16373
15238 13540 0 21820 15816 11006 9535 17388 5865 7356 18999 16057 11806 16258 11894 12624 8195 11169 12249 21534 13810 15631 8704 13686 8061 8196
18213 8022 13358 1373 7679 17871 13920 15151 13265 9396 27969 770 20997 21684 20056 13428 9258 11837 15231 18569 17463 27276 11014 15485 15894 11340
6898 14559 19781 30555 22097 29279 12719 19503 21605 6588 8504 3466 14053 21754 0 10722 19902 9018 4888 21306 16440 9040 24386 15380 13715 10837
13838 0 14716 31911 27436 21899 9469 21598 11530 6767 16549 6490 21923 16292 11998 11909 20226 10248 13635 11267 7235 24275 18528 14715 15324 24797
16332 13744 17723 16677 8410 19055 12753 14114 16739 9132 20070 12663 33882 14853 4128 14824 0 21708 8064 15846 15125 26117 21531 13854 8261 16513
10183 13431 7565 19142 24097 15345 15600 19918 22861 11882 25181 19096 5352 15866 13457 13720 11494 11569 21467 7867 16243 16571 16667 12702 9913 17375
10341 10357 9644 7749 21920 17243 19017 18393 17093 16043 24313 14498 26731 15938 19714 19651 12815 16023 19746 12589 13432 10787 8358 10020 5928 18953
11727 20705 5990 22955 3699 25265 12932 20052 4193 18568 23283 13447 20271 20237 22952 21568 1914 14560 11351 22768 13931 0 17529 13170 8336 20749
12395 10363 13402 26800 18181 11033 9485 17680 12800 19120 19835 16136 15947 19510 14570 19407 22708 9705 14668 26193 16174 10515 26007 8737 10886 13503
18195 21197 10718 27322 19048 18587 16644 15728 8895 11000 15935 6975 18448 17105 16829 13027 2868 17309 21082 17311 10398 14280 17967 10362 12648 16841
15023 10376 8050 23549 20920 16539 12671 24604 11962 11922 12191 3510 14279 22665 19267 9101 32310 7404 18479 16739 9050 19384 14677 13012 6991 13760
10226 21685 10272 22503 16974 18531 17010 25357 19175 6443 30917 8443 17003 22672 11528 21042 4484 8297 18537 22398 14649 10291 8123 13377 15611 15408
6883 27515 5837 26550 11552 13982 12893 18848 14221 12402 28702 11416 17839 19568 14546 16684 9086 18831 18057 11662 8814 22187 23478 13713 1116 16892
11072 8766 7805 29816 11944 16718 13933 19586 22088 12001 21523 15851 18968 14194 17272 17603 9766 7878 17906 15708 12293 11027 14123 13063 5008 19708
8344 14979 16174 19976 15735 4005 16550 22500 10158 11972 11259 19571 20098 14636 28542 18017 24882 9268 17879 15811 9608 12114 19179 11694 19963 18622
8594 18062 7558 21373 19611 13409 9283 17562 16433 12240 23665 11986 2089 14586 11571 15632 21956 13491 14368 19532 13483 16079 10787 14217 15780 12945
14117 21128 7480 17576 18897 11142 9446 15891 2033 16545 10049 12404 4174 18023 18204 6734 13048 17113 15555 17095 15649 19823 8077 12781 8893 8201
16313 14640 7141 23906 17835 15545 18247 15224 9821 17318 17220 11039 7823 22962 22019 22789 14461 16250 4571 22911 13664 10311 17877 12815 16797 19390
13977 6581 13992 33438 21302 4543 7409 19404 15073 11540 17913 12052 9351 18589 20563 10419 14054 7387 21054 23414 17369 25838 35945 17650 13037 19289
13534 20163 13935 17329 23009 13228 10769 13047 21361 11885 23998 1965 17880 18022 17269 19401 11418 14247 4791 15146 10973 8193 17376 14535 5710 21856
2035 6409 0 26249 19369 10509 17371 19196 8305 11501 27063 20430 16910 17989 16521 16386 8821 19105 20848 19706 20443 14675 7771 15401 14564 13901
11592 12827 12554 19264 18589 14542 7315 17696 10269 10612 27988 15096 11875 16335 1280 13538 3635 14117 5000 6987 9917 6206 10658 15593 11400 15583
13239 13469 3999 15342 23912 15444 17016 22554 15010 8098 22441 13511 27196 13979 17713 10628 3999 8800 17867 17096 15040 8009 11657 15006 6962 13982
5514 15772 4983 17821 8084 11592 12375 12654 12286 13751 29143 8236 13624 15215 21573 14753 7151 6785 12203 21574 15354 4488 669 18378 15478 19466
12148 17117 26148 28193 24491 21517 9992 17836 25219 17134 13404 2553 17872 23336 11725 17313 3584 15044 16757 15484 10587 15530 14368 15520 5055 19341
6889 16955 8983 23124 19324 10598 16845 18128 11721 22593 16629 18780 28730 18844 10828 15642 7103 13795 21063 18815 17270 5505 16175 15909 13822 18745
10038 7344 20191 9469 22597 17783 12722 20543 10043 13437 14395 12410 17871 18466 13695 17691 11172 17070 12295 22825 17605 20550 26385 16012 6375 14515
13373 12292 0 37943 15146 15839 15670 18584 16904 10651 33326 16937 7956 19904 16789 20420 17510 10102 19707 10645 13148 13369 11758 8939 17412 18901
22869 10262 7677 17172 24568 11274 12330 19632 13355 7635 5552 7427 22301 16990 28532 23494 10345 20392 18772 16851 11413 26519 18942 10917 13061 11510
15574 21197 12626 25547 9047 6644 13019 21812 8709 9809 20261 16527 22894 21253 7317 18262 14034 14236 14288 14996 17228 21597 19881 18994 12235 11822
10567 17224 4623 11769 11695 17912 13104 25118 14695 16099 22307 10695 25432 19017 12708 12857 5197 10816 20966 17465 14006 9365 20214 11822 13224 9599
11426 9688 4629 18021 17698 15515 14023 15756 18160 14390 22639 14877 21871 18376 7578 17802 23054 14870 3755 22586 15905 8303 19327 14810 6927 17096
13974 25183 15588 11587 14155 17149 11830 17441 13695 14644 19539 9133 23288 16804 16639 20113 12291 8092 20254 23296 14860 21066 15806 12055 6666 17046
8993 16248 14598 22945 18169 19922 18905 22105 12278 11974 27931 17914 30029 18663 22177 15637 6220 14506 19264 23753 12566 3631 14535 17701 13880 21471
9883 22842 10885 24002 20829 23479 9122 18127 21482 12446 14985 14773 9940 19691 1323 14856 15998 10676 22751 14053 19150 14497 4089 12851 16983 12991
16100 12575 16166 14192 21786 15895 20217 12698 21231 16730 17413 15600 18056 16702 11876 21599 25948 11667 19570 19092 17289 8397 28341 16592 5798 9341
11250 11211 10688 4155 9815 5631 13897 14774 23224 14439 16435 8897 7160 19568 18253 10923 13663 8442 14955 21521 19180 14336 21162 10573 6655 21151
12857 18766 20789 19126 14802 15637 17189 17408 17346 17618 26908 17188 11373 17677 7144 18577 0 16734 21954 13499 12714 8489 19177 11402 15178 18543
9473 18741 13557 12904 17144 21255 16713 15919 19134 14010 24266 12627 11859 16470 11604 22273 14023 7864 13050 11365 15017 17655 25007 18374 13222 17579
9296 6639 3197 23950 31899 21754 10840 20561 16104 4639 23863 17717 30708 20663 16042 15026 15870 6404 13279 14301 12819 13975 27414 16349 10145 16562
2695 8850 9903 8173 4376 19938 11044 15112 10146 10159 20046 19391 15850 16361 18898 19867 9024 12917 15764 24146 7970 14184 4328 13069 14516 13353
13723 9685 2440 27458 20825 12828 8661 16495 21038 19927 17438 9209 21955 17267 28240 12647 7891 9905 15858 25051 13194 13853 13406 12134 8844 16804
15726 17215 13496 26805 18906 15160 15330 17963 7441 19585 30776 831 24909 21488 12103 15155 4282 0 13701 8791 7576 17334 19344 12816 9807 10084
13270 5747 7306 21292 22528 17097 9140 15986 2427 18831 6645 6049 15354 18238 8047 12297 9339 19979 21214 11649 11852 15497 27190 17046 13614 15902
13719 11034 6136 16809 10976 19225 15951 17163 11430 16315 19975 8457 15613 21042 8487 17846 6190 19908 11477 14028 12648 17340 15562 13476 9675 15746
11596 21266 18852 18421 12702 15950 12070 14718 20978 12694 18588 12113 19979 19072 13759 10506 15158 21369 16282 22330 10118 26229 24756 10377 13288 15429
18632 9942 19903 16939 15367 18647 7784 21228 16699 15770 26689 11526 22269 15127 17330 13267 18975 4880 6479 17474 16738 27984 15333 12486 15946 22113
16162 20123 23749 11916 15657 7895 12184 15844 18876 13511 23831 5725 15672 12128 17395 10408 11090 13764 8927 18289 18777 3472 11346 12651 13642 16068
14882 22639 20790 28263 14236 18892 17798 16616 11348 10127 15138 10353 19506 13887 14823 11146 10622 12956 21439 14240 9257 0 16641 15206 15135 14529
10410 17567 0 22266 23185 18364 14706 17913 14209 9893 17783 3229 21880 20436 7572 16390 12238 16906 20003 21607 17127 4991 10692 12808 9323 23829
10894 23800 11575 19037 12405 14394 11571 16247 7197 13701 15509 6903 7301 18507 19830 14556 4992 8086 18608 16138 13972 14466 33067 12157 11269 17174
18302 11652 14128 11714 25556 21318 12995 22274 9116 17178 28495 15526 26777 20767 5586 18525 2552 7197 18878 17050 11620 12014 22828 12134 11600 16211
15744 20606 18118 24178 12531 22126 10355 21330 11858 14392 24772 19812 15083 22656 10379 18755 8484 18591 7545 13179 15550 11730 17835 13878 16316 17511
13850 11842 0 28915 18042 16050 10877 17880 8636 11662 18106 3198 20962 15159 11185 12870 25884 14063 17358 23247 11680 11895 16590 14383 5346 16763
0 15525 10701 25867 18112 19282 9272 24018 11607 12489 10593 13192 17209 12675 22065 10515 6556 5104 21066 24076 17198 16556 22616 14234 18100 8716
18096 12807 6372 14105 18173 12867 13031 16923 3436 18956 22118 20848 31351 14737 6749 26319 13857 8835 17778 15497 13186 28823 5223 17395 9830 13564
20743 21728 3452 18030 11758 19911 9689 12395 9870 12260 18245 6493 17294 24245 14154 12323 15612 6478 12603 25392 13724 19879 17974 11127 9345 26085
15813 15706 3980 14922 17402 10910 16024 20741 18083 17653 23654 6619 21124 20102 13855 10958 20931 15799 16586 19708 15362 20728 18777 16548 10760 25886
14228 19900 15235 19750 18300 14938 10975 17487 15888 8814 8132 9051 15174 19915 24422 18459 10236 14903 17153 13932 11736 16896 17896 18278 14444 21226
18005 5924 19309 24137 21257 19124 17905 17209 12010 8370 21117 0 17330 16179 18791 17065 17886 17068 20334 15253 11493 14881 16115 14180 4879 12694
17046 17214 13595 5615 22904 28200 13332 12633 7700 15142 24505 18249 20694 11607 14496 19054 6849 16873 15413 11062 13375 16430 21593 15686 15041 17026
9811 8766 14070 24630 20484 15363 14064 25041 16349 8529 22262 8233 12974 17725 22424 25200 16093 14676 13316 11931 10706 11472 14823 14335 11298 11135
18333 8070 6818 19646 14154 8635 4265 16543 8057 16480 16946 11368 26235 22571 18040 13292 15013 14472 12583 23787 19420 17802 15967 14695 17283 15493
6150 20050 20482 19572 6926 33356 15942 16056 9077 10080 10933 2379 10426 15604 15490 14964 7633 11969 17458 11622 17863 13241 8226 13957 14235 14568
11434 9150 17788 36314 18680 13893 16172 20138 16110 15600 14553 15100 11995 20699 13596 11297 17258 6196 17575 14291 12516 4711 10306 16451 11167 20081
20194 15598 8366 22343 11904 10722 13120 18396 25359 14731 15653 6925 19824 18041 14529 14234 8621 6840 21195 18567 12140 16224 15489 13754 13518 15103
12026 8746 7307 14439 11777 21806 16057 14697 22845 9048 13347 18705 8159 17615 15139 15103 10441 10591 14707 11527 9817 13627 19925 15225 16541 18697
6088 15600 10076 3549 15013 15859 13680 19220 13444 18087 19905 9272 13561 19888 14149 16053 5360 16680 17135 15225 15445 15973 11317 15326 15813 11062
28228 7428 22132 22642 21097 21276 10611 19481 18833 12188 19228 12973 27912 21189 13328 17492 20912 18207 20240 12846 12408 20067 15671 10226 9379 20945
19779 18366 11647 31810 16490 13909 12244 13190 5322 13767 23850 16969 20403 18200 9260 19672 22097 9352 16840 11965 13743 15929 10896 12763 6899 12016
7699 10367 5468 20946 23613 13091 12529 20962 758 11518 21188 15229 21072 19964 8344 16575 2981 4541 12463 23181 20047 13180 3578 12141 8368 15651
8126 18224 9304 6345 20314 15376 17272 11428 0 13637 25283 22980 11252 17559 12559 16240 19602 5187 16340 19403 13578 25594 22867 16306 18117 14463
18058 15792 11876 21643 18471 15912 12060 20731 12914 9117 11300 8871 19253 23005 17554 9026 11879 7167 14061 17175 17234 19115 23006 15901 9997 17638
11221 17679 12658 26097 6217 22379 18403 17535 21851 8798 17811 12884 7781 17684 19624 16012 17657 16764 15740 16554 13626 15273 13106 11798 7628 20284
8908 11649 16815 25133 3818 17649 9691 17049 0 12983 35326 7973 25928 20492 14674 18210 7496 17355 18717 23494 6389 18154 24830 13581 10681 16453
14781 6014 1662 17110 16440 5111 13861 20191 11531 13513 14034 16612 12655 17273 18491 18714 0 12586 15533 11252 17502 13658 14895 11280 10206 18250
11615 888 16190 18598 14448 10171 11850 26021 13377 13937 17509 8926 9581 11953 7051 12594 6795 13954 20725 20243 6096 17079 6990 16198 4415 9955
7952 4873 3180 2092 19828 14073 20022 20556 6037 18050 19552 11910 12735 21102 18572 17684 10683 10057 18270 15572 14322 6191 8535 12759 14007 22919
8827 18165 13831 23104 13847 15635 19412 17570 5592 15977 15427 11322 23576 21543 12483 24882 2597 15120 10895 28002 14203 21533 26679 10727 13292 13656
18429 15707 8917 16778 21580 18328 10495 20157 3492 11195 22026 0 13694 14728 23326 15828 19163 15340 4602 22905 12830 15236 13583 14224 9729 20477
14523 23448 11097 13545 18389 9096 14162 23013 24380 16893 22616 7481 5240 16668 10982 15182 7825 9898 14934 17797 12649 16108 18877 14066 9894 14193
12090 10108 10223 18635 15024 13151 12794 20121 5901 13528 12648 16930 34542 19686 7761 15939 17125 11400 21397 10966 14540 11069 24177 15728 8589 10069
13257 16679 5561 20463 20566 17532 20093 18308 12214 3804 24275 13173 10384 18242 18413 19310 13079 15352 18864 14150 15569 17504 21041 14041 10651 15433
10532 13154 6150 9752 21206 9434 15924 14221 16222 9275 27490 10990 18651 21466 20411 14399 8497 14894 9461 19431 18428 24281 6424 13856 7289 15192
5183 6994 7726 32042 19937 21841 13031 18976 20028 13496 33069 5718 16894 18803 8803 18916 4536 15285 20161 16371 16177 13994 11296 12275 11591 16132
9315 17931 1969 30243 24762 20284 10689 19509 19865 8705 23938 4868 15569 21564 9423 17935 11301 14994 14949 18191 10356 19309 21890 12876 6886 5017
11747 11467 15057 26749 14921 12703 12196 16513 18104 9771 23081 8386 21112 16431 15614 15867 11155 15397 27038 18853 13481 18277 21515 12388 5489 16607
12374 12386 13994 10353 18796 11500 12229 13771 9809 7347 12632 14280 12534 16943 8134 11354 16804 12599 14227 12649 16018 17188 2635 16597 12847 19390
9770 15193 5397 12087 20690 18335 11679 16950 22457 14811 25794 18070 12978 18755 23369 19352 0 5904 23742 16809 11122 17583 26171 15361 13386 18828
19112 3375 8751 15302 19904 20161 10793 21543 16095 11915 11880 5396 20232 23066 8255 14173 4672 16440 16716 18782 15930 8372 16026 11814 10186 20469
11128 12893 11529 14651 24820 9291 14122 17145 9337 13038 22966 18885 19979 16404 12805 17669 9587 8761 22135 26102 16850 24738 24655 12799 2667 16362
18769 4445 21483 17865 13429 12257 12440 22411 15950 14055 34190 10782 18782 17252 2480 15161 11351 17036 17722 13612 14511 13503 16768 15420 10851 15498
20368 10805 10810 18580 19412 15933 22297 18458 21550 12329 16277 21912 35144 19260 6925 17097 17223 15180 17083 10361 13243 17913 15602 13198 13081 21133
13251 14190 16933 10535 11263 8826 10948 17628 19576 13932 15982 15910 19815 19071 8520 14086 7509 13046 15174 9242 17470 14591 12902 13339 13372 12840
11106 17730 22183 21880 17278 7349 19226 15358 13145 7905 9272 12009 18627 14940 12698 18376 17784 16847 14470 21883 17704 13922 16806 13394 14178 19785
7938 15331 13554 22047 16100 19655 10795 21618 19263 11301 11160 14863 37065 14711 25230 13234 28792 15160 17474 16337 17889 19261 14173 10082 10377 15784
16608 9307 7251 16376 12554 17063 11967 23498 6343 11802 12391 1003 21051 21984 3718 9457 13360 15773 14950 21619 14673 15998 13030 10212 14482 18771
18302 22610 21657 8165 18234 13747 16049 21774 12326 10496 27792 5119 25273 17853 15424 19320 6467 17326 7739 15843 13158 20300 15526 17394 19195 15379
6619 13056 17172 14101 12644 22342 10541 17986 12416 11104 16212 9290 29737 15937 20750 18685 17510 3043 11658 14034 9790 19084 22670 15495 19968 19605
15223 13427 12237 32782 20638 14990 15075 20478 6082 12354 20955 19630 29768 20552 21477 11479 18130 3593 15198 7351 10011 16460 23747 15257 15798 16923
11627 13588 13533 18634 15013 12632 16144 15204 37563 17123 20687 14520 24798 17232 8916 10786 15540 8915 10822 5248 12745 19230 11808 14039 13530 20322
21494 18112 0 11440 23466 17743 10170 20658 0 14619 17453 22414 22214 19086 6753 9815 19454 6853 14734 26849 13583 19603 14402 15997 6296 7156
11549 9831 9974 19231 30737 13850 5371 19557 10734 11216 27957 8635 17108 18021 3592 13838 3164 9423 3693 25367 10479 8466 13109 17854 12703 16893
10119 20763 879 4478 21036 15316 10064 21328 8857 13871 14807 15773 17491 16022 12770 13400 8429 19622 17804 22326 11981 17728 22305 15597 11629 14372
15046 15126 17085 16796 9798 13226 15576 25171 10184 17664 18649 3977 10586 16981 14084 11519 6405 12603 20302 11249 18165 9016 17418 12236 16485 9525
9138 14841 14913 40859 20873 18906 20247 13512 11993 16818 27078 12662 17511 20437 7240 16026 14787 5975 17267 23268 16682 9175 13644 19119 4883 19884
9624 8390 5331 21061 9018 15386 14741 19279 10348 9272 22733 19474 13192 19248 9987 17163 22303 5979 15904 15741 15788 15931 16042 12458 6058 19623
12102 10484 11917 22703 18912 19717 9724 19493 12482 14433 15881 17909 9176 21074 16568 13938 20831 9313 5422 6952 14454 2518 7627 14660 8457 18480
20222 23946 11786 24079 12071 17490 11420 19145 18011 4583 32623 17498 20901 13950 7951 19882 9805 10784 12361 15574 7532 26644 23065 13523 11876 8811
6891 15788 9282 20938 22128 14979 9125 17078 14741 14637 34616 24004 18218 17949 14983 15568 24660 6881 14591 22587 6436 15193 18406 10807 11965 19412
10991 15493 14777 11510 18389 18014 9369 16902 28209 17285 20210 5435 10736 15078 16203 12650 10660 4493 18609 35658 9571 9498 23088 15353 10812 18620
10734 28032 18214 32912 20356 18065 12457 18813 6970 5878 22583 8529 32840 16811 16713 13986 8214 9775 13339 18345 10122 11271 6102 14414 11601 10576
11092 16631 8700 18633 18476 16471 11741 18249 14271 14044 25093 14708 13268 20184 17642 18870 19306 11498 22381 22183 7604 12401 19982 11901 15698 12252
19969 11197 13831 24122 13593 12466 14448 13827 7829 16297 17613 4841 9677 19661 20342 17347 7709 15113 14793 20846 5214 18218 13005 11399 18323 16165
18035 4430 15776 39488 17080 18016 14486 17647 13315 12819 34939 1576 24751 21570 5304 12177 15796 10928 12383 12665 13690 15263 1474 14909 17378 13712
18812 10410 22484 18801 18920 10123 17695 17947 22357 11887 25736 19537 35843 19092 14918 8687 6332 11789 20307 30270 18411 11433 8845 12914 9743 20055
8779 9731 17867 16817 15514 22349 15950 24054 14426 16590 22995 13967 22222 16772 8033 15476 14613 14477 11348 16695 7938 19028 16031 15879 14880 12794
11013 18092 5626 16631 22544 18676 18338 20320 8483 14041 10897 124 16419 20818 14489 18574 13864 17776 9173 22708 12432 21301 20790 14975 15418 23347
19578 1638 5914 17474 14625 2340 11273 16015 14877 9250 24333 8640 27879 22472 10723 19474 25357 18674 15217 15389 18797 7517 21688 18349 12214 12239
13223 22407 16666 8035 9247 12911 23758 16564 14793 11320 18753 23524 7392 16552 18951 16993 9147 7940 7694 12506 9965 19459 13740 13777 12726 8741
13373 12133 26588 23577 14539 12492 7720 14267 2895 8803 15180 3572 23344 18498 1699 15213 21096 11647 14314 15521 8356 9558 21652 12263 12712 16605
13472 16301 17521 17130 8747 18008 21824 20674 10934 20318 31011 7454 21189 17988 13473 17652 16065 8179 19048 22013 10518 18185 26134 13041 13397 24493
10983 19353 9046 18541 14649 17213 11768 20193 4805 13567 22482 22284 21511 17824 10764 11383 14554 9900 11056 25538 13742 24494 22163 19817 20821 15544
20975 11678 12880 20026 19502 16158 8267 11877 17236 8164 16573 4167 16739 15048 2700 15636 4952 15561 10194 10658 13138 10250 9291 6590 9247 20710
12320 9397 3821 28439 16604 14752 13867 22033 19607 11612 23863 0 21762 19380 6673 13607 14993 4274 18891 24967 9658 661 3191 15483 6488 11927
12716 10796 22841 34362 9379 15075 12957 19258 7481 12255 19104 24767 24829 20392 22313 16844 14815 12022 13869 21808 14095 24369 12430 17657 7004 21117
18124 11893 13701 12064 14819 20562 12668 18637 16441 10793 25282 10056 16686 22309 13270 11122 13074 8858 12479 25309 18504 28193 23482 22612 8949 21522
17721 14233 7976 26736 11809 14715 19194 26076 12164 4384 15877 11941 13873 17011 10592 14241 9753 11331 10939 19007 15728 15012 13750 13230 18254 17084
8302 23343 19144 9333 19046 16494 18330 19793 13345 8217 14087 24701 21536 16308 6667 11937 17227 7556 20143 12442 14398 15738 17100 18311 14206 23217
5935 17973 9392 20247 14012 16147 13133 18751 12772 19085 15206 19552 14975 18926 28464 20908 12247 10466 13045 8731 16503 30028 16116 16177 8838 20916
15295 13797 0 19580 10016 16706 9828 21401 12800 9549 27180 17188 27485 21864 12086 12001 9671 14866 17378 7112 17292 11678 17381 13649 9288 15026
15346 19948 6891 6691 14608 9531 11311 12231 4518 14907 23671 15551 5361 11225 16846 19007 13260 9616 17032 17801 18194 5643 7058 10689 14211 15262
17183 8934 11102 15902 10839 14615 10398 21571 6435 6201 21943 10367 14656 19173 16581 18480 8297 12241 19000 17502 13962 16021 9934 11669 14490 10541
11323 16982 17721 27796 25778 20285 14824 19528 9580 11804 19999 19984 12010 18656 18110 16714 0 10228 13673 7747 14457 13608 11628 9248 21580 15421
5825 13843 15845 14315 20565 10468 15084 19177 6991 18271 16362 16419 16762 17792 11842 19602 17221 7811 18605 7138 7673 24713 12369 13584 6085 17683
25319 10960 12594 21604 20909 16504 12283 19418 20792 13453 16148 17057 21100 19039 27456 15603 13172 12042 12753 27440 14423 22861 17497 13883 13190 16928
20707 16383 21799 21036 6766 11816 9727 14145 33408 10924 30099 9471 19697 17740 13074 14729 2343 17161 21248 20108 12288 6965 25495 13868 8834 16398
6407 13567 17392 18418 18950 12855 13983 16440 11006 11887 22164 9369 30122 19082 2644 15129 24139 6826 14273 20820 16286 7337 32542 13938 14502 19687
10175 3902 9767 20364 14570 17964 7189 14347 6335 11917 18400 18391 20125 20392 12394 19314 19017 8410 16440 8944 15870 7759 18896 12953 9111 21715
6069 13521 18212 16594 22991 20375 12020 16833 16203 9471 24351 27438 10816 21998 17025 17396 25676 9175 7992 24783 12710 26087 4140 10260 16770 12542
9637 7956 21609 23468 21306 15920 15045 16000 5439 14085 12500 7932 16820 16937 10034 17233 13786 5318 16092 9506 17205 13982 24886 10125 7597 16336
13377 9562 20879 32078 15030 16853 10047 13465 4195 8602 17826 16878 10790 17465 2768 10295 11550 15740 8960 11197 14668 22878 28007 12937 9847 18216
17884 19437 11365 28307 17175 20414 12154 18096 15314 13055 22673 3830 15915 20987 13258 16734 16254 6665 15536 16864 14563 11164 9510 17397 6681 12828
4247 19424 19482 15211 10587 9727 12268 20465 8828 13078 24430 0 22327 19518 12755 19822 9078 14200 21937 14508 17555 11230 24766 19021 12456 14502
16268 14024 8989 18192 14040 7903 11518 15985 8357 13524 19220 19082 9686 12596 22181 15575 3357 12706 20319 14851 14485 4955 14848 12704 7384 20546
13935 16231 10598 9016 12928 15561 16340 14491 9742 10335 12125 15227 17214 15181 20606 17088 7528 16749 11831 18076 16299 4292 9304 15422 10255 18495
16531 16507 6919 9906 19580 18763 11832 17574 15662 14872 8576 0 32180 18367 8299 17527 5357 20034 22820 22854 12443 17335 1427 20102 11916 15208
8017 12261 5850 23693 15153 18360 14671 18321 11743 14324 27453 15489 36052 21205 18813 13934 9623 12510 15123 17567 17427 24707 17361 17629 12544 14519
16931 14569 10428 25968 19645 17991 13298 15135 15215 8832 15713 15407 21459 18477 16376 13552 4612 12420 16836 15319 12569 7583 19740 15902 11758 17437
8678 10626 13584 19159 8856 15071 14337 23420 19697 9684 22768 12940 11644 17952 12749 14545 21050 9603 10898 17604 13496 18376 19684 13524 14785 20298
14222 18430 18788 28707 29029 11586 10005 21694 1555 7182 12812 16521 12352 19271 14429 13746 17761 11917 12297 17606 10006 12826 22249 12708 10326 14027
11669 19000 11202 19028 15748 12801 16260 17286 14887 16486 25821 2999 2742 21597 9831 23528 11630 15948 16004 13959 13922 17810 23646 10750 12906 12319
0 12302 11587 24155 18423 25975 16834 14834 0 21036 26188 12008 11449 14365 10457 13955 7593 5819 17411 21216 16900 14734 21105 16795 7070 16645
17493 5262 14902 14331 17270 20271 19766 14232 17891 7786 27837 22923 20394 11281 16247 19682 13687 12071 18595 21253 13894 13747 16290 10483 16665 11973
11894 5858 11765 33068 22213 24950 17777 18094 12224 10221 29825 7502 17415 18589 0 19480 24984 13142 17185 25291 11803 13387 10507 14072 16295 17690
6072 17307 2818 8772 17222 19323 12963 17707 16115 5608 16255 15611 22506 17388 20861 17852 5318 15582 14376 6328 16398 24564 11304 15030 8388 9155
8685 7723 15770 6992 27732 19344 17010 18623 19586 21302 15189 21109 17781 20245 17485 22080 12818 8409 15159 14341 6416 3333 18356 10150 22846 17633
8351 13404 24717 10816 8481 11947 7368 26074 15489 9943 10199 9636 13664 20126 18140 15393 12621 15877 8467 17786 20627 15507 26723 15361 15231 11553
10389 13671 13684 27475 25020 28374 14549 18891 14796 13855 25552 11435 24897 20984 4614 17819 11024 11717 12736 6610 15091 15209 16245 16956 13844 18486
6735 12701 1033 16810 12243 21447 11612 19225 10869 11499 13444 5803 8349 20708 3969 19470 604 14342 19037 21308 15773 3643 10713 15866 17450 10285
12575 9423 13727 15278 11640 14234 11765 24716 17140 7391 6411 21259 20783 24216 6526 17245 7557 15464 8381 11562 15278 19397 11894 8582 11865 16935
15278 12189 11844 8375 10319 11291 10366 14760 12782 8365 26108 17843 17456 16215 2195 22400 15089 13511 16594 23420 16716 5947 5171 13570 14189 14648
6285 5678 18280 18474 25940 19659 18382 24169 17357 5764 10673 5120 11021 22128 6818 14531 12810 12354 20387 14194 15860 17967 19020 11978 11960 15279
18870 22019 9595 16223 17422 19116 14783 14436 20101 13498 17442 14968 16700 19200 8134 18391 9567 16892 16348 11069 9774 14649 11567 13070 9174 17452
17441 16893 19661 28838 22829 17874 6460 16744 11640 16071 6473 1517 26314 23314 21442 19031 6744 6611 10225 18254 11947 26225 8566 13927 6196 23860
17187 15253 21431 38869 15365 18841 18205 13966 19952 10877 25593 11499 24362 12329 12285 10481 15477 12517 17863 18589 15416 21617 19775 10893 11853 17888
15816 11595 2558 18801 25400 27880 15114 21870 23329 9747 25175 13370 14291 23298 9529 13855 10277 1439 9717 12456 11463 31448 16373 12527 15266 17297
10960 14545 12793 18893 2509 24043 10790 14899 9268 17639 9852 17436 14392 21442 12764 16155 9063 16206 17488 16636 16655 30516 17629 10005 7496 18303
17316 14548 12976 14227 20855 27919 13849 18690 7544 19563 13699 13826 13807 22925 16203 14535 0 13094 21623 23399 11093 6877 24685 18827 12062 12856
4737 24658 14216 14749 23589 9295 13572 19281 12250 16134 14042 23991 14735 14494 0 14083 13343 15716 17591 11077 10828 13448 8496 11130 12549 21898
10033 20136 15358 21196 14915 17502 13886 20375 16319 11316 34172 15555 12773 19146 16776 12232 19088 15261 14629 15769 11017 14804 14495 12698 11226 15245
2517 13369 21211 26793 12796 23673 16471 15246 0 12637 28407 10920 16076 21397 13977 17609 1991 12190 13133 10615 12110 19278 8393 14517 9705 15504
11355 15762 18164 12559 7337 17844 14498 14850 2528 12953 19446 17153 16476 14967 19615 17926 7277 15045 18056 8451 15430 24258 6435 15534 12843 15499
16152 11565 4043 13763 14792 29196 9864 16391 17561 19388 29428 10998 6697 20187 5386 17510 15588 14938 23922 22848 12192 19750 7010 18182 8143 14105
9510 7145 9080 21229 15290 21943 13184 14313 7697 11361 6800 3841 25391 18659 15323 19519 756 14663 12721 19874 15053 12361 18916 11552 9197 22879
8938 17797 8716 29729 21822 18209 22983 20269 8408 13363 19824 10807 15395 21942 7180 17074 24595 11278 16000 23431 11414 9125 17313 13150 8012 14557
14626 12654 18541 29595 20628 18076 12764 17884 611 11898 18491 17535 18766 20151 12566 17647 0 14715 9661 22759 15241 13379 18236 13605 8169 14748
6861 6101 9388 14394 16567 10018 9040 20193 13937 7718 16455 17099 20497 25258 8361 19395 5947 11322 14869 6234 16231 23115 15909 16464 14514 19244
17940 11977 8223 19221 15862 27301 15437 18568 20468 15241 17709 13271 15092 14157 5538 15788 9993 11786 10960 16634 16279 12802 1571 14413 15098 9097
9777 10713 10723 19629 11797 9099 17334 26559 5257 18996 22653 5137 37186 14711 5753 18552 0 10645 7048 15027 11883 13621 7261 14664 17042 16315
20101 19744 15298 21687 11004 15872 19431 15798 19537 12233 17803 15418 19895 12780 18812 13356 6343 12477 22277 23189 11444 21597 18908 14513 5122 11773
17357 7684 10347 20655 15627 17933 10792 21858 0 5902 16248 8371 19937 16697 16604 20711 21163 13193 14890 18672 9113 23752 5769 13015 7856 14135
19681 13072 3537 38493 17738 11399 8527 24639 30638 12009 7207 5178 35085 19333 14684 16580 7923 11598 20080 21163 11341 3082 14417 11570 11097 12145
10269 2108 5685 10563 9484 18437 12541 18786 8855 3004 12060 10996 21088 18225 10254 14440 14510 9093 17126 20690 10341 26580 11439 14535 11128 19147
14774 13794 9465 19982 23688 17421 15685 15106 14383 15362 10675 22843 11231 18769 14861 15585 11418 8190 11228 20023 15439 11909 16269 18693 8573 15850
10339 7139 20746 30047 11459 24206 18054 23672 19690 13844 8964 20808 21975 21773 13350 13251 8981 14385 15410 19651 15126 9577 17764 11901 13661 12477
17265 10870 0 20828 15073 11944 9967 18669 19018 9311 19543 15858 17901 18641 17846 19851 4044 9758 13905 25014 10665 22408 6944 7549 8516 15406
4530 4675 19329 18060 20586 18298 10748 21675 12092 10022 8825 12127 12547 19826 18619 18584 8219 15563 12175 32959 10309 14293 19859 13427 16338 20317
14621 14710 12650 12932 23722 14957 14452 20203 15909 15418 31891 11448 10016 19273 21599 17327 20655 11953 19846 14387 14897 19887 17492 15217 8948 24540
12082 713 14535 15267 21415 11421 6881 21247 6740 15374 24266 22160 14093 18869 8951 16104 3546 15210 14764 10581 14912 12669 11871 16704 17819 13585
17621 11552 7881 13568 21231 24268 13922 25478 15603 17432 22309 23515 15528 17786 20591 10169 12962 15177 15254 19298 22603 20976 6476 12426 16617 14053
13870 1289 4287 26923 23431 21782 8548 20571 9289 12881 10223 24632 17762 15607 16518 13637 19784 19095 17379 18649 11545 19201 9179 13510 13594 15808
8119 8886 7376 14564 11241 15285 20825 19509 13601 7665 15160 12405 19708 17677 9882 15315 10915 6068 22090 23237 10944 18172 4299 14385 8880 16321
16590 12288 7482 32363 23329 12647 12535 19845 18240 0 24595 0 12534 16654 13283 14789 2294 14647 17793 27365 8513 10788 14523 11059 15227 17782
13657 13186 9585 1950 14706 13277 17670 16957 11637 14279 28598 22343 22359 16446 10891 21083 7357 15527 19281 13837 6099 15143 29772 9585 4977 12825
6933 6923 12856 21670 21683 12827 14904 17355 19358 10981 21168 15157 18944 21133 13747 7005 19312 9366 15487 21221 14333 16151 25241 16266 12063 14954
9071 17521 10660 20295 10273 20378 11290 15696 12125 13207 18625 30777 24764 18313 4821 20912 6608 7825 16896 19016 14207 11388 19501 15497 12214 15290
6553 13117 8218 25332 14880 17172 14475 16148 15307 11752 10843 4285 13096 24292 10297 9149 9295 8809 15876 21646 14525 7439 24861 10962 6805 19676
14626 24674 4431 23407 11887 12495 6031 24496 13566 20070 22780 13334 24135 18963 14777 19407 4093 12110 8874 14818 16299 6054 13706 15240 9607 17371
6464 20038 16855 14868 16270 22608 12988 19899 9334 7325 13438 9713 14310 20050 19468 20768 10076 14739 10225 21771 16309 12194 14741 12416 8417 11563
14938 6002 14444 20519 15762 11493 9010 17873 17197 14743 29382 15062 28211 18717 7436 14409 12756 7110 14288 16012 11180 11013 3551 11842 13833 16791
12474 6472 10446 21179 14268 15220 16732 14257 7901 6458 17775 12516 25358 18358 18639 13935 8914 12194 23468 19642 13307 11739 27643 16491 17364 17406
8737 15377 19770 26859 20018 14040 7926 20066 17324 8915 25656 15696 19040 16900 3798 12835 10237 6714 14221 11045 7965 17659 12741 19287 10920 12079
14691 10986 0 21522 23463 12718 5075 14768 23810 7786 24413 26337 14434 16771 7038 14635 16576 18589 14575 13005 16518 20736 15109 13235 11897 14741
14710 15143 17084 23164 19667 17660 10802 20773 8557 11428 19116 14202 16105 18082 2284 21593 30277 7637 8244 11487 13617 25956 5938 15925 8830 17231
4713 19003 5360 13906 20162 15659 14269 21170 14714 14166 17187 27553 19581 17455 15831 20174 18676 16156 15668 21176 9178 8403 17848 8376 5490 17078
5105 10438 13694 17062 17142 17051 11237 17898 15881 13672 10705 10997 11406 22378 11215 9733 2252 14351 12541 14071 13370 13956 8538 13405 15165 7987
13167 14497 0 13840 19366 20687 19353 18504 18448 10727 26519 10218 16194 21806 19731 15584 3856 23707 10191 8070 12214 6570 17636 11220 10242 18892
14278 13751 9786 35962 16437 25305 17100 17291 20300 18732 24949 19563 16591 13235 4603 11390 13437 12667 20416 12980 8613 25913 16708 17878 695 22155
5353 11368 13858 20737 18602 9888 12161 13502 2256 10135 13438 4409 12511 19166 18849 17247 21185 17108 11555 17302 11622 14213 20514 12643 13862 16551
14074 16000 12408 18409 18313 4449 14814 19605 19653 8453 22751 13817 28045 15024 7619 19892 17900 14510 19067 18450 9568 5726 24923 17531 14174 14800
17351 6024 23931 26790 17582 14782 8264 20603 12339 14508 13354 16689 14307 18210 9908 15276 6609 12916 13144 27377 13866 16747 25215 12224 8318 10947
4580 13035 15283 16276 22576 13109 17232 25722 10025 9162 6878 16745 20292 24656 10908 11674 5977 15740 20424 15848 11396 19997 12513 16538 17008 8152
5082 14919 7055 19953 11165 20460 14444 16542 15412 17693 23926 15030 28523 14888 7868 18249 11146 16594 11593 31691 14477 14003 14640 21108 11562 18464
16224 15364 21048 6020 30393 10677 13035 24450 14849 5466 15664 22206 9750 18327 17144 14321 10158 8733 21534 20751 12121 13286 8469 14641 15577 7670
19101 9051 6526 28658 21459 5880 14613 17015 18615 15003 15908 0 15699 22580 25133 14619 10736 8063 20548 21825 14300 22902 23787 15546 16748 14829
17955 11268 3111 31644 21774 16953 11510 17857 14685 5560 14692 8619 13955 18089 5708 15889 10485 6394 9800 24328 16050 19393 14943 17937 14337 14011
14329 9616 17645 32714 20016 23294 9618 21112 8173 19637 15140 2503 21529 18519 7193 13887 28221 16005 18319 6317 10777 19872 13133 11824 6880 13502
8220 22110 15084 28266 14205 15605 13533 23048 16391 10490 12322 21928 26120 15191 24253 10865 5915 10223 15331 7692 11560 10154 13117 12791 14083 12173
20295 16430 13671 29911 16939 14761 15429 14378 12028 11540 23181 15186 17611 20856 5700 15084 5429 18237 8358 19902 12155 14608 14097 13898 13494 13602
18930 12853 8558 22334 27494 20157 12019 19017 11593 20389 19518 18231 33919 23657 17065 15338 9653 11169 9112 21098 14643 7738 28404 13357 15082 26022
1379 8379 12724 19460 16041 11859 16001 23536 9863 16468 12649 16533 15418 18406 14778 18303 0 12888 18050 15820 15159 13654 22209 15921 8889 22308
8814 17604 10297 22990 11149 19696 11945 11415 8437 16456 26767 13347 29432 23603 11297 24326 11282 18558 10302 26570 15195 14786 2887 15732 10296 15552
11169 20038 8940 37828 24766 12333 15056 16861 21283 8595 19302 8281 18622 20161 9017 15390 9523 12445 18082 27157 11018 19324 26294 15852 16925 14617
15658 10625 19181 7242 11947 10866 11427 25062 20637 15085 20119 21206 23430 18861 11148 22134 9470 2867 16964 15991 14824 132 29981 14584 16296 9872
13805 7478 9113 10418 18980 11301 14717 21282 14521 12007 10552 25685 7518 18130 13870 15293 22677 6843 15415 30510 16196 0 8559 16702 9052 8880
3071 17096 6249 25964 10964 16972 11606 18325 14975 16196 17353 24481 24453 20804 18243 18149 13308 7962 16048 12216 16507 20065 9537 13600 13033 16767
5086 20888 11545 15753 18636 17543 10456 18107 10001 13367 15359 13862 7415 15604 12202 17059 5771 0 16554 21638 20528 18903 14163 15016 3762 11982
11779 22702 21871 14758 8881 15820 17313 19222 11308 10094 29222 14930 26172 17284 14395 14037 602 10004 23803 5916 10011 19404 18983 15518 13927 12599
18036 21184 9034 12380 14270 17381 14601 16325 16116 14861 17174 9642 16745 17624 12117 19248 10345 12687 13275 14796 14845 26379 26874 11764 6942 14915
17573 19958 10479 25773 20027 19073 15465 18468 8422 15717 21817 20256 24810 18108 23172 15748 10129 18966 18950 16516 10469 16002 14332 15385 8207 13092
12342 6372 21165 12114 19360 20149 12561 19393 21882 2712 33297 11501 2888 19903 18297 19178 8597 14931 14191 27197 10551 6692 17842 14415 7115 22289
18892 17230 22756 13339 8831 11722 13326 19197 8355 19561 16040 7547 27373 19067 19579 9397 8439 9403 6403 17970 15813 2501 10537 15755 15264 13542
22129 14810 10290 13375 20770 12148 13482 20151 10880 6869 34394 18112 12661 18521 6760 19725 7819 11858 22289 17575 12608 9774 7567 16537 10757 17783
10655 29714 7284 16965 16528 14697 13600 24749 12987 16677 20327 20786 25706 20245 15680 11570 4834 16160 15963 13618 14739 449 23247 13435 13302 18138
20086 18508 15574 23572 18920 22575 14865 20811 6820 14241 3565 24873 5627 18694 6436 14647 5576 15562 23094 19799 16087 26637 12558 12545 16050 11995
11984 17495 6417 23494 11178 11434 11330 14233 12588 4465 22003 10360 26298 21214 11374 20994 12085 9072 17813 19288 17761 1930 22725 9886 12239 13070
21860 15481 14759 14732 18564 25742 14454 32003 14311 14262 28357 9841 26005 18373 16438 19477 4660 9019 13860 9813 7517 16602 19345 15026 9710 14477
9064 10909 12425 29355 28083 21497 17888 20747 9117 13115 27011 13194 13746 20863 16644 13639 14445 15587 14143 15644 13782 20135 9724 10415 7094 16499
15722 7533 3907 18662 20139 14292 13522 13470 14048 14224 24439 8486 13300 19148 10857 14230 16341 17792 15972 18417 13323 18865 12440 12046 11099 11852
10105 11941 17230 24934 22774 19897 11504 22417 0 18739 29465 10056 26851 16778 0 14897 13071 11572 19719 12856 16430 12525 23569 14886 17600 18665
17176 8657 13227 33244 11216 17538 15003 22818 11180 5405 17733 10719 19735 19805 18414 10957 9109 21598 20375 12043 14235 9213 10205 11181 11420 15419
15778 7912 11114 14443 8732 21597 15019 20452 11821 8986 12945 17404 8743 21205 21270 20562 11003 11139 17073 14649 9437 11020 16892 15469 12901 17853
8626 24503 13382 14028 19479 15922 12188 19557 9583 12590 31308 10063 28500 16678 8344 14643 7828 18012 12240 11574 10264 21699 23786 13350 15830 19417
6852 20859 2944 24925 16549 19175 12955 23322 12796 16706 21080 30586 13755 17109 16905 16512 12143 10816 10214 25316 12892 15541 7830 15687 12566 10203
13151 10132 6096 15755 15854 14369 9778 19130 27596 11830 27253 15420 30770 15783 17838 18762 11643 13002 20326 11113 11548 20286 15512 12020 12279 17489
4789 11197 11600 20436 20226 14418 14226 18889 15228 8923 17510 11937 23611 20981 10250 12332 10859 9053 22078 9363 13721 10893 21135 11777 13843 21784
22569 14639 12797 28562 16655 23880 17220 20348 9227 9921 16906 18039 23955 16375 6652 14075 9378 12369 7171 28501 15368 23613 19877 15449 9100 12398
14039 19867 8580 18743 19972 5849 14620 15335 16712 8842 18129 24511 34453 25772 17819 18668 4669 16066 20476 22879 15338 16985 19545 9846 12762 16564
12453 12982 11994 33570 14934 28990 9478 21143 15580 13021 28845 5745 14128 23490 3592 18750 10531 19494 17412 15543 12366 15797 12797 10399 12964 19798
11339 17316 21818 20831 21738 20592 18188 14511 10221 13720 23839 16252 24928 21018 956 16113 6575 13337 17618 18805 15301 14477 13378 10562 13866 20467
10594 1755 20282 27262 16454 25103 10272 14933 6648 15222 17143 10338 26143 17965 4817 16202 5417 13965 23825 16714 17608 13110 10906 13406 7806 21250
11410 20915 13689 30298 14633 10602 12532 21700 4649 11508 13931 18609 17642 20246 7523 18274 7937 16592 14565 9826 11802 5022 21090 16201 9687 17893
21561 17150 12122 19794 21651 11549 12700 15099 1480 10369 29537 15045 9961 18209 9474 13098 11253 13777 11372 23794 10833 13414 0 12025 17010 13526
13702 18155 17684 5207 21589 15059 11070 19220 6688 20295 32644 7700 21929 18955 0 18324 3546 10786 21544 23732 8127 11807 21656 8512 9928 13921
11568 8817 11724 6109 3622 19873 9829 12965 2256 9751 24876 9955 23879 16805 10743 15798 7962 19954 14642 10904 16757 18186 17011 14057 12774 21995
16155 14966 17707 26627 24118 14870 13417 14355 19002 15060 26309 13700 12596 16055 2537 20636 11685 18372 18168 16944 14904 20638 4783 9615 7750 17870
9223 15273 5561 26423 15392 21364 9090 18457 10287 7611 27630 26262 16858 20385 16931 16431 14085 8629 16676 6741 16097 13755 12870 13495 2876 17906
4099 12034 15722 17139 21067 14426 13810 17747 18504 13847 23157 7841 16134 20585 17824 21130 5931 9922 14798 24700 18157 15781 20246 18468 4418 20223
7602 15981 11316 8623 11667 18227 7758 15964 15124 9534 11947 17409 25169 18685 5992 12517 3545 10680 17817 19092 6144 9049 27386 11988 7294 22107
17010 9557 1376 13691 11420 22721 13762 23055 9821 17180 17718 7959 13088 21565 11311 13711 13119 11865 10031 18403 9481 7891 21735 11542 15200 16860
9142 13035 14691 0 16449 20064 7535 16431 9158 14946 19889 4271 8560 21289 16939 15768 21831 13482 21165 11066 12302 19066 15482 15597 8364 13508
10185 18587 13408 23183 13328 12908 7056 16057 0 5433 14523 7157 12303 23290 5691 17491 11092 10504 19561 15008 15774 1020 7689 18610 10678 15355
8870 21743 11460 30336 14069 11852 14020 24495 11461 13205 21085 3447 17018 19206 16691 12503 3906 13560 14969 11922 13452 23730 11827 14164 11440 12239
12516 9412 5639 26815 21933 10784 18016 22419 10720 8041 30045 7518 23612 17575 5144 17265 7291 6172 11677 15748 10048 475 14594 14543 6551 21441
15044 10708 13497 15363 17661 16481 13967 17919 8186 10446 10994 16312 21512 22768 14018 16686 14367 17260 17453 21206 15504 23822 24996 15108 9542 16497
17176 16880 10160 18679 14407 10843 19389 22907 12161 10115 18416 4544 14902 22317 7690 9243 0 12060 19638 19055 19917 13876 6998 13195 11549 15506
5988 23719 13336 34478 9260 16410 8924 21503 14992 11047 29675 12603 19525 15885 25334 19964 5551 6861 12847 19864 15565 10218 25221 13627 11022 13051
20574 12772 10525 3204 14983 19369 19300 17450 21192 8390 20902 16985 20660 15275 1722 13198 16076 11660 6026 11990 9350 18668 19940 12589 12714 20270
14362 17395 14644 22148 26920 20707 12228 22812 10642 5215 25781 10858 20018 17462 15019 21826 12528 24286 22435 19638 12602 11376 10304 11988 14844 12123
4479 18270 6444 16931 32004 20147 5916 22845 13495 21690 19034 10443 13502 16486 1521 15640 7146 12905 19022 14894 10936 12238 14600 10582 6468 19002
20317 13784 14380 21308 23965 13641 20194 18047 6551 11046 34967 4835 25248 17481 6726 12367 2225 13262 14145 29635 15787 9665 14762 13151 9536 20967
