365
50 4 41 9 23 1 60 35 77 60 37 61 55 77 99 27 64 36 88 62 27 55 20 22 13 52
19370 15911 23894 14758 20621 18678 5791 15330 19156 6563 2408 20654 14021 20386 16214 10768 17826 20139 24983 13933 15377 8763 23461 19738 26769 9693
8921 8034 20738 19232 4927 14607 17558 25950 15391 24560 7636 17723 7795 13374 14590 14279 7302 14736 24641 12551 11476 8108 21535 17550 11556 16998
15721 11977 18497 23342 21542 21488 22068 6767 10951 0 22253 20178 13117 6983 9968 11773 10333 19363 25236 9534 20451 22811 19664 12710 17260 6379
23036 31733 16363 28976 8582 19731 20358 1203 23016 10375 7665 19474 21214 9085 14945 10843 14208 22902 9226 14444 26234 25716 11348 21110 26313 7670
8591 13321 21187 24028 14636 16849 9137 17639 18264 11590 19514 1081 18017 9290 5750 9221 17821 19082 19107 14332 14685 19809 19985 14277 9380 17434
24483 16957 19892 16006 0 21032 14468 3489 22120 7025 11976 17770 19653 15784 22369 13365 8030 17585 11973 12583 13733 11783 20676 17853 19798 18768
21856 15645 21592 15648 3692 19344 16201 12503 7748 7182 20007 5762 8030 6819 23532 13346 20314 19230 18634 7920 16155 31628 18650 12759 16283 10482
19867 0 15743 28728 18666 17529 14619 11094 21131 8028 9344 4893 23474 7810 18273 14964 21838 20913 16305 10711 19965 7675 14940 18887 8258 16859
23899 9613 18704 20738 14958 14740 19342 18008 12284 393 13831 10042 9392 11955 17571 14412 10409 14894 20629 15285 18624 13357 18035 16463 10 22421
19633 13334 18914 12280 24086 19719 7178 7723 20903 16322 14317 17538 9609 15198 23850 13669 15163 20977 22509 10321 20224 19158 20187 16537 9133 21080
6656 26105 20615 25292 12471 19364 17236 9670 12257 8038 13558 8602 21415 19494 16307 10701 8620 21138 22142 8437 21064 22023 14124 16835 7737 9137
9406 6366 19565 16539 16266 16663 14665 5070 17981 28002 8305 10571 16392 18177 21634 12889 8384 20757 22884 10183 11512 7684 17936 20369 8335 15224
6234 16379 19924 22323 22530 18264 12311 15035 8841 11038 5837 18887 20074 12117 18361 8510 11682 16271 15259 10625 18631 23588 21330 22298 14425 17189
12093 0 12533 17736 9873 21134 19565 7810 15373 16743 12828 12166 17288 11284 18586 14924 3598 14343 29725 15716 18080 17957 21511 14594 1251 13005
5916 10679 19578 21162 3555 19335 18285 16564 10414 18254 13090 11812 19770 13694 15193 9932 6160 20192 14530 13975 18833 8891 19881 23065 12501 20072
9646 22918 20303 19781 18097 22948 17676 16205 17864 16749 14014 14902 21372 13478 14904 7871 4188 17637 18412 14853 19177 18756 12654 21069 5546 8284
10080 11767 22220 13843 23420 14288 22113 4575 15646 18713 7430 18565 12169 10511 19612 12469 14432 22202 20145 11286 19977 18010 17549 15169 23529 27860
5638 19364 20158 23858 23613 18159 10839 6149 13286 4185 5246 9328 23947 16027 25931 14577 1914 15382 25074 9709 26402 30577 23003 17414 14688 12333
9029 20112 17980 12009 41833 25033 19362 11135 23329 7918 18088 22283 20635 21157 26022 1774 14972 21240 19460 11558 16219 26979 19998 15868 6218 14194
11871 18427 16929 16629 25347 22588 9391 18264 17628 6301 2555 10053 9310 12475 26203 4731 2521 18254 13857 14365 15602 12117 19145 20682 13880 24435
1837 18598 20908 15573 15092 13924 22786 7424 21010 20539 1554 7965 13832 15459 19552 12183 14198 20821 16089 14270 13227 20690 17641 19411 22352 13270
14849 8976 18351 25608 26865 15058 23953 19566 23989 6705 18405 11034 18033 15524 21605 8077 13256 15434 19074 7082 15325 13285 19483 25066 0 17830
20237 10516 20955 14764 11352 16517 15452 158 16248 10192 5716 20598 7360 19012 13653 13474 2176 17957 24619 6155 16223 19754 28015 12321 3301 13286
18546 6847 17925 20263 22730 18733 21247 6010 10860 7367 2938 16025 12767 8014 12804 12686 12239 19528 11255 7637 16530 13098 17106 19388 11856 21894
17543 11298 15535 8329 30996 18691 10359 10442 18245 16643 8722 15003 9697 4211 17350 16519 10738 24393 10848 11300 18342 8016 17390 17970 10669 909
16290 20883 21202 18743 14723 21247 11792 8381 16913 18729 13277 17179 13236 15161 16064 5878 1500 16990 17963 10938 18053 23613 18773 13858 10404 17362
8212 0 13079 19765 4863 15326 17175 17313 21196 12915 10581 15006 13324 13858 13617 10662 8687 21056 10960 14572 14582 6731 16998 17275 5726 13584
18190 15361 23702 27577 21002 28366 22029 13938 15755 22332 11686 15807 24451 15065 14684 6772 15185 20613 19503 12519 15271 29001 14734 20667 20384 5408
20039 11855 17426 17297 17415 15838 15965 4545 22439 5652 11727 15018 16741 14680 21479 6014 17143 25043 23457 9754 21353 12256 20525 19255 21114 19964
11078 19542 17195 13512 17762 16911 10023 946 8487 5976 6175 8072 14972 14075 21273 12037 11318 12045 12113 12053 22708 37446 16315 16010 16040 14706
1600 28050 21898 16221 19843 15627 9581 12280 20764 12745 13939 15197 16383 12856 15610 11725 12897 19629 24294 12498 24567 16638 17044 20394 8097 12596
9270 16794 15189 19138 22930 18673 18114 15099 17563 7100 22388 9159 20399 13639 5532 7798 14165 19401 12492 9616 10234 17302 14683 15855 18356 13866
3771 18731 12283 14022 9601 19633 15167 20291 20866 13089 13821 10511 18714 12835 21371 11747 11702 19685 19503 10011 19057 11452 21380 20754 7428 7275
16006 14838 20327 26461 12048 27330 10847 5037 11768 4101 15493 11624 13107 16316 22469 4747 2583 18702 15527 14909 15919 21181 16814 21283 5844 21126
9026 0 20105 29973 23762 17346 16087 17839 11738 10581 8478 12531 14029 13661 20576 10576 11622 18851 15011 12055 13578 31712 26610 18072 23223 14817
20488 20266 19597 18369 18838 21411 13906 16932 12376 3458 9695 20037 16053 12234 15862 6604 6869 16880 23282 11178 18050 17901 14019 12161 13408 23335
16397 7881 17806 23027 4906 20279 22782 12334 19879 22563 15362 11228 16244 11709 23985 9360 21419 17794 3004 10402 14559 11891 23000 18132 10683 14200
9669 8639 16154 12707 20800 25161 18578 15630 14917 3052 5246 15775 17827 9080 22096 8732 14762 15068 17360 13495 20376 6401 18210 5672 24416 14939
1238 16258 20777 11973 9749 20707 15121 12175 19132 28499 4992 26398 12369 13702 21596 11017 0 21929 24921 8433 14448 21733 20665 17284 14387 6664
20812 16932 22919 18599 8675 18112 8917 11631 14111 13023 13838 13031 11960 5208 26364 8088 10304 17959 21109 17249 21721 18790 21162 21912 1681 21648
5477 923 15582 10220 24661 18743 18832 11566 20298 10555 12183 2416 13394 18519 21108 10329 13359 23806 23067 12072 22463 24676 22821 19281 13565 11636
11752 14896 15533 21702 19989 21213 22204 18387 15980 3234 24439 15364 18151 13906 12985 11645 16924 20682 23105 17126 23386 21365 16653 16706 23537 4645
21081 26529 17098 20917 19279 12461 23722 11474 16922 11495 0 11965 8984 14437 12304 12502 17281 18711 23263 14028 20104 19654 16381 13977 23119 11846
8521 21746 13645 9627 18736 21163 26580 1954 13257 15758 9911 8992 12557 16997 7873 12330 11995 16851 24985 14386 16919 30807 23892 21498 10308 13809
14893 8930 20760 21021 23626 25195 19024 6285 10947 15686 18113 16837 10277 15205 19627 11124 6560 19101 15159 13712 15718 30477 15020 21468 23118 8175
8651 10420 19105 16233 18480 20167 17856 19230 21311 6534 2225 9504 15201 11894 18207 12905 12244 14255 8661 14706 16844 12142 15286 18358 30712 11388
9923 13612 19136 16425 16557 13617 9384 16635 17785 7342 11988 20312 15233 3241 16646 8914 13052 20063 13467 9960 18957 16494 14793 22195 9095 23164
23920 0 18586 13414 21820 18014 13207 10034 14065 3580 13193 9221 19655 12366 17721 9942 4939 20980 13403 17666 17888 31366 20010 20580 0 11005
0 0 17568 20643 9031 22904 12060 17351 27988 18394 15630 11304 15898 8308 15408 14581 15801 21786 24623 11874 19494 18314 20075 24402 7994 13174
19097 19177 16290 26088 18212 22747 11068 15250 20526 14949 17704 11839 12689 13304 22717 9401 6084 20603 14769 14269 24115 34396 19724 16053 22013 21709
13238 5960 20007 13106 5584 17765 27384 8563 13268 980 15733 13517 17228 16117 18767 11726 17633 18069 14875 7160 18980 5963 16206 18233 7137 31134
1635 20807 17091 23178 22982 16295 14892 10271 20447 12285 15785 20633 13702 14606 16564 9128 13045 21480 19163 12418 18848 31694 21709 12006 4804 12058
14706 11965 24487 13493 15979 18108 24479 13960 16369 13870 5561 11611 9540 10050 20258 8340 7971 20742 25224 12178 17357 18911 17465 22302 11835 23428
14429 12095 17351 14322 4028 15852 15041 17150 19696 19948 18266 11562 18291 10216 22945 6338 19593 18780 18397 13998 16286 9159 16768 21077 3184 14456
12465 3722 20262 21097 20368 14056 25538 7489 13333 11558 15466 11134 13703 18503 17867 12226 25699 21724 19807 14353 17081 18612 18308 12652 20872 35047
12154 17764 19911 21357 30132 18148 30163 2362 4084 3406 22007 11947 16353 17498 4913 13572 20292 15553 20362 12610 9151 17217 16975 19582 6973 14474
21458 17563 12158 14070 29308 14885 14555 30248 11214 8859 8115 14123 14434 15646 27286 10093 13625 23092 14263 11517 15702 19553 21272 18315 9344 17044
17099 13710 20167 15540 11074 20480 14216 19251 21630 3982 28066 12823 17710 8190 20973 6996 0 19388 19483 11905 20335 8184 16004 19016 6365 13859
9199 21204 14510 11102 22420 23534 12317 9210 18422 5017 5112 14109 8821 6273 4725 16289 4434 20489 11003 12168 20364 13458 19369 14981 10031 2167
7186 34649 20920 14652 3620 21318 6898 15897 18630 14785 16669 10210 15591 15853 15519 10437 7630 20266 23023 7741 20419 24447 19489 20964 8010 15359
6260 4465 23619 18753 16194 21270 20383 13430 18088 14980 10534 8397 8686 12988 17843 10453 12444 20495 12793 10210 20610 18962 20581 18144 12306 14002
11689 11676 15590 16832 13173 20243 14770 16460 12879 15665 10561 15384 13081 13676 16772 7678 14776 15891 9500 9776 18751 14113 14665 18294 10885 26356
18625 14476 19456 18932 24571 15216 16779 15252 13877 22338 19150 9301 13304 18332 18798 10651 2817 18001 14450 10072 18449 21129 18465 17206 12659 23528
10862 23223 21981 10891 17040 16935 16061 6816 20337 6981 923 17397 8266 19270 10513 11436 3313 17615 6861 11207 21970 9870 17753 15319 12206 29623
26658 16553 20432 14812 15112 16337 12220 15770 14672 10402 6580 5485 20724 16031 20128 8422 11331 18557 19083 12827 18190 19379 16136 21879 19841 7559
10778 17435 21295 26921 15373 18386 19762 22265 15242 15430 22128 14390 13807 12665 26087 11707 18438 17013 16074 17145 20392 29185 14770 17247 23647 21953
4142 14200 18381 12352 21097 21429 9281 15846 23012 9814 3863 17196 14737 10037 21932 16365 4235 20235 16262 13994 22808 10788 19408 22963 10455 11608
4655 6442 15591 22745 16487 21393 21080 11883 16685 14203 11953 9511 8120 12114 17129 5188 11895 22256 23674 10842 22922 14691 17921 12633 19772 15325
0 5103 14020 19230 9674 15713 25435 24171 23097 0 13711 15356 11630 12249 11538 10017 10051 21728 19983 8081 19662 35300 14118 11984 13690 24424
3289 8461 21402 26321 7910 13454 1478 8043 14313 22907 5079 17234 15614 7849 23508 9056 7415 19327 13169 11597 18500 12010 16916 22847 5354 18849
19462 18209 8118 13857 27772 27870 16494 9395 14649 12616 2068 20583 21024 13067 26287 9542 13682 18750 14776 8042 11025 28796 14677 20181 22323 14327
4108 15957 17899 22280 12057 12519 13702 13873 17546 10784 7196 13882 18209 16632 27647 12737 9922 17920 10649 8797 24149 16508 16882 14570 14003 20900
19710 17007 18420 25155 25672 16424 20278 22232 16736 4080 19117 13414 7846 14893 16787 8848 9463 25788 16932 10902 19526 14974 20978 18807 8519 9282
14332 16054 18790 24410 10450 17358 17877 5627 14235 11637 2675 9326 16509 7914 16442 4575 4427 20017 12875 11033 21680 8465 12909 15540 26575 22470
12417 19297 21818 19918 19593 13880 17443 18252 7008 7155 11776 8461 14270 8959 36561 7911 651 19256 20432 9821 18539 0 19871 12151 21022 14155
22948 15120 21973 7885 13438 14563 28135 12152 22009 2261 13214 9455 15663 13640 12115 9272 17442 19714 15650 15980 23035 14549 20366 17677 14960 10071
27473 16865 16736 15026 17124 17813 2615 20701 14893 4752 23011 12457 11793 11133 15342 5626 10837 16940 10827 9800 16530 9536 16273 12711 12036 10579
13748 20842 23328 19034 13389 20341 4331 12188 12063 2391 12142 19867 10394 11441 25983 10597 3026 24877 23345 9739 22561 31976 18663 21189 33101 14589
24352 18656 20526 28547 18879 19882 14454 10944 9555 18772 17139 10610 8851 16044 16871 9402 19138 20226 14034 6441 17471 16256 19545 14965 0 1655
20073 0 18577 19352 20434 19612 27480 14535 18585 10448 26860 12515 12141 9219 11520 10994 10745 22920 25473 8466 17764 11171 19765 24328 15539 10919
12310 9812 24362 18103 20679 21364 16389 8433 26838 19221 22152 11331 12367 21189 4348 12443 5664 21374 22394 10433 29215 12460 16320 26908 16743 12669
22074 0 20483 20764 22429 15762 4244 9563 16019 5586 2809 24826 6371 12349 8879 7573 13377 15650 27879 7448 18480 11175 22464 10361 13248 14839
19558 7108 13945 14096 27318 20047 13995 15564 17082 15652 13008 16764 12000 12160 18664 7171 25610 17465 23027 6576 17187 17516 21739 12854 14227 17651
16175 19118 18262 27304 24768 19460 18518 5264 20431 2833 12257 15636 7541 14088 19891 16765 11185 22440 14761 12283 10802 22077 16254 16633 9651 14775
8184 8538 21202 17191 16960 20992 8878 11141 3614 12741 12913 3475 13080 15186 20995 8784 16632 22468 19169 8777 18244 16077 20276 23553 18361 21659
27626 12692 17716 22675 16726 17870 21114 16044 18192 0 13424 18606 15223 18193 18144 11136 13406 18420 31251 10682 18632 13141 13892 15958 13091 17651
6398 1702 21724 23393 10272 20118 3668 21040 11019 9044 30393 6578 16435 15211 15404 7513 30265 18520 21902 13711 17561 25042 21398 18016 5518 16998
5691 12069 20937 18102 18405 18315 16870 15763 817 16156 14458 11640 9357 16902 14017 8211 2491 22820 15554 8828 18517 13667 18328 21086 19483 8509
23185 13046 16388 22914 15992 19211 18216 16330 22719 18839 10959 2836 15390 16011 26329 14717 6458 21016 16280 11773 22791 12849 15593 13411 10349 8077
0 16552 22497 16849 22701 15440 9414 25560 16233 12374 2266 12439 9850 12294 10819 9844 9700 15297 9796 14532 16591 9257 22356 21220 9223 33451
18105 20356 16871 15843 36602 24710 15274 12107 13169 13807 9723 9581 14472 14499 18284 9148 13516 21985 12286 11154 16072 22143 18613 14774 9326 4496
10381 15186 21194 26241 15707 18597 23024 10399 20830 0 8426 8678 13299 6244 14497 13808 7734 18259 27077 8043 16805 27764 15839 18112 9246 9020
19066 12122 21723 18232 10898 19503 18194 6295 12442 17588 15334 12136 9544 15311 12984 11091 16660 17910 9402 11664 21658 9482 18735 13616 7161 15336
11361 22883 18925 20618 16207 14831 12461 18649 11286 1751 9889 15914 18665 20905 20071 8290 12073 18382 20260 10046 14697 17288 17335 28570 7450 7619
14781 8671 18991 18319 26946 12912 20476 13644 9916 23956 14096 22958 22510 9516 16809 11358 6801 17712 21144 12881 12541 19084 18275 17237 14643 6150
16802 11740 16368 24270 5618 17817 26337 10189 21282 14648 17442 8374 14557 5939 15187 13324 8336 23194 17389 15428 22046 14792 22275 18036 12422 8416
15229 18548 22204 21272 16434 23380 19226 9994 16535 3086 8256 14469 14903 21727 26522 7477 15733 23388 19557 13371 16697 15797 15096 15580 5646 15845
21543 21182 21253 22944 15327 20715 12409 11454 15170 2193 18098 20938 16597 13012 16201 6561 6392 22009 24717 12816 20981 25215 12967 16075 17017 0
4304 12388 20077 17673 9992 21636 18388 16127 18750 10091 9169 13400 10788 21915 19338 10717 6541 16442 24815 10058 20932 17094 18122 12911 0 28571
7169 19168 19011 18777 21333 18268 32590 20654 21713 7755 4453 2701 19159 13555 18328 10767 9821 15671 22172 10342 25375 26114 20181 14423 5986 24942
23411 29207 17353 20819 4083 19851 13817 11427 14704 19926 3124 18965 10538 15160 23097 9789 8880 21428 17724 10386 23887 15068 17065 18714 23962 18763
7915 16506 15150 8571 10331 17303 10608 19934 14840 13052 18755 1865 9736 14689 21208 12130 17049 16650 20455 9578 16444 24188 17343 16438 13413 12397
22259 23596 18215 19650 20464 26772 2837 13954 23558 21830 10683 24362 17672 11666 16403 11660 24019 18542 17047 12655 19872 886 21151 21484 21649 17285
19668 20542 16412 26699 11118 19866 22833 12971 21632 14747 14924 23837 15897 14143 4591 10684 6834 22772 20214 15422 11418 11293 19531 12150 8331 10686
7628 5947 13669 23519 25850 20982 20245 20827 20400 3518 12025 7886 12657 15375 17653 9283 2698 19620 23785 9539 12489 8785 16568 20008 8439 9582
6603 30913 19234 10800 27904 23506 32216 10050 17903 6153 29393 11473 19337 15954 20524 7836 5113 18406 21975 17330 17849 9880 16886 12177 2359 8410
0 16185 15401 27397 14408 15328 27768 18369 11934 1124 24190 11807 19080 9473 16472 13404 7707 16195 18464 8215 21643 30029 22954 23432 8196 23792
20959 16808 18542 20880 17443 20004 7916 16975 7604 18545 4723 10599 15405 18295 18912 10908 11349 15724 16890 13373 15757 13060 24232 21277 13757 24207
10180 13415 20149 27564 10626 18558 18808 11534 20168 14758 15501 15346 12767 13296 12860 13897 19781 18760 18197 12967 6144 30914 18195 22081 10020 18638
10661 9210 18759 14055 11840 23497 27092 9407 12154 19191 23992 15163 11856 9174 16067 14354 9293 20953 16279 18420 19381 16605 17977 11063 1886 17822
21685 26289 21337 14300 23268 22904 16847 12438 15156 9250 5598 10624 17746 13276 18264 7941 6178 18064 19236 15290 18879 21355 18997 20276 4769 17359
16621 10858 16164 20314 25598 18938 17507 11747 15575 21433 6352 10329 12327 14568 21736 9745 7067 17742 22342 11592 13159 27822 15980 20208 1669 20761
15146 26571 18821 21032 10815 24462 18596 832 22132 0 2939 14547 9361 7983 16581 8383 11802 19027 23107 13017 15523 20784 17040 21294 17346 9766
3746 22805 16932 16997 24313 15969 16521 14143 17852 4582 12348 13284 12609 21517 16701 9566 13710 17627 22119 13475 17686 0 18316 21312 17382 12012
622 12247 21465 16799 11482 18051 11912 7187 17181 12953 17336 18967 13683 14933 23593 11707 4360 18185 14841 12008 15772 23282 17140 18332 9342 7244
3981 16238 19442 18248 3429 13878 17068 17478 17774 6836 14599 10860 15142 14385 13944 7100 15028 20815 9852 6379 22288 14959 21492 20835 8803 13429
27738 2922 22092 20348 20572 16943 19561 9600 12252 5130 17748 11977 18596 12302 14783 11328 8504 22566 11977 13520 18616 23383 19109 12250 3723 15981
25318 5380 20460 16794 12634 22344 22013 14472 20035 12642 6115 16807 14537 13575 14008 13549 10406 16156 22338 9041 17892 21068 16790 19624 3481 12192
11608 23059 22089 18256 27971 25308 13224 9113 17014 390 15449 19109 13604 12091 16267 5287 17260 15670 13343 12874 17365 22933 15074 16431 8821 14708
21440 17194 19159 14262 13963 17686 21724 10068 18690 5555 17291 18639 11118 12513 6917 14458 15685 20462 19672 9697 19187 18254 17916 20700 14727 29387
22309 16260 22300 28793 17244 24230 29283 6975 18027 18250 2749 13790 16024 19321 6987 8487 8039 22984 20982 12968 16162 17254 21393 18018 15434 19029
16925 5591 21524 18585 18389 13007 20769 4374 22529 1120 19191 11919 14399 10399 18877 11870 15093 22610 16143 11904 16171 6598 17671 10030 10754 1729
17249 9031 20488 21741 15050 18663 16118 8557 22851 3024 10790 8584 14513 10927 20842 10671 14063 21411 21527 12916 20039 7226 19469 21673 13320 20672
8346 15325 18478 19125 20255 20499 22891 14028 14262 13995 6115 16593 15338 23785 22791 13041 17784 18844 24337 11860 21327 22279 20906 17937 19992 18104
9366 0 19317 17853 18251 17493 9589 6706 17117 19685 20811 19511 14759 12584 21392 9813 11538 20195 17158 10528 10631 17858 15619 18808 7273 22627
6942 5577 22541 11985 3623 23842 9994 5549 23067 5629 8063 14046 8971 10705 17382 8071 15426 21699 12299 9516 18224 17975 20635 18728 16525 22509
14589 15637 22183 27262 13288 21270 8373 10066 18011 20492 10914 9854 15421 16271 15532 9449 13841 17389 16629 12112 16707 7831 16813 17663 4553 16067
13287 18867 19130 23036 18537 20791 19585 12560 17736 6698 937 15178 16432 14704 12272 10413 22039 19087 13946 11377 15418 19714 19514 19902 7622 5699
14300 19530 18622 17501 16196 20492 25822 23778 14969 18512 432 9898 9484 15273 10290 10944 1003 17227 19475 11035 21078 20369 16094 9465 3318 7288
15261 4413 20915 30742 23253 21744 16154 10848 14251 18410 11925 14848 17696 15533 17230 6856 20273 19108 24628 16184 20447 17729 21690 19018 21695 4059
7651 10534 13941 17911 13539 24919 12682 15961 12491 8547 0 17061 18371 10717 5246 8524 12326 22168 14708 7152 9303 17590 17459 13200 6197 25253
4655 7517 16028 21726 12864 19036 12717 8243 24085 17742 12278 9335 17045 13256 16657 13461 15024 27938 21674 8241 16353 14798 17770 25940 19240 14256
15344 23376 23707 28834 22138 13990 18776 20691 19536 20925 15185 9691 8900 13255 15652 13577 8853 18142 18822 15526 14861 21431 17678 14237 15741 25396
6048 14257 20004 14847 25484 21392 16090 23189 12913 22696 6741 16633 11923 13488 23009 9007 16718 21453 25486 13134 16887 7359 15306 16723 9774 0
10506 0 17939 14166 11684 23485 19113 10724 10306 10925 21017 20787 18285 16754 23710 17135 385 18716 17203 10838 14366 4351 14493 14830 8493 12560
14934 7508 18290 20244 15791 24643 6005 6303 21359 0 1277 15087 18009 15024 10611 14881 10207 20554 15370 10049 19366 19344 22041 16536 17918 23163
12427 17151 11558 15976 17857 20131 19540 24176 17138 30006 10504 5696 14419 18898 10466 9400 20282 15540 14059 10720 18302 16006 21712 12234 4000 19891
22503 12833 21053 27634 19655 17362 19965 15101 23611 7111 8072 9786 12972 12108 5760 10490 14061 18578 24499 13453 13124 11728 16362 17458 6616 16632
9379 0 17674 20411 4955 20755 22248 12892 20276 15001 15082 13826 11760 17483 24895 10371 4242 20692 27083 11808 19414 37353 17362 26168 5965 13010
16587 14114 19243 14462 24880 16860 22601 19169 17475 6437 3217 11493 16311 4839 21388 10937 10119 14497 16986 9874 15197 16095 20433 19506 30845 21710
13964 10045 20260 20550 19489 21325 11040 12771 22603 20350 10012 10521 22281 17166 11701 9940 18824 13332 15990 12179 16158 25169 18177 16430 6831 24745
22932 14229 14375 17948 11640 20267 18085 9884 16117 16965 13099 14577 20542 14650 10840 13079 2750 18274 21329 16999 12127 6121 23028 17404 8882 17709
19062 3797 17553 19848 25098 19296 22937 3458 10391 9018 495 15409 5160 23192 9128 5964 19113 17466 15251 10171 17297 13421 16665 15311 8114 12440
23231 9956 19141 9487 12221 16318 4312 15505 16163 14856 10498 16293 17724 6669 18096 8422 12166 16821 20502 9837 16468 10134 18343 12635 17743 20724
17841 16455 16994 36621 1996 17631 17559 14403 16208 15698 13031 23186 10639 16822 20218 9743 14554 19238 21906 11827 15920 11409 21694 13780 10040 20122
18689 20866 16764 25010 13993 17258 14505 21698 24044 2835 21216 8165 11144 14232 22850 10697 8557 16351 21936 11471 20427 25561 16994 21817 407 19039
24569 7929 17077 14002 15047 16213 12208 7643 10072 12535 16744 10002 22278 17641 26033 11480 14956 23009 15123 15670 17232 9063 22490 21857 0 19822
9933 13060 17664 28847 22898 14597 21778 8993 16520 9604 24595 24085 18541 13188 19061 13435 21888 20767 13783 4505 19616 9375 21947 18586 7536 24128
31255 13244 20080 21788 7401 19761 24811 23358 12810 8226 5837 13621 16527 9882 22217 11832 10236 20012 21223 7060 20520 24254 24286 17025 7187 8753
19170 18461 19756 23754 11118 18379 15846 19101 16425 21119 22579 18788 17721 13016 17374 8536 14749 23559 23094 11615 18489 17415 18940 19459 23416 23196
15345 18792 24550 23786 17991 17619 26041 9612 16371 19857 15504 13988 12854 7590 0 11832 16887 18663 21854 15640 16680 17991 15766 18529 13399 17215
11960 18059 18116 18658 3448 30010 14952 13943 18866 5453 19741 14851 14792 12100 27072 6872 11913 16762 7922 14134 12226 20955 20466 18633 31690 19761
18616 21641 11605 18851 11086 7940 25459 12233 14436 16167 6338 12788 10537 17535 20916 12699 18215 25498 17815 11950 19085 11598 17394 18782 2664 15152
30258 12478 21246 22352 21403 18144 20102 16414 18529 20864 20301 10611 13418 11939 11819 9233 3683 18993 18293 12131 23283 30871 12122 12290 7071 21421
9413 22813 13332 18025 19158 17252 19457 9856 20499 5392 12518 15720 16363 21968 12811 10306 15118 21759 18934 13547 21310 24990 22681 20818 9248 25070
12784 9492 18403 18341 25475 18641 25750 6646 12126 0 16030 11803 21407 14918 16694 11419 5235 22196 14669 9542 17375 0 19492 19152 7564 28263
6694 20279 22170 9119 8926 16843 8562 10734 18675 9875 10932 14296 13870 16483 23506 9844 9716 19826 17481 11315 19518 17910 16810 20096 16032 23823
17777 15763 17807 20691 7572 22455 28392 12248 16572 20526 25744 8974 18751 16181 9934 16179 10248 19180 25424 8811 20821 14907 21424 19455 21487 16519
1831 17957 11387 21893 15934 24000 8992 14162 10649 10363 14529 21524 17817 10711 21117 16322 10779 19461 18705 10652 17031 16017 24081 26476 32035 25254
16424 27145 21397 19793 18681 15409 22404 14296 13753 13380 1513 14875 8965 13838 4500 16393 9226 20153 17998 14042 17616 14530 15872 19651 8659 19240
9293 13814 23325 28814 18298 17952 23583 9940 12029 23955 10833 17057 13905 11770 15164 15162 8573 23798 20082 13125 21642 27784 16687 17174 6824 13567
5156 11950 23161 22559 9662 9947 19122 14068 10691 14320 8885 11416 18533 21070 18941 7207 14536 12471 14481 5679 17219 19760 18011 20356 19666 16886
13892 8522 23198 22970 18875 21912 13347 7344 13983 0 9432 7652 9845 11293 20550 13836 15149 22740 22856 13468 15093 19064 18451 19980 0 11793
0 16855 19205 18802 30940 13794 17041 11298 24427 12637 8204 23482 13762 15751 28726 9876 15567 28523 23297 13715 26989 11212 17043 19039 0 13759
15405 7053 12791 15345 17715 20656 10880 8716 20926 17224 19273 12001 19995 14788 25550 6996 17203 13941 13326 14874 11292 18821 19000 20662 16490 12687
16646 20660 16032 19246 18667 20625 7719 20594 15607 12586 14978 15437 19364 15851 22727 9166 15404 20833 22318 12022 21226 14767 16724 21976 8281 14126
13517 17025 18877 20312 8776 22558 21235 1883 12897 12708 23747 14338 12480 7619 15769 6219 23130 22153 16264 10495 14129 21295 14724 13215 13653 16917
2479 18617 21493 19062 13471 13255 8091 4998 17763 6322 16050 9118 19521 12550 26804 12155 11879 20526 22772 10594 14580 22980 17341 16155 12593 12381
24555 7210 17664 22726 22070 20460 8248 15050 26664 17528 15301 11070 7917 17132 24545 13181 20336 18032 21618 13468 22814 16628 21227 12162 16465 12791
14234 10793 18601 10081 15881 23586 30505 6990 11032 8881 12904 10162 22074 15001 18154 10224 11036 16069 24342 14764 21669 23724 18888 13289 6620 24956
0 27846 17654 12736 17502 25167 22911 14051 15567 8487 6049 12494 23155 14482 8546 10111 6972 18770 14179 13637 22023 15253 23858 18589 12778 24984
15545 23124 22306 18084 13074 24150 24736 11275 18899 15407 12271 8971 15624 10696 22651 9737 3542 24719 18898 11319 12872 27305 16682 13769 21003 21334
22985 25629 20166 19277 25253 17292 7549 10464 16589 6729 3770 19168 12927 16824 29638 5895 17512 17476 13903 12613 18733 22364 10646 22440 26688 4670
0 14264 19004 26323 21349 21409 12786 15356 10267 13669 5299 12830 16838 17773 19706 12243 8197 20788 15842 12800 16021 17345 17166 10915 15533 12013
14728 13896 18252 18926 28900 15283 13836 13605 17145 19318 11817 11617 16860 15213 15384 12505 14641 15887 25285 12088 14918 13270 20958 18572 21512 15721
1780 15998 16285 16018 22737 17246 15997 12056 7637 3979 12495 10345 9493 11819 10265 11594 6672 19200 19771 16288 14832 23834 18866 14319 13391 9374
14935 1111 18489 16191 21643 17608 16210 11820 17885 8323 5884 15403 13606 18521 17315 10908 20265 17236 19907 10127 21203 12509 18950 17465 15612 17977
34829 26729 19293 16653 26435 21714 15529 11077 4570 19936 20960 19233 12818 9065 24112 10652 11754 16279 15347 11027 15092 23259 23240 12258 23704 14716
21877 29342 18111 13570 26008 18060 17284 16719 11927 3401 8434 17368 19568 14945 20317 10983 10903 23320 21584 15871 17471 15824 14200 18678 17891 25626
14269 28569 20695 17265 20359 25476 21839 14277 15527 26956 22123 7326 16228 5133 21289 5792 13381 22054 15204 13762 18561 8819 15237 22971 2861 17066
23455 17505 16826 20957 14997 10333 14721 12002 22486 14132 14005 10111 15955 18368 9563 8868 20353 22895 16546 10143 18034 24461 21098 9858 20124 17607
13606 17746 23742 16816 13269 19030 9777 25265 12720 17580 8601 8832 15474 15417 20819 7296 22944 22364 19427 13944 17541 12577 16948 16490 9015 10818
15181 16102 25599 22235 2631 15640 10842 9627 16867 10015 20527 8455 15006 11442 24633 10081 1889 23584 15921 11614 15534 2967 16773 15335 0 14169
22957 8961 19471 27262 21670 22423 11848 8336 21014 1723 4505 11174 17864 12587 17540 7883 5710 19597 24584 10574 16066 6615 17960 14725 11468 27335
17587 19122 19104 18062 27925 17753 26068 17314 8395 13474 12456 14814 8894 14941 16127 11129 17391 21131 23125 9966 17099 10325 14109 25157 15594 17379
3901 7489 24588 19531 10302 11354 14606 14330 25990 20488 10799 15260 11147 11516 16924 12255 2517 19702 24724 7689 26666 18677 16961 17641 31386 10725
18995 6345 20885 32255 13418 13128 3519 9635 13043 2743 9741 10187 16228 6509 19271 12033 6092 17436 15385 9664 14529 3090 17249 19566 7420 21453
11541 32 14008 19360 24430 21342 16146 17218 13358 10120 17200 12428 15890 10818 22781 14972 7501 17866 19626 11522 17502 19202 17419 20547 24575 19437
11917 13439 18635 22586 10363 15418 29896 15757 18565 11770 12782 13799 13745 15989 22549 11464 7054 23691 10938 12359 19492 22049 13478 18519 29765 28619
13570 18083 20734 15178 10197 17235 8465 23039 7006 0 14595 22645 12374 20529 20764 11504 8270 22720 15467 6701 19437 19278 17872 18663 13286 23020
14276 16503 19423 16902 14779 17073 14264 9790 20469 19901 7541 14850 8439 9657 20780 13884 11664 23899 13215 8243 17992 20936 15999 26466 9050 9197
13096 20932 19001 29987 13922 15030 16584 10260 10630 18878 12375 15892 4693 12533 19588 12341 6777 22258 8512 11155 23911 15786 19966 20452 20313 19246
10577 11283 19980 19548 21759 19669 23863 13846 14895 10372 19247 14553 9586 7688 20691 8150 7274 20085 14309 12218 18489 13561 18188 19336 9017 11880
14821 0 22066 20416 17929 19524 15532 4424 17297 3479 8012 14503 18371 9106 16236 7331 11410 18017 16825 10155 21899 20575 17281 21156 6852 27965
19463 9038 19220 14327 14153 24335 18746 16177 20657 12324 21050 10079 12966 12523 19061 6017 10335 16346 20076 14630 16282 0 23272 18098 3320 25033
19509 11480 22108 17041 15401 21352 25351 15237 14675 10225 6150 16777 20719 8847 18116 11088 12655 23549 18719 14220 23059 18506 18147 19621 13662 15447
10622 12246 19868 20584 14877 14032 24970 0 23127 3690 0 12523 14385 13113 19784 7007 11806 15836 15020 9380 14025 10355 21416 23750 23495 14346
19350 7270 20379 11487 17455 21956 24830 15793 15265 2630 5442 12122 20214 21683 18441 10851 12208 23014 15544 12191 14827 24402 16864 18109 18726 21278
26619 12648 18619 19392 17280 18632 14167 3293 24250 5631 14483 24312 13280 18450 14890 10957 9379 22512 20732 7892 20995 24262 21548 12242 16097 13052
14151 634 19100 24502 14258 15220 11291 21508 16380 6025 5538 16664 16610 9185 31457 11014 13644 15833 18189 16165 23578 7786 17013 16449 0 8407
24458 20494 18555 25496 24475 19595 14849 16830 28641 8767 4506 6553 19470 16803 3126 16546 22832 15439 21511 14323 21610 10220 21019 19959 15489 11876
8687 17609 18113 25612 17591 13719 16975 11219 10967 23632 4572 15900 12263 9544 14916 10376 7024 13384 19508 9128 16045 17893 16810 23421 3213 10008
13765 18944 19476 18732 25482 10803 26039 14704 16454 26221 11461 10157 11062 18133 26350 11557 14745 18378 7781 11047 14328 26383 17930 17765 25106 6643
21196 18340 18906 23800 16830 21050 20509 5302 14630 14315 24576 17256 14521 16959 22928 10216 7690 18195 18420 11872 16868 32957 16371 18952 5531 29403
0 9272 20659 29194 21311 19398 21029 12043 22206 0 14139 15546 15758 12473 22775 10802 20561 16391 16144 10848 20153 18829 19426 10522 2450 10046
12804 16608 19068 17040 13820 19964 17660 13512 19775 13608 21395 7379 15430 10933 18899 9936 11400 20893 22246 13300 19018 9685 15753 19575 12203 23533
0 22978 17765 23358 28641 14613 29081 15266 23599 12584 6321 14856 15809 12580 13612 5713 15114 23197 21475 9386 16404 13029 19780 22724 20444 21161
4775 10713 19463 23760 16589 20650 9951 4953 19489 18603 13545 10847 15029 13369 27895 8403 15853 21141 11158 13142 23387 17323 17437 18754 13575 8121
20279 11647 21855 13343 21432 17939 23065 11399 20013 5405 1667 18837 23855 9821 19961 12341 5168 20267 15900 14994 20845 7038 18692 17782 9405 12084
15768 13273 18884 23985 15955 18853 7650 8463 21266 7371 10662 14354 19167 18521 9214 10569 11928 23884 10415 16838 17672 19119 19650 19920 6363 3104
18722 20892 19019 24070 18799 20474 25118 12269 26369 5646 13336 13198 19532 15915 18696 11749 14781 20768 17431 17984 15670 17853 21552 17631 18805 11372
11854 9492 19437 24149 20460 16423 19268 12413 7115 9589 14269 5085 20195 24435 21006 13018 2852 21586 11952 14810 18072 8630 18538 16333 19561 9441
5516 23708 18707 24369 16125 20670 9849 11163 12028 460 22046 9732 15158 15097 25364 10808 8326 21798 20897 8497 16466 29700 24135 11142 16256 15744
12356 13060 21060 20524 20961 24873 12410 17822 16057 5507 17442 13052 9708 10761 18608 7475 22021 23475 5323 11299 20203 13813 15284 21929 10446 23837
20939 0 14482 16413 19956 20260 12145 9531 19551 11244 11844 10876 11306 14333 13364 10581 10530 16127 21130 12347 15345 24816 18553 17703 24380 22196
10537 10791 20382 14044 12431 21402 12941 6509 21992 23146 23868 8729 19880 9116 17954 9380 11815 19938 16913 11714 22956 16878 17998 17615 16692 14745
22542 13772 16362 14992 3459 18415 18670 5454 9694 14596 5258 13015 15160 11018 12579 10139 29231 20394 21647 6348 16152 19451 18704 22445 27079 7126
17222 16969 15852 28582 14366 22748 27933 966 7284 16206 19404 0 15241 13805 22202 6576 15542 25531 11137 13709 20986 25606 18632 14467 6937 26119
23554 16417 18723 18204 23954 15996 13831 22834 4541 23137 9569 12193 16952 9608 21687 12771 15261 20710 18771 12845 11937 25651 17715 10559 12450 14403
26390 13170 17532 19255 16805 17282 12879 4969 16779 23577 15994 13132 6538 12813 20985 13530 21679 18953 13636 11558 20867 18919 18539 15262 13915 18256
15423 11011 21869 24630 5779 18402 8119 15638 11438 5604 13428 17202 10824 15207 16692 5175 12087 18699 26754 14704 20999 16776 22975 18689 3301 15618
0 1549 10638 24377 12815 21289 11549 12070 8082 5969 5705 9282 14547 16035 10105 11334 4329 12388 9251 10893 20212 15863 14758 24736 9890 1640
15891 1615 23450 22013 13231 15735 26737 19638 13167 13613 6768 18075 14198 12443 18143 9895 15933 19682 14820 14563 16342 26903 16080 17551 21788 31331
6631 15490 17509 24342 5387 18109 9491 13331 14209 16433 20517 7947 20026 10423 26796 13769 16213 13923 22580 11705 12415 11104 21128 15782 22524 10495
12506 16234 18000 1810 15616 17303 17206 15947 15614 10682 21266 8554 18353 19051 6235 7814 24510 17685 21974 14057 21262 10098 26502 19395 2849 18182
13518 20013 17493 27108 24861 22632 18884 15207 13319 0 16335 21400 11626 15532 17401 10888 9991 20589 22951 11823 14407 444 22024 21991 24680 11982
0 12685 20065 6924 19297 12939 21040 8365 16731 8470 12520 10279 16945 15579 22098 17395 18365 19884 8016 10658 20297 11351 19058 15195 12298 15768
11217 22107 18324 14039 26922 15471 15843 10412 13757 2971 17672 18365 5128 17530 25607 13380 14560 20271 10644 15766 14369 15121 21797 8016 8096 15794
15944 21687 18260 28103 20611 15162 20009 19257 19749 8135 18401 1719 5641 10965 8770 7776 9245 19139 24916 13642 16394 6971 18649 19385 9193 27970
28992 7387 17450 9841 21295 16782 18206 12865 17559 14790 9769 11535 12815 12667 20941 9507 11822 17366 6209 7754 19882 12105 22372 19348 10126 19677
6016 14256 13635 21549 16912 22240 18564 18000 21532 16230 21103 14815 14108 11756 14616 9854 15892 18595 14765 8881 15469 17797 22578 20553 5671 27265
16500 20911 19096 22860 15254 20358 25312 15347 21196 14675 333 11615 8387 11402 16843 7628 8067 22025 24548 13596 15874 20215 18133 16441 14750 0
3174 132 16882 24186 3637 20357 14162 1781 19934 11509 8182 4745 21189 10531 18293 12774 22835 18809 22315 14948 15589 5846 13736 20337 13391 5453
16842 17145 16895 9511 29905 22239 15875 12743 13047 10547 13052 8261 5851 11052 22882 10332 10194 16891 11051 10418 15145 10394 19130 15585 11667 13679
21436 13763 16046 18204 17554 12268 17914 6596 25954 7249 11816 11809 22564 18247 10794 14259 16120 21741 13498 12669 13671 7739 19892 16409 10723 11756
11524 19044 15029 15760 26848 22769 15242 0 12889 23185 10917 8593 9481 8744 12971 16436 7518 17513 18822 10994 13178 14768 19810 19828 5467 8314
22067 10579 17875 15355 32480 19240 25656 7801 10574 3514 4611 12505 19948 12838 9347 13196 1536 17127 18045 13134 15712 13322 20969 14284 7064 17174
16531 14913 17789 19643 16060 13911 19005 8229 23440 4607 6517 19976 12217 12937 21027 11935 19720 20339 18844 8665 16075 21472 13976 21845 9442 17412
16936 16579 15286 18146 10661 10873 11016 5586 19615 24855 0 14045 19371 13553 11581 13426 8827 19004 18511 11003 16508 15869 21561 16093 10808 5688
13641 7107 17475 21872 24050 17205 27735 13054 17483 2348 16633 8693 15015 17062 30430 12407 18144 17917 28793 13750 22740 10988 19852 13831 446 22802
17402 16143 19928 21445 17246 22413 12124 17505 10826 3636 10139 12904 19387 8845 19725 14449 23953 20791 35529 6581 12549 13477 18460 16190 19652 22222
0 14698 18665 14128 27528 14429 12842 16502 15464 0 146 14274 10087 14675 24323 8176 21614 18333 19428 10519 21630 20968 20224 16361 16682 30850
14376 12090 20458 23044 11431 16877 10584 18405 10784 6939 14712 16503 14061 13690 19890 11896 5483 15513 16759 10000 17945 21537 22993 14253 7021 6107
3155 25526 19794 13903 14117 16169 25878 8413 21322 7550 15445 23373 17796 16303 14288 13195 8672 21311 22360 11218 21080 19389 21912 18237 17594 22496
19634 15392 20107 19462 13513 16633 11995 22174 11493 3480 19471 11261 15389 9640 23407 9594 14187 20480 23192 8729 23623 17798 18692 14208 21379 24726
15792 22803 18685 23585 18721 27420 18233 19852 18941 11297 17503 26457 9866 12933 18158 16017 1245 19697 24406 8935 17224 6273 18252 21826 16312 5932
5392 19070 18272 14865 17552 24358 12868 9415 17570 16588 5041 9209 13654 10079 20114 11233 21389 19188 18864 10666 14846 20890 19172 15061 0 14891
20625 13313 17592 20172 16360 20054 9106 18264 25678 21058 7024 16749 17037 11246 13686 15796 660 22590 21107 12198 20477 18298 18020 18112 19069 1659
8600 27327 21610 23086 8893 18195 13768 21267 19277 8148 12929 18120 17942 14540 16194 8237 21298 20910 14470 16544 19954 22103 19659 19980 14554 6154
15654 0 16805 29040 15811 16904 21123 11969 23410 6241 16513 11495 16703 19111 23342 12038 13278 18441 17606 13630 16733 12365 19254 11393 16821 19346
6209 1617 13203 26914 21418 18328 20808 14511 16015 19852 0 17123 20278 12173 11409 8817 13754 20205 23103 11137 7694 11664 14324 21348 12717 10155
18679 14562 23140 18259 20282 21332 20027 15322 2715 6377 6861 3597 14940 13431 21368 9296 13080 23471 19988 9939 13731 9868 16560 14666 17702 16129
9015 8718 19551 20669 14750 17318 15891 7891 22973 1934 10080 10158 18320 12200 16928 14830 6202 21959 16373 16824 20512 28379 17600 17691 15795 21458
19931 16750 14525 25430 27384 22966 22970 9145 23102 15188 15348 4578 17794 7573 19362 15416 8295 18531 7766 13007 16300 5515 15048 17069 945 26985
5220 20875 18700 26196 31472 16066 14849 10991 24884 11933 13278 103 15238 9433 11208 14357 10167 17130 24533 11273 21223 14880 21474 25543 13383 16552
25898 8696 20704 21976 20062 17270 24126 8301 7840 14372 14024 21605 11895 14524 15779 9221 8223 17698 21231 13968 16584 15683 21535 21645 9882 10844
16136 18945 22295 23897 21404 21422 11894 12180 14878 3718 6665 12015 20963 9162 12865 15118 7751 22922 18703 9747 23120 31018 14878 19669 19992 19208
18805 18724 19545 27859 15248 21257 9183 21277 12920 5597 20630 24525 3005 18417 24591 11287 18890 19697 15835 12657 18941 19045 18834 24974 18973 11942
12907 16333 15517 22873 4546 17036 17148 26890 21065 9136 4032 4468 9235 8675 26512 13835 3565 17230 14808 14625 19550 34219 24624 15456 6989 18078
10928 22345 15201 20342 2453 16916 25311 21575 8043 0 12280 14352 14980 17961 15422 14958 12354 18596 20592 12666 21851 18484 18434 23116 15009 6864
1777 16799 15294 7282 10656 19349 27114 10564 21017 11213 12425 16613 15086 8658 18735 15292 3275 19124 13604 13706 17350 19642 20254 14535 23903 21274
16756 18687 16418 20884 9924 22040 20124 19478 20331 9382 11655 13641 12179 12770 17939 16176 6795 21723 12786 9090 19064 19773 22272 13773 17434 5963
15155 8709 17399 17755 5016 19643 17840 13768 12044 12683 9880 19161 11107 18226 24542 10671 13540 19001 20834 16338 19258 26016 18031 16217 7634 24170
25330 1571 19824 12456 22011 16794 29195 14060 5456 13170 2287 3151 14146 21680 16198 8865 10531 15977 25011 11087 16658 14318 16751 16254 2660 25815
24437 8917 24330 26898 28758 18856 26566 12809 11960 16017 1647 8707 21097 8762 13767 12407 19386 21631 21810 13878 20425 22377 13588 19326 19997 9325
12936 6867 19234 20383 21025 20179 14353 15556 20377 13973 12962 11690 6292 9041 13356 9283 13258 20541 14511 13312 16517 13926 19165 16385 3373 25113
23740 14981 24143 12726 22837 25853 27764 7974 10543 13643 9819 11012 21681 13980 23717 7645 10159 17812 21444 7284 17610 24840 19797 25187 0 12889
19727 13404 21872 25190 16773 10072 22966 4723 16052 24417 7873 18052 9506 10877 18175 11519 11292 19635 7880 11598 17299 18780 14510 16050 20436 24673
25819 2764 23661 22800 16964 16234 11886 9418 14952 17444 21557 20669 12968 20622 21131 13252 8041 16187 17701 14116 11372 22584 20884 6530 14823 22499
14701 3392 17150 17513 12964 16632 18570 20135 15474 6718 18481 8198 11653 11674 23039 15397 6014 18939 20820 14640 19218 31370 20696 18743 19646 19833
21275 25948 21360 14196 12151 19172 19023 12734 13034 13243 12543 11426 7911 8955 17009 11417 20556 19406 17910 14116 17788 19173 18210 16258 12821 23003
22147 10955 18465 26746 10274 25890 5140 19876 11006 12225 11910 23956 14868 10741 18482 6684 7124 19297 4582 12245 19511 15177 16180 19846 6305 19790
19947 15267 15799 20748 19865 18463 13052 11050 14384 10522 18740 16112 8824 11304 20875 15390 14427 22597 20417 12375 13251 13067 16541 21828 14340 14971
10162 13102 15955 20400 25869 22456 14863 20573 14949 6961 1818 5947 20735 15058 18726 9638 16163 22324 31722 14914 16073 18868 21485 23050 9213 10445
21286 5568 17647 26151 9099 20302 10650 7575 15002 12758 12320 9271 3279 12039 23144 17386 10172 22544 15512 13223 17914 15743 14810 22040 5140 15995
8155 20806 17489 12297 7276 17865 17379 9449 9437 5541 13119 12596 12655 11887 8532 15100 12348 12477 15296 13163 14613 16173 20386 16758 27713 26526
22614 12536 18930 19381 15984 17083 14864 5329 21078 1753 12006 9360 18679 15718 24309 8410 10856 18832 13212 16794 19890 25618 17573 14216 9596 20967
0 11580 10878 15069 19631 25739 14489 23009 14102 13097 1939 13978 16754 9724 15303 5063 16747 19599 16051 9747 16470 19236 22397 17149 16368 10827
21809 11957 15242 21542 20493 20112 15860 5254 14668 12906 10251 9448 25485 19206 13631 14101 8177 19083 25657 10870 13875 15285 20213 13361 24175 3760
20235 34698 24415 18396 15817 20836 14331 10722 14260 1116 10325 29235 18130 12014 15866 6071 6287 17272 15518 11249 18114 22184 17132 16250 5022 19940
13561 9862 24583 29180 21991 24705 26597 9270 14705 20524 11326 9818 16568 15782 25807 8939 15758 13871 14317 14688 18335 18693 16614 19435 7695 11265
17736 23655 18879 22416 17782 15464 31329 17043 12014 11 5484 7495 16443 11892 11818 4333 16991 19326 24635 12331 18233 1469 18023 24475 10635 22025
17017 25346 19438 21850 14003 14532 12020 13941 19159 8903 13240 14610 9673 12750 17536 9448 12584 19060 18101 11177 20681 17194 17175 11188 14299 32810
17952 23053 14502 20107 17259 16280 25375 4231 18503 4396 19410 5121 8036 19608 20678 11808 17141 14064 4134 13721 21388 25793 15706 13769 6198 5081
23778 9443 17772 3697 18497 18606 20583 5532 14184 11139 2520 15654 17533 18604 20264 14404 8184 18321 13325 7533 14454 26398 20997 14942 11557 12370
9397 16674 21226 23228 23464 17719 27315 13626 15917 16149 15252 8901 18668 17830 14246 11136 15544 19691 16746 12901 24866 22543 24708 18065 14946 14966
13402 17042 20200 21633 26656 16834 9798 14569 7430 16280 13164 3783 11016 10928 24547 12670 14650 19712 20924 8208 15116 10277 17404 21046 5290 7385
18470 0 18808 13610 15760 17674 17405 23856 14835 4165 14188 10654 18200 19156 21029 9139 2452 20233 22503 7758 14931 35198 22083 19735 11063 19312
21871 28280 18740 19271 24614 14119 10331 11917 3081 11277 14529 5925 4449 15314 8952 13678 5564 20976 18502 8377 17358 25822 18857 21285 11901 3737
10343 19003 13904 19512 19598 15847 15253 13844 13896 0 3570 14773 11218 17720 17590 14566 18556 18397 20924 13003 23208 9027 22115 17754 16751 21109
16728 6735 18782 18432 18866 20912 3229 18380 15726 13982 8506 14267 12354 11401 19378 12028 14144 15864 13027 10489 19682 12060 18012 19190 10882 25444
22203 18480 11441 23005 11870 27151 32214 15327 14811 29755 14265 8775 14062 10825 20683 12747 6076 21315 37348 10624 17161 7548 15134 18692 5057 26507
17063 12119 19549 24717 17155 15425 15557 15128 15427 13827 18005 20637 20095 13173 14497 11248 11375 14867 12706 9486 14767 15591 23045 9874 4886 14237
11817 16373 14902 22726 21851 22112 13485 6617 24799 0 12580 13986 16180 11861 16295 12979 8062 21321 13032 11303 14850 30953 22467 18890 18443 8255
12827 15166 14837 24853 1098 17392 18200 16011 13362 12822 6253 18429 9058 17644 19435 11518 19434 19964 10278 15012 25383 29227 20928 12466 20334 10761
20497 0 20946 8027 24623 16540 8860 9813 19289 20130 16172 21465 14908 9265 13901 10250 16667 19438 14729 12625 17573 6180 25147 15440 8356 9350
24510 2425 21288 13302 27846 22421 11390 14648 12556 29652 17098 2452 21065 7194 19583 13156 10674 22886 19840 16273 13145 26101 17249 18740 16527 18692
27068 13157 20345 19408 5561 19682 3265 18375 22150 2546 16755 17209 18363 13513 23794 10964 2718 20352 24125 12637 19789 3764 21183 21148 2642 15301
16554 20040 16802 14619 7494 22457 14999 9720 15470 10427 8719 12125 15795 13773 20680 8249 5638 19285 14510 9720 18982 21614 20229 15314 5861 14847
25263 10177 20711 22570 14882 18936 17814 13074 17397 18089 8191 17362 15096 20326 4396 3209 13617 20620 21133 13441 18606 13103 23281 18506 8500 13042
12708 10856 22404 22065 14886 23780 18544 14108 16181 1115 13321 11574 24951 15328 20510 11737 20051 21037 13748 15022 24168 25641 22089 22369 21828 18255
28916 19021 20729 16847 14231 16479 21582 8786 17793 19560 20702 20617 16003 10679 21357 10111 20470 17943 23794 9228 18583 4835 22833 16978 1774 19842
12535 19148 16670 12867 16396 23547 18122 18079 17778 8869 18657 14177 10015 5780 12998 7197 9962 17297 23929 17668 23060 27725 21569 19380 10450 19656
13351 13520 18367 22271 25632 23074 28526 19035 15896 0 29328 18413 18302 6572 15515 10961 11879 19643 1660 10090 10852 8735 19423 14432 22049 10787
30529 11352 18177 25841 24581 12222 9255 11030 17318 13096 12373 21602 11759 14883 7891 6779 23139 19049 29761 12314 21743 18134 14965 19368 20509 21425
19979 21190 15036 12575 25218 20735 18945 2371 16923 25205 6206 17870 16371 2845 16268 5043 0 20450 17490 12652 21907 6503 20107 14814 19589 13943
5841 24578 19052 21995 32758 15341 9701 7003 12205 15565 8663 18620 14271 15006 16890 10765 12934 21443 19793 10102 17518 13667 21641 16226 13042 3139
20437 17897 14720 21166 13471 15919 18760 14207 17022 15589 6243 16097 10357 15413 17633 14529 10981 21250 20926 12651 20290 11698 18101 15177 10606 13584
18872 781 18111 19575 12990 25156 15337 22392 12932 4898 13553 10321 17070 8993 13228 14521 11748 24428 19291 10621 13714 11056 15846 13004 15073 26959
17498 16900 17917 13187 23332 21483 20634 18111 12867 12804 19873 15847 15810 14686 21359 14691 11021 19679 23580 13540 16977 18897 19584 16057 24120 25563
15710 7032 20566 26133 25652 17801 11882 10619 12133 29318 15236 19606 18746 10583 16861 14498 14127 18080 21834 8229 17242 4815 19298 19676 26680 22231
19199 16037 16476 29474 12863 11821 12094 21258 20711 6964 6490 16377 16926 13282 22325 7314 5002 14659 20343 13681 18759 2479 17250 16044 2110 26604
8551 9294 24788 26085 0 22980 13357 12750 17058 8173 11764 13402 16029 10772 21089 13991 3437 26185 19941 10279 19634 17498 23618 20837 3620 2758
3286 17991 24234 24649 9332 16675 26303 8321 18147 19346 15455 15050 9185 12039 25197 15749 9612 20457 14165 7069 16097 16421 16963 18589 19196 7783
22109 32131 20790 21030 16708 14707 15533 13329 17044 6235 11801 17520 13513 16168 23916 14874 14039 18549 15246 9682 19370 17835 19143 16450 10138 12099
2249 15433 17830 17748 16494 16795 23682 9966 19073 18368 4238 12541 16146 13891 18236 16347 6305 20493 22124 8206 18994 22348 19779 14177 13027 16183
17788 14992 14192 16325 11913 13925 17594 15631 15170 11962 16622 8526 4029 10089 11576 14774 2398 19824 18543 11124 19319 23045 21076 15993 12837 28046
4343 12994 20440 18209 20483 25910 12074 15075 18099 3900 12230 18882 14579 12381 29527 8515 13670 22824 15763 10420 18659 23778 20240 16831 5736 23266
13810 4120 19749 20131 9482 12895 24321 13103 13991 15243 21826 16456 20102 8533 15682 8628 11899 17504 20433 12354 18077 29038 24592 12470 16531 18911
1391 5046 14455 13448 28905 7222 20984 12547 15738 17189 8730 3585 18593 13995 19697 15293 17862 18447 16495 13140 19157 8978 12943 13065 7896 16449
15618 15072 20340 10207 7474 19585 6644 23604 24924 4094 20133 12021 12221 9804 664 9841 14064 22183 17922 15433 16538 32614 19667 16404 19572 9599
16950 17222 16026 12385 12405 17422 15991 16787 20434 8639 5125 18967 13286 14897 23972 9985 11838 22856 18245 10240 17361 12576 24172 19127 3890 9831
19361 14225 20462 8645 13146 20817 25740 13404 20399 16359 0 4976 22626 15064 10215 12112 13201 14289 13403 13066 19732 16081 22551 16741 17861 28977
10140 10451 17891 17880 31801 11526 18775 10859 23524 11642 15393 20374 15650 9844 18324 9434 16079 20742 20348 14087 18062 14658 18580 12883 17028 18190
17409 22944 18004 24257 16759 14050 11933 13561 25513 11313 0 14087 13061 14465 23796 15260 9973 23166 19643 10065 19717 15633 24600 15142 3523 15949
11666 882 19626 22620 20222 17710 13015 16962 18954 10768 25430 5350 22246 15238 12971 8759 8218 19979 13309 11225 16535 15625 16923 18216 29568 10360
12409 8769 19044 16490 24319 14439 18991 7866 12084 9901 17151 6440 12741 5831 21765 7162 0 22500 23063 13609 18854 13435 17256 19069 0 20764
4207 20036 16284 22009 3682 26344 17366 12598 20478 958 10898 11780 15881 11506 12979 10865 14415 20653 18781 12014 21669 24810 16633 15699 7703 30863
10633 9403 17261 24061 14886 15525 19531 12545 15521 17290 16452 21899 11504 15442 11425 13534 9201 14504 16460 11287 14467 13562 18451 17129 7727 21493
2208 11219 16360 17302 9489 19653 22875 7182 20072 19438 20778 18389 14052 21370 22322 8398 10977 20689 18089 13228 19946 11542 17878 14255 17694 26243
26706 5195 19882 16855 13529 24423 13558 15546 14886 18150 11549 14715 18236 10607 18792 9887 18956 20778 25450 13339 15279 26418 20931 19917 9420 20772
19690 12036 11055 19183 20155 16292 19574 12463 24127 9838 7453 15680 18370 15235 14505 7618 13253 19645 16613 3197 20283 28146 16474 18853 11643 13284
23108 21024 20896 10637 19344 14271 20905 16925 20855 23352 13305 13638 11025 9017 28970 8336 0 21668 16638 16180 20300 12462 11235 22432 19663 13303
5056 15865 23539 16131 6384 21261 16550 2352 22474 1084 11598 22947 13780 14966 9985 8428 17628 13562 17984 16477 18878 18545 22590 21387 13373 21361
11657 27705 20947 16204 14166 15158 13782 25960 19990 9308 23879 11933 14244 8764 22335 14065 16383 21041 25906 11331 17964 11036 22555 16180 1994 23505
1259 25128 15694 17213 9992 7099 10222 20002 24380 19411 5492 19819 14126 7613 25113 13281 423 19410 22122 10773 16804 10784 22711 16776 13807 23185
17597 613 20503 12534 7765 14280 21578 8660 16204 5332 12442 19169 13141 17312 3315 8340 16767 20062 25281 9765 19984 24227 18233 16556 11018 17399
18139 13526 17171 24660 20934 14350 24490 12016 19711 22707 10485 20134 14943 15759 14472 10799 12468 19217 16421 14364 14638 15875 16060 13965 15806 28317
112 10786 16758 20323 19969 15647 7531 11997 19811 13492 4311 20282 15262 11602 17427 10096 7414 21372 20951 13702 12615 14848 15372 20038 4237 11787
26002 9753 20399 25977 11288 18743 12072 8985 14810 12262 6824 17215 8302 11965 22674 15693 10580 16824 19604 12931 20243 36077 19851 15426 10845 25264
7746 13951 17171 12811 14125 19821 14213 14216 27105 6821 8347 7037 9579 17277 17643 12333 17006 19295 19938 12563 17872 5493 18683 21219 2922 18280
6402 10068 20217 24468 16736 24615 19526 6171 13518 15862 11857 17175 17769 18454 27304 10362 15869 19620 16604 11670 15913 11711 20128 16846 3476 32597
0 21724 23952 22815 9790 22082 10543 12163 14292 13072 11992 11756 12027 10695 15490 10576 7528 13771 15634 12372 22722 17280 21470 14868 5776 24103
18671 18904 16906 7308 16251 18021 17266 15238 19337 10627 30545 15524 15344 18239 20395 7422 12252 15509 20335 7166 22920 19328 18391 13396 11170 25347
18184 0 19647 13113 19557 12022 14654 16541 17381 11451 10327 20263 13042 18179 19363 11749 20680 25052 14151 12336 19867 15851 14213 20475 3265 17165
15602 19647 22687 8249 12556 23498 17096 16747 14725 9224 14791 17025 13546 18964 16585 8173 17704 20181 23344 10074 15224 27482 20035 14540 24323 24088
8858 9628 19008 19950 7691 16754 26547 12235 18072 15831 11448 8106 19311 20631 17558 5509 16591 21827 25146 13249 21015 4871 19337 20791 25584 2025
659 22660 13007 26163 11124 15787 15379 8101 5697 20365 8164 257 17129 16653 18853 6946 10760 16679 30061 11546 18233 24168 23061 16768 1042 21395
6535 10556 18431 15705 7030 26970 8722 18148 16375 8886 8857 12170 11891 9308 9168 7758 18417 19282 22621 12210 19654 20450 19694 16305 3138 13715
17388 11798 16674 13000 8060 14684 14208 10531 13922 16880 12980 13762 13372 10741 23703 10670 3882 17601 14962 5212 13470 17394 15998 14584 18505 21560
20015 690 18209 16829 16834 17208 18554 16074 15668 2403 6706 15468 13483 13647 19741 10637 16755 17288 17118 9158 19457 36658 18372 15833 11938 17420
11416 18610 18639 19794 17562 22413 20827 20569 17589 18653 3433 22397 14142 18186 20838 10300 12186 22143 16525 16113 14079 23677 18246 14619 322 21548
19895 24926 19889 17907 17021 21929 23727 8614 11358 14660 14591 10062 18740 11431 17989 9701 3138 15426 21547 10734 12409 11504 19780 13809 18968 21551
1432 13492 15272 25266 17528 21518 20402 15452 24305 24700 6385 14077 13968 16255 13142 8117 7265 20318 17752 9813 17637 17906 21614 22474 10675 10611
20005 26765 19945 24239 11080 20052 15045 5644 12799 31312 19254 23891 15371 8589 28700 12669 11171 15625 13757 16899 11460 12816 16172 19345 24465 14629
14132 0 14349 18916 20358 20947 23529 14809 15769 21246 18064 16828 12043 12664 23387 10492 9719 23726 19780 10690 17794 19048 18497 17611 29367 22552
19468 2160 20142 25125 12895 19811 11908 13417 15603 5440 15063 12458 6314 13685 17488 8852 20258 22131 20247 13581 13758 18308 15892 17222 13489 17884
14397 3384 17938 29408 17174 18552 17086 18560 17728 27561 7600 13890 14753 14694 15542 12998 2166 21508 18402 16786 18046 19405 23333 18379 8189 11273
5581 18491 15613 21963 21628 21627 15816 8735 18029 9191 20481 20174 15010 10268 14161 14305 13215 17082 16788 12954 16642 6276 19925 19403 5573 19754
10373 15453 23480 20526 16623 16420 15076 14080 17939 7385 11049 14882 17512 8848 18838 9788 723 20622 16646 12744 11433 19349 15838 8091 6996 6735
14872 12017 24512 26779 16447 25701 11527 11767 19080 1971 15009 17029 8938 13596 7549 11015 19745 21375 18476 15768 24381 20451 19043 21575 13106 13164
348 15186 17418 22957 19664 15782 14499 10763 17980 8977 14036 14961 21933 15687 24228 7665 4918 15021 19057 8612 16255 16863 18928 11305 16692 14487
18741 17117 17664 24554 20368 18360 22581 14996 12550 14631 6621 22077 7797 15711 11108 7327 10882 26271 23023 9869 17029 19217 15209 12585 8801 9798
29455 8105 22253 9272 30219 16227 17986 14260 10739 23620 17075 18981 9470 5635 20147 12701 0 20906 23326 9702 14580 21799 20115 27703 1676 16063
22441 5641 23628 18228 17445 20000 19675 18963 22007 5950 13480 17683 13753 14157 11993 10318 10618 19515 18183 9689 19167 18702 22573 11301 10588 12796
