365
63 41 54 47 36 49 45 11 10 92 74 12 13 64 77 1 81 79 76 70 59 71 27 68 51 94
10556 9917 14504 19420 19808 7248 24373 17210 13280 22445 15481 16813 27529 9827 10031 12672 6297 19476 20374 11708 14391 15974 16822 11025 12685 11912
19268 19275 21675 14745 20944 8783 16129 9569 8144 23202 17978 8634 14718 18339 13397 13755 8570 18996 3935 10140 16248 6164 21444 12645 5714 9567
19394 30911 18576 19032 25102 12924 28756 14395 16784 15187 23002 27685 11132 14293 9740 16784 15196 16813 13879 10501 16110 16626 19075 16327 8980 8668
11252 24211 16882 18537 22417 10318 19285 17952 12886 19277 18100 11471 21545 10721 10776 13823 0 21932 10827 12867 15682 18151 14091 1972 14947 15975
18325 11548 18770 14475 23639 9219 17102 15470 2734 14590 23022 582 22895 23860 7684 11217 13793 16445 7525 18144 14907 9221 19504 13064 13964 16204
15243 13196 20448 13906 14329 11149 10671 18817 12077 17626 17451 11445 24910 17973 13698 15450 3792 15885 6222 11111 20041 20533 0 19149 16275 5500
6134 20067 10761 22596 16762 10666 14354 14025 6925 18221 17699 11806 16195 18693 15935 9602 8596 25099 7930 12273 18026 25280 11299 12720 14712 7726
21031 13576 11138 16483 28537 7316 24694 14539 13148 22571 23378 23028 23795 17414 17745 15068 10903 22987 13516 10166 17753 15820 18331 14379 12012 8757
14977 23440 25214 20754 17435 12281 21536 13625 9676 21709 16120 9151 17304 20881 13021 16721 18382 18551 18850 13669 16956 18053 10123 21231 10998 17350
12273 22407 7054 21535 11773 13561 18998 10983 13158 20452 19673 18864 20741 21277 13643 14238 10346 18376 21938 15021 17069 30633 2929 18508 2527 7749
19888 21978 25257 16727 21185 11517 17971 11942 12897 16734 18145 19324 22206 16155 15638 13996 4460 14905 10181 15748 13087 35696 5925 11937 8984 12531
15483 24040 10313 19082 15834 11117 19445 15054 11090 16716 18306 22233 19683 14007 10576 13360 16906 23450 12908 14761 16519 25751 14832 10375 16577 11786
11586 19230 16454 21056 12378 16106 19933 9692 5626 12852 15572 15357 9582 14970 6765 15042 8605 15838 14035 10087 16737 14563 14074 8537 12734 21217
15610 22889 27344 17367 23043 6354 19513 11551 4228 13923 19326 17444 22140 22275 18096 16097 5216 16763 12243 10711 15976 22175 2353 7239 4957 10545
13605 15159 22706 18231 14581 10971 18996 14772 4455 21740 20738 23699 18166 16444 11999 10397 9911 20711 16221 11232 14022 11980 20947 14273 11418 13234
13958 17359 23055 20596 18652 12800 18119 20417 2601 16190 17632 0 19862 17451 7009 11333 19404 17909 15137 2854 20426 21607 7048 7341 13581 17212
17783 11501 21940 21773 20869 12365 20496 15497 3957 21766 22329 2908 21546 17716 12236 11017 7356 19858 21291 18208 15402 22356 917 11111 22136 17657
16588 19632 17552 15474 15323 8666 21800 11827 10663 22456 29910 5793 21627 15957 7327 13985 7355 23671 4261 9719 14501 17678 16348 24952 8213 5026
17656 12903 20899 15856 17288 8692 26056 12440 9468 19570 26274 13555 22470 19231 7336 6831 16975 23434 12453 12766 17498 34373 11531 14515 20400 9483
11096 37819 8332 15838 17129 10733 27134 15798 0 19686 13395 23165 18211 12510 11582 11438 12407 23420 10801 12420 18691 10804 8587 14062 16303 15260
24348 15225 13675 17621 12015 9138 12090 12962 14994 16183 17293 10954 13129 11300 11036 17433 0 20968 5217 17260 15095 31549 13372 8675 6380 18621
32587 19419 33599 13589 14662 4805 11180 11873 8090 22888 18036 7399 17182 15363 10580 15355 15860 16631 21522 13165 16669 24686 14854 11473 14615 9445
16173 20121 15869 17149 18603 6417 31793 14224 13939 14885 20207 12886 22520 33778 7972 15364 9476 18115 24156 18114 15751 36038 22039 14127 13370 13621
12998 6029 22020 18865 19495 7345 7154 15441 5823 21109 16867 16647 12502 13829 7910 15653 1938 22444 0 12117 12927 11455 3903 16334 8966 20457
9383 20739 5623 19472 18479 12222 13260 15077 12455 19057 20882 7277 13251 16318 17698 12626 14188 23258 19734 12502 16722 15370 11890 12523 21599 9496
11665 10028 9688 16802 16891 7187 28691 15520 9240 15396 14379 8155 22649 18554 19291 14856 0 15347 12674 14243 17459 10176 115 9105 19668 7803
10760 29246 28803 17908 17965 6431 22163 14522 9624 18362 20501 22242 14504 19250 14095 8887 1276 20794 12710 11794 15578 14566 14747 20920 20894 9256
9312 12863 17426 11433 22523 12169 29370 15166 7158 14989 12131 19965 11467 17735 14833 10745 24151 16749 21115 15379 16980 11308 0 19575 14760 16971
10170 21884 24356 17421 21393 9389 26184 14385 10842 17012 18578 24228 21617 21277 7760 13285 8667 10836 17003 13301 13802 11278 2861 13225 16831 7341
10794 8779 21076 18054 13629 11725 12724 12232 17231 15611 16434 10505 19544 20328 12545 11664 22697 17161 15492 14001 15667 14748 10972 17067 14476 29176
14310 9054 21721 17806 23536 11881 16355 18971 12479 16595 18694 17881 27719 17943 11938 19467 8297 14891 19952 4567 16247 29162 4675 6191 10157 13143
15370 13276 24699 23145 14003 9108 11716 17619 3222 21815 12815 24524 17260 11956 10078 15290 2746 20047 8760 14720 18517 21067 11108 19929 16667 12168
9273 26071 25221 18419 16753 11069 31660 14372 10083 15216 16938 15308 27469 14190 14558 17445 30533 22933 16491 14320 16050 5854 12954 17573 25205 19657
25986 18949 33995 17997 19017 7187 27093 9857 16117 15493 20898 19061 14881 7921 14372 13418 19021 14898 16179 12984 19895 11248 22229 25418 18078 13738
17056 18806 24765 15616 21681 12341 17055 17585 8888 13099 18645 8692 13419 15143 722 15084 9398 13178 12568 10539 16326 30045 0 16673 9656 11277
20945 18038 17373 19588 14554 9958 26485 14434 8627 12048 20022 23635 22400 16677 11723 11023 17737 18369 8195 12299 17921 32140 13496 940 17245 11907
14586 37807 28723 19035 18474 12991 22368 18235 9862 25136 18667 10032 30803 19599 16149 11503 14306 17609 19943 6804 16835 22657 0 21992 15834 11908
15412 26352 5707 15010 17385 10292 19286 14138 5781 17039 19565 14255 23084 7828 10251 12605 7528 21941 13475 13838 18835 18571 12605 10364 9749 25665
8564 22890 14018 18915 21091 12880 17725 17011 11266 15807 18781 28047 28136 13648 15179 11634 5513 13231 14278 14100 16230 8414 15820 8749 5512 19761
19377 7916 8937 20769 19495 10366 10495 11643 15520 14406 16674 20426 6274 18947 8947 10308 0 24475 16602 8627 18843 16831 13055 15214 19050 16752
15075 19382 32716 18577 22225 9736 16886 11165 10126 11642 15643 25918 11160 10891 15192 10605 11925 13960 25981 15334 16138 24444 14423 19874 8196 20400
17237 20987 21224 19000 18999 7982 7795 14750 15963 25451 21438 0 10272 19281 12625 14337 3439 23522 4509 13139 18494 21982 5812 15232 18730 21680
18902 11574 8255 19506 17466 11187 25208 14949 16610 16915 17407 12286 15839 21882 11342 11065 2393 22098 17200 9019 18413 17232 4607 13195 13395 15152
18020 11672 13954 17636 14870 11917 20333 17142 11245 18735 19125 21434 20746 18281 12812 13637 17790 21181 13017 17953 20800 22805 18692 18297 14232 4823
12180 16003 15967 19672 16822 11621 19698 13476 18154 21012 22532 12530 22085 20504 15280 11567 0 19938 16006 17650 18065 16523 12688 29717 10743 18415
7787 10933 9382 20498 10917 6587 22896 14806 2489 16536 22204 32449 13904 7811 10256 12713 9970 21575 13328 10185 15218 22865 10588 20454 15612 19841
17739 28515 13696 17317 25600 15592 19957 17501 16943 12501 18156 17906 13190 16228 11141 12395 13335 16625 1159 10442 18188 20464 19876 18279 10594 25702
907 21275 21903 16971 22254 11060 20653 12172 10457 18276 24031 22350 14491 17340 13746 14222 25998 16740 20090 16211 18035 14641 14174 8490 10806 24335
23332 26869 23947 17800 16367 9261 19217 15709 8567 10736 17808 4410 20885 14745 6362 14933 13502 23173 16438 12765 11999 22677 16737 15837 15541 10359
11708 13932 21489 18005 24040 7263 32294 13044 12009 21211 17306 14430 20472 19337 11709 12187 9812 21826 10214 10930 15220 17920 20245 24779 7102 21971
21145 15039 29797 16788 20726 12247 33029 14413 5637 27128 19723 17082 25445 24617 13252 10599 22585 18747 22566 11436 14295 20950 14839 15241 12672 12405
5946 8811 10454 17805 16805 13565 24354 14091 13246 21610 22174 21765 9130 23774 11754 12372 4149 20111 5262 14041 12523 22435 8564 0 10633 8033
18659 15378 18353 22381 19788 10157 23086 11377 7379 17355 15168 2196 7900 13900 17965 8867 15055 20455 10109 11731 19811 25405 19678 19096 0 11478
14074 23647 16370 19314 16085 3565 15831 18626 3407 18122 12623 3188 18476 15791 12774 14568 518 21586 14787 6575 17406 14891 14715 9284 4896 6951
14295 18686 17782 16103 15531 5762 22997 11096 7995 20146 16205 23375 13945 15389 6675 12596 19193 17130 19051 10783 14345 16592 16281 17888 13779 12167
17658 18907 18844 15459 17005 7506 30556 10695 13798 19437 25539 19813 3240 18026 11721 12077 16928 21187 12724 11462 16920 17280 20095 0 5625 16530
7442 25094 18078 18312 18145 15885 20928 9087 10058 20348 21294 15499 20250 23098 7322 13750 15543 12978 20590 16819 17566 20705 24627 14964 21330 10782
10880 17892 13412 13978 18342 11999 25874 11388 13032 10129 22697 22732 14506 20236 11130 9115 17378 15578 23550 8832 16929 3513 12973 9169 14564 19762
5934 0 16128 14186 18323 12467 16227 14665 8350 23045 17550 4404 24018 20403 10217 8803 11689 22793 14883 10810 14188 10371 10799 0 17627 22649
25161 32088 29362 19446 24926 12272 27183 12097 5492 26773 21583 11156 17948 15800 9509 12478 16756 20215 15540 10475 22266 26198 8939 25836 13942 14617
19268 23507 22318 17871 9313 6487 9166 16053 12874 12534 18917 19102 22914 18618 18289 10571 16721 27856 10197 15373 17641 6878 15217 2070 5759 16168
28684 21340 20376 18252 18350 7639 18239 12077 5098 14208 18280 2369 23484 15007 12352 13769 12186 21574 0 16352 16338 26938 7330 428 1076 17093
16117 11655 304 16827 17040 13108 18382 16681 18944 14654 17131 29894 17661 16898 14549 11638 11791 22739 23412 17792 16521 19672 11376 6504 11212 15929
9582 9945 25332 23664 24968 7652 20014 15199 18701 19386 22732 10227 21158 18210 14193 13103 18532 21131 14479 13459 21991 25680 9218 12610 13417 11414
26468 25105 25195 20722 21897 11039 35108 11047 13254 14008 23459 15255 25671 20839 15615 9136 15217 25726 18147 11623 18993 6643 7079 15290 15015 20431
8035 20072 14845 19011 19143 19116 28118 15822 16047 18043 20124 18867 16986 18239 11381 7872 990 19891 5819 15873 15821 20064 15445 11572 9417 10410
16045 26225 18212 17941 16665 12418 23807 12061 6150 13437 18845 1178 10061 19413 14985 16966 13666 24262 2972 13099 16488 13569 2479 5344 12390 15550
23612 14679 32665 15666 25696 13557 7088 14178 11564 16560 21424 9486 26961 24992 8103 10506 0 26040 11840 10464 14885 18670 6177 17180 10087 11382
18726 23147 19429 17604 18297 8570 28861 13356 11636 19788 15192 9321 6153 25353 11730 15009 10986 15771 24935 15753 13942 25187 16730 11477 17316 18148
11200 18683 24298 19117 19847 11725 8890 11294 10056 22396 15128 7644 11923 22654 14674 12654 11995 16447 11363 14035 18438 14657 17450 20336 16854 9622
11539 12460 36234 22984 20761 12669 29987 16892 9457 22316 21400 15027 23279 20547 5957 11629 0 13690 0 8449 18682 23105 6854 0 6947 17087
13200 13575 17130 15563 20055 14806 16561 8872 8934 24748 15286 19160 33019 19952 17777 11319 13385 11508 18496 8918 20086 24681 20591 22016 8421 9752
18843 16444 22616 20842 20380 9183 25936 10506 11903 21515 17838 4054 9225 17428 3652 9443 13352 26110 12184 14685 15183 10527 4800 9724 18649 18580
4619 899 16181 17950 10110 9470 9726 14627 9490 12242 23003 24753 19559 13776 9515 9147 11787 22349 8295 9987 18330 21143 16962 15767 15867 12293
16389 16792 5520 12668 11002 14302 9282 15933 9219 15976 16948 11650 22383 20600 15184 13616 25490 24928 13514 13793 13880 18659 14804 13345 17597 11352
5199 21440 2226 20332 24610 7593 19884 10324 7644 21675 16891 6927 14117 18486 11416 18213 5329 19901 15876 12725 14520 19369 5296 6017 16830 19712
10893 19139 13860 17643 16705 11375 6125 12855 6430 12683 20162 36912 16036 24862 10392 13815 26481 19100 10145 10321 17677 20880 23568 13349 11723 10443
21328 31831 15021 17395 14695 8911 21349 13967 17223 29267 20696 149 20021 15148 13841 11510 7570 17028 4792 8260 16329 11349 14879 18501 11827 13033
18123 24188 18668 17234 21634 17312 17643 17710 6039 21306 21863 10246 16357 21799 9645 7485 18615 22123 27619 14922 13548 12520 15797 14522 13336 10251
14399 8392 14185 19502 16970 8625 25291 14101 14242 20279 16649 19204 25517 17002 6383 14512 12812 19275 20034 15870 16113 30716 17861 13783 12590 4000
18864 17958 16643 21666 23544 13094 20553 18810 9805 19477 15220 29281 13079 15292 9202 13845 70 17392 20499 12668 17709 17382 13386 12270 13540 20239
16640 16946 7660 19945 10418 8622 19119 12156 9077 15202 22762 17799 18659 23264 11145 13642 29581 18718 29152 15318 14076 17042 8464 14653 15876 17690
17300 17285 20005 14931 21953 6639 17902 8970 15333 16917 23899 23535 24990 15542 11641 13386 1294 13549 19846 9441 18163 7288 7056 15431 18645 6779
8821 13249 9073 21338 24650 9912 6774 13357 14762 16703 23729 7736 27156 10336 16773 11257 4041 17504 23656 13865 17740 36628 9800 12808 12902 8689
17579 21372 26091 15624 12150 11453 18696 8875 19385 19789 22244 25600 13920 15684 11423 13826 6010 18845 16361 16468 16895 28170 15027 19721 14617 18269
14650 14869 31974 17426 13507 6484 21777 10013 7279 22229 21325 23531 18781 21419 17237 9241 13826 19743 10616 10154 13994 24687 9936 8936 13900 19012
11087 11064 19235 15019 22088 11927 19135 11151 7279 22437 19972 31317 15928 9517 18086 16015 9524 24686 0 13445 14740 22419 7677 12782 16899 13438
8728 23963 24093 18008 17837 14833 23753 17614 8201 20138 12605 118 11485 17078 12178 12067 11189 11821 19184 14296 14057 13804 18786 4397 8146 16175
14477 23727 12605 20531 23276 12825 13441 17023 13844 19149 25711 8785 14046 9487 19232 12054 4035 19170 17250 16143 14746 4733 11392 11943 10685 13323
24247 10041 19347 18549 15759 8136 16600 12334 18772 15736 17388 21250 20116 20828 7014 7946 15268 21060 8382 13963 18214 25008 14057 17222 6809 9032
9298 27406 33017 17521 13000 8825 18260 12109 5357 12767 20536 25910 22477 13763 15280 8932 14811 23475 19957 15275 11633 26968 19150 18822 4189 19856
16031 27503 13311 19153 27431 11371 23545 14574 11431 17818 19730 17851 15427 20225 7768 13735 8195 22070 9915 15225 18488 27858 21634 15871 12027 10676
16619 19837 30822 17309 19093 8839 16906 14206 18285 13045 17483 0 13963 16286 12027 14433 4447 19236 14037 10333 20887 23808 29145 18625 17718 5877
10090 28001 17546 19779 17359 6744 17728 12645 15563 17548 19502 22757 27778 17138 7229 14998 10574 15525 7386 9869 10422 29521 13792 15742 21651 20566
20174 22019 16056 15572 18754 10225 26396 9179 15972 21340 17908 11178 19979 18494 18751 8109 20072 21658 9461 13936 17533 38349 8192 15583 9707 15637
17599 8963 13039 19442 28465 11642 8856 13637 12048 19961 16214 16258 25924 25322 16322 12968 22437 22822 8411 17362 20150 13660 7875 10553 13117 17077
20250 16177 5840 21346 17838 10044 20995 9470 14959 15387 20336 19129 6162 13128 4190 9900 17467 15791 12871 10714 18834 14794 3591 2003 3229 3098
13151 20292 25087 20767 23309 8785 16008 12237 11477 17560 22888 7013 14721 19304 13984 10225 13433 17379 18114 15346 15163 18927 11764 10934 10343 7254
2462 19565 23400 15127 15460 15262 30574 9764 8199 19448 19821 20744 19339 14005 14998 11919 0 18771 17730 9526 16278 17684 11866 21769 13498 10807
18211 6650 21895 17788 17514 11053 15280 22285 4769 17721 18439 16223 13500 14429 13614 14162 9313 17944 7725 15889 16344 15953 15432 17313 10926 9585
11101 16249 13373 17084 16917 15145 19520 14564 18214 16834 20408 16713 13934 16771 11261 12391 4606 23379 19563 11399 12141 12265 23585 13525 7657 9062
21826 20566 30181 19150 15484 11435 22089 13620 14478 27825 13394 6310 13114 19713 21494 14358 12125 17961 10469 14144 16672 23629 15040 18872 14043 16212
14311 11765 27707 18489 15034 7891 23982 14684 10039 12889 19939 18172 22715 16081 9685 10655 11981 21627 9577 11872 18270 27880 10416 10478 16055 26426
23149 13715 17634 14238 12115 12527 18990 8215 14812 19930 19362 29313 19452 19793 6243 10504 5317 18308 11489 10138 21145 20588 20752 6644 5861 16204
20776 13723 26819 17834 17656 7671 8932 15804 7897 11965 15722 3478 22156 20272 8994 15127 20592 15920 25647 12317 16991 26787 16549 23010 15635 7387
5294 13534 21089 16501 25338 14400 23948 14725 8829 11683 23790 18299 21504 22760 12086 10010 13577 17835 27400 6583 15694 17568 14793 10083 15169 4765
19878 20601 20583 13579 17176 6695 24532 8698 11013 10254 19965 22859 20382 22890 11196 14591 7075 22547 21277 12523 15431 8833 11884 13597 10928 9173
11361 12744 21933 20387 25196 6819 21254 13133 25447 17723 16942 11951 23198 14363 6331 16478 12801 23111 3658 8931 18074 6788 6137 25209 11542 8422
21789 24153 27427 16931 21867 8203 11207 15428 0 22725 19149 13378 38004 13278 10227 13429 4250 18538 0 12367 18709 17591 22196 11826 11019 6280
11730 18050 23638 23842 23650 8876 14419 13900 17874 18875 24239 11817 10977 20632 15576 12494 28470 20067 9974 10022 17809 21750 16016 10540 0 14944
9403 17436 24151 17184 22755 8042 3033 13551 16085 18851 18978 16676 19399 16163 14025 16279 12944 20412 17918 10814 15214 18631 11904 14636 12047 13426
19111 28362 18570 12921 23446 11930 13292 12686 11350 18933 15903 14379 16593 17416 15000 14412 21100 23876 13276 11882 19546 14744 19201 15040 13592 15736
19098 11407 18192 18914 21428 9705 21274 17707 14093 15233 19770 20624 20054 17269 7721 12864 1937 14218 24159 10490 16741 4805 7242 28934 12314 21746
14996 17160 10177 17671 23841 10984 18609 14578 6077 18285 16492 18168 15609 16632 13320 17194 21361 11824 15815 13132 16360 16113 28117 13646 16838 12407
12644 14900 17303 17702 10264 10074 19633 17805 7456 7057 14615 21467 20041 17269 22954 14504 3132 24755 22980 6938 16131 21654 10000 21567 3343 15013
19664 13683 21085 18030 24907 10033 13759 11673 8407 22050 20365 12540 15790 16885 6295 8657 21111 27561 16470 18819 17696 31186 17041 8275 9816 14796
21850 11316 8037 15477 24188 9323 16612 14860 9508 12745 18844 17394 14773 15803 14960 13900 6215 13461 14311 18364 17586 13870 14965 15704 7526 11639
16706 13857 11391 19068 11430 10464 16343 13610 10107 24250 17980 8402 21974 18688 22144 8753 5870 17732 1289 13144 17581 14418 6055 10674 9763 17973
21076 17239 33145 13702 14485 11835 27063 13908 10653 20230 16949 10974 17291 10003 12860 10707 649 21070 22144 8519 15495 22325 19247 18836 15609 15462
20631 12639 11030 16043 14954 11129 16725 12830 5102 15842 15820 29129 10789 20977 9943 18635 12570 25470 14765 11728 13455 25245 17700 10790 1405 11857
13921 28163 18051 14067 26623 11336 23644 12708 6737 13774 17805 19207 18895 12066 12649 12352 18688 15800 4359 14058 15843 34418 13322 14534 0 8589
22099 21708 8083 18865 19566 13639 15066 13756 5906 14157 21763 14344 17490 18751 13093 13834 2154 24416 10994 13485 18292 9182 14705 23458 2699 14092
16786 24524 29794 20958 13849 8480 16610 14570 15714 17737 16948 17850 18919 15509 13242 16059 17116 17049 17061 15465 14761 29757 11054 7909 9303 12931
16541 18471 10273 18942 12997 7701 10913 11692 16263 21553 15532 16455 28056 15499 18829 10156 14171 19576 14679 14248 17265 35936 21050 27783 9447 8904
27725 20106 25330 19192 17180 10875 15827 14407 5584 19864 16438 23295 23114 19288 9813 14819 10057 17249 2745 15310 16797 17307 23412 9264 9902 13275
31403 20302 12657 17415 18092 8840 25467 13791 5915 16070 21625 17721 14129 22255 12335 9141 1768 20668 10187 15670 17307 13934 19469 2549 10882 10929
22290 20067 26473 22736 28109 5602 21735 7315 4689 16350 18680 10787 6480 19579 15914 12763 11233 14842 6566 13019 17748 5727 3095 4406 12811 20267
19781 11663 22097 21555 23066 7012 18589 11099 6647 18565 19946 11799 24265 24659 14057 13292 8442 16287 12556 12017 13336 25058 10387 14130 4318 12682
19457 18748 25663 17457 19390 12726 22601 14821 11122 17394 16806 14158 22210 19190 7068 13421 0 15392 16466 15613 15760 17897 17931 9912 9294 21490
8515 40390 3756 17129 27515 12029 9739 12443 10076 14994 21719 15036 17611 18275 15216 14322 9798 16844 6350 11328 17065 15276 6144 12039 16581 17537
10754 21436 18719 18691 17940 12758 13072 15843 10847 22053 18060 15162 13629 20009 14886 13854 16731 22319 11096 12903 13360 25045 18587 15208 17815 15219
13552 12155 20641 19658 14130 10796 16551 16549 10617 22697 20172 6976 13270 17549 0 9058 3378 18636 12985 14649 20726 13075 9996 6251 17325 21088
21959 23810 10383 18005 20247 12678 22538 18463 16102 14907 20606 9652 25480 14660 15360 13749 9699 20035 4496 10072 15226 26219 10162 17567 12474 13404
25263 17187 19955 21926 20579 14323 18981 16541 14254 19679 22961 9349 22601 12692 6740 12777 11007 21510 6878 13497 15855 4526 22480 6016 12167 7503
21471 18160 25668 17598 18657 14326 4033 15654 9673 15924 21386 18818 21237 19736 9727 13140 11244 22539 17449 13785 13452 8927 7580 6990 10870 10929
27289 20816 20597 17950 13673 8544 24526 11659 5582 9585 14989 19952 25900 18985 16146 15308 9085 29117 11723 15613 17638 12476 20167 9482 6130 10688
14621 10886 784 19427 17500 10144 6680 14823 16180 14392 20341 2755 21854 26486 10964 14829 19384 19287 13473 20888 19131 12400 12656 19765 9735 14110
21300 15881 22937 21808 20433 9250 19220 12287 6108 16695 25156 13542 16501 24330 12045 16585 18333 18566 7757 14488 16008 30663 25241 15248 12600 9339
17409 24152 14608 18728 23558 15267 18571 18599 14315 16137 16828 16699 15177 22304 9129 9177 8866 15931 14753 13838 18789 26999 16193 10146 5053 11594
19219 22204 16088 23854 13805 14894 21201 10997 5465 22254 18704 17638 26809 21313 17227 12789 9089 15306 19523 9330 18124 22222 12239 10305 16010 11123
10010 13229 22202 20389 20457 3865 23660 14214 6618 11866 19550 6890 16345 17597 9187 16382 20951 18605 14884 11733 18144 21489 23921 17005 19322 11565
20415 7353 15812 15056 12922 8334 18916 12860 9840 17016 14925 23977 26755 11479 13589 12085 10678 20383 9543 17003 16424 24609 17344 14323 9841 11482
28840 13154 7257 17471 23588 10779 13314 16068 10738 16083 17143 12534 18100 25580 10759 15411 2107 25237 6190 12146 15360 18440 6838 10042 9512 20613
17643 6199 29897 16725 13481 4656 22066 14805 16024 15476 19798 18996 15848 15852 13327 7992 16949 22352 3027 6787 18616 21549 6056 16706 3568 9825
15236 14767 13321 15337 16179 9837 14694 13410 8405 25144 16437 14964 24471 15312 12404 12044 5657 24577 22867 15419 20071 19831 20016 10149 16838 25390
8414 30887 16442 22663 20437 9182 12902 11732 13676 18866 23813 29360 28071 16041 14835 14877 9627 20640 22742 13462 15290 20449 4643 19017 17226 12602
18871 10974 34719 13443 20421 10119 25737 13229 15708 12098 19699 8852 22132 14782 10159 9953 8941 16305 32396 11395 14355 12641 21584 10232 0 13543
20173 10304 25881 20616 21038 11018 27848 8965 19279 21568 18099 5392 26848 11818 6804 11663 6983 18046 27988 16678 14571 21151 9812 21274 15083 10322
16643 22956 11858 20790 12364 9381 23466 11534 14157 18936 22133 18427 23428 15607 12757 13174 6513 17967 16960 15580 17629 32912 5826 13481 20944 17586
14392 9756 19935 18509 19756 12890 21566 13216 14101 21906 17107 20921 16226 17951 12876 16513 12360 15390 7813 10986 15818 20457 22005 27539 14966 18328
3557 22353 13334 21567 25570 10883 22037 12206 16047 22661 20762 11192 23563 15080 4232 12960 15290 21289 5030 15251 15625 16261 19081 8872 8179 16928
2386 6064 22274 17134 10384 6020 21376 9908 7323 17547 14200 18181 26240 19659 15549 20151 13282 18245 763 13534 23515 3218 18666 19669 17095 16278
11170 28763 17881 14338 13213 13840 8854 12321 11737 23445 21648 16966 15135 17117 16097 11978 4520 28131 19414 11611 17862 29442 26929 19253 13628 9440
34389 4346 29919 16359 20215 9817 5115 14134 9715 20615 18001 14665 16559 16491 12441 12450 17711 19238 5444 13456 11444 17318 21728 11024 0 12732
8945 10880 11032 22700 16444 12240 14759 13824 7059 13366 20985 648 18873 20469 16945 11139 14928 19255 13800 15966 15371 22329 13004 22214 9013 6196
19509 16137 11088 17616 19942 12585 19101 16463 6688 20694 19392 7952 17358 18667 15607 17859 14268 15425 15242 16010 17274 3903 15982 20264 18381 7220
15265 21471 32165 22502 18785 11575 10862 15210 9616 26547 20338 20277 30697 19283 15469 16168 0 18163 21127 18921 13987 9703 15490 7185 5208 15005
19571 16513 33614 18832 24877 12520 13689 13061 17951 15306 14801 7881 18436 21184 11872 14448 16189 17649 16133 19206 22451 19288 18129 19357 26607 6750
12721 20344 6794 18727 15676 3903 10411 11859 7034 10452 17960 18103 17283 16766 9038 14633 18667 17919 6611 12163 19098 1025 0 17369 14545 11259
14758 20613 3593 20023 22436 13460 22885 12580 8727 17402 23035 16946 7598 19182 6479 13276 22887 17039 6052 12763 13099 21240 7593 13932 11281 10818
14585 20784 33932 18661 25728 9246 25698 13772 5251 23152 20026 19104 26932 9758 12817 16401 26833 14946 12955 12924 12815 18101 1569 22942 7439 4258
16009 13474 14576 19011 22521 9855 17817 15134 11469 20671 20624 15270 15638 18379 12849 17331 0 20075 18365 10355 16462 16040 3927 0 18821 9826
20331 23861 25453 21927 27997 12601 18179 13853 12032 19029 12732 8894 8793 19004 10709 10517 9152 23875 18420 16374 17450 34120 19325 13271 16878 18914
14708 8471 23740 23507 13727 10702 16515 13429 4808 12584 22133 3936 15272 24196 14867 11157 25519 20732 13056 15924 20187 18480 30488 18412 8410 4181
18809 15105 28326 16963 21580 11950 18081 13978 11050 14519 18705 0 21479 17575 13177 16445 2845 21646 4776 16857 21693 31107 12021 9543 4498 21425
14693 21253 23906 17533 11833 7016 16778 10952 12484 17749 15431 1894 22880 13963 8869 11841 3205 15958 19148 15276 12885 14513 6622 25175 594 16306
6103 15794 22122 16134 16024 10663 28270 9435 11513 16661 20873 13917 22487 18182 15598 13577 19045 25194 10122 11781 13147 5522 14014 10137 3577 17710
27194 16873 35545 14975 12104 10665 4901 15640 6353 13383 18006 11295 21689 16120 6094 12242 2200 19444 13304 12442 12473 11397 2871 10953 6780 10939
7486 26527 22327 16864 18768 9946 21013 8705 8249 21633 18399 7039 23375 20183 8036 11468 10170 26276 7157 12586 18875 21322 17377 6394 11669 18207
22854 20161 24110 16088 19779 7755 8677 13054 9779 15086 17591 14329 19417 11065 6326 14135 8695 14818 21294 13505 20692 19364 8800 18167 13683 17073
14921 20937 11264 22630 11689 13888 15810 10095 7483 20117 16872 25471 19441 22296 6134 14593 8803 16196 14034 9705 17899 21028 12397 8977 15029 11175
24449 16036 10356 18407 19408 16323 13208 17375 11468 15728 15887 20658 16321 12595 12386 12312 6743 21366 18419 14738 15602 10130 5530 19920 18974 21523
9051 16701 18884 17775 19918 12913 28584 11629 17201 17629 22710 27047 13886 14967 11680 11865 9810 22195 8988 16311 18053 17438 13445 19994 16826 14714
12249 14425 14571 24259 26478 7555 13952 12680 17742 16522 21007 5847 21736 11598 12416 8767 7169 18732 0 12341 16938 23472 5651 4936 10373 14511
9255 2945 16510 14077 11219 10636 24272 14908 6407 21597 15939 9225 32669 7597 11711 9947 4950 26180 11361 18256 16881 13947 14205 18146 9380 22133
19701 23491 17422 16135 19084 8140 27526 11019 10286 13679 21393 7119 18597 18260 5686 9580 26528 17326 15712 7351 19885 10123 6662 4643 12428 13590
11620 20671 24061 14300 19159 8578 19683 12539 8550 18088 11733 8830 19571 16161 18886 9251 8289 17979 15363 13655 17892 25771 10729 20969 16171 13868
22762 26457 23911 20886 22297 9712 21296 12685 8411 21332 16009 17948 24346 17434 14402 12260 12269 23143 16904 17488 18571 7361 16867 13069 6931 14320
21856 34744 4081 19427 18301 11343 24434 16230 8414 17707 23539 13216 17236 11724 15014 14918 13544 12369 4585 11808 21102 7186 11873 22628 13680 14287
12744 24644 13921 17786 17550 8192 14008 11376 8253 15156 16038 11934 22570 22855 8940 15307 4028 21676 21029 9568 18231 18030 11971 9716 19819 12018
14450 9224 15779 19053 23757 10912 23601 16695 5220 16625 20535 7465 20390 15990 13489 12642 5870 25837 11918 10086 14596 23148 1778 20207 16120 11330
17336 22442 10553 14007 13697 13242 6963 11635 12371 22294 17548 11053 20044 13002 17653 14915 3023 19257 12893 12022 16987 10567 14162 12090 14633 19006
9982 31708 10938 17888 23161 9055 15532 17832 9885 13454 21232 9099 16382 17399 9495 9489 25874 22589 10548 16168 17409 12413 0 9932 12749 21427
11992 22044 23091 24327 18709 13014 25126 16511 5569 18640 18319 14522 16182 27421 9798 14828 19680 12803 19569 12189 20737 11089 18052 9781 17320 16510
16471 26202 17657 15755 19500 13370 10837 13476 9953 18472 26412 21025 23279 16561 7571 14607 3327 21690 10873 11154 15497 14498 4534 4093 11524 16957
12409 15888 25451 17403 18982 8774 23116 11098 13495 14074 24458 26657 19682 20094 18814 14083 15719 23611 17080 11813 12304 21362 12820 13220 7434 6253
4378 18664 40953 23084 14717 12979 11572 17260 9201 17894 11754 23362 18079 17392 11438 13479 7628 20670 10638 15132 17340 8468 14645 18967 17166 9994
15916 24162 16946 21468 14448 9593 8476 13674 12580 13140 14346 29089 20744 18025 11466 9165 16714 21222 21009 18369 20963 24808 20666 6430 22242 12450
8773 11569 22078 18061 15183 0 12378 21485 12542 20341 18219 10305 5576 23222 13528 13102 12983 18385 6962 17179 19729 15364 17918 4817 9032 13763
22375 30808 30966 15668 17646 7292 21367 11125 14284 11776 15313 21074 20032 22119 11020 13825 1144 16852 10635 13121 13770 21522 15707 16398 10214 7777
17610 25604 23223 19399 29140 11661 22531 15135 14694 14824 15461 13863 17054 21123 11690 8002 7837 20260 16813 11303 18275 20606 12933 10982 15354 19030
14801 15824 20766 23238 25781 14433 15031 10907 7070 18751 23533 15936 14592 24531 9299 15668 12608 13882 19659 14831 15006 15449 10212 11788 3989 19273
10385 4929 28168 20116 13561 14784 17302 14610 5452 23626 21362 11005 8404 18631 7794 15081 14855 19183 36041 21504 13821 24442 4252 10275 5181 16251
20536 8990 14448 18997 19465 16825 22821 14891 16754 14926 16819 16886 22082 17920 15418 12598 10083 22374 16181 18118 9105 22909 8315 6777 19715 6286
16246 28384 13113 17096 22791 5340 26003 6748 9318 11108 20631 31230 17878 18967 11814 12980 14426 20026 12266 15749 16879 13373 6231 15006 18069 11100
14867 17018 28806 23201 17591 12722 15377 11722 13741 14652 18351 10190 13452 12610 14493 13887 8253 18760 16716 16373 12557 11813 6958 12488 8547 11667
19351 6766 6001 18667 12111 7433 17520 11537 8932 11173 13927 12222 21224 16315 8911 14716 15925 22892 29891 10414 13859 12130 17030 11901 16043 23641
22515 15263 15245 19728 17641 5927 19467 17845 15236 18427 23863 14227 27739 16874 8143 11204 15299 13045 27263 15273 13912 1673 14430 22082 15568 15693
23201 8692 18735 18553 16054 7887 15501 16107 3652 15187 20863 13758 22357 17850 8936 11296 14319 19591 13943 15885 19212 18020 5454 25870 17253 16491
7620 24653 13113 21660 15335 13682 14529 11361 9538 16719 19288 24876 20887 18315 13479 9815 11464 17366 6236 13280 15281 26761 5865 7550 10919 14978
16926 15127 8510 11756 14523 8418 20791 8856 10427 19200 22148 18657 38422 20067 7477 14585 13060 19321 6403 15233 14316 18460 19186 9940 4511 2099
12039 9814 8368 17371 18260 9298 9834 16877 15451 20185 20660 13208 15222 19775 9944 10647 14796 17660 27508 9727 12466 21717 21346 16873 7913 11881
20107 23553 22977 17431 17976 12410 21021 10583 12900 18181 17145 13646 15671 21238 8121 13586 20028 21034 18695 10061 10292 28245 9978 16575 10573 15633
20136 16469 19236 20787 22184 7547 8856 14267 9400 23586 21122 16177 25174 18181 12726 8514 535 20866 13987 11060 17011 20140 4773 8347 5757 7628
11801 13929 22459 16029 14198 7622 18986 12788 6276 18936 15157 20298 16055 17097 16442 11443 0 13352 19488 13604 15762 5563 5612 16458 11605 13034
10205 13802 33787 21661 17591 6763 15707 16448 15976 17687 16305 15028 19839 17134 15501 17182 8497 18733 10337 16758 18610 18950 6774 15276 10528 11646
27243 16157 18589 15630 13895 6745 10899 14639 11564 22723 23094 11615 9814 14838 18169 10917 2017 20921 8404 13393 17242 26467 20659 17079 9334 2757
10426 19430 28534 22142 19111 6463 27574 8874 15734 24780 18718 11823 19237 17299 14338 12609 14104 23728 15348 10639 14671 22367 14273 16434 18787 11932
21335 15803 29209 15324 20098 4318 36743 15540 6669 12971 19037 16430 4467 16158 16108 14446 11477 19011 121 8649 13871 19477 12150 6684 8507 19504
23939 12783 10292 16628 24549 12876 26673 10493 11657 22223 18555 16085 18425 12610 6738 7666 12941 21131 6624 18028 14878 12546 1668 21187 17869 16936
9117 20984 20869 20214 10240 5331 30653 16102 10703 18349 18196 12791 15844 17266 8372 16802 10579 21328 22723 12053 16896 24695 15577 7493 13813 5651
19073 10936 12188 20646 15176 11402 13367 15123 2859 16407 17523 20582 28441 15916 15394 12674 7652 19102 8020 16266 18036 5124 12531 24656 11658 13481
17114 12554 21262 16457 20914 9462 20984 11711 15894 21739 17098 14477 24097 16855 11891 10342 1821 19058 6269 9263 15934 28159 31052 7264 9990 16564
16037 11186 21083 18288 17231 12578 15746 12925 3072 21813 20185 5894 19761 19705 729 16417 7935 16637 14655 14263 17901 25242 16005 9224 8120 15391
25001 12602 11108 19138 16180 9699 18840 11972 2965 16307 22813 15846 22801 16622 18085 14578 471 18361 13139 15011 22213 15912 21723 21269 9856 318
19551 16814 27176 19733 14795 16201 14400 13537 10083 22746 17663 23991 21626 21048 8485 15822 8174 23951 24714 15474 13396 22994 19770 12253 408 15395
21304 7879 21450 20202 20379 10212 30359 15318 5292 12866 24578 25323 21904 18853 11969 13198 2980 21753 18641 10754 21090 31303 16105 9699 6026 8590
9090 34091 24437 19519 23781 8922 25466 11581 9190 12582 16387 20859 22133 17939 9484 11601 14283 15563 1351 10705 21160 10627 13620 15353 12603 14139
28038 22566 20983 22573 15721 7256 21434 12444 16679 14382 21166 7815 18987 24121 8762 10023 11571 21148 12174 8652 18977 21822 18323 5055 8724 5797
4263 14539 3239 18051 19343 7646 20322 15194 13347 12618 18969 15751 21222 14796 12127 8059 15859 17569 0 14067 16212 23461 4543 3088 13814 17633
8182 26607 20006 18149 15669 16614 25334 12848 3462 14079 20117 21574 20873 9104 8866 15983 8768 20729 6612 14587 13294 27032 8295 0 9011 15445
13604 17772 15931 19926 13937 10932 32677 14013 16124 15242 20890 15692 17128 21177 12413 8732 24279 16675 0 14762 18537 20404 13235 2071 28136 12397
14076 22402 16920 19913 10607 11905 17743 15731 15347 22048 17241 37317 21867 12962 17233 15029 14732 18966 10453 13720 12017 21068 23213 21885 19493 14142
5613 16329 25618 20749 22722 11832 18694 15176 18925 26942 22144 10269 21364 25464 11776 8034 12486 21104 15684 14496 14047 20395 11384 8702 8409 12035
17982 29855 31435 18507 22564 7321 15785 15994 13802 16689 22881 24825 15851 5631 15664 11170 15334 17933 0 9488 19824 27816 7105 25751 9504 10518
10321 19936 11417 14771 25497 9126 7519 12381 16952 21471 21979 23578 11781 19436 10838 10234 8849 22447 17469 14713 11921 12955 11800 16707 15174 9002
19666 9135 24331 20765 22251 7855 7207 11049 14282 24827 18276 16081 18595 17134 14193 12020 2503 22271 11494 18283 12485 27664 23798 14430 3542 10131
18533 15063 11808 13670 13621 11318 13632 13510 4017 15499 22389 11721 17362 15035 11512 13998 738 15308 10238 10856 18258 23323 18813 7227 11814 14049
18056 23764 18590 14820 21046 12255 18840 16627 13379 16710 12417 23222 21506 15699 4991 11023 12282 21922 5237 10891 21432 25569 11969 24419 18857 16389
10760 12539 21606 16894 17846 11010 21978 15738 6717 20797 18746 9819 12439 17061 11211 13966 22359 20183 7444 19385 17173 24856 22320 12910 3947 6068
19965 16019 15257 18111 18821 9937 21404 15245 16879 17720 20074 9977 21141 18009 5910 13775 3167 21219 6477 15145 15624 37258 3221 17949 10058 20183
20824 19482 22200 16303 14618 11775 31866 15391 9203 11908 18601 18140 20074 18435 22891 9112 12754 24610 14864 11729 20901 32830 20741 6622 10968 9885
10301 15509 20825 22942 17898 7509 16960 19042 18666 17167 22089 20777 14029 18584 16668 14376 21161 22818 10848 17673 14975 20069 14601 19159 8887 27448
13959 16545 21545 17321 18481 11000 15747 13636 24722 17897 21359 18385 25292 21855 16220 16043 9170 15024 16665 15980 16467 19420 13440 5903 11719 8471
13814 14586 17211 18344 16017 10211 26986 15780 15435 13789 20965 27101 13588 16340 6920 14825 17970 26421 8309 17346 15353 18858 10221 15426 5654 13302
28808 24452 13897 18259 22408 11732 20590 16537 16025 19618 20074 20876 23041 15423 10734 11134 6099 20432 32576 16616 13407 25895 9729 28438 15221 14447
19832 5696 15162 16485 24922 10174 15375 13035 16268 17320 20047 21458 16189 19789 7796 16461 14892 19061 7817 14109 16838 26101 15728 1830 7750 17714
18005 16207 30868 22448 19871 5680 23845 19513 7944 16547 16415 19546 35587 15520 7379 12927 14592 21250 12135 13584 21480 19999 9774 12917 9922 10210
25197 13602 29045 19441 21317 10122 24201 14413 0 15471 22162 29975 27447 15327 16170 16975 13235 22280 23535 14903 20278 13522 18887 2405 5541 2783
14026 19937 25490 16782 16985 11085 8878 15773 17405 9860 20141 11798 17536 18755 9326 13771 12518 22234 7801 14325 20647 17376 8543 22221 27991 15558
14127 17192 22136 15675 18847 9152 16650 14435 5695 17519 19683 15268 16928 11789 1225 13746 21619 20826 5615 15678 16030 18328 10332 11389 3946 11777
18571 25484 12130 17087 18958 11292 15139 12051 5943 14190 13606 25642 22228 12689 16760 12500 4106 15935 14608 13033 18339 30513 7039 21027 8216 14700
6278 14883 20318 17639 20104 12494 14843 9177 11657 18321 25173 21784 19252 24008 10494 8205 16624 19148 14056 13073 18842 30542 19301 9961 5341 14166
22391 22974 26296 23526 16583 12005 21368 13967 11690 22910 19584 16589 15158 21157 16542 15971 10568 22934 19680 12589 16672 29850 14039 19016 5927 7754
15632 21824 32050 15396 18067 10909 16835 16254 7383 11984 17991 26159 16118 13846 22615 17337 3048 14158 18835 17052 20214 29769 13982 13231 6812 6872
22273 23371 18961 15419 19399 14738 10949 7999 7803 17682 18348 10650 17237 14492 13144 13168 4422 23781 26093 14060 11848 9974 3518 10733 10806 20558
18622 7781 23488 19835 19870 9482 14322 11981 18130 16502 18057 10323 23326 23325 19070 9825 14396 20439 3111 16801 12106 23099 16507 18148 13995 3619
14311 22112 21245 19156 18553 7156 26790 14623 18129 15286 19014 5705 25338 15749 11809 11806 10423 16759 22747 7503 15983 13672 14402 21192 20403 13904
22019 14656 17687 16862 15659 11257 23748 15250 5871 12113 17164 18825 22550 10686 9585 6866 4186 20411 16719 10662 17785 19152 18977 47 14690 19998
21784 21455 26388 13922 21635 13122 19128 13303 7800 16857 20255 16027 22798 26920 12376 10240 13157 19189 23268 18249 20414 32661 10779 1387 16911 10482
17625 16364 27921 17952 12343 11159 27855 11690 20313 22776 17802 21986 19580 17264 16969 12977 8723 24147 12121 13490 18481 28078 3251 13247 7958 28083
10514 21611 23942 17310 16250 7569 24401 17078 17939 14426 14446 25248 19628 23559 8667 12244 17648 23150 14590 11245 17749 32723 9676 23078 1389 16987
21037 16909 3768 15441 23360 8063 22499 14182 16187 19329 16504 14540 11710 17166 14928 12803 3300 19646 1388 20595 11815 8353 2235 14400 2976 9252
21959 20775 30050 21841 20798 11815 16988 16074 4371 17545 21111 18250 15363 22177 9186 20036 15457 23402 18209 14255 10727 12477 23013 11294 4609 15237
18306 28277 23915 20667 15643 6611 20790 20475 7422 20885 17654 17291 24239 16276 9421 12177 24464 20253 15805 15106 13305 22000 15889 12205 12043 13310
15125 24095 25556 17467 16502 17495 19644 10675 4947 15424 19406 18838 14271 20734 10053 11934 28790 17008 13401 15514 20570 19834 16825 24979 12007 12835
26341 16598 22496 16873 13033 5659 16051 12524 18673 24790 17629 14062 29261 13760 11616 11796 11222 12145 14485 3685 15816 14392 4006 5281 11330 9009
12892 19907 24447 13679 20441 10660 18875 13398 13594 19552 17254 6195 21354 18172 14014 9660 4372 20910 16585 16836 15982 9976 16422 13376 15125 21055
23299 17195 23518 20424 13097 9676 18820 15631 11468 23436 20561 25944 13917 23791 8862 15178 3620 21133 31267 7358 16872 9215 24447 20136 16651 14918
17001 0 11439 19611 16264 10914 22538 17948 10691 11910 17916 12158 18192 14739 15948 15776 18266 19378 2184 14577 17476 19681 5556 11124 19153 14651
14502 21444 6900 15683 13564 11386 10827 13977 8589 26157 17024 545 18206 17712 14345 9592 6901 24174 23263 13578 18160 10588 24541 14321 7458 12267
0 15070 31110 17582 23397 11675 22956 13056 14968 12532 19939 11708 23983 17903 14886 11343 10791 18883 32242 17013 14197 37770 13979 14719 14289 16699
10565 13654 29705 18532 24324 10254 14302 14893 6043 13165 18608 7285 20620 20311 10678 15558 13682 19497 23973 14215 15849 20695 5691 11442 11732 11958
18450 11524 17264 15968 19195 9429 17402 15389 13499 18523 19332 11558 17078 17777 12885 12061 17008 17044 14870 15882 14463 27160 29099 18573 9091 22472
1486 7117 1329 17596 24784 12072 15508 14448 13476 17021 12654 12270 18061 19130 13942 12958 18487 22286 21887 9222 17259 22804 6927 8469 16116 22095
20128 3652 20239 17374 14306 8970 31630 16481 13300 11678 23041 19130 13883 16087 15164 8980 13211 17362 11199 12286 17535 21891 18941 11462 5574 13845
20017 16271 24907 12899 18707 16224 22949 13484 4673 23092 17432 9009 18773 11069 13461 7568 8123 29209 9222 11301 14193 6859 4130 20967 17564 19294
7964 30270 14602 23154 16811 10289 16193 16056 9029 20149 20607 6078 16177 18455 15735 12319 11011 20155 18606 18078 18803 5189 20761 18108 11030 11918
18171 8652 28677 21257 14000 8131 22226 13158 9141 24276 22814 11616 31905 17020 4237 13331 5116 26026 11873 17825 17282 13459 11723 13525 16529 5562
10452 13191 22167 18558 12275 13880 29504 13291 7735 14472 13721 23683 25258 25527 16979 14424 6330 24388 16556 11829 19158 20248 7104 12706 10537 13657
11145 16695 14770 17277 16378 8375 18791 9448 5967 16959 16262 19647 18008 27444 7782 12035 13183 23708 4340 19096 11300 15068 7601 0 19181 13253
19871 23948 4803 14183 24694 8822 12320 9050 8571 17095 21535 12647 10178 18070 12427 16243 9530 16302 20774 15888 17239 28198 4138 7431 12280 21758
9516 13367 33581 20293 24455 4914 15361 14578 15549 19018 19284 14169 26021 22514 13872 16819 2183 22646 5735 11948 19396 27476 6998 11382 10685 11713
11785 23547 15759 16615 17733 11401 14696 12278 17174 17904 11178 4473 29662 21955 3524 10951 11588 22695 17279 14572 9069 35935 11654 6496 17960 4996
9746 21453 12906 19520 23087 13032 20320 17363 6088 20009 18465 9607 16837 20762 9589 10624 11850 18804 15649 13262 17889 14950 9254 10869 11421 15472
19703 19226 12485 23443 13237 9426 25248 10471 6066 17325 18482 17331 22405 18835 7523 11454 17710 19808 21856 11198 15867 12639 14212 13342 1866 12326
14329 8944 23891 20992 19496 13769 11849 10653 10462 21314 20747 18388 16751 16336 14286 11318 5145 14768 10713 10329 14183 29393 9253 5728 10430 7645
2791 33216 28041 16785 19946 10257 10380 11468 12249 19280 16345 30642 11068 17274 6646 13944 4473 20731 17133 12952 9412 11831 12434 2626 11786 7221
20003 21259 9983 14659 12672 7486 10804 12056 3952 15564 15722 10288 20848 18848 11373 14404 17312 24946 18333 13094 16206 34146 11236 6987 11718 13425
11196 15495 20307 19475 17097 12851 26355 14121 11140 22173 17833 10494 21929 14310 16181 16668 15131 17219 14342 12865 15480 17647 4153 27213 12424 6654
12539 13633 12386 17214 17376 11669 21857 11913 7424 17707 22405 14671 19566 21178 12347 12143 0 21366 17624 19966 20309 14758 15945 15310 13378 12831
9431 10555 27159 21941 24033 4175 13723 14503 17043 13729 16617 9360 24810 17511 13155 15178 12526 25382 14932 13282 15897 26111 13166 22851 9347 17335
14536 19791 4942 19323 20428 12639 22165 14568 4556 16416 20313 11697 27712 19152 13952 9512 3351 24675 29384 16063 20527 0 23445 15638 12209 13662
17048 18306 19704 14628 21301 14166 24190 12146 7753 10872 18425 16046 16487 17506 14130 10804 1728 18459 246 12569 16555 27995 18194 1722 13708 13354
6268 13166 12877 18483 10301 11746 1184 8735 9841 19298 19411 24324 22871 23762 11492 12325 12290 14204 79 14552 18429 36881 6492 17683 13099 20554
8987 18234 24472 18980 26261 9017 16291 15909 13398 15306 19391 10236 15850 23350 16662 11285 18566 14185 7299 6370 12946 31548 9143 18284 17754 12474
9449 18606 10796 11990 24938 9968 16036 12696 10932 16802 18493 25173 24373 19188 10051 16273 0 23490 19824 14907 17584 24542 9735 13426 19830 11176
13253 27657 8381 15114 21350 9966 24268 14658 14708 16149 23980 21103 11298 24128 10901 12014 8246 21726 6478 13147 13737 15516 12074 4385 0 16701
14348 21676 8791 20044 19893 9650 19137 11872 0 18424 20053 13168 25589 14245 11291 14099 17559 14721 14912 15519 15756 24144 18223 10084 14221 20996
13615 18060 34937 21950 12580 9365 26845 16354 15676 20744 20037 22706 14438 18595 19614 11162 27013 21534 15237 13615 17724 17646 12199 20526 16869 19598
14419 8302 19607 15420 18145 11901 18320 15606 8952 22914 16956 11403 12701 10547 10423 13917 17219 16049 1243 15295 15259 18721 21038 29941 10656 13278
24403 15966 2619 16147 21513 11265 26346 17254 20934 18865 21743 14054 19625 18228 9252 10049 3279 26335 15428 17841 19821 38170 15251 10702 23083 11844
13327 12994 21284 20979 20463 10754 20038 8817 12499 16824 14133 11017 15762 15918 8822 12579 13585 22845 12686 15994 17666 18518 13203 24078 16577 12241
6391 24270 31457 20554 17263 12377 15634 14079 7383 19213 19060 11422 14492 17534 10014 10148 69 16156 10387 13216 16099 16625 20436 10981 16435 2509
12561 8042 12804 16466 29246 10189 11929 12708 12329 16533 19071 12692 21202 19235 19230 8267 14815 19351 11248 16045 15497 22172 10810 14778 5769 16092
30358 12975 39765 20406 18939 3669 11026 8344 17923 17847 19071 41358 22254 17285 12130 11457 5953 21359 12457 18160 12581 9886 21392 14967 11242 14736
13678 21893 21761 17700 22639 11543 15959 13416 8652 12507 20930 11264 23591 24014 12783 12683 22206 24226 8935 17682 21866 24805 9214 15224 15393 20463
4530 20235 27960 17002 15263 9736 13757 11746 9322 24656 15257 15327 6125 8624 15732 12914 11995 26837 10128 19010 18087 24654 16139 16133 14923 15865
8843 14881 7847 16752 16403 10315 20539 17286 17080 20322 17901 11169 16382 21154 11273 13261 18403 24207 12933 16500 20405 6080 9514 13854 8988 8357
16534 11805 21770 14494 18054 6366 9970 11292 5877 14643 16706 14937 6382 18694 20102 12885 10562 18326 10350 17010 14265 31716 31424 11686 17321 21128
5772 20932 11943 16630 21512 10441 13418 17113 9663 19447 22553 23726 13116 17290 13417 13913 341 19265 19340 15385 16092 20225 15005 16586 2986 17706
21267 20122 13043 15071 16429 12125 24678 11092 11973 18135 19454 16713 20689 15790 14716 14081 0 21353 15114 11478 16533 6046 10975 15156 14168 18256
14152 19021 24833 17038 18206 8458 13608 9243 2544 20633 24047 12482 30610 12853 7277 10010 19859 18273 18753 10083 18748 12629 15637 0 14788 19914
16308 18553 13097 19722 21479 13167 16210 11269 4702 12856 13801 28388 21665 24984 12133 14084 18334 18300 1718 15575 21316 9555 12952 15832 11375 9582
10843 11413 9538 20716 24561 9543 16870 11502 19666 18902 21035 13335 20303 13373 14093 6238 1135 20143 20413 16867 15186 27539 7526 16152 23748 9769
17319 5587 12921 17954 20490 9154 23686 17178 17344 18057 19596 24423 22552 16094 16238 16923 6303 17266 25448 13925 15806 19979 10902 20258 9604 16128
0 18300 16843 17716 22069 11561 28682 11476 1033 18895 20051 20510 16863 21135 11738 15554 7241 23146 19461 14231 17396 29073 28889 20053 15921 15098
9775 21149 15996 19505 19671 10570 14867 17988 10926 23542 14167 25019 15447 21370 17598 16371 23062 17864 16903 13585 11492 19168 11496 10672 11928 14552
5334 20252 24841 17183 15951 14659 25167 13008 12740 20673 20502 22172 17261 15810 10975 10055 4483 14582 17772 12508 19756 19114 7060 17364 16899 19286
24529 26389 20358 16320 24159 10063 18805 13956 3547 19168 19469 24249 16011 14199 6211 12930 0 21929 14416 9175 14654 25000 21785 18313 12546 16714
3685 8547 13497 19551 18512 4714 13008 14830 4957 13910 19768 15525 26699 20464 9509 13218 11757 21299 14392 13512 19635 41861 3663 15946 18417 15993
31123 10089 24048 15709 11184 14626 20773 11373 15793 13249 20065 13050 20062 16346 11440 12591 12238 26110 5755 12509 18424 16134 29299 14159 8145 9826
5517 15683 7324 19424 14913 12496 26637 14021 8313 12070 18453 5236 19261 21191 16531 15775 10095 20594 28769 16770 16295 22384 8774 19068 11608 18313
19082 11576 2251 18291 19172 17946 30912 11621 16470 20132 21581 17070 23124 14778 11978 15374 6447 21002 620 17845 18309 10470 13485 16134 12587 14814
9105 33858 17334 13670 17867 7744 22634 13702 9216 19743 24691 18337 25807 14660 9815 16687 0 16700 27395 13646 15472 16397 5549 18311 11466 12856
18771 12660 27466 21304 10629 2791 24416 17285 1883 15348 21029 20964 14972 13159 11213 8019 25664 16864 9620 13497 12003 21474 9448 11536 12249 14168
13257 13513 25939 16983 16453 4113 14462 11829 14605 20777 19268 24654 13932 18263 12614 8614 13163 19254 19159 15864 17957 27257 14150 4050 11708 14569
22969 3806 24898 13696 25512 9999 13103 13393 15064 16565 19178 16054 12736 15938 12963 11399 0 18566 19569 17783 11298 27631 7207 21003 14721 14010
17467 28461 12728 14069 16324 10111 12530 11699 5559 19121 22057 21015 19850 13082 14027 13337 11170 21255 11966 14582 20589 19490 19390 17272 16450 19625
18980 17196 20257 11771 15331 14841 7833 6788 17533 12723 19966 7717 18062 22442 5658 14672 9628 18672 13238 11187 17617 15429 17568 15376 12371 20448
16843 3956 30827 17273 21984 11023 14704 12233 15036 14620 20818 20004 3849 18823 10694 13613 22343 22204 14629 11069 18596 33363 11835 7052 22692 9160
11148 26146 8365 12676 23095 9948 23504 10316 10771 17140 22363 7116 30421 22622 11976 13334 3448 23390 17638 13685 14399 13313 11196 7286 18507 20403
5457 13204 25820 17511 20912 12410 23626 15709 4148 17779 23615 21317 16970 16424 13174 11635 9940 14946 21300 11686 14830 13938 24403 12273 19757 15638
16502 13719 32857 19020 24949 13149 20975 15640 7358 18926 15794 17790 9154 24362 10525 15779 19270 21221 2306 14943 23934 18669 5945 8466 17344 18061
13904 3583 21469 15228 26032 7048 15903 14739 10331 21659 15605 28587 23909 18771 8223 14621 0 15853 11947 20829 13432 31677 16969 24850 18729 19093
19219 22837 10279 22523 23140 11686 17776 11748 11560 13049 19713 8861 15278 13313 15096 13119 1869 17837 4387 10874 15143 30612 7968 5811 4015 11503
9676 20447 31031 13402 11825 9486 15377 9252 10457 13159 20848 17990 17588 22376 11575 12626 17685 16940 23065 12838 13726 27775 18490 10559 11536 12106
13943 16305 9872 15781 20345 7290 18439 14597 8561 11113 18123 22861 23917 18783 9785 9075 10869 20363 26910 18202 17615 21223 15777 19512 10305 13491
12397 32727 14902 13309 18366 13904 22861 14161 13398 23530 20973 9652 20927 19058 7511 14699 17343 21873 26496 11369 16948 35392 8303 13781 6295 17732
12397 17637 15440 19480 26493 7801 17487 11278 14772 17202 18692 22400 22752 20878 8814 13926 13694 19181 15646 10256 18454 9209 4546 26503 3737 12045
20887 25691 18096 17286 15314 14155 317 18899 15630 22372 21554 21469 26766 16788 8782 14394 13408 17606 11399 11437 15748 12034 9610 8126 10521 22986
4713 16821 21693 14511 22923 14370 21339 12922 8844 18006 21330 22960 26493 16027 18419 10864 18658 9761 3957 10807 16013 24866 13840 14975 1342 19490
25684 10722 9309 13034 20363 4750 12864 14182 10346 15083 16015 18555 17630 18946 7463 9823 12173 28160 11628 10407 20027 25635 9983 18744 6914 5527
18693 26578 25249 20461 22922 10756 18552 11216 17404 15032 11871 18674 18063 16880 4499 11452 9382 14586 1934 19021 16999 22181 18069 5682 14935 8039
11606 34418 18614 14208 20710 5092 11763 14690 12668 18956 20914 11830 16579 19193 6111 11854 12772 19629 8062 14640 16675 22152 16191 19226 13361 13355
16827 6760 13646 14421 19831 11068 18630 13125 10825 15719 15851 2899 14230 19697 9558 16913 13835 21390 21962 14053 13539 21220 16379 16458 14929 11210
6458 20564 9257 17298 19296 12801 24226 15081 8510 21015 20867 15434 34141 20070 15367 16295 0 17987 15628 11042 14747 20592 25413 11751 5142 14683
14653 18554 14116 12981 16099 8896 6997 16040 10787 21989 28005 4528 15407 14543 7449 8397 5033 16518 22534 16033 16707 13082 11092 22292 12555 11947
19656 29421 24133 17177 23987 14626 24708 17180 16669 14510 12116 15022 22201 15100 6337 12303 5809 21820 18590 12255 18452 28389 23899 17222 12216 22520
10899 21391 14998 16380 15224 14054 12783 13620 9283 15643 15019 20985 8479 16650 11331 11995 14901 13834 17396 11958 17299 11859 8454 21391 15833 18224
6688 6370 15691 21534 23501 13545 14512 11606 3688 15919 19481 22432 18120 15450 16834 13585 13749 20796 25442 16046 19627 7105 14028 17686 9547 16618
32742 8965 17504 14154 15358 11666 8692 15748 19202 18482 12532 13845 28268 18986 8521 14270 17952 22843 17253 7243 16131 18249 7625 18077 8829 13126
9262 15563 4635 17359 18497 7727 33527 11854 18119 18313 16234 25529 21273 10251 12318 14185 14875 20430 9884 15451 13732 27904 5547 22971 7740 11528
22053 11693 6291 16031 29203 12257 11747 14061 3354 20581 25195 14606 27340 17181 9951 8397 9605 20990 4318 12754 13843 19402 16735 21047 12961 13226
18634 23252 5712 18192 20115 6713 12727 13274 10192 17429 14591 12547 9173 20051 11656 14277 20608 21324 0 16996 23209 26287 12974 23970 12163 16786
6704 27711 18616 23763 14921 11644 26308 17081 11873 20898 17311 26089 19426 18853 9524 12291 576 18597 17054 16431 10622 26954 12707 21802 21525 8812
22249 19143 23937 21575 24822 11580 15174 10959 12419 23735 17210 4575 19752 10860 15001 16494 16397 24828 197 10525 12125 6640 13584 15990 14383 17850
15786 16753 18077 17106 18860 6302 22478 15649 13464 16409 14951 18511 24562 12353 1761 17441 13336 25803 13597 13784 19581 3806 19065 19838 24241 6113
22348 21264 4830 18810 29707 12701 30944 19904 15968 18357 25850 16054 24468 13600 8481 9130 5024 24293 9724 12183 12912 13933 7241 7814 18032 18360
14349 15957 13861 19671 25310 10266 18268 12349 1405 17344 15601 18437 21129 17952 10573 13318 11226 21198 10307 10766 16035 17900 3863 7386 19933 11129
25481 23669 21244 17588 8348 7944 13898 11976 4397 21490 19965 19101 17329 20632 10210 12798 7669 17557 12740 14921 18727 26868 15026 18043 19076 19052
16519 12857 19008 19185 23519 12806 24042 17290 11831 20159 18062 13666 25525 20996 11487 11823 14971 18014 16258 8419 20059 17705 22666 7219 13949 11665
5632 22010 13538 19430 11306 12959 17867 15530 16389 16775 21179 15261 32148 15502 12178 14805 8948 22509 0 11147 17711 30575 8492 12673 17446 8140
14933 3085 20126 18660 20785 9947 14654 9915 9706 14415 17203 14450 12670 15118 12883 16106 9566 23999 9869 16032 13977 28097 9621 9906 14841 27616
18110 10872 21154 21468 15928 7463 25242 15712 10771 21117 22752 16122 15208 15290 8403 9856 1077 18060 17952 10098 19646 21476 6895 11854 22320 20319
14696 12839 7997 18576 13704 10763 23712 13358 7321 18956 17423 26973 23185 9950 13212 11231 15588 21980 11978 10274 17637 30480 5330 9632 7951 11831
20361 23466 11453 14166 13541 14251 15566 15475 10435 11801 24507 22814 14770 18626 12476 13462 21246 21415 20538 18258 17633 27941 20463 14342 9200 14310
18896 21638 6197 17700 23732 13544 15317 16043 14543 16762 15616 17799 29105 15010 10232 11927 2972 14291 10359 15000 19904 13449 12103 8607 12393 6261
9327 17525 24029 20426 15699 12311 17291 15887 15803 20521 17400 11852 22004 23343 15235 14741 22392 17476 1666 15343 20417 15446 10047 11478 15391 18435
10093 11596 29089 17614 18588 10837 9627 9501 14549 16844 21962 15443 22297 21703 9611 13043 13520 19109 6093 11303 12165 8340 11836 14862 15857 14223
18365 14319 16570 15595 22462 14567 19033 15097 15215 17566 21878 13821 26154 8533 9373 14771 22122 19172 9149 19744 13403 24397 7980 10809 2572 21966
18270 16813 13100 14829 19104 11676 17146 14340 10288 17539 19059 3415 20736 17964 23376 12134 16509 21423 16961 10677 13292 14300 14320 14480 13648 7929
9335 12399 16095 19044 22573 8844 28470 13349 14294 19076 15914 16726 19583 21457 11696 9496 1836 18483 14955 13637 17234 27254 22369 0 10665 5731
25390 18792 25187 15259 17231 10487 14029 10926 10862 20797 18625 23459 20661 19868 13618 16570 8934 27148 12661 10882 19104 24297 8270 14203 18350 9881
12304 13563 22031 19080 15263 12882 17467 10140 15118 19836 21518 20076 16700 11144 12552 15171 11256 18504 13172 14018 11151 19517 19649 8515 16657 5932
