365
32 5 36 10 78 40 91 38 70 37 56 13 0 33 77 27 69 28 69 76 11 40 32 33 8 44
14077 12974 17568 13639 19756 15079 21010 10056 15928 10068 14941 16429 12835 10407 23170 10715 23701 16108 8170 12659 14471 8538 11549 19531 12545 14530
16056 19901 21659 14425 20229 10070 13116 12025 18403 9360 11534 23723 2255 15223 20122 13363 16104 14812 13422 17638 5623 15155 13467 22134 16322 14319
22668 13272 20382 13824 21282 15643 19755 2365 22998 10659 22367 17894 5868 12478 22255 21748 16442 4043 9044 24451 10056 10744 13024 26430 15059 8594
14400 21491 16839 7511 20795 17108 20959 9616 20082 11474 24057 25839 9989 17025 18077 3427 22096 17745 13594 13205 11407 5949 12264 17806 13984 9614
17187 14087 11825 12292 23588 16369 19866 24483 15075 10654 16081 13862 8861 10368 22574 12042 12569 18678 12547 19326 0 9984 16477 16251 14571 17867
29028 19707 17824 5225 24652 14586 16107 13096 16869 10760 13013 14326 13860 15273 20199 8276 21180 20308 11962 18623 13230 13694 16118 14422 13126 351
19046 17850 22602 13257 20418 17827 21359 9540 21884 11723 17330 13616 4924 13599 20440 10161 15714 16035 9676 17446 5430 11027 12123 21321 14438 9290
12147 25790 12332 9178 21740 14018 15480 11202 19782 13108 20834 14282 18960 11575 19372 8929 16148 26083 12045 20408 19519 12004 14631 16052 10619 21730
13970 9917 17567 7631 18645 12561 21079 3137 29558 10166 5153 21675 10200 10530 20845 14977 17131 9532 10317 20204 7072 9763 8034 25623 16318 10973
21187 21493 11590 15443 15870 13349 17432 9656 22544 10151 13319 16361 11354 10803 25096 31274 20414 17268 8320 18977 17221 15455 13365 16862 12683 2253
22828 20946 18811 8288 16247 15802 16417 19328 17148 11684 28664 17500 8986 13079 19535 6362 15602 20996 13077 14157 17956 10854 14328 20754 13902 12149
16512 24396 21751 17221 20092 13245 17800 5139 18647 12302 15921 26404 13756 17391 16851 6302 25314 9917 11663 22286 21950 5259 12931 17593 15635 5990
14722 15595 22278 13035 18087 13570 17779 9815 26659 13711 12200 15587 8634 12571 13636 11970 20391 34204 10424 19573 4075 10163 13762 19952 13634 2819
17540 23120 24502 10927 21268 16474 19885 7668 14010 8402 27829 19559 15055 11036 15429 0 19883 20161 10602 19474 12990 9821 13519 19219 13822 19238
19750 22278 14637 11818 12017 18772 15899 6592 23238 10629 19839 22180 8860 10804 22646 8211 16843 16282 14900 12839 9745 6454 11542 21144 10728 4187
15558 16066 22253 9701 19709 12837 13599 18859 19060 13895 15541 9342 4880 13236 22987 8992 14750 16667 11710 18995 353 9936 15969 19621 13744 10880
19115 20605 13300 7527 18025 12101 16964 22533 22126 9425 12510 15003 18248 14246 25826 10031 16634 17229 9747 14810 12266 12063 14991 16466 13299 8941
18714 14093 19076 10681 18155 8681 16743 10675 17472 11331 18481 10048 8825 12561 16805 12283 16605 23396 14361 19347 380 13456 17377 14836 13410 11395
19571 9027 11505 9432 15753 6767 16891 32232 10105 12820 20031 4097 18434 9537 18950 10769 14632 12543 12552 21863 0 10276 16994 23871 13721 12381
20737 19667 17172 3964 22824 16614 18200 22030 26941 15387 10241 0 16469 12868 12136 5768 14988 18145 10123 12930 13975 10590 8218 15685 14873 9311
17028 19253 16911 13325 17663 17764 21237 18182 19314 13415 16975 13767 15082 13072 21563 13966 22024 10365 11934 18549 11804 12756 13669 19047 13892 4684
7314 15229 15902 9822 16378 11484 23945 37479 20788 11927 23390 17910 6391 10259 15881 13136 19438 9966 7166 11130 7901 13105 15245 11997 15613 15108
13547 17715 18819 15851 21450 14620 19619 20038 18829 6381 7684 7597 21180 9968 14672 13663 14467 15477 11995 15275 2343 10025 12449 23198 16638 16600
15516 5644 12512 11404 25077 12476 16784 17163 17922 10592 15094 6121 9545 12629 15150 18775 24214 14788 12720 13948 10815 13495 11959 19567 11502 9026
24776 20057 19181 11388 16788 14471 18185 4448 15055 9989 16200 20433 5145 12296 21594 11769 15356 22773 10425 16323 6426 6759 14539 19253 15407 9066
26249 26724 14243 14453 15939 15811 21198 0 23008 11855 22791 11918 14986 10982 20536 14476 15070 14956 10486 20382 6264 7731 6068 16570 13201 0
17572 23134 24174 10053 25208 16759 17617 24901 18708 8738 26901 20612 18352 13317 18111 10802 17781 29335 9820 17824 13162 12555 10187 22016 11438 10863
28827 16965 15745 13615 18052 12512 16021 15195 23976 2317 15797 14622 5353 12259 21183 19893 17339 15037 11392 15865 10905 9944 11147 13499 10308 3740
21255 12829 14813 12957 20732 14708 20746 26873 21086 13834 24601 10553 10318 12325 21010 12085 17044 16837 10517 21880 3160 8692 14770 15239 11165 11166
17332 15961 14744 17354 22219 16770 19235 3679 17892 10671 19588 19503 18061 11944 18925 4178 16201 17257 10822 22187 27239 8671 15669 17515 13432 8912
21259 10049 13575 14383 19293 22511 17245 24971 13259 11561 27090 14532 11496 12182 17484 18958 20836 18805 15303 29967 11594 10478 12173 23298 11058 13818
13828 21278 22735 17201 15949 14720 15700 20853 13964 9305 19793 21997 10701 14145 22052 13709 17572 13094 11849 22103 0 7514 15123 23628 12436 8317
15061 22089 19086 12575 22309 15438 22486 11595 22300 10822 21409 17200 11643 11562 20396 8916 14117 3899 13628 18101 16687 15162 14573 19852 13643 15276
21557 24315 26123 11207 19174 9845 21527 14687 20282 12341 17207 13701 23297 13904 22269 9101 13342 16668 12508 22306 11717 12454 13476 13197 14083 8670
20094 18857 20002 8642 18659 18600 12618 7370 14207 11290 26379 10626 12210 15450 17880 2745 19036 14839 11292 19378 17047 8419 16004 12470 16062 10613
14753 28915 21438 13914 15577 16520 22970 11902 18801 10621 6125 14769 16905 14720 23539 0 10602 3363 12912 7298 5198 7289 9813 16935 14635 20376
19959 12784 20524 11664 14565 15132 15274 24024 21084 9041 22786 5830 2792 10190 22700 25627 23612 19212 9101 16432 15252 7061 11489 15241 12710 17054
28906 21988 14386 8713 16335 12733 21663 4911 16566 10455 15455 22902 9785 15696 15613 0 18052 29063 14558 15720 18547 10782 10509 19018 12936 8818
14237 20424 21372 13691 15947 17084 11647 9513 13974 12191 19403 12626 7365 15234 13113 6969 14565 16333 7257 15855 2285 14840 14315 14434 12633 11204
22223 8693 24482 14851 19914 18023 11309 24774 15791 9176 13743 21874 11672 13799 20945 6370 21074 25921 13162 17865 15361 8747 14876 17287 13015 13149
5455 9559 13021 14474 16055 10906 15589 6601 10756 9617 27762 17078 5609 13564 18085 12543 15732 8341 11426 16258 3612 8776 13547 11532 14823 21855
19017 11097 20188 14043 18740 16713 16370 10172 16406 12242 12010 17916 10204 13452 12206 28845 20328 12234 12733 13387 0 10306 16962 20242 18981 9852
17441 13236 21251 9986 11571 12583 13063 24321 8151 9301 17059 11967 9968 13201 17576 12415 19601 11869 10481 11068 12099 7431 14606 17993 10852 5509
15190 19336 23514 10076 17801 16980 20135 14947 14402 10921 23108 17435 8250 13284 19308 0 23232 21633 15232 7162 19572 11355 12413 16570 14686 7191
15726 15620 12856 14147 23335 13014 15712 14717 20186 11347 25428 12079 11783 12594 22217 16792 19543 372 9763 9925 9338 11888 12690 18848 13625 28910
22829 15171 21258 13710 14683 13788 17690 18929 15218 11404 19534 25279 10194 12116 20526 25435 19251 22172 7954 24911 5004 10511 14857 25938 11041 11407
15289 11996 15078 9203 17355 9017 17015 0 12927 8648 15629 17778 526 8759 15835 0 30001 24886 14640 19763 0 15771 14515 21073 15353 4124
6687 16634 19875 11647 19743 16823 19406 12700 12816 10781 20960 12280 6466 8770 14263 19636 9715 17406 12149 18067 13738 8055 16185 25818 12809 24056
23295 7153 20503 13701 18817 10387 20469 8142 13093 7624 17265 2115 17498 16681 21060 24332 14572 20674 10007 15538 12001 11943 11823 21060 12822 0
14636 20289 17580 11196 16617 15037 13404 15856 20139 10406 25836 23939 15800 12410 20812 6735 21969 17148 7646 22486 15242 7111 15337 15317 17433 2646
20766 24669 24027 18200 18597 13633 15085 8658 19704 7250 9542 17550 3286 13076 22257 7537 20239 32631 13475 17391 1579 16650 12623 21119 18675 5298
11373 21677 19579 13224 25473 8462 18782 19918 16590 8669 11257 21912 9585 13233 18039 7561 17876 23300 10274 20110 15648 13410 13429 19070 14422 25377
11106 16753 14363 9742 14806 15679 19379 12918 21028 10592 24391 17565 20540 10487 20750 23349 18651 9779 12611 23446 10593 11364 7833 20399 8660 13563
19218 21170 20816 13641 23198 19482 17641 4996 15232 11378 14390 9349 13075 11015 20626 15779 19109 19602 12519 19156 10622 9909 14841 17460 16854 9350
21650 13311 19627 11205 23215 11435 17968 20399 19115 9078 14347 17364 6125 12182 21206 13495 21105 11476 13152 18043 738 6403 14617 15308 15224 28506
11812 20202 16248 9654 17756 15022 13891 17158 24668 11099 10390 25025 14955 13169 21867 15995 18400 15347 12246 12177 4386 10314 12415 13862 10860 13130
21826 34128 14911 10006 22683 15758 17580 8625 17531 10031 11399 21080 13271 11308 20776 14713 18703 16195 15337 15284 2099 10763 12313 16389 13350 20748
22868 5294 16886 11398 13309 15755 20451 14253 19726 10444 21210 10166 9739 12513 24791 19133 20010 12808 10846 19094 5976 7111 13834 15637 8941 16614
6100 18254 10095 10889 23175 14071 10645 24358 17217 13587 26027 16673 15496 12762 17224 2353 22297 12993 13924 17719 0 8513 13895 14862 15042 10594
12554 13690 10026 13443 19284 17029 19069 20303 14461 10000 12161 6793 13114 11601 22848 7732 22422 30231 11869 20699 919 11634 11857 23151 12857 25252
22444 9502 15652 13564 15849 16016 16431 12146 12650 10797 10370 11682 11624 11809 21740 10853 17879 10096 12547 16418 10501 8668 11887 16795 17003 14414
23269 19421 20672 9715 24792 16225 19508 4541 22821 7070 13972 9762 10383 4023 16936 11448 16091 25183 10650 16556 14552 9078 11487 13763 13825 9922
15447 16366 13094 13125 24452 17879 21638 24575 18707 14235 27251 12088 15170 13429 21611 2610 14446 16717 13534 14814 16829 13588 13581 17282 15313 20054
12058 22018 8409 11215 18076 12834 18233 12006 19584 14465 14502 0 8877 12875 14183 12117 16547 24055 12616 19090 10545 10726 15716 17375 13956 32513
17255 5341 22880 9348 17966 12930 19633 4482 17217 11366 21641 22711 14409 14009 27064 20263 18786 8376 12075 20152 13175 13689 10953 10263 13992 4239
24874 22259 12025 15084 21619 13544 15100 1777 15696 15321 11286 15341 9491 10096 20766 0 23355 28276 12277 19685 14093 12422 9807 19978 12990 13576
23442 21380 20658 12992 20800 13322 20090 11066 12301 13107 26963 22127 7867 12095 20876 10647 18436 21893 12435 7648 18392 10929 13744 11952 12920 14485
29755 12074 23162 13673 22372 15388 13688 0 18907 12804 19025 3912 18441 14129 24575 4754 21821 6586 12985 24305 20270 12820 14592 18654 16351 3309
18546 5842 16258 8748 18264 14531 23018 16825 19887 11023 20140 10493 9076 5637 22978 14080 18011 13613 10887 16240 2097 11721 14273 14813 12178 8266
22923 19543 22872 12072 14716 18167 20889 7048 20108 8375 15829 12522 12937 12998 26331 9462 11312 11562 11973 11029 9538 14508 16192 17815 15788 12374
37792 19326 17886 14154 19443 15019 16435 21584 12125 11942 23349 9421 17111 8730 17173 15843 15922 27207 13052 14935 0 11977 11832 20071 14599 9959
6141 25353 20081 14218 20912 18357 18246 16948 13633 11580 15285 11068 10582 11422 22903 13161 17051 6926 14016 14681 7562 12241 12341 19292 12239 12840
25922 668 12725 16487 17861 14094 20023 27861 11226 11160 19335 16269 6608 14561 17519 20213 8977 7691 11322 13691 13769 3810 14423 15783 11102 0
20528 7266 13536 14661 21606 13019 17144 15653 24065 11809 22270 9427 11892 10389 13913 11796 16335 17412 15238 19594 6401 8894 14514 17690 13546 6701
22820 17198 20696 10106 24078 14109 10567 10552 23920 13300 25844 13899 15397 14633 19174 23971 22362 5829 10769 9216 13783 7713 13113 18636 12658 14745
19754 22435 16223 11232 18945 17057 23460 19957 23941 11513 26307 21394 3124 12210 16664 1768 17346 18297 11435 8333 0 10321 9180 23673 10209 15690
27649 17210 16613 13552 21342 11564 17482 9923 6853 8765 15111 11475 14027 12120 18805 10147 22479 8417 11553 15344 8168 12485 10723 16450 11492 7993
24326 23732 15310 14967 16843 10896 21808 15258 16255 9718 7005 22655 3260 11410 21405 18151 19320 20542 7716 19142 7501 6065 13521 24554 12473 0
8788 17590 27451 15628 18385 11385 17391 10249 16229 14230 11866 16057 12244 10215 20243 21168 21049 10892 14105 21186 14494 12579 12629 18023 14210 12157
14307 21436 22514 8410 17823 12016 19172 0 20644 13422 10277 15605 15387 12178 21651 23883 14869 28910 9013 7111 8889 14982 16767 19697 12093 3008
12555 26394 21392 4537 16042 16353 20577 15018 24977 13535 30539 16865 13321 12542 22561 2172 25185 23413 12907 30171 1609 12415 11380 12035 13769 0
10282 14486 17184 9236 21161 13692 22776 32701 22898 8543 22402 22931 16143 10981 19159 14819 19653 27568 7003 17876 5950 11344 13315 21953 14285 2515
9612 20294 22941 14557 23489 12282 10458 7906 15968 11769 25864 20160 20390 14975 19695 4316 17979 18530 12756 13393 5411 13157 15081 21771 11601 20229
10318 17167 16248 13529 18746 16209 15230 24395 17827 13763 19922 20080 8532 13156 23164 18408 21780 6216 7715 17088 7411 9946 15820 18839 13875 9931
26856 24967 24810 10616 24213 17009 19656 5960 14713 10552 20465 8727 9049 10908 22068 8624 19083 26867 12041 19997 16959 10637 10600 19733 11586 9994
4011 13632 15064 14778 18288 12186 21085 23858 19560 8882 21259 10711 10246 11866 19502 9319 24166 10275 14458 15631 12790 11403 14743 13343 15232 5894
18848 7050 24222 16764 21831 10560 16971 13797 16619 13053 29412 18664 5476 13323 19259 679 18409 2166 9906 16271 7036 15447 16564 12304 13132 20865
25687 6426 17724 11038 21034 14272 12582 7784 14976 10427 13824 17786 10458 12248 20214 0 13006 15677 14609 26055 11297 13026 12185 17129 16000 5687
22642 19728 20824 6795 18803 12123 15270 4233 19270 11361 19239 13906 16004 10276 22373 23553 15202 20857 12747 20735 2259 8871 17278 22113 16395 16534
16525 24975 23702 12823 18773 15261 17974 7284 16455 12293 25661 16460 25477 12608 18103 8095 16598 12866 12793 15113 9637 15729 14929 15494 13628 21435
5975 25134 19912 9132 23059 12799 23365 22681 21120 13234 15857 19156 15915 7920 19103 10837 21185 22847 12349 14377 26103 10978 13756 25554 14165 12116
27269 14402 15538 3842 21426 15991 19189 13894 17418 14096 22510 10494 17276 13814 21974 0 11599 21020 9285 20670 0 11953 10397 18040 12219 9777
12349 16825 18020 9980 12344 16455 19973 0 20313 14286 16005 19529 18363 12909 16865 14066 16373 13356 16836 19548 16623 11031 12878 17927 11995 16283
21203 3833 16322 11707 12319 17757 14704 5719 16417 8747 12355 17581 24158 13930 19462 8040 20710 14815 10043 18640 5204 14735 13629 23500 13515 11084
24778 17646 18991 14505 14027 9472 19124 9069 19136 10293 16572 14553 13786 10430 19404 2640 19106 18056 9903 15497 7779 9288 17127 17338 15542 4645
28763 10794 14793 10785 19439 13220 20323 0 13029 11335 8794 19018 9440 14131 25843 3199 20283 20354 10237 27431 9604 9190 9887 15653 13641 25478
20346 28127 15542 13775 15420 15836 20338 3170 9273 9281 15402 23671 15995 8486 22621 7228 22609 13510 13985 11958 10044 7348 12585 17339 12983 5620
9318 10254 17906 10811 20860 17317 17133 17764 19707 13696 13487 15040 10165 11962 21421 8984 22587 18103 12233 19454 1559 14119 16187 19957 12601 17538
25465 16791 19788 10688 15103 12418 18546 29970 18944 8046 20147 17568 14464 10612 22905 12908 16078 24672 9249 20874 6746 14158 10916 20975 14309 12009
11943 12845 22149 17243 17597 13634 18509 4073 20384 10697 15983 11587 17518 14322 16301 8148 19944 24605 10187 20036 22577 14071 16295 17168 15640 13463
22009 20980 20190 11595 17912 14953 19918 19576 10833 11697 20601 19038 3937 12811 19623 13140 14917 14642 13920 14503 0 7359 15295 15796 14086 16127
19804 15318 23162 8854 21751 18207 19206 867 22868 9753 13586 13305 19967 11787 19003 6568 16571 23615 11486 13091 6878 6258 12348 22611 16554 3335
33834 13322 20915 10134 26228 12686 20402 14344 18884 9091 23254 15216 3960 11417 23622 4241 17710 15540 12660 11868 10662 6183 11788 13687 14357 14837
22507 5845 17488 15589 21803 18066 18990 6282 7873 11358 16956 14164 5365 13822 19915 9837 16880 20724 14788 18951 786 16004 14377 16931 15749 802
4823 9504 14997 8966 17810 12398 11891 23214 29015 11554 16256 16865 14539 14828 23315 16812 19629 23370 13297 19053 21818 12401 18470 15156 14730 7074
24996 8004 17694 15520 18247 14981 20981 15406 20323 13109 6628 22402 16071 11135 15555 18126 18170 20824 10082 21045 8140 13875 11120 27063 15265 4836
15130 9864 15006 10819 11393 14458 24598 7318 23527 8023 19221 12296 10945 13945 17883 5476 16507 21876 14083 24062 12243 6930 12161 18326 11784 28084
28004 23731 17908 8472 19795 12920 19018 17023 19235 11504 22182 19688 0 11577 21433 3911 19756 26566 14275 24392 5811 14384 12598 19340 15266 13721
29157 9629 16301 10420 18295 11748 16514 6150 15576 12075 26389 15420 14222 10639 22672 11227 15667 23913 11184 20361 19757 10187 14447 16787 14308 23532
30557 16788 17259 17545 25047 13866 9976 14411 16831 10750 18100 6793 12397 13352 18047 862 21485 20360 11342 17876 9456 9748 16778 14381 15905 12111
1608 28882 15452 12306 17704 12017 15499 14257 22513 12021 23451 17820 8397 12502 18518 14324 22933 12640 11870 16123 9652 8977 9837 13653 16447 10367
14878 14680 12774 11751 19147 15134 20907 11098 17165 13159 23898 20438 9987 11067 18086 7961 17636 16937 14774 16649 10674 10470 14200 16531 10723 14170
23643 19717 14200 8618 19265 15211 19204 7098 17868 8396 14533 20950 15762 12998 16168 19200 25582 15541 8893 7722 6095 14465 11108 23324 12865 13181
11943 13585 20613 16141 22828 15182 17183 13516 11760 15408 29930 6385 8018 12556 23238 4737 14465 17268 10153 16982 2759 8332 8982 18436 12968 2368
21532 12836 15333 11420 21585 19691 18641 11863 13164 5712 22458 21679 13006 9537 14800 16507 19231 19676 12580 19292 12750 13404 14063 24766 10255 12532
22726 17617 20669 13459 21790 15682 11861 16332 18116 6579 17554 17166 11423 8779 25742 10053 19135 13140 8088 14316 6781 13656 14097 16816 15490 17036
26977 26976 15272 9829 14777 13433 18792 15507 15286 15162 16224 14062 7614 10217 23670 9052 14486 23871 7863 20333 14692 9299 14185 14151 13862 21197
31027 16510 21543 15764 19840 13572 17805 11177 21888 13728 20788 13865 5830 11116 22641 16623 16252 21332 11066 19242 11238 15206 14889 18012 11179 18270
27437 16477 17834 6983 19044 15154 20911 11861 20436 12516 25135 15725 4643 8457 17689 0 19501 15641 11577 17881 14135 9101 14684 12481 15692 5436
28058 27082 17293 12080 20978 11886 17866 21016 25246 10995 10496 10576 5278 11234 20391 4677 17357 11877 8632 16396 5904 12069 13041 10851 11822 8861
9861 17762 14424 17742 13361 13675 20551 6129 9384 10052 18355 10206 8760 12164 20097 2310 22375 4311 6772 12407 20811 11243 13900 15412 13271 224
17950 7286 17780 9087 15318 14801 16930 26258 18214 13535 19782 13991 13232 16915 22372 10487 14485 0 13419 19875 3920 12734 14613 18396 12528 14418
25593 21066 16205 9949 17369 17402 22352 20548 13401 7852 19957 15668 9873 10554 19651 19559 17138 26145 12667 19300 22486 10361 10395 14770 11505 12177
15056 26387 18952 16162 19797 9035 16647 20179 15805 9087 23616 16163 14336 9382 21926 13461 13813 12741 10487 19301 351 13486 15922 18094 10659 8824
28048 9186 18915 12257 20209 8636 16412 15196 19179 13435 22326 23155 19318 12054 21063 12398 18184 13586 13895 21064 18203 7723 15760 24601 12317 6031
12300 13134 15698 8727 14671 15246 14467 17138 13871 9851 24206 18708 12359 14331 18009 10219 17842 14741 13900 11789 22467 6727 14723 23912 17203 11240
17549 15912 20482 15987 22395 10579 19596 7728 13346 9821 12963 19743 12215 16721 21240 20516 20083 18703 11783 16076 0 10676 15621 17054 11795 7948
12719 11295 20331 6506 14983 15522 22327 11486 15311 9527 26111 22947 8559 13949 21608 11108 17421 8080 10683 16957 0 10841 9788 23512 13578 7991
23259 25188 19721 9406 13344 16615 12574 19261 12666 9120 18549 22570 16026 14646 20089 10853 23389 12068 11549 8547 18030 12499 14652 17698 14378 0
9592 26084 19609 14943 18307 16946 15665 6803 15493 11366 17918 18960 9241 8469 23565 13928 14309 16941 13370 16678 14684 14548 7727 26059 13592 5546
17671 11570 17546 14188 17309 11888 19349 22002 15731 12227 23380 7630 12153 12387 18618 14109 27660 20479 11464 20133 879 9641 10186 19640 7447 7372
22991 22510 16870 9451 17550 12843 17531 5386 7104 10015 29189 9558 5545 14830 16798 16612 16534 13260 13906 21755 2106 12140 14467 18468 12564 1233
26740 19870 15674 14364 23624 14043 20578 16124 23023 10546 19527 10739 12328 9349 14795 5382 9147 23723 14375 15349 16187 11293 15090 15540 12991 4485
20803 17629 15054 8416 19908 18496 23283 9640 21840 11661 18565 8993 8451 13414 21069 26890 22285 22916 8453 17877 12325 10639 17202 18440 12919 6584
22843 17078 13290 13985 17424 11473 22533 24525 15750 10787 27477 7272 12407 15128 19899 0 22323 25136 11635 14692 16093 9548 15358 17585 8539 2071
16023 19461 25729 9707 18369 15124 13516 3338 16215 9390 13470 12513 10366 15187 17139 11626 22404 21627 11381 14729 3467 8751 11914 22889 12888 770
18429 10768 22362 5950 22720 15999 14717 24543 16251 7102 16119 8734 410 9681 28639 0 12129 10180 10696 13470 16090 8802 11096 17876 10608 11292
21951 16291 23027 8361 17618 14520 15401 11744 11186 11280 27437 18376 10942 9336 21338 19878 25368 7486 8642 23717 16051 8954 13928 18205 6718 24231
30262 16354 19100 17419 22370 13723 16521 6515 18808 9491 18529 16064 7792 16890 21518 3988 11292 28745 11491 19450 14786 11052 10661 17668 12659 18661
19244 15067 11501 11108 14274 14561 19441 14864 7482 6521 21948 12733 21884 13256 15940 17567 18508 14959 13394 9198 15489 12089 12352 20205 16941 8967
23278 28375 20914 15506 16965 20210 20467 15295 17972 10654 18180 15557 4345 13618 18926 9686 25746 23566 11184 25881 4605 7583 20417 25479 13017 1031
26018 10112 20510 18197 16611 8966 19244 13433 14887 10520 18817 20556 19541 13870 23065 3555 19471 14531 9938 19878 15812 12755 19412 20214 15800 10510
15281 22571 16535 15373 16596 9150 17209 10102 14264 10102 19463 13901 16240 13192 18663 2193 20125 27525 16336 21624 5579 9635 17364 13312 12175 8816
27184 20156 17256 14974 19942 15414 17962 9156 19768 11200 17660 14557 12278 12318 15939 14781 13918 14522 11775 19798 2626 10090 15757 17701 13112 13079
14886 8210 20953 9110 19983 7984 18318 14747 17298 12057 11034 18727 3512 11153 22668 827 12317 15431 14703 20806 16745 11465 14748 17458 8219 17045
4602 20263 15742 7672 18119 15477 17935 34196 14278 12517 23781 18154 21237 15103 18953 4842 13574 25407 13136 10540 17724 11914 15385 15932 12881 16133
24561 19189 18609 7273 21361 18229 16807 23435 17407 8975 24896 19835 5182 10866 19132 23671 18204 17126 13794 16246 14259 6262 15647 21608 12582 19570
22319 21485 21534 10653 19581 14959 20894 12672 25306 12656 15471 17538 10586 8641 23698 6755 17527 18908 9354 19730 9168 7762 14208 21795 12481 16471
26891 7723 20297 6281 16341 12809 17038 4150 10333 9924 9752 17962 7298 11361 20822 15553 21104 17570 13610 21055 8689 13226 12768 14164 12241 20468
16301 26448 18010 14376 25242 18711 15656 30422 21734 13425 22294 21378 8542 9309 22945 12732 17477 15216 18103 8583 0 14907 14617 14574 14322 19536
31833 12047 23680 13868 19278 14033 17326 10488 15186 9711 15888 17560 19148 14856 18846 20382 11138 4362 11244 19421 19547 12465 13674 14904 10924 15285
19726 17369 19834 15767 13359 15749 12558 9099 9138 9881 30397 9148 18097 7949 14175 24792 23495 17335 13907 14859 6166 11787 12050 17250 14741 80
27433 11762 19653 8769 16882 15032 20931 17429 19487 8582 18136 25742 9725 13711 19063 18823 14890 13968 12560 21378 8194 13814 15536 19476 13698 0
16665 18720 19241 13295 16549 18370 21084 21851 15028 7224 25084 14500 11131 17003 21948 7159 16401 13077 10644 26255 12178 10677 16347 15182 13706 18612
21484 20052 15568 14250 20102 15754 15437 7260 21755 7649 20184 13437 15268 13416 21546 20439 21306 2578 13827 14722 19046 15749 13071 23871 12849 12773
15654 25358 21904 12027 20525 16864 19449 0 20966 15791 23110 21036 4399 13504 20418 15790 23710 13048 11900 21116 13012 15521 14215 16518 14077 19050
12093 17050 15448 11115 17740 19828 18385 7520 13492 10372 22898 14804 9235 14196 16910 9650 18930 14791 9931 19939 22454 12927 12287 25548 11720 20089
28261 14727 20767 17964 20154 15628 22640 9187 14162 9375 11290 22118 16864 13699 19068 13482 18801 9865 11937 18087 8589 13847 15270 16977 13718 0
14310 21480 20861 11000 21541 13686 19203 17958 19921 9289 22527 7928 18415 11246 22563 22423 19989 31086 11916 14931 4676 9234 16047 16834 12686 25734
14183 23816 18773 12967 23137 13762 18537 2903 20901 7627 5536 17422 5375 9467 21038 16121 21652 15285 10086 20473 2855 17069 11551 20030 13109 10191
22451 24552 17178 13487 18879 15180 17978 18662 16715 7314 14215 13208 21491 10154 15770 9087 17318 22234 11510 17546 24797 10015 10178 22791 15419 13314
28720 20984 20596 12319 19917 12611 16915 9655 21613 11680 23353 21096 13304 10250 13126 28648 15388 8549 10778 15615 6221 6358 8575 21429 13822 23029
19053 23511 12149 11716 22415 13177 14398 17177 18012 13333 9124 12961 5938 13826 20143 0 21880 16879 11003 18249 17487 12874 9123 19197 12201 0
21769 5420 19792 8197 22308 14868 15081 15720 21887 15226 22695 7506 3924 13652 20945 8426 16998 32803 13008 23966 21969 9302 8692 18199 14968 544
13375 21342 12627 15456 18358 13039 21349 23771 17562 9471 13252 10106 9496 12981 17119 5108 10735 22347 9140 8915 18786 13270 11936 23533 16143 17790
14476 10815 20174 7345 16383 13764 13251 32542 20287 15084 25660 7963 9259 11144 18730 16656 16517 13006 13023 14472 5385 11515 12648 19223 11750 13794
17189 16167 22472 10709 17544 8536 15788 21531 15437 15349 22490 16978 9868 8489 20306 11805 14580 14324 8555 12168 24719 10467 17619 16159 13040 5235
20746 26141 21916 11651 12779 11356 14170 9810 19537 15867 18430 20225 7042 9171 21979 22961 19988 23365 11203 10004 14975 9072 13363 20236 18199 12724
30058 24589 21997 4031 21587 17823 15407 16915 25671 10936 15267 17360 16438 12695 19691 14907 19059 12885 12020 19085 775 8116 10307 22044 17232 8189
13923 19701 18567 13587 19938 13051 21965 11642 15447 10461 17541 6151 5371 13416 22062 18615 22076 11365 10701 15460 6361 15979 9183 26704 15607 9917
18381 28797 16996 13884 18730 11530 19811 3604 14338 13929 15940 12078 10056 12329 17123 10466 18606 16195 12855 15826 6009 15223 13216 20133 12851 1886
21419 8916 12415 15677 17443 18301 18058 14915 23095 10053 14423 13140 13618 13018 8659 11812 12839 27039 10138 16926 11169 8064 7781 14837 15522 9556
28986 13679 24801 12129 20325 16125 21201 9421 17749 13610 8017 27438 8630 14658 19173 14894 18315 11222 10488 14417 21660 16690 13178 19058 13074 15519
29716 18431 11264 15698 17438 13889 21960 10488 19641 13145 19557 12600 13261 13920 16482 7949 20153 14691 12612 13734 4597 11576 9150 26269 13077 5950
8631 8388 13051 12323 21959 15564 18421 13619 17774 11106 18618 15654 14070 15664 16707 19025 16299 11941 12353 15855 2166 10066 10376 16771 16536 4219
11117 27175 24133 10297 16519 14379 18528 21410 22316 13034 15424 14998 5798 12157 17568 1394 16043 16963 12938 16000 16319 11123 10698 21735 15924 13526
28071 15363 21473 14456 19340 10845 17028 18633 25048 11131 21737 16933 17649 12101 18855 11308 20125 18125 12884 14534 23684 8157 12072 15164 16999 6656
18505 13133 20891 13171 15848 18517 17559 10865 24029 9149 19571 12749 3035 12653 20213 4650 18884 9284 8953 24324 7890 9595 11454 19813 14579 10007
13954 20833 15191 7705 23687 14183 18822 11759 16858 12611 16870 15133 6903 5767 28003 18956 21337 16308 9942 18708 13136 14480 11851 14478 15544 2787
18001 18327 17481 15004 24681 17523 22111 13173 22522 11291 27222 18790 11827 16925 22662 581 19919 17364 12039 25453 4433 10283 12974 19819 10907 31214
17387 10722 10054 7021 24652 14826 21499 3580 15887 11470 12620 15034 10971 14076 16089 6788 18912 20505 9812 12985 12994 14071 18257 21568 16743 21676
29074 8701 18278 21102 22037 11712 11244 16946 22087 8876 20661 4143 6876 12474 19491 9955 11651 20533 12200 13820 2458 11410 14534 16704 12272 11524
5852 16815 20050 16310 13940 14338 21768 35102 20114 10004 18539 13030 6882 10912 24925 9100 12394 12005 11494 15133 15496 14706 12506 15618 13123 22338
18530 26045 17412 6885 13900 16475 17125 11845 12303 11219 18410 16369 6402 11582 16437 11721 13787 17068 12625 14300 22425 7870 13027 20716 16564 18683
13598 13430 15646 11834 14968 15822 17156 26812 16900 13741 22225 13842 23174 8602 14728 12726 21649 27563 12118 11547 6454 12115 9765 15409 12122 14186
20410 11871 24486 10943 19961 11953 18015 11527 15440 8596 22442 15582 11558 8549 22359 5494 18198 2547 12705 14312 22381 5492 13360 13395 17307 2268
15958 20299 17563 13380 21710 15650 17153 15942 19613 10206 24799 16725 1125 13640 20693 6386 16044 18429 10732 11627 21550 12172 13012 15765 15621 12647
11722 24110 12280 9595 20467 11053 15739 14076 16654 10125 22232 8111 11000 9621 25483 8333 15272 10634 16513 13200 17803 7635 8212 18290 15439 11083
6055 20504 22445 8193 20255 11496 14899 7025 22070 13021 17927 24918 18534 11990 17304 18246 15604 19871 11527 22343 4359 10435 14688 13372 13199 18525
11781 9712 18142 13733 16466 14200 19726 9697 22323 8548 15220 29377 10397 13007 20809 9197 19075 19142 9380 19034 35984 14786 12837 13719 11143 2466
10748 20928 23229 6220 23060 20499 21040 28071 17798 7052 21844 22119 12926 10697 20982 14655 17693 16900 10957 19501 20869 6631 15006 18507 11303 10268
36594 20070 19167 10515 22015 17200 14596 16875 14518 7799 13022 13326 9890 12653 20912 6978 17516 6761 16515 10912 5952 12172 13550 13192 10190 12735
22570 20000 20772 12343 21032 5282 19639 11430 18044 9576 18450 17738 15926 9544 21514 3599 20662 21313 13651 19514 0 8262 15078 14709 14835 13427
15332 1676 12691 17364 17719 17733 22033 0 20583 11171 16619 13796 12590 11563 19275 12942 17015 5798 13554 16786 4035 11731 15063 14031 13336 17411
7369 14355 19842 11240 17228 11981 14962 21269 19580 12634 20646 8882 8548 9461 17807 15895 17532 13256 13134 18782 12871 12755 14138 22952 15613 8001
16655 19115 17006 11425 21066 11968 19811 26038 11819 10485 20244 7176 15735 14720 23797 10405 20779 24833 12146 17543 0 2807 18555 27625 12471 4717
10936 4052 15508 6617 13421 15453 22529 20641 17735 9710 20598 10153 3118 10005 17576 12673 15074 11716 12349 11202 17054 8138 15528 15171 11940 5766
25871 15946 21387 17930 18533 13214 16922 5160 17452 10344 19999 17387 19695 16587 26792 13787 17791 18608 12151 18996 15177 13331 14976 15008 12729 10941
21672 18883 16059 7236 20603 14382 16113 12638 23742 8069 21265 18848 16607 15417 21761 1506 13474 22546 8340 21490 7574 10936 11120 21264 10099 4244
19542 17731 15239 8280 18188 11000 17418 17416 21816 13800 24343 19757 11478 10421 18203 0 16276 10073 12042 16162 13712 6145 12175 18697 10939 9673
11146 14491 21335 10403 23348 10418 17805 24066 18798 9742 24383 21809 0 14252 19400 0 19322 4617 8805 12202 3264 11173 13862 20983 15642 14270
20045 18757 17528 10149 21928 12763 16837 22275 13990 13689 10163 13471 12675 12987 15023 8584 22983 9725 15753 15694 14070 10175 16777 19057 12549 15291
23138 17719 20560 13787 19137 16092 18825 28540 18728 12910 18833 13783 4098 15736 18194 12758 9188 19832 7622 18109 28394 15077 15629 14451 15146 10970
18188 22623 16619 11517 20916 16108 17181 12746 16567 10935 12440 22037 11100 15110 24286 5963 22088 23955 9326 24984 6958 12306 15308 17928 12562 23942
18069 6804 18423 11925 15342 11390 18516 4000 20275 6586 13077 15115 6 11126 20898 14647 24105 8688 11548 15398 0 11427 13393 23094 15045 16121
16227 9362 18952 13508 18986 15409 13472 25059 13925 7677 19361 12268 8359 13865 15150 8009 18216 16668 7615 14894 30990 16549 14560 22287 11983 13235
6878 14160 11813 10801 20579 14803 21415 39774 18906 9317 20276 18507 11430 12104 20343 21014 14746 33844 11237 21216 7458 9205 13729 15392 10859 17858
14918 12998 21347 9985 21523 14900 16914 10803 9271 9676 19531 13978 14281 11414 18833 13110 18933 19997 10725 10125 16638 12620 13243 17059 14028 16687
17394 18660 20518 11388 17529 17738 16888 15872 17418 8278 19825 12764 0 11964 24918 7177 20591 12771 9338 12426 25773 10061 13190 22416 15801 21622
28431 18535 21745 13241 13772 9922 19625 14581 17884 14333 11919 16212 9843 13240 14643 12101 14258 8379 10715 27962 19228 10468 15916 17190 12040 14281
21952 21688 14327 10359 17225 15573 22078 1814 21020 9826 15316 21961 9912 11411 23864 12151 15323 13598 14552 22149 22259 12266 11853 14296 15993 10132
20599 12026 18539 9078 22081 14246 19394 23977 21460 13258 17527 18271 21816 12086 18967 18004 5509 23939 12079 25813 16866 10384 13686 16327 16310 9139
21747 6020 20462 13723 17571 12933 16502 14761 16318 10092 16059 5606 15896 12768 16699 25079 18135 29950 6959 12250 26191 12773 10481 19419 12237 13545
9570 19585 17628 12650 25267 13453 21923 30938 16537 9654 13033 12089 12229 12772 19593 4154 16898 8095 10771 17737 0 8611 16796 13759 13438 3448
20843 28507 12032 11670 22240 14201 16251 22234 26748 10485 20033 9158 8549 13972 18008 13309 16731 19363 11308 21260 4054 15194 12962 18393 14468 1656
18473 11129 20775 8922 22087 11157 18133 7347 17075 14346 16855 20581 16023 12931 18338 33399 17887 11835 12039 10320 6324 6240 14769 22349 13568 20371
22336 5982 20723 10422 12922 13464 20247 8892 13371 8539 24240 2049 8247 15710 20182 0 22986 15727 7602 15596 7101 11737 14837 12440 13490 19572
11108 28071 17674 10900 18025 13055 19650 10488 25803 9596 27507 12428 3365 9915 11068 13580 15889 10853 12967 20240 0 12214 12490 13512 7400 8338
14105 6087 22691 13548 18869 16658 22340 16162 19405 13673 27938 15419 15228 7393 24536 0 15487 17838 11131 15985 5507 10845 16710 17155 14620 16569
27339 18079 15300 17767 18032 15539 15854 13699 16948 9096 11312 20061 21747 16187 27484 24 16594 23283 12734 19479 203 11109 6724 16191 14097 8171
23332 20702 18959 8794 15281 11465 12663 37822 19415 5331 18397 19481 11640 10747 18545 7359 17868 8600 11519 25824 0 7281 11891 21226 12666 15431
32301 9895 21323 10979 18090 17428 18805 6663 16208 10674 23600 19689 13160 9562 19484 0 24129 33158 13822 14715 8299 12235 13850 16990 15675 10702
19089 9592 22427 11767 17633 14764 19435 11938 6320 10199 32796 16934 15923 11982 21881 16092 18214 20722 13922 16360 7152 15138 12321 12733 12249 10651
27269 13827 19152 13021 18574 15779 13973 15674 17583 11640 33632 15773 12886 12572 19774 12913 19560 17363 14892 17504 29221 13137 11775 13008 14952 18825
15780 16584 13488 13244 15604 16749 19554 0 20675 9328 15113 6966 17564 15137 23278 18866 18633 12866 8110 16871 0 7264 17086 25496 12967 11615
24805 17121 14770 16837 21572 12563 18976 14389 19090 11765 18685 8551 12182 11655 22502 11196 24099 19324 14934 19284 9542 12884 11697 25898 17224 16964
31876 0 24992 10040 19776 12824 17600 29058 19696 8857 14015 12476 5016 13593 19519 10604 18657 19407 11536 24852 580 11341 8533 12310 14863 18306
12852 16932 9932 3095 21054 13657 18753 21242 19833 11979 17457 12889 6634 10444 25606 987 18568 15169 9473 22657 0 12026 12049 18010 9875 10946
22897 13964 16291 10812 20169 10567 17651 21662 19382 9443 22071 20398 10309 17074 21392 21892 23136 14720 12329 9578 11370 13530 13924 10290 13273 8490
15240 12740 15257 15062 21395 10987 19072 12028 14068 12165 16267 14442 7107 10803 19890 15460 23315 6549 13152 9218 7274 12932 14702 25435 14998 17014
14219 18703 26581 13468 20650 12857 13142 17391 20788 10821 17896 24591 17792 7868 22957 17498 18028 16836 12154 18185 6793 8735 10642 15916 16405 15858
16363 17609 21174 10334 27190 13944 19059 12769 23213 7482 26904 17455 10998 14830 22620 17951 15989 21394 11308 21002 14229 13615 12129 14778 14128 0
15371 15443 16974 13927 15797 15529 13702 22914 16361 11533 28384 14529 11781 12991 25096 67 19354 21453 12273 16538 8628 16322 13974 20636 12428 20205
15911 21235 13572 7923 16535 14775 24509 15685 14785 10192 23702 17598 12422 10556 18694 19476 20432 17402 9427 11507 7203 13096 12897 20954 11970 13521
24232 15768 15472 10762 16564 20708 20175 8159 14095 12468 26159 22478 8758 10973 22701 5767 19521 10760 11394 14521 9115 11194 12152 12577 13090 20615
22043 3205 10420 13742 14339 13223 16183 0 22129 11669 12094 19799 4228 11388 24160 4422 19785 17523 4769 18850 6542 12409 14080 30176 12976 4618
16174 14707 20274 12769 16234 16487 19354 22714 18074 15367 25109 19263 18245 13182 23334 13145 27232 19959 8730 26512 23329 11867 12873 15490 13567 6700
14648 13326 15046 11243 22604 15836 19420 12230 16909 11676 8526 12347 16396 12888 23189 1221 20516 9292 13612 17805 7902 12392 12092 21095 11954 19590
16902 25357 17559 12183 17498 14765 18811 21051 18473 7750 22521 24645 20205 9469 19329 6487 19858 9897 9748 9629 0 10295 17481 12070 13269 16977
23632 32484 22290 16754 21786 12764 17053 15711 20183 9796 20663 16346 3154 13442 18279 7332 20864 16384 11498 21048 6416 13519 14277 20968 14874 6540
26922 16916 16124 14828 16355 22272 21103 10696 15152 11870 24990 15631 13655 9270 20939 9207 17016 21759 14094 17985 9355 6622 12984 18946 14849 0
24644 16773 24992 15664 16292 12373 18395 16869 17941 14587 17832 19593 15628 12243 20105 0 23586 16693 11792 23202 10221 6796 15095 24484 15645 27722
21916 24696 19164 8514 16342 13181 16494 12646 19594 8870 19867 22320 13202 13281 21266 27958 19076 18447 11324 18115 22049 11452 11399 15660 11446 14895
23911 22679 15957 9557 16298 12604 20317 19384 17522 8621 13496 18476 8762 15152 21064 11688 11560 26109 8540 17090 6585 14084 11504 10198 13617 11349
18395 28557 18921 10285 20473 15671 19212 18679 18942 11464 29367 17371 8795 15175 23610 8680 13723 23395 12323 12538 13207 6903 10431 16367 12642 15653
18965 13310 19677 13092 17329 13548 17632 21611 15461 7746 25919 19077 8424 12299 16548 8647 18719 15756 8032 10512 15195 9052 12485 19776 10934 14575
18153 16332 17281 14784 21277 16304 19685 29562 23080 4868 21234 20311 16110 7835 10281 17892 12545 28995 10299 20838 6440 4868 13916 21495 14679 9223
23596 5613 20590 8096 19073 14852 18814 13993 19271 8956 23991 8168 10494 11381 21509 6781 16361 9662 15019 15787 918 6407 12013 13938 12525 10829
26782 16423 18081 14529 15416 17613 21504 10681 13874 8993 22794 22030 12326 8633 20774 0 17239 15050 12297 17659 6268 9372 14340 13802 15628 6196
12814 18414 15189 15012 18932 10348 20370 20010 22548 10598 12099 13486 16458 13902 19929 4463 14911 7968 12992 14786 11675 11440 13612 21327 12181 0
6547 14872 22868 11065 16969 13701 14404 12851 12783 8407 21380 14957 10934 10505 19297 997 20931 8885 9144 18433 12465 10632 9479 16968 12641 10155
26233 12075 19997 14807 18563 15399 12979 3843 19498 13640 27415 15047 22322 11252 18779 169 18382 13821 12034 17773 10441 10117 14540 18494 15726 15298
17288 4723 15796 12526 18499 18474 19175 8824 16032 13046 18469 29447 16743 10986 13923 9840 18076 13393 13154 13832 26985 11911 14106 20927 14830 23450
9890 15011 19110 16143 19986 13520 18315 26450 13578 14974 17017 10057 16276 10757 21558 6828 13083 15882 11590 17436 14699 10644 11858 19957 13521 18534
15855 6725 23124 16018 17933 14434 20087 28936 13811 15066 21279 11264 0 10288 21005 17193 18863 6170 9885 10224 21625 8993 11396 16925 15351 11074
29045 9424 17518 15743 22801 16036 20645 25009 17924 8449 22996 18040 11312 12790 19465 15096 19407 12970 13505 13037 12071 13465 11932 18428 12928 10096
17958 19407 16455 14615 16913 15727 23272 17651 17626 8441 15880 16057 8119 11877 19353 9272 18046 24185 13174 19792 12665 9919 13892 18618 19156 23379
26824 7125 12384 10544 16812 11843 21594 9350 15557 11339 16924 7620 8402 15218 25854 9232 21635 13432 11261 23695 2366 13153 12891 14515 12300 11491
16540 29463 22537 8118 21099 14544 20334 20515 20746 13685 18609 23032 18022 9777 17802 13389 20091 20327 14606 16819 17299 10387 13291 13393 15812 19440
25778 20687 18364 8314 20259 12037 11242 24257 16980 11876 19497 7126 10962 7239 17211 9725 17711 8611 11014 15928 10570 10052 15077 15314 10736 3571
15187 20934 11419 14439 18525 12648 18014 6025 14091 8093 19626 4320 10874 13419 14479 30020 20725 12464 13755 18969 9382 11627 14033 19619 15402 8339
17043 17312 16764 6686 13504 12403 20014 6795 10486 10670 21899 15020 9754 10772 19600 13669 27721 23943 10725 17037 10565 8975 9804 21289 12619 12494
26706 12508 17557 7884 20842 12795 16827 13139 18938 9056 11464 18745 8891 9632 17335 22443 24081 7011 12412 13037 184 11331 14411 16872 13455 4571
22867 22182 19841 10029 18848 18930 18573 21530 17482 10750 17005 10254 15323 12258 23139 19224 15799 11485 11288 11509 12796 12052 15942 23539 10189 11359
12760 16552 13461 17238 19530 20298 15586 18518 12617 8466 11280 14329 12344 9248 25281 268 22444 18756 12902 19558 6237 12337 16029 17021 12839 4407
29670 25596 19037 4859 18384 13630 15615 11780 15479 8085 0 20301 6684 14164 19166 12479 18137 20667 8702 16875 9446 10622 12072 18717 11118 9830
24528 7007 15792 12240 17599 18069 20155 27580 15448 12616 24092 17894 14262 13507 22277 0 21809 27446 14504 17939 11944 14463 9996 14395 11290 11353
19995 8224 16360 14075 22848 18474 22418 5930 15959 8047 19925 3833 10110 8491 17217 15491 20388 30938 8148 13128 0 14321 13489 21614 9252 17686
23329 22793 26037 11648 19545 15832 17796 2462 15229 14209 21168 21597 5551 12164 18007 0 24931 19875 15020 19477 6948 15256 10945 16088 15002 12262
41911 20818 23447 8644 15453 16327 17468 0 13978 13001 17895 11840 15534 14304 19251 12996 24719 13180 11945 15437 10580 14501 13086 19910 13387 18058
12352 24433 20229 9902 18361 13883 19529 11647 14842 11013 24009 9542 20467 10000 23329 9086 26978 18734 10991 12985 7841 13045 13721 16795 13538 6954
19610 16715 16771 11377 20887 14018 15142 4540 17626 9922 14762 10495 6887 10636 19104 7440 24438 10890 9856 16212 0 11551 10250 20675 15657 13604
22146 14278 15131 17968 22493 15801 21444 12401 25405 15639 25171 8223 12663 11666 17117 3167 20466 14858 12527 12843 11352 9927 13470 21478 14958 17989
22053 13894 20017 14350 16005 12669 17071 16203 12490 11701 19061 11075 16775 10959 18153 15957 20533 19659 13473 13666 13139 11201 9747 22420 13420 6029
21115 17087 15231 10896 15596 14076 18173 15129 13225 8373 22267 15499 9973 11833 21626 6860 16700 24963 15474 11867 0 8893 19127 21085 15277 13932
18183 1381 23589 9350 21175 17990 15921 17902 25503 14494 19858 24127 0 10234 20802 7826 20854 27956 12248 17902 10167 3961 17327 17264 13810 4261
12324 14196 21512 11656 22546 11552 21373 15032 14866 12158 23336 23663 8191 10069 19839 183 21040 10598 14956 17599 10785 6692 16263 20577 16089 10790
18371 22405 22427 8372 20297 11133 16446 5600 25908 8949 8198 14152 17902 16598 18741 19728 16464 20816 9336 19716 7421 13485 15087 17135 10902 9804
15052 27863 12701 15321 19017 15849 14062 5626 19445 10581 12147 17989 11321 15262 20925 14633 14549 6643 12287 17038 24760 12210 11197 23948 11067 9573
9154 16677 14725 7608 12763 15643 19002 4276 16080 14380 25691 26390 13526 12759 16002 27723 18003 19223 13258 12847 20463 13471 18296 19244 14249 3754
16326 20389 18088 14314 19394 10419 17022 16922 17662 10858 18116 19528 6549 14227 19582 4409 11595 7644 7827 16398 27022 16791 12212 24036 11956 17551
21787 19564 16682 8925 16594 10071 15976 0 14190 7566 17477 20337 22054 16082 22795 4562 11546 10095 9475 20302 16103 10800 11616 16628 12991 7694
30226 22548 24258 13933 16692 16726 14469 14855 22691 11381 12753 21430 7544 14265 18689 12080 17868 11473 8394 16633 14565 12012 12973 10519 10537 10714
11080 9279 19882 17720 20042 13960 25743 2582 14589 8333 16771 10335 13932 11894 21415 0 19185 16633 11099 20833 548 12336 16153 20669 14534 9296
8135 13514 20446 9616 23068 7401 19144 8875 24679 11125 15860 13395 11656 8082 19666 6645 11853 15183 15988 26007 7603 9007 10729 19805 16082 0
20332 16362 15826 22944 16932 16721 17892 22871 15498 12100 24106 6897 9670 12378 22230 6647 16856 18634 8730 19804 10787 7001 15291 16581 12102 18398
34507 19879 15841 7996 15942 10188 24240 14412 18044 11276 16261 18398 6127 10669 20549 12496 13053 32153 13338 23306 9866 11884 13852 11173 10440 12843
20160 12500 9710 17037 21488 13457 16889 18834 16823 12000 16431 23846 21758 8201 19519 12340 18644 10138 12798 21428 7540 10025 10020 15337 16184 13550
22997 23108 25038 7088 22872 15437 18679 0 12305 8971 24567 13226 11089 10580 18502 29461 18842 20962 14891 23228 22100 16014 15792 16609 15935 19802
16286 16489 21706 12728 17348 13398 19165 16683 19682 8854 19105 13694 16478 11685 21974 9421 12339 14920 11084 13872 15049 6297 11550 20857 14602 6279
12047 14567 13304 11113 25670 15446 16337 24686 12205 11195 18666 24125 11848 10928 22964 15278 22183 11083 14357 15377 3775 8440 13610 20636 13740 5333
20448 20182 13561 8251 22146 15241 17570 12566 19614 9775 14956 23754 18736 9502 22356 24389 21766 17202 16469 3766 8023 10596 13921 18587 14815 21124
16547 16034 18920 9745 14830 16430 19062 0 16017 15242 18661 19268 13881 7583 13737 15640 21444 20048 14005 15232 16820 3775 10294 16014 13966 4894
16167 13015 23844 12594 22377 13389 23340 11382 12830 8637 20531 15139 2373 12112 20364 11936 16898 33666 13094 16834 11611 8224 11491 13236 13877 21762
5438 9430 18775 9849 19711 15089 14705 28209 12061 12998 16553 16246 15456 10327 21162 4594 23811 10295 12490 10259 2833 9702 13919 11706 8457 16849
18806 17005 14328 6123 20926 15127 24385 7722 20024 11855 14248 11356 4970 12454 18655 17119 17855 12257 11324 18502 8201 9445 13838 17519 10996 12996
0 20425 10292 11677 15547 14363 22490 12370 22064 11621 33770 19175 4842 14829 18289 1761 18894 21963 11355 12794 5878 4159 12592 13710 15540 12470
15012 11373 15702 14684 14265 17337 18592 6959 15144 4392 18417 18835 16371 15223 22570 13462 18391 26060 14261 16379 6406 7118 12339 19119 12495 16937
22406 16462 19735 15627 21136 13631 14363 7469 19503 10496 22426 18159 20068 11665 23941 11597 13957 20820 10850 6985 0 9133 10136 16992 18277 2226
12709 13980 20505 16303 19379 13072 17258 14252 19805 12692 17817 12867 11910 11365 19076 9054 21938 4711 10988 9197 4706 6608 9825 16053 12280 24567
11946 25087 21814 8790 16079 11009 17440 17015 14955 8297 20804 14180 17695 10916 13241 19558 14747 11925 13002 10668 9502 8109 12488 15031 15984 22097
9989 3728 16243 6346 20871 16927 21536 15425 13499 9931 11987 14918 3827 11428 19633 16716 23078 5718 10790 17489 14610 12197 13628 12268 16897 22257
14557 22933 20550 10459 22949 13582 18997 20305 15440 13730 14729 17346 12998 10612 23421 19029 21810 3063 13533 21278 0 9795 10928 15961 13065 399
22915 10021 21216 9361 18890 14006 17647 17328 21221 12617 27480 23991 9958 13072 16029 7222 20211 16177 11131 17540 3297 10494 14256 17945 16908 19294
17013 18767 26173 7269 27162 10840 18894 28202 17213 8081 20028 21866 8141 15820 22978 2691 18012 11462 11000 24517 11224 9202 8456 16171 11239 17710
18462 17043 12858 12679 18039 15684 20985 18042 21711 13204 18902 15899 7287 14745 22808 0 17985 11461 13927 23096 10994 16759 14201 24099 13135 11480
19469 24866 18137 11939 15729 16536 20896 17349 20626 12563 18305 22520 7457 13238 23468 0 25432 12933 15771 10446 2968 11695 14262 13339 13673 6204
20466 10816 18884 13347 24909 10574 20786 13273 23343 9571 14126 19533 7895 13666 18537 12012 16594 24129 10798 26269 16520 9986 12495 15890 13630 0
9417 14188 16403 8930 20050 15538 23514 14657 23422 10785 25559 5948 11598 12267 22348 21963 22237 15889 10955 15540 20305 10218 15980 21488 15853 4496
18563 15144 18789 13790 18216 17651 16143 10230 12065 10823 29574 13088 19274 13166 17002 29649 21469 15306 11558 15730 5759 6901 13404 21528 7754 14993
17110 22496 19157 17278 20926 16485 20179 30470 17505 12593 23169 11997 17272 11586 17592 17589 12379 13698 11594 14571 18782 14374 15394 15258 11973 18165
26335 8949 20993 13014 14412 16077 19476 3504 11572 13160 22801 28468 19704 13023 15320 8588 26469 3170 15792 16813 25280 12887 11260 14125 10591 7411
14990 14330 10251 11113 23112 14990 15241 15355 28481 12141 10900 17644 14464 11184 22420 0 16770 15741 16597 23376 5670 8225 12679 17851 12014 0
19271 21493 20522 9633 18094 12110 20628 25131 15821 13422 10183 9201 5091 12584 19228 8299 17777 11119 11654 21277 1602 9738 9583 18053 13709 13091
17074 19949 23001 8852 11029 12342 18447 14605 14546 13249 13251 13846 8641 10443 18731 8803 21295 15457 10560 19644 2885 8643 12261 25766 9982 11386
26793 21637 19693 15159 21261 17148 22729 12364 18763 11339 16638 16476 13871 11090 17899 7631 16240 23242 15575 18044 1485 8677 10386 18439 14351 4821
23283 27730 20088 13940 20935 12731 17770 11985 19407 10578 16079 14398 11219 11553 23623 29852 22112 27050 15417 10932 28983 8625 13837 14850 13301 8908
17692 22749 19571 11788 15263 16762 20330 13307 14634 8140 28344 13823 4420 10383 16939 19744 14198 13964 10633 16373 18664 14530 15351 15479 12185 7652
17750 22700 21682 10756 20417 12558 18430 24102 7269 8074 19621 21418 11666 12229 18195 10171 24365 22250 11771 20343 13612 11331 9625 10473 10674 12845
7590 10338 15157 11363 16904 15970 16501 11762 16865 11437 9760 16360 6068 7021 14758 12547 17779 7995 9697 21701 11047 12981 13223 20243 15630 12404
33138 26841 13809 11479 31081 13389 22284 16852 20606 7567 18576 19821 14936 11553 23840 8863 11793 30191 11932 17743 5927 11402 13219 18738 13756 19042
20231 27970 18080 12466 24406 13580 14019 20786 15408 12900 22382 18062 12792 12153 21267 2377 19768 21858 7646 19946 0 10254 10085 24755 12893 6769
19712 16697 18227 10350 18400 18745 15971 17919 23536 9962 30973 14708 7405 10253 24025 5499 19520 25836 12467 13107 5443 10324 9128 17614 11111 23993
23733 3345 21968 13693 20048 11309 18352 18330 12594 14013 15469 6989 8995 13911 22239 14600 19899 6043 9927 20058 17917 7875 10204 21362 12087 0
16612 19093 20062 17031 17071 17246 17678 28271 13074 7794 19664 18322 10553 9184 22626 6244 21677 16304 11447 21009 17318 7622 12969 14696 14637 10382
19012 12955 17981 12333 17213 11588 17774 9133 20362 10864 7898 21930 6444 8433 25145 1153 14179 5680 8297 21078 11470 5904 17916 17281 14684 20429
16449 17172 25060 9063 23505 10869 19959 7735 14143 6844 20799 22466 8930 10615 23608 8675 24000 20187 13865 12733 22799 12862 12811 19321 15795 0
6044 8829 13934 14166 18827 15808 17176 0 10911 12808 14616 13788 9995 13365 16784 20062 20723 27522 7830 15233 8080 14472 17052 20548 13207 6996
21735 15217 23789 10929 19358 12066 21891 9334 11629 9556 13120 16916 8622 11922 20109 10931 24109 20732 12398 13209 18417 12869 13556 16983 11183 28395
20569 25364 23172 16504 20506 12717 19128 14856 12682 11768 21564 10221 17304 10350 18940 21656 14853 15550 11517 18860 0 10049 11224 20735 16835 8572
16376 17615 9956 8986 23260 11820 17907 1881 15232 8038 20309 26948 18159 12015 17752 18761 15416 21272 8998 20960 0 8309 11796 22238 9307 13308
8438 17367 18587 19063 13231 12989 18224 24843 21717 15268 4606 19231 12499 10492 22123 4797 14787 592 13900 18143 14591 13266 10570 18286 12714 9712
20327 24290 18408 8512 18105 14879 24335 17210 18020 10009 16579 22274 17270 12864 24006 15379 25251 14715 14127 18768 2043 8066 10524 16128 13007 13348
16944 22869 23567 13962 22598 16703 22564 13998 19305 11332 26744 15932 12915 11873 19480 1808 21821 2931 7338 18155 3302 14310 10134 22153 12851 9009
18380 20279 16376 14830 18189 13708 13731 10567 15406 10021 24468 6296 15018 14435 21454 12314 17999 1261 6437 13837 8345 11190 12921 14507 9650 18098
16232 8537 18275 8545 21618 16523 12889 5539 25090 10501 10082 11328 2860 13110 17226 22191 20872 24920 11475 14667 0 11852 15537 28422 9867 22423
23808 18565 14437 8724 22007 16587 8315 4982 17669 7327 20040 21099 14533 12841 24138 5025 25027 29412 10494 18395 13137 3905 13332 16835 16265 4597
32040 12460 13290 12604 20273 11938 21148 12536 18847 13829 27136 14586 16944 13374 18097 5482 14068 23063 12102 11440 15227 11365 14250 9271 13015 14246
19577 17252 15785 20511 16254 17465 12144 19459 13650 8189 19086 20627 12152 11560 21718 35872 17400 11564 10346 18564 19813 11464 16944 18561 13920 5409
13772 27492 17533 10883 9521 12774 17020 14710 20714 9841 17417 9123 8673 13806 18527 17774 19780 20539 11670 13613 0 10752 12610 21282 14839 2927
13664 19581 19599 6461 24773 11426 15643 9437 23276 10208 20707 13486 13497 13017 23272 13987 15055 19777 12783 21241 6982 8727 14771 20077 12540 10085
26965 8199 22778 13559 14067 15874 15417 4861 20586 8509 22723 8113 25064 10077 17425 7541 20160 13633 15215 9187 9120 8116 7623 19438 11383 23648
24549 16095 22384 10917 17080 13174 17979 13743 15072 13025 18049 13886 10848 9503 23548 10524 18922 18962 14448 16773 10199 10187 13678 20028 14959 12682
10042 18462 17991 7441 19492 20421 17790 18621 12079 12876 17245 15442 13928 11671 14528 19117 20789 17278 9388 13769 9923 6967 13366 27503 15389 11614
19973 11071 9597 14234 15433 13546 17880 7796 13820 12433 20712 9766 5783 13297 18096 13999 16364 0 12459 22358 0 13853 13628 18172 9986 15360
21011 0 21904 6700 19006 16091 21736 24155 15531 8623 21618 11829 19321 11852 18630 13893 21135 24941 14713 17880 11161 7133 12707 22888 15585 14667
24018 15344 14949 18138 25426 15173 15112 10246 20673 11444 14937 2087 16577 6877 23886 7642 18212 27180 8534 9016 12105 10315 15752 14502 11150 8625
23815 14999 15077 13918 23362 17442 18078 17506 23831 13003 20508 16715 4434 12598 19367 3669 22307 9654 9241 18245 0 10445 14070 24028 15476 12479
18780 15010 20195 5039 14220 15090 19440 29279 13355 13158 23729 15964 14184 10156 15021 23016 22976 12063 7834 25431 16112 10189 12257 13321 16684 21775
17766 17100 19520 10560 23309 10967 19487 12053 18630 9983 18119 21055 15759 15385 20417 16273 24736 12306 13730 12289 11929 16365 8183 16256 14440 21690
14035 20789 16945 6543 18569 12214 22597 25464 18782 8380 6063 17343 9728 13721 25070 11233 17116 29336 8921 15674 0 7339 14188 12302 14659 8070
9008 15975 26050 17563 25341 16596 20889 8969 23213 11194 15011 20532 5667 12770 20123 10835 16844 2518 12784 22662 15114 13819 9219 16019 13934 17412
14570 24818 19510 13283 18424 14146 17981 8029 16014 12524 12023 9235 13471 12653 19222 2461 24003 20276 8730 6951 13558 11769 10668 16348 13652 14284
29185 16783 13612 14208 9172 14055 14294 27519 17082 12004 8826 11200 2351 11930 17137 11619 16808 23995 8267 15443 11023 10694 8605 15900 13255 13961
11432 11207 14028 9781 24143 16506 21510 18418 19486 11011 15299 14251 5828 14557 21419 0 25572 30045 7813 10302 22222 15559 15611 20184 17253 5106
31022 16350 18508 7901 20674 15661 18678 15271 17081 10592 10323 14971 12890 13950 21453 0 15008 12470 11136 19461 12724 12674 12089 27496 14089 2630
7714 20172 19118 8795 18931 15749 20635 30992 15336 10102 16172 20772 14038 9983 22563 26381 21436 12435 12702 17659 3135 6152 16362 8147 14446 15442
10977 13968 16548 9953 20125 14543 19488 23554 17893 9368 20441 13491 17517 13523 17872 7835 22774 31599 12865 21137 7074 14104 13709 18916 13634 4966
7029 29734 20735 18296 16619 14475 19547 24352 13942 8609 21178 15253 7327 9074 22564 3866 15722 14718 17347 20284 19071 11342 9805 16774 13494 12275
20960 20541 14223 12777 15116 11468 17975 9478 19339 12876 15561 20860 3923 12404 22911 17983 22882 9871 9937 24083 1585 16942 6781 14808 11646 1056
2860 12929 20292 14431 15897 13898 19108 19283 20425 15037 20141 10295 13385 13220 24367 12231 16414 1767 7737 16629 6223 13919 15677 17598 10254 5483
6125 15807 22515 18338 17967 15432 18952 30176 15762 9102 9454 5794 22078 12048 22046 11886 18095 18552 11667 22614 6495 7612 11272 22356 15585 24088
8632 27523 17673 13360 16855 13771 17260 17583 23580 12768 20000 8426 12671 14395 21013 11181 18445 20648 9360 15000 24738 8190 13989 17327 12969 12533
26722 12102 13355 16142 12542 12805 18890 18276 11843 8519 17206 22512 3126 13192 22224 0 24312 14368 7576 18294 5796 15650 11330 10155 14444 24389
13583 23751 17120 16306 22379 14370 16005 12468 14657 10048 16060 7632 9279 14659 17206 0 13470 26538 7331 20893 3340 11877 11666 12112 10337 16366
