365
63 74 9 30 79 7 92 58 6 45 82 76 24 38 11 83 27 47 80 4 43 1 89 43 12 70
8824 15292 12806 15192 20445 7779 14687 27655 12322 16844 11778 23362 18980 16832 16242 8733 16757 20470 22966 15107 11704 0 2320 25368 17091 7527
21204 15824 13605 18335 16447 13447 15264 19503 9675 7445 9961 21061 9258 19215 19327 21832 0 11775 18426 16742 14273 14669 9520 20314 12667 24039
14641 10767 11084 20359 15200 8354 18861 35382 10646 8408 21425 14442 9154 20499 17337 19143 25337 13604 25226 22041 12857 10858 28221 20225 8112 16411
25506 12458 8329 9635 11405 16878 10931 25674 11067 15821 3331 20432 23588 14767 3413 21340 18684 20362 25303 15212 12535 12608 16538 6324 10047 4641
28012 15258 6492 13245 13445 24244 15387 3643 10683 9312 0 23296 3160 16377 6483 11590 6698 13769 22180 21425 12945 0 15972 12057 21062 25155
15999 10417 13536 13678 14307 14099 15358 28839 9130 6259 12763 21844 9384 18944 14747 18867 19271 18315 22312 21387 14660 15582 3674 13322 22017 25041
12611 10912 9718 9129 11231 5626 19542 19756 10883 6762 9669 20697 17979 15848 10055 25511 21120 20988 15560 12545 13912 20038 2594 16039 12410 15477
20451 8354 9681 16126 17169 3479 10570 7012 12763 13401 18205 20849 14081 22871 13902 16139 18269 17303 13040 6356 10788 11537 19054 22083 20221 14786
11768 17978 6237 12953 10939 21791 15157 18423 10873 21155 16491 17136 15416 19124 20116 15220 11983 19170 15410 13535 10644 14282 13745 29941 13997 3665
12378 17750 13579 11329 21317 4249 16765 24707 14127 13045 1776 21698 12237 17661 20763 18005 17751 6082 24489 13829 13187 13398 12963 10771 9957 7173
17422 10309 9944 18361 22959 16267 13205 17960 6697 9898 11323 30465 18468 20187 12680 20021 17917 10477 18112 16770 13168 15525 7752 18415 19406 20712
19500 11554 12669 9769 13869 12133 14906 24477 9807 2342 6521 21911 19184 20901 2416 23578 17530 18088 18282 9416 12516 17832 9752 29408 9409 19879
26992 11250 12028 18057 11256 11722 20871 15308 11948 15809 10353 23718 21963 15747 12122 17496 15943 13821 23092 21952 14840 29771 15563 17538 12900 10772
10373 19105 4008 9048 21451 16335 16469 13206 9896 14234 14888 19016 15478 21034 11124 11068 15425 12720 19590 14123 12899 12346 10336 15975 15165 27666
25241 11364 4135 18163 9642 3441 17816 19503 12930 18009 10371 21830 15669 18959 19382 20070 8414 17189 15639 22230 9118 14504 10587 20612 8029 16383
10097 15220 18175 16501 18962 0 15645 25469 10102 16072 9304 14550 20610 16328 7476 18898 18103 19466 19355 27002 14653 15 35242 17192 14152 19365
15682 13779 9774 16625 9921 9644 14345 11020 13491 18959 9643 21764 16196 18007 1703 21540 4039 20202 16957 31388 13062 0 317 17440 12850 18991
6199 18418 11143 15101 16059 4755 11456 23671 12386 14181 1661 28822 12499 16157 12156 23806 5231 25897 22015 27838 9501 8853 12668 26962 14133 23173
26201 13006 6111 14035 19787 5098 14730 7138 13708 8395 1826 17247 11552 18935 13380 23429 15391 13505 27573 26429 13634 8961 12101 29398 19966 17808
22121 18414 9948 12300 15059 1454 16715 2839 11362 19500 21050 23901 14139 19567 21515 26037 15793 17854 18826 23236 12265 11514 11323 29283 14855 20902
23194 10544 3781 21731 17481 3667 19632 20922 13220 14411 4709 17923 15737 18394 27287 18161 9912 18078 25719 25567 8782 11291 4817 14907 19861 17342
17027 13337 7570 16415 20482 13630 19161 27986 11297 16983 13910 17137 14241 18706 5016 26808 22899 25369 17840 18182 12688 153 5257 20580 14539 8789
20318 14776 10492 13743 13788 13266 17542 8450 8670 9429 20256 22636 15184 20352 17500 7120 9115 23809 17808 18039 14133 6119 19398 15819 14293 22384
22172 19754 9132 19640 13543 10324 10829 15961 13612 15294 11367 14290 15279 16481 18990 19269 8094 18066 24181 22468 13332 7229 10844 23711 14515 18339
17551 4340 14248 11789 13510 8882 17604 11921 14145 8700 14667 24862 14752 19243 14786 14987 13978 15699 21659 17225 15953 4071 12018 28157 15931 23456
27004 10330 9701 13147 19119 20588 18365 20592 9839 11886 20645 22803 15958 19235 20389 12455 0 14110 17873 24868 11890 3009 14938 24879 8896 22737
17361 17740 12701 17792 11937 2041 8986 21091 14021 15475 15790 14881 33579 17950 21924 17217 21183 22710 11920 20771 11280 14997 21643 10449 15044 14282
28296 11704 16610 15835 18150 16817 11255 20693 11361 12320 5609 19073 19909 20226 5524 15190 26612 16410 15940 17160 11184 17460 13623 20963 12879 18876
26830 13133 16458 13017 7828 7142 14783 16825 13407 13347 11431 17974 5977 16570 8525 6317 17231 27782 24607 27099 14634 24557 0 31428 15659 24462
25181 14357 16006 6777 17050 6818 10015 32697 14912 17847 16070 18479 18302 16561 4101 13988 8281 16870 23447 31551 8903 13395 7170 28896 13419 7580
20510 22515 21688 10867 4158 12794 15230 9492 11665 13157 25246 22009 17267 21281 11655 13170 10187 13334 19888 13320 13050 1393 21371 18434 14547 6846
25865 15099 15728 17829 11117 15731 9131 10158 12531 21949 13273 18658 16388 21075 13131 19219 9806 12941 22764 18018 10582 6163 7670 18742 12597 20908
16217 8136 11066 13757 16352 16561 17556 25622 14322 11190 5313 24224 17355 21509 4602 17734 9724 19164 13041 22342 11222 11002 5908 16957 17096 29992
12164 12223 9758 8549 20970 8219 18022 15025 12440 14304 13135 24767 16408 18029 0 14569 23278 15338 20093 27104 12914 24793 836 18165 12532 23369
19866 11499 18052 14212 15782 11795 13875 15867 10900 14593 9959 22569 13394 18296 18866 17330 13784 24146 19160 18393 14653 15900 6347 9253 16206 32998
15514 15865 10511 18942 17652 8513 12873 17975 9980 20676 1167 17600 15944 18785 5048 25145 12026 16280 12838 18419 14679 12168 13312 23918 15643 10295
15629 9177 8955 16351 15709 0 10090 20062 11982 18625 15675 19781 10466 17537 7177 12330 12262 27961 19557 8759 11246 1283 19194 4448 7278 31453
19873 10871 5522 15862 10951 12346 11219 17502 12072 12840 12558 17066 16617 16816 10972 14293 19190 9570 24251 26977 17308 7632 2715 17462 17283 3445
4979 11786 10457 6452 17758 13148 20377 1994 14050 12806 7682 21824 19395 20784 21404 29441 21486 17932 14857 27987 14207 20971 15604 17070 23888 13225
20905 10106 16229 20828 18306 18018 17768 19724 13965 16889 15752 24340 27352 13901 29873 12249 13735 12416 20877 36120 9744 13001 25805 27257 16375 18139
25508 15614 17248 9276 19365 16100 15911 9022 11140 12191 13996 22095 15675 17503 10745 18698 19269 23043 23548 22916 12853 10770 18532 22487 12369 17921
14772 5523 9348 13240 17051 10307 15319 27999 6647 15440 12486 15258 17522 22893 0 17923 9649 13456 13977 18445 13209 17002 20161 11542 17247 15114
20590 15786 9137 14748 17720 9237 8442 10603 11972 13054 9450 13850 22032 19716 5502 16785 12753 15022 19211 22567 11839 9791 21544 14747 14677 13658
14316 7913 8274 18419 21422 3982 9872 29379 12928 11975 17740 17183 23426 15062 3881 24674 5270 20286 19297 3809 12237 2638 12897 13986 16136 13209
13513 2467 7275 14841 18984 13173 10011 23236 13005 9693 17970 14429 14019 17104 12615 15855 21537 30168 21603 21436 12283 15248 22542 26349 17507 24951
14562 13192 10213 17005 24406 16931 17681 2251 10978 12195 12351 12595 11106 19084 21619 23080 9090 13955 18070 18941 10926 17266 15232 27360 13729 15512
15230 10411 5878 20830 11650 20072 15789 11637 12505 8965 3433 18531 18031 18562 20296 12041 27918 19667 13225 15364 8910 4682 19045 12790 12346 11702
20455 12821 7420 8972 23314 13591 12451 20533 9258 17243 16618 17901 13240 19046 12788 13913 36698 14916 19583 16349 9733 14224 16327 17178 12003 18118
21773 17450 8445 13326 13083 10688 18891 17549 11129 11593 14959 25782 13351 21425 7467 15368 18888 16854 32420 15932 11743 7193 11946 21756 10359 9034
17245 15561 10050 16176 7763 3573 12744 19561 10285 7499 25829 13261 18796 15143 19796 20320 16342 19394 22886 21250 11803 25784 15464 16260 16158 22168
17424 15712 13256 19866 14028 12590 14789 20046 13885 15173 11892 15836 27548 19600 6919 17608 7395 25320 19792 1462 13759 2930 7509 29160 12451 24783
14778 20132 12250 14617 11275 5649 14117 18160 11089 14095 5421 25359 18003 17235 11898 17061 34340 14930 16806 15850 10559 15689 7667 31678 12674 16160
17223 8255 6609 14117 13422 10483 19716 18448 9394 8084 14187 16801 17321 14716 19298 17344 14879 16651 23092 20223 11362 13264 12496 9697 16094 19014
26121 13408 10822 14142 14721 2445 16709 13196 16518 13311 3989 18362 18371 18301 15744 7889 23145 16717 17624 13631 14915 25353 2774 25923 8041 16877
22252 16313 16352 11726 12680 31024 18106 21531 10506 8065 13063 18337 20296 21208 14581 17024 16836 15560 20629 12233 12393 17794 11770 5890 11152 17824
16476 15203 4597 16104 15409 24668 15211 26250 11768 6683 12612 26047 22970 23053 15974 24178 20966 19667 16271 16066 12431 10454 11257 7680 13928 18887
18602 21753 7244 20842 17976 16226 14797 1796 12025 14995 18048 18462 15525 17118 17808 10184 14248 24088 17965 8578 13407 19155 22188 16417 13154 23973
17321 13043 10938 15148 16007 15694 14036 3581 14881 11064 12350 18622 26874 16790 18024 21704 16972 26439 24261 6716 14992 11121 12892 13470 9337 9865
19255 20116 8776 14631 18744 12010 13029 9793 11933 17412 1771 21205 23138 19720 17641 20165 20558 7558 17175 31980 10359 19493 17989 17752 18697 12786
25412 10324 203 18619 16714 1655 12960 18416 10828 16357 0 15324 15964 18826 9296 30006 0 13339 10414 23262 13134 3441 20994 11693 18363 13435
14275 21459 12159 13751 13388 17574 17382 6039 11517 10802 12019 16605 9991 20517 13108 13403 19893 23123 15630 15255 14076 8481 10211 25061 24978 19830
17371 18616 8288 12872 13435 12300 14870 28068 9487 8105 10557 9988 20895 17529 8573 20906 18748 20782 15834 25325 13687 9239 15110 19765 19161 23916
26546 13972 9418 10687 15898 3302 18998 19790 15383 8723 4655 17033 17166 16559 22640 20635 12894 23861 22826 17880 8153 19500 1847 17574 17377 7095
14059 13187 4794 18272 18840 0 16453 0 9146 5951 18731 16526 25286 18866 24443 15874 6371 18348 21185 24362 14481 20933 7162 7231 15091 6276
19699 18210 7270 13847 7374 4006 16862 19035 10616 10663 14865 21682 15120 16435 18612 23163 17296 19500 15958 27867 14715 5882 12903 9469 11038 0
16425 12966 8523 11161 11062 14428 11864 4936 8493 17075 8557 22474 18736 16691 17317 19024 19268 21650 21876 19003 16233 10840 2621 16131 20841 16496
8725 11727 5283 19550 14033 9024 9993 15147 10019 9000 13405 21391 13229 15637 22187 26158 12079 19706 24301 12770 14657 0 3798 24688 14901 4107
17875 10562 9840 21839 14274 11935 16059 6426 12164 11393 5132 12451 9657 16140 8089 17832 9893 18944 17785 26895 9314 12999 15570 17572 13915 20665
6064 17215 15358 13148 15757 6842 17269 8442 10092 10213 11323 19246 14564 17264 13828 19742 20621 20250 25603 15370 13912 3962 11849 19582 12861 15343
23413 11553 11107 16008 24992 6126 11953 32436 14225 13004 24396 13176 20634 16928 12651 28548 6109 15295 28593 29715 13901 14199 20167 27812 12296 25273
17472 16017 13482 11453 12724 1119 14544 22183 11959 17540 11341 17999 13021 20501 13623 27361 15125 15832 20967 27187 13136 1087 8919 29314 13082 0
15268 15007 11522 13578 12086 0 21395 16469 11246 20348 10913 17243 15234 16254 6694 21902 157 22514 13033 18664 11291 11015 11008 19459 16899 17718
15005 11536 6077 13711 16926 12431 18005 16667 10478 13793 19063 17790 21681 17210 8705 27794 4216 30152 20550 26376 13400 9579 12247 21277 15875 16710
21868 17270 12657 22919 15060 21331 15568 26395 7168 11024 11731 22960 26300 20550 21680 9517 8920 13228 24670 20065 16472 7537 10348 7625 10805 17471
25995 13198 6373 15362 18349 18723 16935 19902 13933 11500 6786 15146 24086 16954 11403 18176 6334 27486 19239 18340 17003 10637 19341 27053 14035 12101
24190 12053 10533 9991 16523 22433 11660 17957 13924 17288 4826 20312 26489 17930 8019 21569 23526 10103 17552 15506 13718 16504 18409 11784 16223 30850
17332 14999 10259 17036 15360 1840 12351 16672 9948 8231 1627 17588 6227 22236 27741 33317 4555 18816 18061 16722 15592 6316 15450 22812 11198 23091
17401 19938 5497 16385 20200 16283 11927 18567 12865 3968 9810 21277 29575 18382 10283 20058 0 23699 11855 13329 8216 20661 0 23483 6272 10190
19036 17557 12767 9458 20746 8249 13634 20387 15870 14540 0 22836 18709 20151 11823 15513 6752 15607 29375 17690 12838 24830 13010 21409 17964 15737
21757 19261 8888 15088 16825 6837 13089 1824 9974 9166 9497 25138 18464 20843 4303 16628 1615 17465 15349 22431 11320 7477 22058 8643 12655 16570
22549 14658 15036 18022 18274 8959 8210 5318 13207 4264 2224 21926 12663 18240 25679 20944 21383 22266 21584 14860 8332 20454 14554 17206 13834 16671
17047 11012 13076 8462 11055 19414 17934 16178 10853 0 21275 19818 19592 21195 20325 10895 19989 13647 14565 16114 13820 12680 17574 25312 16261 15786
15161 11874 7269 16822 12320 16195 13655 27789 8323 18800 21059 21155 11505 17765 28768 17525 10126 25029 24104 22189 12166 19321 18055 26563 15927 17168
19017 17560 4451 15108 8337 19740 17476 15482 10552 14778 0 16781 14547 19732 10976 9459 17022 17742 14949 11167 10725 9372 893 19897 16116 17851
20198 18340 6865 10511 16655 17361 16677 14752 10381 8393 12089 15765 5784 19393 8010 12237 1961 20300 18447 23770 14463 19261 5882 28976 8402 14313
23340 15053 3427 17150 14940 15164 14240 17108 14142 6217 13876 18032 12119 17006 21609 24517 25152 18336 21773 13596 8926 5412 12999 21515 13101 13186
28574 12443 11787 16738 15859 20273 16729 3517 12666 12583 8302 24296 11559 16849 11602 31274 23851 23213 22702 25631 13694 12986 21062 20071 12030 12013
25748 8004 10954 14891 18064 10321 17057 22404 10418 9711 19462 17357 15213 19846 8124 16135 17416 18842 18618 14142 13883 4777 20483 17657 8420 26044
22735 18077 10587 13164 8871 17962 13640 12253 11302 13270 8088 21944 16426 21988 5494 25141 17860 21988 14886 24467 16644 11518 8861 9132 12115 0
22179 16491 11040 17674 15504 18655 18309 21060 9554 15144 16949 25344 16779 19380 11679 13604 10052 19305 20386 19638 14471 21361 12968 0 19908 7627
15844 14033 13001 11595 12480 11281 15674 26416 12682 8783 5865 17646 15754 18096 25596 23527 4057 13613 25217 22510 12553 17203 16545 14927 10310 21845
17228 7028 13556 13750 12572 21759 18417 27487 13113 20861 10962 14531 20673 19045 16184 17500 22462 14526 14739 21321 14376 6717 11096 18873 12602 19478
12695 1486 15058 12106 15193 3294 19145 25833 10761 7658 9827 14970 14989 16948 18323 13748 11107 19448 23105 29166 10586 15527 0 16787 20141 4617
10337 11193 10995 13195 3934 23994 15208 19222 11863 5799 20267 19554 18439 20545 13549 16394 29607 12218 16841 15955 13852 10792 27924 27612 15721 8854
9925 19032 16467 15558 15254 16679 13689 18887 10021 10481 10515 19166 12957 18088 2275 22622 16751 21343 28846 11819 6508 16110 2239 23755 15384 24329
14331 18087 12263 14771 10616 8075 15115 9261 12347 3001 14601 15364 31894 13380 13620 9192 11557 10839 19796 11763 15263 14859 8171 17174 16542 15829
21929 18231 9955 14269 13974 19716 15455 19252 8333 20977 0 17973 17399 18898 19653 18997 4686 25469 18648 16759 13460 25560 13877 9821 15699 8426
15675 9985 9523 18008 13755 9415 15789 5044 13881 15149 4288 21162 16538 16751 10493 10674 11258 19747 17857 24310 11015 18432 11980 19665 18611 26458
25351 17359 8394 12328 12150 3454 12721 21032 16013 20255 10005 19423 20402 17289 9144 25736 5224 18124 20694 14679 12800 11356 993 10833 14756 7491
22313 7776 9705 17932 5894 15560 11684 15189 9919 11593 6682 17927 15013 17532 10436 22986 15541 25707 15891 17503 12174 16627 17828 29657 12106 21424
26604 13022 1916 10188 16675 13456 15566 26255 11821 11801 17228 12679 19735 19802 18634 17204 17299 24425 13942 5823 18025 12691 8541 12229 14377 9267
15710 16541 7315 17188 22569 9179 14822 12998 10467 14097 13430 25158 17297 20215 15970 20822 16120 20061 25934 26646 10663 21515 18024 23059 20935 11896
21643 13461 10712 15041 18308 15065 10894 27325 10782 13799 11825 18703 13877 18423 6848 13065 13945 11032 15460 8779 6142 3222 12725 32021 13054 12231
16853 12354 10690 13380 22649 11695 14167 16325 10818 15784 9784 24608 16708 20179 9527 20172 23689 22369 18527 31277 9183 3523 16956 23999 15550 16578
27285 12902 10858 22404 10256 9701 18091 28426 14930 17033 14546 18965 14124 16194 8174 20468 10532 12107 22933 19800 14333 5039 15353 31314 14957 13151
19448 16983 7520 16237 20713 7393 13844 11293 9937 17200 9346 12539 10110 17793 16981 16018 10854 22949 17209 13859 13109 10884 16294 9778 15522 6230
19141 18972 13120 12421 16018 14306 13659 5368 11714 10172 0 21692 25093 15743 18676 13608 30582 13931 19217 33717 11529 12916 5342 25613 16676 14818
16009 13329 7762 14613 18678 2295 17912 24304 13045 13636 15611 17175 18966 16477 19247 12463 19227 25850 14652 13923 12961 14714 19966 15513 14401 18245
18068 11429 12238 11230 14985 0 13952 33137 13027 9090 13955 15150 14722 17326 17096 13048 24079 12822 14213 32969 12064 7244 6577 18407 18865 11596
15102 19581 8656 14840 16258 13679 20259 22007 14679 12633 0 14230 8159 17093 22198 8047 12032 10306 17597 24159 13652 12075 12124 13716 13986 5586
27274 8653 16937 15800 24069 10689 13540 9605 11544 18169 7462 19075 21710 16718 23738 19496 25149 17913 18417 6161 13639 13465 18267 32717 13881 14662
16802 13668 12215 10419 26007 14080 15308 8676 9012 11330 23061 20143 16417 18121 10119 17269 11939 23553 20753 24409 8055 18114 0 17559 14494 15705
19946 11039 14232 14054 17212 28333 15558 15418 12598 16142 31979 17306 19892 18790 15547 23855 27281 17315 14786 14775 13046 483 2678 24062 15559 7217
22469 18383 4377 15571 12400 10140 15337 11150 15387 15251 13667 20990 27196 23126 9229 20708 17348 12613 24075 16000 14842 0 19169 15702 16035 21009
29337 19255 10673 8288 17444 16361 12645 1658 13924 16268 17039 18654 24247 19859 13699 18257 21662 12456 19820 21788 11267 5252 136 17873 20484 18751
15436 3148 8304 14084 12697 4001 19681 28140 11388 16402 13897 20163 13153 21695 21441 17370 9917 17258 18554 32505 13594 22114 11146 3900 16400 10672
9702 13932 18628 24213 25336 14898 15492 20136 12537 19285 15156 23982 22765 16493 16335 16851 10518 19216 21335 19207 12477 10453 12985 19652 14969 12594
20844 18167 7283 12017 13044 13153 14323 28119 16285 11314 14121 21437 22576 16713 0 19462 13928 21224 18734 29781 11363 9370 0 13595 15624 23567
24048 11942 11297 16925 15870 5587 15280 9481 14722 14199 17001 19053 8978 22358 7067 9794 19099 10333 19779 24326 14172 18603 13707 21777 12688 17438
18847 9564 3236 16950 7122 12909 15879 9281 15248 12599 18196 10420 19041 14466 18767 21169 1759 23155 20212 32766 10973 5375 7069 25329 10757 13532
17567 14981 4904 14550 20625 8547 13472 18731 11552 11155 6668 13468 23682 17340 13463 22190 18429 25001 24443 16880 12475 2897 2684 24679 14187 24399
16750 20901 5821 12665 13945 2512 16249 21018 13738 6814 15856 24548 16034 18406 15078 16646 13437 21024 24863 11086 14197 7654 14327 23521 21891 29323
18736 5330 10631 10903 8431 3627 12420 6414 10049 6444 21750 18670 9569 17574 15385 14504 31549 27182 22032 22334 14216 3348 12179 18187 8539 18139
14892 19184 10964 7211 19867 14116 16375 15504 14459 11131 3794 20215 5478 17961 19806 14244 26085 11564 21703 17271 12398 17349 12912 6546 13837 20157
18459 10478 9834 29998 18808 8378 19448 10145 9510 16025 7298 23470 16985 14472 16692 20329 20638 11530 18657 21980 12838 1929 19827 28066 19132 16500
11524 14958 8348 16851 22329 4801 14364 15562 9879 6272 8004 19079 15776 22244 17178 15530 21768 17491 29903 18597 12934 5847 28606 20750 16871 5978
20567 15637 10833 14265 13712 14688 14864 12934 10654 13554 5363 26226 15473 15420 14467 28770 1097 18736 18832 9932 13309 15073 18562 20845 13962 15955
26938 12053 6778 16092 15853 10259 16141 8400 13816 15598 20576 21967 7193 21761 19190 15296 1583 17012 17321 19762 12198 14250 14311 22692 18862 16422
17906 19194 8651 14584 14980 25585 17853 9239 11371 15253 25815 24007 7558 16795 12745 21598 9934 15711 20503 31900 11102 16778 18648 16859 12636 33572
21804 16620 13569 13973 18443 19227 16719 18312 11782 19667 0 13638 12486 22048 14488 5862 21044 20978 15302 16226 16032 1672 19220 16799 8012 32667
13671 14869 8384 9644 12278 17849 18082 23602 10002 14250 19015 26508 19519 20678 16320 22736 10960 18890 24479 14900 11354 3405 13747 11181 13747 4710
25616 18706 6304 15673 11542 2713 14638 10046 8423 10840 13909 20341 21521 25000 23257 20715 17513 20873 21385 17450 13122 14638 10948 14515 14181 16779
17203 11907 14113 12651 18984 7999 18593 22122 14055 12795 0 20188 12713 22187 11737 21341 13228 15577 22428 16808 14496 11966 24411 22290 14913 11535
16280 15498 10065 13576 10786 10993 18620 8636 11427 12524 15441 16189 21368 18411 12160 21804 6609 25507 23078 8149 11612 12835 12934 23581 10860 5780
20850 20852 5767 13999 12470 8691 16437 14272 14915 14983 12046 21946 21365 20011 14642 13986 19595 20255 14399 17674 17738 10555 21797 20456 16727 20242
14565 12298 0 5666 18460 16004 14392 16360 12044 15778 7630 19058 9459 19244 11128 16487 3543 16537 24171 21892 11871 21851 11228 16866 16300 7974
20570 13643 4413 20471 12626 18620 21376 26505 15434 10862 15036 22698 16255 18082 8495 20115 13419 22542 22689 22063 12769 21232 16513 22063 18737 16211
17401 13165 6945 18800 22342 8979 12747 20243 13900 11824 14168 18029 15631 20902 18860 22845 17460 11521 14982 0 10689 0 11683 12156 13769 10481
19970 20882 6685 9889 12745 17266 20106 13234 13846 15708 12971 27450 10150 16373 18808 17573 25659 9810 24512 26603 9119 15288 7548 9024 17790 25454
19951 1849 10105 15695 9317 28532 14337 12563 11876 21299 11133 13196 8793 17667 20552 19905 11631 24551 15758 17388 8741 26937 7633 25385 13876 17950
13416 7654 15569 17329 15917 19950 14801 6210 13292 15572 25358 17590 27292 15021 25058 4488 11096 19811 19606 14676 15081 11676 3337 13252 13964 16999
12305 17705 7648 15540 14231 7953 15567 25396 11796 9667 3040 15425 15641 15808 26367 4765 2781 22235 21277 18236 13228 11280 14647 25217 16572 24467
25440 16039 6173 11866 17949 18782 13868 16381 13076 5271 14403 12312 7791 18898 22935 17873 29966 20700 22717 25093 11373 10999 0 19787 13330 11566
18554 12863 9735 16317 22189 7914 15843 8212 11152 14157 13678 17100 17519 16076 6463 13491 2200 15262 21198 20989 19207 13993 10996 24227 8944 26246
28128 9083 19509 12473 12369 22220 10665 14283 10879 7236 14524 22282 2338 23844 11407 13038 19795 14324 23187 22686 16630 7474 19706 19238 10999 4335
13834 11643 8137 18773 10635 13080 18453 22193 11801 7289 12120 18173 17046 20705 5424 21479 14075 21235 21180 13276 12042 10725 4642 18146 18253 17283
24375 13517 7509 20950 23346 24471 10380 7128 6757 15389 6493 21610 18148 17100 1182 19061 15415 7653 18401 18081 16170 8817 16224 11956 12736 25995
24714 15709 9327 17693 13493 11152 12580 20536 11851 10118 16207 16272 22216 13946 28164 23750 16368 13083 17851 19216 13216 5016 2968 11844 16939 16174
15945 9454 14753 12590 13050 9659 17899 9182 11569 8753 9790 16560 20085 19402 19651 20735 27488 21001 23661 28731 12005 10133 12802 22941 15548 630
23583 12513 9544 21499 15071 4016 11438 14304 14305 15254 7661 19939 14110 16370 13418 16866 8898 15858 15845 18770 9825 4611 16347 27150 19550 6759
22031 19181 10804 12948 4487 960 7909 20306 8785 15397 9189 18384 20878 16638 14607 17375 3446 14247 17968 28633 13324 16752 4031 26414 9147 18017
19934 5437 0 21690 19979 1977 12703 22500 10623 11132 10390 23386 19296 15785 15585 24296 13795 13328 19340 10854 13041 9312 0 10281 14372 2917
9684 11259 5353 16841 14655 7867 15362 26274 12819 15693 15219 20617 25648 18231 10335 23902 0 10829 20150 26267 12676 6634 8004 34046 22015 5976
19022 11046 7930 14226 13819 15935 13584 10348 12849 8869 15011 18054 15728 16590 10901 28025 23616 14007 25237 21668 10349 3909 19856 33631 17938 22990
19707 13686 12505 8754 14907 15657 11575 23677 11254 12012 3334 24119 26560 17442 31700 25696 20266 10334 18787 34936 12652 18849 2324 17965 18114 26060
17106 11648 7525 13401 25633 18429 11939 13829 13905 19430 15324 18991 17290 17300 23811 20738 14103 24928 27483 12866 10450 19615 0 21947 15221 24292
16374 18477 8618 8765 17012 3320 16786 20123 11905 10995 18255 22789 23175 20715 9326 25387 7542 23130 16523 9022 9272 7579 11817 33322 16066 11466
14109 15773 16413 20340 20553 14972 18365 21234 11430 12220 5134 11683 17527 18456 17441 23793 15457 22626 21404 14093 11294 7635 0 18730 11946 17797
18878 16695 12979 10112 15308 17900 11969 13844 17416 19648 3480 18687 23842 18074 17039 15959 12237 7514 24403 13100 12040 9032 27119 11889 12113 25474
21368 12712 7209 13900 9087 22912 18591 5135 11912 13629 1587 13908 13916 15127 12483 21358 13346 12325 26202 18240 7896 5225 13513 21574 14159 6508
23052 8782 6910 14373 16626 17261 18458 19963 13005 12672 23063 13410 8488 16504 11100 21338 20205 23489 17331 18390 11209 12096 23742 13179 10302 20572
20279 15134 1786 19432 19399 4632 8951 17264 9716 11672 9253 23495 21656 18035 29175 0 19730 10827 20538 18848 12541 7652 16336 27786 13783 9155
10250 8490 7818 17396 9976 5118 15113 22135 15933 13060 6293 19283 10232 19334 9411 18863 15379 14376 17316 18787 12650 1460 11006 16378 9826 23006
22662 15338 14615 11312 12127 13582 17285 7047 13999 12414 118 16783 14086 19240 12446 15925 6419 15368 23638 17397 10617 3649 15513 21072 18267 22038
5205 7633 13734 17762 7528 19415 14339 18286 10189 16602 2369 23398 21661 22645 5563 13324 7114 21527 13947 11517 11368 13543 274 21682 8258 18672
21929 9252 9760 15893 9314 18611 10426 23859 7976 4789 5562 13709 22389 19322 7498 19448 7833 18826 19551 18293 14659 4805 3872 27610 14787 4276
16858 10696 2136 11874 18059 10785 13597 20800 9911 19489 22568 19234 17215 17693 13368 21878 32434 12837 13838 21822 13144 13046 15361 38176 16537 4497
24516 12033 13641 17714 14447 11919 18743 34055 11392 13790 9943 15501 15832 15939 11803 21925 21542 25197 27004 5123 15428 4449 6429 11551 9640 21270
12348 19329 8814 14820 12805 2208 20115 11647 9420 10409 4502 24478 14181 18907 10786 19337 20920 10178 15977 23514 12628 5573 7659 19022 13745 29624
19395 16642 4316 16639 9481 17536 14673 18451 11450 8042 20549 11585 21337 17174 25299 23105 10941 25956 18446 20018 11152 13241 27682 16375 9717 12054
11940 15064 5600 16637 18631 24928 9412 20345 7446 10245 18658 18234 8028 19227 6543 12028 145 10083 13048 26866 12235 16509 12576 13868 12656 17076
22300 15658 13624 14560 10504 12657 17029 9464 8758 6359 13120 12878 23158 15779 19665 14755 18845 20917 14047 20999 8331 5796 26875 22616 13693 10845
24474 13823 8292 6160 23634 10207 13523 9012 10829 2392 11319 17512 23566 20102 8917 19356 13873 25255 8882 7304 14554 7185 0 28796 15499 16936
13465 9445 9804 19836 16846 0 14985 11994 7868 15452 0 18950 9147 17256 29735 18296 19182 23050 29955 12914 2534 5901 11788 15880 11793 12119
18787 21038 11090 18590 12303 0 10816 27434 15872 9918 3602 9920 17306 20319 15985 20775 25820 15788 20129 22225 13464 10597 10754 17059 7974 11161
14394 12510 7633 13734 18903 13408 14915 17445 10810 11590 20378 15528 25283 21436 17362 14282 14692 13398 19544 24565 6357 13181 8138 18155 18846 8799
17280 10963 14501 6959 15206 0 18309 23233 12182 15347 16840 22135 14218 19408 15076 11787 8089 8976 17860 26941 13104 13843 22593 20967 9682 11013
21693 13071 13469 12852 18407 19478 20139 3949 10099 20525 13336 22003 23270 16945 11703 16938 13821 22772 20012 19657 11015 456 10491 19939 14784 9156
11353 16154 6118 10362 9687 471 16976 16555 14470 3621 4895 13978 17160 17483 12307 22957 24759 19573 15527 13731 11579 6117 16780 13637 11540 13509
23622 14085 7875 10359 5454 20644 14759 19253 7720 12193 6877 21058 30661 16950 18250 14545 22400 11887 19142 23640 7857 13829 26866 20235 17862 12188
23792 15101 4626 13942 10691 4137 16542 18907 14178 11479 7918 21269 21274 14588 29090 11221 23169 9707 13823 30183 14501 8246 27739 24522 19928 9226
19981 14634 17619 19716 20622 21418 8310 19031 12415 11366 16671 24545 14418 19251 10372 30107 21860 17527 29144 10910 14178 17626 8206 17376 18433 6419
20850 14479 6293 20235 12703 23375 10993 24594 9096 19306 22150 24849 14748 19509 17929 16898 28486 6967 26551 19526 15105 18817 14221 22266 15211 15324
22521 16809 2983 18899 24090 7473 20728 19591 14157 14519 10031 18839 25460 17311 9768 16998 5478 11542 20456 24481 13857 11876 21324 20360 13028 22529
21404 22852 6881 12651 24301 0 15395 15365 14058 9074 16774 21233 17740 14373 10138 21446 11324 23438 17387 19642 9468 0 13687 18464 16256 13146
33249 16061 15199 16494 6738 14728 15269 22548 10784 15774 8938 20310 18438 20501 23721 23845 14470 10099 14844 24219 16115 14325 0 18993 10499 0
15083 10275 0 15901 19878 14848 11132 9215 9233 18113 2903 19209 15483 15919 4243 17689 10079 23039 23107 13128 9575 18606 12796 17025 18253 9227
23960 15160 4709 11877 21641 2899 13674 11051 10463 11574 7869 19736 23119 16656 7026 13782 0 22427 20551 22310 13874 5405 3284 13836 6315 14295
18203 11137 13412 11822 11430 1990 8097 13771 10773 17611 21881 17563 14251 15676 24297 22289 7022 12534 20910 15068 12917 16443 21115 25673 16775 4024
27034 14807 16974 14243 13912 6666 15443 21161 11485 20166 10200 23240 13166 20938 17365 22897 5016 18152 17794 14736 8818 2839 11101 16652 10227 12204
21315 8205 7327 20440 9330 11663 9056 2208 12905 16834 7137 23819 22164 19568 13684 28693 22694 21597 25305 23331 16564 11092 11399 19128 19414 14565
22885 12776 6568 17709 15901 22970 15152 16243 16741 14442 6977 19078 8765 18873 19006 13741 11502 14160 18907 10513 16188 0 7288 7202 14221 17499
23846 19465 5122 17300 20319 6176 17854 21750 11265 11342 10830 24931 13630 16016 19343 14567 19104 14137 19674 18508 14759 20069 9454 12285 7025 22819
21203 16968 12867 21191 17614 5627 17656 17371 10057 11927 11942 18012 24228 15264 5539 20982 6936 16470 20455 10253 12774 21774 7753 5034 13143 8055
12093 14105 4457 10929 20550 15644 17892 16093 11989 11591 12877 23279 7319 15084 24449 19137 9866 7661 14976 23606 12261 23334 13453 11103 17528 24598
20451 13162 8816 11906 13589 9526 14897 8117 14749 14102 12471 15140 14827 18881 19921 22038 22676 23768 23177 26248 10558 12974 14374 17338 20206 12207
25086 12109 9890 9714 15874 21904 14028 13667 12735 10990 18045 25321 8981 17299 11119 16935 8414 16624 14772 29246 12243 4007 19699 19373 15999 18869
24574 16827 9973 12016 15517 12790 14369 15219 12140 9951 7080 24083 16042 18659 19584 25561 12226 19654 17170 19000 14169 12311 10858 19512 12698 18238
17154 7582 8790 11768 11781 6547 8761 16270 13730 19492 0 23029 18332 19332 22838 12851 4725 19820 15382 11516 17487 3987 0 17746 16668 12178
23305 6953 4152 18720 18289 11529 23296 13846 11853 8816 22928 21318 18380 21650 14377 18334 20994 18345 25092 20627 13049 11420 10078 15546 14176 16131
18310 5597 9336 12246 23340 20400 17317 14826 8069 12274 14661 19188 13607 17507 19576 15906 21064 17380 7262 17139 13475 4939 20485 14024 16429 24480
22968 14807 5500 12564 10469 17657 13756 13712 10190 15411 18970 26214 20834 19250 22363 27459 16869 26538 26709 7610 13078 12763 7274 19832 17255 16081
12296 17287 17147 14028 19166 10248 12150 22255 10917 14434 10729 24165 19656 15199 13130 24573 18369 16664 24737 13912 9765 8512 15194 16102 17658 25041
21487 14954 12875 10711 23073 9802 13664 23037 10594 16939 9587 16052 19325 17615 10339 24914 11787 29546 22856 13436 11477 17677 14503 13130 17198 36306
23479 17839 0 18852 19082 15865 19499 15965 13100 5542 12205 15104 15010 16849 6837 19419 24277 13913 22046 18214 11164 16226 11829 9564 15296 17482
20750 8994 8476 17027 23943 8511 18939 20363 10494 9680 22546 19195 17608 15493 16961 19797 18010 9093 12851 10218 14658 8663 15684 30389 15190 5348
23054 15822 11856 19235 21550 8834 14224 17031 14156 9646 10515 27115 9278 15105 16289 27270 18322 24019 20524 28984 8733 3849 10786 11592 9525 8652
21232 20437 11598 17519 19688 21349 20120 0 13750 12139 7440 22519 13030 15354 15603 16066 12575 12976 17051 24298 12900 14418 16879 21822 12943 17649
19558 17257 16970 6743 11935 6303 14434 2997 11125 5335 2400 12137 12025 19375 14333 24699 19817 23202 26588 10917 8825 14217 8097 15583 23957 11489
21512 10502 4753 20502 10044 13483 16114 17579 15267 15839 7588 24383 16577 17602 11682 18038 15615 14208 16992 26783 15333 21151 3952 26791 19999 17324
13283 20202 12896 18139 7364 8008 14598 11475 16018 6641 18143 17572 14239 18238 19460 19107 26634 25255 22444 20136 7798 10890 1756 13976 16710 15079
27680 9310 5195 14737 18099 14109 15206 13497 9304 9765 11750 15725 17741 23295 21970 4787 11464 20516 16017 29499 10845 14882 8659 26204 15627 24104
18915 16503 14611 17232 20329 12518 16166 9234 12549 9325 18032 20961 12551 19304 13619 10886 24606 11166 24069 14750 14874 19536 11504 9899 21552 2786
19091 6979 11335 21189 13814 17051 20446 24658 13277 23617 16291 19594 22685 14944 14537 16214 17638 20680 22882 21115 14978 12492 8115 13510 15387 17056
23680 15075 5406 17253 19537 7095 14822 12603 10018 17799 10266 24083 9847 20414 0 25133 11404 29757 21261 11889 13092 11250 0 11083 15981 14602
17514 13034 9867 16810 13078 8667 14068 6747 11750 11260 1773 15878 11926 20150 13537 12574 11706 8991 21494 12360 12110 5554 13048 11401 11475 9435
8408 11594 15264 17439 19792 20578 15425 19811 8749 19703 18257 14598 15709 22690 25328 22006 26740 11303 15053 31633 18811 15083 14654 27227 16075 5434
22639 14005 12079 14939 15106 2931 22430 8924 9343 9822 10684 27244 16399 18926 18787 17592 21839 18239 21549 17861 11823 4095 20503 21280 20673 13914
22005 9571 9673 7771 7665 12803 12420 4231 12271 13377 6900 19230 21162 17970 10609 25290 13838 8571 23404 14881 13309 19873 12353 26491 18563 11213
17383 11117 7855 7696 19386 9942 12974 17416 7590 16991 16245 19459 15993 15886 17146 21213 5301 15084 23611 17451 14009 7009 2272 35315 13518 11549
14875 16383 9961 11517 15639 7425 20325 11706 13501 12579 5691 15684 17458 17640 26096 11310 4447 20595 24897 21050 11257 6401 24255 11869 16653 15202
21366 23970 10561 14967 20400 18527 13609 14643 11081 10044 11765 16745 20737 18059 6939 16920 5886 10855 24349 26878 13864 11768 27155 4229 16306 20051
17558 7096 4620 22899 10321 12733 9971 18710 11304 12677 8217 15119 9279 17100 2482 14578 16716 23895 11343 15273 13696 10264 15808 21044 11682 19860
22831 18954 14061 13244 17225 14768 13165 22816 10258 13258 12866 23018 20471 16676 16737 17776 17224 15822 20096 7678 15689 21724 9998 12903 22598 13647
22948 13223 6043 14098 11080 8923 13992 29527 11699 8268 9269 14755 5111 19760 23576 32281 8983 21028 17554 16335 13365 12671 26054 24963 12449 3699
22489 6689 8816 14480 15780 0 10788 11918 15222 10262 0 22746 18241 14798 23995 18860 6279 10768 16424 13319 11592 8026 11615 23058 11529 8400
8499 12345 7315 11252 8604 18524 18073 6300 10980 14508 0 9490 18318 14698 873 15163 7684 24285 18880 31779 13804 6569 7935 24022 11470 26450
23082 14556 16558 9570 19927 13693 15059 13243 14336 8646 23296 18168 20959 17390 17875 12342 15306 14964 20082 12694 11346 2379 5630 23506 16195 6599
19298 17801 9523 18134 11761 10487 12110 15523 13284 3011 11017 17722 15758 18290 14503 11708 14493 14031 22560 20380 17011 19986 9986 13091 19707 13652
20207 11656 8893 13781 16690 27352 12026 21465 12941 14621 10206 21820 19589 20911 14515 17875 6822 18316 23946 29108 16012 15849 13235 13885 12256 27599
29087 16735 13912 14386 10124 18768 17721 7219 12149 12092 5669 21328 24874 19760 22095 17281 9093 16710 20529 20829 13492 14086 18172 17657 16848 17331
22761 9228 8656 15669 17431 24047 15799 12662 14200 16505 14225 13979 20773 21297 14784 26013 21429 22342 18866 13778 12975 14733 12990 21581 15511 8658
11346 16895 8460 15687 15998 11067 16407 28923 14905 15701 6531 28827 18829 15633 12485 12087 21152 12312 24549 11598 14506 4501 10557 17059 16077 12007
20419 14275 8836 14263 7564 19421 14762 16424 16810 12462 7801 20749 15671 19883 14823 26787 19630 19814 22102 10794 13216 8271 15038 30094 18120 21051
21476 3403 11956 11607 10772 6149 14609 12247 10250 13182 14148 17550 21181 23298 11553 23940 17342 24198 18195 25077 14226 8042 14940 9905 16061 11289
17837 11368 13733 21289 11817 14376 13124 7076 12052 11926 5677 22319 19048 21080 0 16714 13538 18101 21298 14940 13147 12448 10684 27752 20413 13063
20155 9618 11450 6172 17604 0 18703 16649 10021 19562 8630 19602 13594 15368 15702 24665 19392 17397 13751 16306 12684 9147 9129 22135 16127 17205
12006 23097 8588 14874 16677 0 12907 17420 10951 17548 12022 15463 24217 24797 14494 22838 375 21301 20140 13089 8803 18456 17833 29028 13383 17599
20850 11647 13508 15461 19292 9103 16706 16236 12195 11235 4724 19480 23880 20558 25448 16469 8427 14548 19601 13295 14349 4378 16075 25668 10072 22570
16880 11508 12764 12358 9913 12560 17768 20094 10650 10013 10630 14057 23580 17248 24202 22250 11960 19748 26264 24517 11884 14130 16016 20509 12421 11622
14596 14925 10855 21956 14157 15182 16714 8669 11638 10510 13496 19021 13567 16065 18837 17319 1130 15274 19754 11060 16580 18700 0 23253 18911 10556
16660 12018 17901 21066 15079 12644 20249 18040 10492 14621 13741 16171 14460 17706 17110 24926 21416 13514 13931 13081 13375 16870 10411 24733 18021 9851
20959 22269 12238 12105 17062 15161 17809 11529 9665 9262 13156 18860 18452 20644 40376 6445 17044 19327 23930 20719 11244 14235 4982 27813 21893 22034
15725 13567 9665 13018 17914 616 16900 18892 13099 13957 16205 15689 26694 19891 0 22235 14526 10580 25825 12678 10012 11574 11761 20524 13668 25211
23512 14024 15455 10436 18851 14403 10681 13963 13423 10943 20595 18005 22632 18584 25715 21202 5277 17067 16013 28276 12015 11270 25485 20401 16532 13367
22473 12802 0 2475 16472 16981 12397 8939 11479 13841 5651 18306 10747 15142 15496 20113 8075 21689 13320 30057 12621 9317 12327 26600 17737 11653
21036 9092 8319 9355 9453 775 14741 19405 11973 6618 9782 17978 22883 16408 22925 15875 8642 13894 19209 18099 16647 16667 3032 24276 20459 27671
13641 10547 10567 11637 19934 15894 15945 34155 13064 13627 11608 17619 22605 19355 11129 16802 3279 20638 14810 31403 9564 18676 7523 14002 13838 25468
14174 8357 8562 9234 5777 5186 18088 23321 10959 7147 6099 27170 24844 16341 10419 12316 29107 11207 22204 25836 11324 11952 17967 19607 18695 21177
20140 14403 2944 8235 11049 20687 25850 4706 9161 18306 10004 20721 17300 17448 24182 27135 0 20262 23946 27308 13473 18768 10431 18425 18622 13664
13969 19013 8146 14861 11363 9093 15117 25861 12879 10100 21991 18916 14434 18234 23613 15229 17213 9375 16683 20648 7863 13417 10382 6834 16269 7661
17723 16324 13434 15744 16101 0 19270 8158 11137 9264 4541 13449 12670 15582 9666 3574 1835 15228 31943 21784 8461 11539 9859 22887 15262 16071
19659 15751 7847 7925 21785 12415 9943 18492 12272 19747 22547 19799 13370 15567 6708 21110 3779 19906 17821 16732 14069 4208 13523 23432 14334 3724
23284 20765 7839 16240 16709 7636 11007 18374 9023 15290 6630 25530 5894 20250 22379 23945 5501 24281 19472 23240 14493 12631 9263 14276 22560 17405
14816 10405 5824 12941 13247 12172 20190 32892 9185 8834 14137 25826 16165 20256 16898 15880 11241 13359 19675 17506 13356 11651 11405 23099 16276 13358
21748 8639 7708 13809 15880 16355 11705 9612 13145 18550 11302 17265 24776 16406 14387 19436 20389 10577 25023 14165 12308 11015 3732 27552 19489 14160
10443 13923 5749 10078 3973 0 17050 24973 15037 13850 14525 19928 19301 18285 16939 23422 15824 19753 22813 18078 11359 16431 26656 10170 12270 15971
20543 19456 11920 6253 13789 18894 10094 17209 8722 9226 15039 18869 12863 22847 4970 17288 7221 12692 20724 9455 9628 11890 20817 16681 17326 13581
20598 12100 15307 12604 14863 12455 15885 26477 12667 7359 11078 16310 10407 21569 32096 26816 4297 21644 18760 14113 10816 13950 14730 18509 10542 13051
21235 12691 4827 16589 13476 13683 12172 12294 10787 18085 8461 17304 21002 21703 19374 21514 3436 17862 27170 25762 10659 5833 15839 1721 15406 1744
26260 7811 7584 29065 15390 15416 15395 20207 13867 14656 559 18392 20512 15764 15531 29311 2598 18024 18506 20837 8475 20292 16818 16425 10337 7274
16781 7142 8849 12066 11250 10723 15700 22253 10414 12418 9708 15454 24640 18563 13519 15916 17366 17576 21029 16769 15318 6405 12061 15607 18299 6628
17091 5284 8726 18278 14261 11823 15949 13087 15342 9692 7205 27734 9468 22907 15214 26392 16832 21711 23547 25161 12482 14743 13212 23590 10625 755
23130 14079 5163 16923 18928 18079 16219 1239 12285 20349 7423 14471 28337 16423 18017 30824 32818 14135 22744 9095 14241 15485 3012 15938 14503 14061
19667 15398 11858 7723 14773 18164 21432 21333 13623 8205 15803 19543 24664 19292 12960 13002 4503 11205 28056 12908 15873 20055 18007 26795 17583 17392
18125 7356 14106 7107 12682 15631 18288 7560 8848 23554 5795 19592 19139 18105 2576 25778 12566 26953 23067 26039 11628 11196 11729 21598 16110 21847
22295 10489 14877 13157 16405 9886 16574 5522 9127 10728 6481 21920 18997 19767 7272 24857 17040 13459 18543 23603 9352 12033 27388 16108 16044 3879
17673 14271 9489 9841 23647 13735 18268 10374 7469 9282 18646 25642 19276 13452 10162 18465 772 29192 18180 18360 16690 3873 7125 7221 11333 3158
18329 11167 14984 14503 15303 10105 22100 12357 12348 14321 19281 22711 3504 16354 10816 15024 24347 23893 19270 16982 11861 21695 1123 10393 19904 15088
17483 10977 8400 15097 19225 20572 17892 19817 11214 16684 7445 19479 15053 16022 20437 19013 942 18954 20806 15880 12683 8505 21006 29290 11004 11145
22696 11131 13642 23603 22890 10304 18263 13962 9105 12450 14248 14538 20483 17416 27707 14761 26047 21570 21294 17203 9979 10190 11739 32481 8216 0
21959 14428 6583 17565 16719 13214 19613 14224 13676 12639 2228 21244 16928 19797 20976 12362 12958 15199 19919 17444 17920 20049 11842 30703 15650 16030
28087 18076 13388 11083 19201 18786 14472 1999 13849 15517 5657 21656 20600 20359 17134 16867 15656 9936 23988 24817 12054 3860 19537 14236 12826 14337
18302 9370 10900 17386 16923 15469 12279 12716 12514 10478 12936 12496 15091 19693 16446 24274 9140 13583 20856 8792 11978 1985 22093 21716 10059 14858
25338 16956 9624 16927 16252 11113 14642 9463 14006 14946 14748 18582 18054 21068 21721 20855 19462 13474 22268 16727 12724 23838 9233 20704 14904 5486
17665 13261 7311 13298 24549 0 18544 11313 13664 20434 9454 17699 13238 18648 15233 20220 836 19645 26831 25887 11502 19576 0 21651 18543 740
7155 15048 7758 16448 11647 19923 13715 21477 13294 23291 16705 16085 19810 20468 17509 21041 3591 25817 28061 19650 13090 14735 20364 19170 20341 15237
14383 15936 11266 9464 15184 12336 16455 21329 12630 17320 6579 19526 17333 17697 2923 6730 31092 18995 22657 22513 6703 14000 20613 6300 11255 8624
21050 18491 7603 18437 19563 11646 10676 15359 9429 23716 8210 21684 23559 17863 8945 12542 7519 16442 28823 12964 15188 9824 0 13862 16115 10276
17694 13013 10204 15293 19235 16518 13683 19750 13570 9110 12353 17376 10398 17614 10961 14415 19899 19985 11670 30653 13273 18496 15420 21686 9958 11191
13544 16455 3682 20817 10920 737 15761 18806 9253 12596 13593 13680 24194 22322 15601 26086 27791 24676 22323 16690 7728 7291 6646 11251 7609 8635
9045 7857 5457 12212 22161 7764 12109 23401 12681 16785 22237 17182 16233 19104 15388 14843 19177 25694 22958 14103 15507 12457 5169 13021 13673 21969
23054 11774 13686 20935 13301 20691 17674 27668 13579 8480 1815 15380 22201 16172 5092 15304 9093 15774 14979 17888 17183 7528 6213 12255 15567 9241
19250 12832 10372 18730 8371 13669 15058 28273 14118 15135 18699 19619 17399 23833 8130 24236 7764 12545 20777 17564 11716 2859 14040 16086 14709 12618
17234 20340 9351 16077 20619 14276 11777 9194 12486 7937 12729 24936 17242 15959 26075 26062 32194 17636 18870 20537 10873 5213 12208 24005 16175 20453
24910 12396 11084 14856 13497 19459 18970 32396 16111 7072 20257 14362 18172 18358 6478 25793 20345 16940 18607 27185 14184 4026 9127 17557 9477 10432
23107 24592 5083 10974 27178 1944 13448 8651 14311 16258 5709 14828 16253 20499 7450 12721 0 17444 12317 16530 12717 16788 0 17155 17206 9153
13312 16259 12509 12138 11652 10438 21080 5085 14832 10637 16733 21697 17696 16433 23728 16076 13635 15248 11675 15696 14742 6607 18943 9713 11849 26657
17465 5008 8469 14873 13019 12438 17547 13792 12798 13244 12750 10415 28746 16638 11288 11392 16095 16932 15148 23114 10771 6227 9943 26576 12316 9044
22534 20855 11748 24316 18564 14280 14895 0 11797 12464 5733 15158 21136 22118 25725 15777 18541 23323 21242 20654 9916 5638 0 16188 16221 9369
22369 6376 15515 17542 9372 8419 15567 18874 11891 5502 23761 21958 18529 17726 18473 22200 8937 30412 24040 20579 14438 5776 15191 12330 12924 14456
26628 13259 10532 11813 18856 18447 17701 13888 10067 13014 2733 18970 17867 19618 19475 9874 11968 20057 16493 23118 14745 24489 14170 20347 12393 21473
21896 18103 12412 21975 13998 10005 10487 18936 10608 11394 7110 16908 21643 13302 28668 26488 23155 18354 20598 32296 14350 1922 22202 18493 7830 24872
23066 17135 15644 3153 11829 6634 17293 8633 13420 11853 3575 23538 24710 20430 21934 31986 14402 17964 20469 7544 12970 8350 15857 18965 15065 13883
30747 17540 8781 10946 16881 12210 12180 17145 14300 14138 12241 21652 13146 19819 12702 22559 8900 19870 21253 14565 10363 14038 12082 10953 16301 11437
9288 15314 10063 14787 14373 9264 17161 19936 13359 7896 6441 23305 18521 20340 22531 18651 9281 20307 23645 13831 13747 6614 0 21992 10580 18867
31394 13136 10108 17814 19315 32620 15001 12268 13721 14162 12564 21725 22211 18634 18384 15387 0 26070 9087 19594 12460 3540 2830 17027 7912 10050
23448 17196 12854 18655 10624 6586 15222 11231 13315 10271 20358 26806 22564 18781 6714 16914 18609 20441 20014 26442 14452 10223 8145 27668 10438 24612
12985 15043 15871 17528 21811 14206 13504 23112 11734 15850 2057 21819 16028 22690 10413 11672 22705 19260 16798 15931 12727 11028 4907 25209 12375 16343
22543 10886 14137 12297 14780 16098 16034 8130 9672 12517 8761 19864 12323 17350 33724 10038 953 12785 19338 21759 11934 8936 10439 19791 20623 2415
22107 6481 7568 16983 10724 0 14894 10114 11454 7846 5788 22124 29291 18095 12914 22158 9169 18670 21857 25457 7791 13384 19957 27955 11682 15143
22588 14320 10230 0 23495 12972 16460 14987 8488 11840 16884 17262 16002 18228 18376 19864 26823 16104 16610 17351 13638 18026 5249 19448 6589 18373
27794 16234 6835 8886 7660 7827 13618 3010 14279 15659 11630 13558 13433 18793 14668 22302 0 20203 18134 23497 7194 6513 24247 18635 19541 18817
13781 15250 6114 20546 15664 11794 13622 23704 14650 15784 15919 20104 17827 20316 10744 11608 7291 24132 20628 21178 12734 7135 8882 26814 18742 22457
11637 17019 10006 9416 16364 783 14824 3280 14219 13346 8211 22138 26161 19022 15305 22951 18882 16702 17526 24077 12217 18399 13752 22000 14356 0
16157 16627 13135 25668 16184 10295 11259 16966 11422 12791 15353 21916 17229 19565 19333 16104 20836 18781 7728 8380 9725 9980 26543 11418 17986 10173
12802 10339 11683 18950 17357 27955 13373 13592 11443 16485 11250 20411 17728 16788 15972 7242 15896 19435 17243 25833 11130 19352 19760 15136 17346 23284
27483 14542 6018 22872 15443 7643 15298 20771 8737 12769 9156 28852 18712 18716 21437 18821 14988 22334 19348 14740 13756 12827 8912 15731 9205 14894
27902 8540 6848 13649 19125 10695 16920 13013 11506 6815 8022 19351 18949 16148 8175 23238 21557 17586 19368 23435 8109 13430 4313 13056 10245 13689
27015 9376 12856 21408 14387 1783 18929 18577 10681 11873 0 16333 10166 16067 7079 15672 23418 7850 8815 19696 13890 6483 15824 17131 13724 22172
24887 17364 10864 10955 19974 10252 18939 18729 13227 12477 20822 15385 16921 16836 17220 14372 21780 14533 25475 20926 8523 10866 7599 13137 16161 23159
18037 15363 8171 20315 10558 8082 15340 14789 8986 11737 11864 17054 9085 19814 25707 16157 10836 15431 18361 23922 16889 21928 19942 17289 17227 9141
30360 7971 13121 11532 23448 13996 18208 5171 10892 12752 16126 16820 10309 16046 23124 15568 10036 22520 19639 15602 12751 22724 2115 7890 15406 15435
19533 11969 11256 8409 16154 7276 16097 11646 16967 18864 4049 11939 16138 18742 14167 12767 0 10565 17897 20925 15100 9562 17815 25201 13913 9559
9546 9982 7214 10119 18427 10437 10465 15070 9310 11417 17921 16152 17069 20068 1523 21389 7308 18045 27962 30267 14442 16867 7299 28722 15278 15433
18245 12791 17435 18398 21026 5174 19340 2062 11740 14880 13750 14832 10150 18437 12687 15724 24112 20140 17231 25808 19835 6378 20867 23118 15159 11854
21021 12447 11671 11945 29508 16254 15317 16792 8033 10153 11389 22207 15220 14260 5497 28672 15344 27833 20664 33479 13825 7323 13883 19262 8009 11076
18714 13084 22227 17035 17609 7103 21600 15914 10319 14679 16098 13077 18493 17204 25203 24631 25269 21176 19075 21885 11966 5126 14715 32522 21564 1206
18571 8477 11600 15523 9989 23073 13174 19341 8653 12479 19388 17956 20517 16527 17555 15155 31544 24120 25061 8804 10455 24027 14199 28043 15355 18811
19060 12402 9183 11752 12062 8819 13475 19654 13927 3833 17100 16776 21525 19289 15609 15456 20397 29343 17072 21433 11208 17244 17709 29028 17983 6083
18251 9835 9458 17222 9695 3098 15539 21760 12806 10839 19178 19290 26608 19569 203 19973 12037 16530 24576 24310 13317 11890 15963 11290 17916 3730
17197 13788 12394 7014 17163 19462 8897 750 12091 16896 9157 14659 21948 15322 15255 20637 27794 24499 21899 25717 11120 5556 6032 26731 12431 22691
20082 15475 8348 15662 17340 454 16123 21070 11935 19335 1988 19443 10303 18670 21323 9599 12687 20707 25850 19425 9650 16842 15899 14838 15631 22600
24202 12287 4560 18458 21149 2323 15780 13758 12764 13700 18086 19285 18033 19824 5988 13670 0 9791 16200 27752 12125 19385 10766 18614 15021 7038
23474 13684 8277 13792 23785 3831 15443 8994 13525 20486 6651 20390 13010 16457 10019 18233 7733 24145 21090 19658 13144 8532 7826 22073 9757 19126
23041 16742 16614 17097 13810 9099 24818 17017 11181 15867 16279 12755 12810 18731 14318 22206 14823 15993 15685 21441 11185 14147 5707 26896 7546 11523
18942 12602 8497 9598 21295 14929 11144 16030 12307 7660 18532 19062 23466 16277 9811 23861 18572 27637 24531 22441 13285 11440 9493 32407 14719 16346
20209 10135 15989 15660 3761 11781 14852 16037 13841 7184 10117 18856 23580 18730 5886 23363 21764 20077 20603 14027 11557 15374 6873 2920 16622 16452
22029 11105 12631 15651 16132 13242 15757 8900 12937 5933 26776 20749 6606 19209 13706 9960 24392 13292 23001 22720 15270 11893 0 29062 13672 23040
18091 13219 15467 10405 10696 14280 17588 838 10819 21634 11895 15313 16854 21525 23611 17140 11860 16658 22734 26513 12745 9616 18588 16474 19980 11157
11001 22470 3783 17921 15827 2120 20033 14653 10531 15600 1450 21059 17348 18854 17798 24561 5456 17828 27060 3594 13274 20682 21299 12695 17063 20182
19975 20938 8414 22621 9548 7213 13049 13616 9629 15727 9560 15690 15028 17617 9106 23221 26766 18358 19725 13952 11762 9807 6387 3653 13304 26003
20953 20303 13459 13711 21372 14715 16475 18199 10252 11457 11995 21715 10940 19387 17314 17168 26022 24081 20765 21255 13076 8408 17834 14954 10476 5127
13200 10810 10821 7786 14058 16580 11771 32786 11221 9306 12515 20218 16061 20996 14763 11514 3292 16084 18100 9394 8368 5376 11265 19636 11982 21396
25552 21587 15756 16155 16653 4375 8912 10673 11192 9771 11345 21541 17445 16092 25746 10214 28056 10196 17786 19031 10433 14526 21567 12108 15231 12789
11655 9401 11334 11378 19131 10221 15390 16403 14219 11688 18551 19352 21104 20996 16391 13721 3435 13503 14877 21682 12771 129 5253 26520 17424 25682
22694 8023 11736 21634 22137 8914 21106 25408 15498 10637 19917 17041 15498 15636 14030 21787 14206 21516 15683 12123 13994 20887 9460 18161 12063 13402
17979 15753 9346 13424 7333 25631 19664 10862 13420 17846 12029 19528 18593 21266 22918 21068 16163 14974 18734 15812 14982 4510 6031 13036 13373 15414
29527 10870 17650 8176 18298 12323 16980 13082 12582 13313 17357 24976 17642 20889 7834 23501 13929 25452 17399 26332 10545 9776 16620 18832 18167 14990
22691 11303 10593 19884 9563 2599 14268 17680 11455 9810 6269 20617 23483 17182 18210 15654 3497 8411 21868 12467 15578 20951 17048 16249 19395 17527
24750 15311 8879 16340 13332 18753 15215 11453 11923 5252 11896 27591 13415 15447 22963 27012 7022 20905 15882 22757 8541 10766 3489 18612 14422 6356
18443 11619 15919 16566 19182 14064 13148 19225 8928 23378 19948 17060 9442 16004 16728 11066 27625 23243 13656 17548 13004 14818 24366 23402 8486 10378
17762 15895 10819 14897 15515 2177 14453 22574 6198 15832 7350 16034 18343 19685 15153 30128 21601 6168 16868 19568 11705 10181 11855 20794 13167 12241
21312 26166 9246 8368 18461 28951 13980 33297 11221 11736 3014 18279 22699 21091 13883 27674 10887 13916 19529 22918 14834 11143 17935 16259 12369 10048
9688 20226 8666 14813 20291 4013 13617 16111 12745 7128 13385 14683 19249 13631 14895 21288 7244 18517 21304 16737 17051 11772 6635 23267 14472 11184
18023 14469 4010 18867 18574 7884 19314 16705 13572 7197 6830 12605 27988 15222 20846 23594 9460 27716 24281 22104 11001 3964 6849 25664 15277 11366
19465 7576 18207 17446 18471 2285 16638 24086 11695 10407 21649 18662 25903 14057 5894 20079 27694 16689 20323 7652 10490 7429 14753 27727 16412 7557
14727 9310 12675 18687 14975 3456 18029 21349 10164 18073 9020 17810 26678 20312 5599 16271 18089 12298 17230 12143 11462 18796 13181 23387 21998 19808
15486 9442 11423 16598 12792 19971 8808 10055 12377 17596 5745 17800 23195 16506 10641 24223 20968 21534 17505 20748 12511 14576 3853 20281 17586 18891
12548 11338 6518 18375 15241 2295 12808 24700 11965 14849 848 24807 16074 15436 10851 14404 7618 27336 22766 23647 14350 16681 33038 9416 6985 14690
18660 17273 6486 17885 18438 20806 10197 16315 13869 12307 26983 18674 24316 16471 5941 14703 20945 24683 22488 16330 13661 9816 5241 16086 14779 24775
19940 12275 11806 20079 14401 16098 15254 16009 12482 15079 4544 16122 8157 16025 18449 24238 9120 12406 22218 19082 14967 8741 18192 24355 12685 13625
19871 13963 6947 18460 14250 11359 13341 15192 10602 14545 8816 11299 13870 18446 25826 18480 12287 21395 15136 24603 17484 18361 19972 15484 10807 14004
22215 14710 15631 20244 20453 23018 19765 12620 11343 13354 22257 22301 18039 18703 26262 8483 29663 23836 27493 18113 12687 10721 2605 9225 10899 16692
14362 15508 7380 22354 12733 7368 17605 10714 10333 8549 7559 18732 12730 18380 8406 15635 22750 24536 17159 3442 14779 19747 9676 20822 15997 12218
26814 13651 12714 13101 4487 4232 16891 11993 12468 19943 15698 19349 15982 17126 16536 20778 18249 7509 17613 14892 13105 14365 6001 9785 10077 22646
21820 21532 16741 14486 16080 5576 17402 9586 11639 12585 12827 20211 15133 17452 10922 23265 15097 23537 22856 23522 18702 4978 9045 33988 15827 10715
20570 9999 16524 11504 16933 6473 15957 8463 11098 6897 11766 25201 20176 19820 21646 17235 8073 14498 25808 25248 10241 14422 8104 24058 22739 18543
25104 9031 7363 17861 13355 6791 11703 4135 12602 13382 7663 21256 18981 17243 21716 27015 0 14935 25598 22362 12933 8542 10619 7618 12657 11516
23051 17779 16598 13767 17347 4966 18999 1144 12768 11377 13972 20508 20462 12457 17293 14818 9480 28569 22039 20719 14128 18783 10212 28226 13870 2319
29174 14742 17637 16399 20208 0 16741 17769 10700 12102 4911 28399 14453 18674 15342 27105 19831 22397 17404 20095 11203 0 2363 19812 18668 5999
12651 17936 9832 14630 17750 7470 17654 16343 9089 10647 6629 22633 22895 17303 4442 21237 6444 16025 14909 20770 11501 22725 5408 15559 11375 9955
25717 11552 16143 7382 22194 335 13382 12071 11862 10427 3742 13884 22768 18857 7075 9970 18215 17180 17299 1573 14962 16394 19170 18568 11084 23124
27230 11415 7489 18424 20832 4887 14970 31040 9872 14358 18309 19287 10653 21220 20072 14942 27298 13267 18165 14215 14116 14085 13927 23264 18579 18665
25694 14787 8152 16837 10530 12719 16123 0 13383 16713 14805 21851 11406 19066 15351 14029 12822 26641 12853 18692 10278 7226 11358 12950 13537 8162
