365
56 93 52 17 59 79 18 78 13 10 12 19 34 90 67 94 53 91 69 61 96 18 79 80 44 11
14499 13687 16983 23815 16032 12697 17551 15854 18659 7908 15572 12043 18931 18158 13349 16892 13258 11725 13739 10028 3367 22724 13781 23047 1258 1995
7483 9051 17858 29155 12547 11387 18573 18586 20817 12203 18805 6667 7594 2071 17889 16045 14618 15908 17105 8396 9096 10723 19216 12026 10776 5975
23946 7015 11261 17192 16514 15267 11396 17088 4259 7880 16362 722 21987 15621 11335 16898 15824 14355 21078 11051 16746 16461 15358 3716 22407 23503
22860 12905 16698 25306 10283 9756 20450 22839 14955 6872 19279 8141 18648 10737 14036 14304 19775 4965 13333 10373 8694 13490 17297 15959 26689 14496
10749 7903 17272 11918 14833 11708 18961 9879 11050 7429 23925 5645 10457 19629 9975 16592 16323 5437 13260 8639 7229 11417 10619 994 24077 8736
12949 9879 23122 17197 13592 26548 14570 20596 7926 4929 22850 15930 6999 11573 11950 17215 20058 12185 15725 13317 4533 7463 15322 15146 16651 12254
13775 8541 7766 25336 15729 18536 16935 17047 7151 16729 26230 15503 23033 8317 12521 13454 19418 12489 9331 11757 0 16408 16469 19259 14618 0
20922 13334 20543 29697 13473 12378 16267 14852 16463 8645 15035 8491 8952 8621 11851 21550 10825 4638 18121 10261 10512 6943 5061 16332 21041 10800
10442 14116 22204 20828 18034 11572 19321 18115 2351 11309 13898 19145 12158 16595 13501 13765 13782 11958 7066 8470 13646 5308 12889 11844 13454 8730
13439 9872 23567 19115 17964 11135 10538 21531 13181 3563 19664 5929 7086 10557 18356 15437 11030 14751 9592 11335 10790 19936 15307 18637 16677 0
17936 11620 15717 21652 15772 13362 18965 17979 16264 8733 15973 12543 11850 12176 10335 19901 8546 14175 16607 8505 9303 14671 12896 10500 4057 16300
2602 9559 17813 18596 14737 22194 18507 19881 8642 8153 19305 3097 11647 17803 11063 13761 13797 8213 17070 14288 12875 10803 9078 19727 19038 4775
15922 15487 17335 19848 18174 15937 13543 13676 16481 9057 24881 0 19203 12911 10909 21283 17525 8714 16270 11113 12742 14627 15444 10704 7313 4313
21396 15566 12331 13386 12619 15710 12814 13921 4612 5759 20159 9103 5430 14987 16586 22663 14847 11756 12194 9752 15684 15433 19027 18901 3977 12530
15953 7239 14524 22348 15172 22871 16736 18936 10674 6820 18552 19066 7682 8081 12567 21228 15205 15911 16836 9403 4717 16592 10819 9089 11491 445
16888 8276 19626 17880 15117 3200 13636 15313 0 12767 23210 13274 10260 0 12274 21731 9539 11686 15531 10535 14214 11973 14119 15269 25321 21724
11875 9968 12225 11088 14900 16417 10813 16483 1425 17399 14787 7145 10272 15585 10396 27109 14361 12493 8523 12510 7878 6005 21610 7232 29177 13815
11794 13212 12555 18847 14128 12716 9683 13251 1382 15375 16662 12189 1256 12222 8849 18031 16185 13877 12188 12313 9998 19057 14437 21005 14579 12340
16761 10059 12205 22476 16993 9972 18853 17930 9093 10744 18694 18348 2914 9906 13552 12686 14025 20247 15784 7788 8762 22659 17156 12971 12656 18824
4041 2767 18396 24171 16370 16396 15512 19334 10544 9656 19616 4457 9570 11419 12199 11613 11435 18195 22324 14201 15361 18082 14700 18200 10715 9342
16788 9103 15207 3971 14283 12641 9412 13393 11439 16548 17726 561 9589 13261 9448 20723 19746 11463 14601 15580 8349 19589 23286 7436 12012 4934
11370 11952 18854 16933 19998 18184 18098 18141 12207 10130 14235 6284 1825 6873 13518 16718 13997 13132 18340 9487 11065 6718 14589 19609 8860 13074
9409 11040 19838 14429 14985 12937 17825 23109 7650 6761 19147 8404 7485 12110 14163 16810 14617 13588 14360 15891 5900 6484 15104 20890 19426 11107
14265 11641 23702 22528 15420 22174 16896 23557 13202 13131 25584 14264 5025 15110 13332 20792 13323 10486 15301 7088 9960 7877 17411 15191 11097 7274
9852 12513 7958 23248 17795 20750 15502 20896 18516 13180 21019 21152 12914 7972 15302 19210 14449 6964 5715 9452 6142 18414 16691 11412 16408 16337
15876 14350 17600 15841 11111 12466 15213 23612 11076 10419 22538 18282 4104 5367 9755 15206 13680 15207 14178 14435 12004 12918 26063 11564 0 3325
17124 12023 22238 20624 14955 18720 28573 16237 8464 15190 14214 0 764 11595 11471 16229 13409 16855 11719 11362 10757 15470 10965 3917 16504 5889
16887 14049 12395 12322 15325 19557 13953 19543 15301 7927 22190 27 22988 6407 10188 19286 18144 6296 10761 9258 6519 7833 18726 10525 21726 7830
27436 13841 16143 19693 9630 22141 11647 17255 12509 12373 18172 8545 12875 9965 14725 17821 13113 17905 15807 9835 8248 529 10240 19844 15713 17416
18838 10335 9936 17360 16306 13970 18167 20147 6285 12162 16188 9573 17106 4823 9097 11883 18647 15181 10418 7744 4930 4379 11983 11472 15590 4331
19001 13903 15232 20958 13940 13399 15383 17859 13780 626 15822 4665 13637 15060 12965 15575 15539 6079 18151 6060 8161 10227 10340 23607 28441 16385
15730 12584 25195 25749 12064 12559 12951 18756 15097 11176 16827 8866 13549 16197 13543 19763 15173 21698 14957 7992 10049 14109 8624 7729 14906 9220
18205 13648 20632 28044 15625 15227 13822 21992 14919 11291 24225 20761 10649 13884 10800 16330 12616 14356 10313 10508 11347 13786 13882 2978 26593 7657
21797 5490 18653 18237 11823 24639 17052 17083 26759 14252 13857 11716 18493 12678 9699 20084 7616 10286 15692 10857 15926 10241 16493 11415 23254 0
13533 9407 17347 18231 12442 18356 14975 22036 11420 8335 21506 0 10318 13214 12099 23655 18420 12846 19378 8087 6979 9047 16368 16413 11279 7605
23887 12363 20151 16382 18249 15042 9244 16187 8739 14160 15268 16007 15587 1876 15191 16600 10539 5925 11141 9514 14934 5326 23033 13369 12829 16220
7375 7547 12109 10944 12182 15336 19400 17470 11942 11907 18711 12808 10740 9262 11867 20723 13049 16432 16470 6773 8858 22870 13312 14371 6923 12123
10344 8897 7079 17495 15887 12593 18260 23676 11286 9774 17063 17813 14802 10765 12442 17377 11540 13941 4718 9608 12620 12387 15862 10086 9511 14078
3349 7832 5311 23136 14558 13220 18377 20846 15362 6931 17132 19440 20190 11480 12176 15180 16694 22768 22437 5610 6484 14607 18615 17868 20708 0
8252 6824 7207 28910 9347 13851 15286 18546 15854 12466 24258 10716 0 12433 15021 10598 13105 7608 15842 14938 9869 21828 15368 16981 16016 11899
12864 10241 19257 27560 14756 11856 19692 14255 12998 5876 12259 8457 10147 5137 10016 17651 19866 11114 10318 10049 10312 17175 17861 11732 19137 2765
24690 10935 16818 23610 12539 19308 15952 14280 14978 9193 22741 4600 11813 13433 15870 15449 13695 10186 21924 11575 11016 11534 9912 19273 12659 7902
17566 10980 21746 16696 13368 21524 13378 19748 17124 11860 15502 18682 16701 5847 12072 15444 15853 10190 9174 14289 4743 17423 11142 12438 21877 4281
15994 12582 30798 25355 11052 19010 11730 21635 2718 6087 18572 5955 16175 0 13656 15654 15883 3961 15752 9299 11086 14068 12114 10200 11535 15141
15745 12961 33139 7429 17440 24427 20069 17347 13706 5932 11841 8269 15924 6418 11055 19079 13721 8864 18678 11537 9153 16961 17318 21055 14323 1800
19139 11025 21122 27021 13941 7003 18701 16613 7919 10114 18063 11425 8496 13287 9048 15461 12915 16409 12842 8901 10702 5179 8633 17407 19172 9447
16140 10337 14999 28031 10297 11753 20441 21095 16111 13528 22151 4626 19366 1231 16454 15697 14466 702 17320 9138 13591 3206 19112 14215 11078 25904
662 8914 15071 18395 13237 19900 11057 19446 12666 11380 20267 11568 18403 8930 13196 23103 14391 11906 12611 12014 11873 11124 17092 1103 19932 20598
12345 11591 17781 18413 14426 17283 18510 21540 304 12497 18505 0 4715 13440 11264 16863 10492 2868 12077 11070 8806 5497 16056 22632 17179 1840
17373 10130 30301 22132 16564 19982 13655 19663 4380 9061 20391 21830 1512 7035 14791 13810 21393 11906 22291 8836 8946 13124 10527 17038 13699 0
10468 11450 15784 17636 15233 13041 14130 15197 11056 13882 15971 22067 3881 6043 11815 22694 16720 16418 19190 11000 18786 12728 15124 15305 17258 826
11454 3571 15675 18501 14270 18043 14325 20405 5572 8553 22538 6938 20117 10221 14037 16092 13560 9494 12369 12644 12292 12681 11503 14361 22946 0
11696 1364 10164 17080 15327 24138 16456 20682 18086 8278 16875 15460 0 9764 11520 19767 12071 22020 15924 7062 15116 14570 19953 20650 4700 927
8933 6827 15071 20108 14597 14801 11602 18462 3741 6563 21019 11586 10511 15889 10450 19638 13909 15656 13006 7422 14290 16268 17345 13318 16893 18163
19777 14976 21062 26582 16785 10890 9041 12683 7462 15762 25020 3132 4004 6433 10478 16626 16191 4168 11955 10730 11730 2267 15243 23004 15030 3279
16203 12601 24382 20870 16722 17475 16169 19727 13414 3759 24584 13108 12530 7323 15312 13815 10444 3791 14152 9602 6509 10847 18359 9421 16011 5617
32018 3718 19656 18936 14152 15425 12608 19699 0 14419 14965 12982 14267 13222 12912 14051 9867 6462 14591 6414 12488 13929 15496 8528 20420 7278
14559 17027 14485 20429 12434 11004 8266 15631 8361 10248 22080 17040 10037 12324 13060 14196 14697 13764 9716 12443 11661 22500 16671 11604 9611 32751
3620 6918 27105 23170 12271 27420 13969 14502 17177 14647 14487 7249 15197 4684 10721 19930 12742 12635 15821 14442 15595 7694 2923 7058 19076 13307
16840 12446 15182 27254 15627 14861 13850 13257 16232 12024 27728 11723 11188 0 11769 20950 14186 16170 8867 6619 12088 4787 19126 18906 0 5223
8796 13989 11317 25583 15033 21864 16691 18003 13494 4756 21579 2565 27182 12777 11313 15895 13427 2271 19717 15671 3525 14346 12219 4972 13757 7866
24054 15209 6751 13634 16885 11178 12044 20314 11016 8251 15271 17018 11364 5925 13903 13132 15268 12749 17120 8368 6017 9826 17865 15201 28063 2088
11165 3981 17492 28645 11674 17329 14921 16809 21611 9781 20014 15212 22033 10258 13628 18893 13384 18589 10017 10683 3305 16668 17047 11252 15447 0
4669 8939 11308 20903 12235 14544 12321 15991 17780 13466 11047 6844 14696 12768 9994 17647 9895 17278 6071 11171 8310 9869 7969 16577 17655 12824
16256 11230 22780 24675 17663 13003 11577 16227 8983 9119 21528 16841 31408 4321 12651 17369 12882 5324 13344 12834 9878 9144 15452 23339 22229 7840
5654 8557 18959 24421 16379 16440 15982 19769 23996 9654 24652 10207 17512 4455 15665 20409 15801 12180 12372 8905 16388 19565 2077 22845 26245 818
13653 20120 16787 21795 18409 9452 18287 14414 10310 14263 18715 4775 2029 17907 12568 14928 15547 7201 19124 8430 9110 7020 17230 6301 11850 0
13357 7735 24572 21084 16029 12879 14647 11687 10400 6450 17990 4965 12158 1420 12587 19604 15926 10647 24034 12359 6510 29078 7200 18633 14765 5675
13421 10092 15942 18835 12911 17568 18052 18092 0 5362 20756 26776 7956 13559 13959 20563 14028 17411 7944 4539 12158 7388 16367 11846 14804 16765
9202 10249 31565 22923 15350 17624 13599 15781 15188 5990 22371 5138 11134 9321 13642 11858 10409 15461 11350 13800 9461 8552 17186 8700 15870 23559
14882 14109 21384 19875 13515 13553 15066 16436 7451 10203 20962 10019 7580 0 13276 17483 11274 9727 13758 12231 12939 13385 11887 9641 17455 12930
18694 8809 28576 16387 16114 15516 15877 20295 12257 13005 19965 9469 17340 12302 18899 19209 10100 3369 15833 7622 3816 9358 12007 5639 26307 3082
12832 12397 13572 24171 14613 14583 11224 17789 0 8598 20207 12671 6076 7219 11977 18932 10132 9964 13369 12725 13283 9425 19198 17624 21720 9105
4965 11243 14769 17814 15229 13088 16006 19089 17958 8930 20037 15555 11568 11105 11102 13090 11448 10348 19903 10225 6565 9180 11919 15511 9333 33408
2188 17741 17061 16216 17835 9352 16161 17320 16399 13642 16643 15750 8064 4168 15720 16311 16874 10003 4686 11267 11087 17254 19843 7059 4116 8357
13322 6154 27916 22379 17417 11903 19449 19880 16170 14503 26179 3893 8677 19654 10792 15205 12846 14857 17862 5645 17836 13871 15193 9342 19673 574
17821 10820 30740 26884 17706 7649 14546 22185 13980 7597 18180 13784 1590 11859 11022 13164 11001 9411 10187 10728 10310 4780 20839 20307 17222 21659
16563 12166 17190 22625 15921 18722 13050 18034 17435 9675 14514 12439 18972 11385 12902 21533 10906 4624 16625 12438 16316 19071 16233 16628 12826 18856
18906 11511 10786 22095 13672 8864 9207 20202 16275 8392 22926 11902 9760 12973 11445 15413 10053 18131 18426 10660 2344 10387 17718 12682 2409 0
11434 14239 25403 12973 14381 15118 17383 20594 11794 13460 23174 7867 9079 20065 12159 18400 16812 19251 14129 7178 14403 3004 9751 22514 10404 15866
13373 11393 10791 19107 14663 14073 14681 19754 17490 6484 17126 12808 8055 9697 14181 20731 19908 15497 13642 12660 8722 11173 18425 13035 7468 3710
15565 8746 17486 12135 15118 11054 16851 17016 5719 13289 17084 506 11193 536 11064 13113 16130 20920 8348 12489 4225 9783 11651 14897 22665 16671
27563 10633 15688 15319 13633 12788 13721 17229 19337 4664 19990 4456 9307 18662 18464 11102 14861 14536 20025 10945 7781 16780 19868 18063 19282 13753
16711 7131 15255 19239 16685 21063 15569 18734 3139 12791 24041 15744 22676 2790 15909 17273 17336 18626 10995 8174 13004 12874 18124 25043 27079 14363
7867 8421 6553 27913 13322 13745 12878 20294 13219 13782 23017 8448 17615 12065 12726 20216 8543 20664 15412 14295 13019 16912 11779 15789 16792 3001
16938 14665 10988 14394 13269 12818 13872 17039 10256 8793 18331 12043 4773 10789 13391 16607 15110 8586 12270 12332 11745 10942 24088 13517 17878 17542
9908 14434 9692 23264 13473 6158 17060 16022 16995 5638 22780 29574 12376 18036 14248 22265 14009 3249 10096 13639 13389 6892 10880 14737 9776 11614
16946 918 19278 16825 15332 13146 25842 20026 17298 14586 23851 22318 11164 9896 11050 16452 14476 17142 11557 13099 7559 9578 17281 9814 33192 2859
20649 11577 20660 20410 14559 22007 16125 17415 10067 14940 21641 2834 17269 11877 8154 16025 15288 19465 8706 4971 9272 13970 19942 14077 11398 24885
21056 13958 13385 18055 13766 13516 20263 20130 6083 12594 18320 12868 24217 4348 10032 21912 11719 7153 8095 13868 7947 13729 21200 4660 14340 20041
19375 8656 23123 13040 12758 14193 21565 16872 16787 8436 12381 929 5315 11721 13606 17140 16911 21460 22176 11914 14135 4152 13618 14169 14150 5181
14363 8437 17221 20547 12504 16393 15760 16008 6879 8322 18565 12480 14976 7449 10673 14279 18953 6958 9823 11781 10469 12131 18535 9803 10249 0
14968 11033 21018 20574 13030 11051 13101 19246 2204 10263 27701 10999 169 12000 13912 17486 10996 12760 14946 9203 17881 0 18134 5418 22143 16231
8360 16916 16956 18225 12284 18642 12982 7724 12503 7491 20013 14928 9944 6356 16650 21292 12910 14979 18776 11482 13732 4793 18024 13832 17912 17797
10328 13732 20996 15567 18075 11627 12342 15433 11631 9070 23032 11364 0 10642 9342 21045 14449 16301 15810 6542 18508 8920 9533 5405 20044 16398
12366 15455 18656 24910 15882 12242 15588 18024 7308 7650 16653 17813 10556 10988 16881 20739 17542 15400 22680 6991 11777 11446 23589 22917 11556 14203
15691 14258 23723 29030 15553 11618 16077 20134 10087 17378 19257 21919 13839 15280 14462 14508 17502 12870 9465 10438 22141 8828 25205 14850 7944 11967
9794 5503 14418 18597 15592 13617 10424 20225 4921 10881 17924 12774 11794 8835 13965 11872 12598 5233 6483 10665 13595 10692 19663 12758 13560 19095
16264 10485 23248 12723 14143 14391 12948 14025 16134 5388 24658 19473 14010 23878 15295 17869 10331 17356 20319 12021 0 7230 18617 21013 15163 16677
21165 13080 15052 16032 11827 19676 16823 18305 2700 12470 22550 9405 16867 13707 12477 18091 10651 4325 13892 13876 14624 13083 12419 16726 15294 9091
19824 8506 9319 30047 18444 9651 15773 21835 2814 11399 9924 15870 7316 14255 11775 22286 18531 3689 19967 10072 6717 6050 24796 15001 13954 11561
16151 12654 22456 27533 15949 14545 15487 19449 4561 12024 23939 9844 3211 10315 13897 18068 16408 9985 19916 14227 6429 14161 16786 14398 16565 9235
9464 9710 24026 17761 12254 19055 17628 14904 2256 8888 20155 9315 19058 18685 12777 15835 15103 6764 17575 7200 8349 9923 6481 2099 28607 829
16260 3049 14727 28233 13673 20250 19935 20744 11336 8984 24175 8822 5849 19556 13640 17448 9010 12009 9865 11238 3389 17410 13756 9479 12953 21558
12111 10516 14738 23852 13474 23147 14096 22852 1841 17085 21501 5129 0 16631 12788 15159 15717 15518 9198 14280 11640 11677 14345 11030 10257 0
16790 15175 9233 21811 14222 13969 17694 14513 5841 7423 13126 6153 12748 502 14801 21644 15785 5041 27113 6936 3488 7422 18540 13563 36635 15875
18003 11405 21534 22707 12313 8793 14455 19480 12253 13842 27748 28204 7248 12179 9484 18991 16202 6339 14593 12997 15222 22331 13853 6909 16602 5301
18590 8734 20345 32105 15563 16963 13835 11978 16058 13257 20312 3762 7172 11324 15137 11593 20553 21996 16933 16095 14254 17531 12502 10859 20687 7723
16239 14656 5913 20667 11300 12192 13520 18244 10326 11005 18615 23662 11147 10751 8156 13759 14059 10801 19714 13139 7008 16756 18611 11656 19079 12533
16417 9763 25658 24139 11575 11116 14506 13950 17277 9041 21728 15293 16703 12399 12188 15932 12290 8095 15894 7249 14687 5725 20248 15351 7508 1444
12289 12868 20363 17986 16737 10810 18725 18159 16340 6568 12115 10227 24051 9037 12702 20987 9981 10049 26291 9982 9377 5621 13391 19478 9412 11127
15722 17422 6473 18646 10799 14539 14534 17166 8824 10977 12535 11439 24741 21853 14705 28023 15689 7187 19594 6093 6662 10735 16004 24632 30054 11915
8617 10079 18981 23014 12755 6102 20651 19023 6404 3883 17471 0 12138 867 12205 16176 11977 10304 13847 5552 15574 14612 14381 4769 9389 2811
24198 16720 19479 21372 16694 14748 17235 15990 3261 6743 25146 0 9771 12354 12869 18576 11664 22126 10326 14723 8680 10101 17800 16113 22003 15481
14035 6127 12197 30747 14404 8457 23302 16472 23422 13408 17631 25451 2917 3804 14682 24922 15944 14028 16900 9678 3586 13093 12826 13191 28640 5757
6686 11346 19278 32894 11264 16968 20052 17855 8572 7360 18916 4410 21579 23848 10481 20119 12992 13314 16790 13416 8189 7213 8796 17079 11316 13004
11155 12219 21346 22492 15992 18243 16415 11554 4232 12395 20698 8180 16726 5748 15138 16564 15398 8759 10276 14609 5871 12665 20176 7475 26311 7341
6081 10630 5936 17247 16998 13649 12344 19835 16996 16258 18773 5497 10442 10625 12184 14567 12358 9571 14375 14986 3919 23963 15270 7335 11194 0
20751 14192 15809 18049 18433 12392 12522 15830 11656 8532 29799 0 7696 13897 7603 21227 12736 893 14891 8385 12464 16266 11186 2519 16085 12831
13420 9628 19651 14514 13818 13307 15094 16953 7704 8102 10971 10217 19479 5679 9925 16541 9867 4510 12084 13233 7796 8715 19392 18646 20402 13257
14229 12579 15484 24648 11387 7970 13823 16712 3077 14499 23785 14671 5577 9713 11976 20890 12305 8012 7019 9171 11023 11541 18618 18917 20795 10732
6509 10426 13571 18124 15500 19151 15045 20579 6297 14131 19224 8178 599 10039 6882 20664 9629 12782 1635 12130 7586 7481 21343 10728 14012 22137
11227 10695 27751 16237 15600 18248 9986 16119 11881 4209 21297 18202 6499 6543 9306 17689 13782 19856 8727 12269 10797 6372 16410 15360 16863 11398
14568 11816 24011 10062 14704 26068 18096 15400 8126 7029 19946 11297 6498 12648 12571 20233 9431 17130 12247 10573 10030 5183 10852 13935 15464 8865
18000 11892 12225 12391 13668 10768 18296 18263 12899 10495 13141 2933 3359 11521 13971 17323 18079 11416 19794 5312 7542 10516 14950 9394 23333 11495
12790 11146 15293 11389 11467 13216 14527 19212 16870 11804 21074 13216 4329 15344 11730 14912 15827 16783 22639 14517 13812 1371 16084 18057 9170 15073
11092 9275 21487 17228 11991 17068 16675 8991 3003 8615 14329 8273 5759 8562 14597 16562 13729 14612 8878 11167 14765 0 22593 10977 25076 11128
12372 18019 18356 18983 17959 11506 12776 18447 16392 15412 15751 4284 4106 18538 13149 17806 15257 19986 9443 12538 14516 14082 19356 16720 12519 11694
18649 12125 23587 21111 15940 10412 20771 17153 20069 2795 29961 29410 13933 0 14579 15516 19557 0 3142 9803 11127 9159 18779 13164 20462 3237
16679 5046 19541 14907 15742 18745 22612 21163 3015 11722 23293 17952 6801 15055 13526 18204 14787 19567 4075 11094 12110 21743 12718 13402 19227 5367
17678 8243 16632 23714 13948 11303 11682 13539 15659 11892 17612 8820 7266 11999 11356 12274 16059 10331 18606 6868 8709 15324 10240 10075 18035 19383
21967 6244 21101 18062 15139 12203 15109 23777 18271 9348 15386 15295 20538 13300 15713 19885 18004 12440 16371 9221 12531 5177 16898 11676 14024 18875
13508 8990 22738 24235 15294 13754 13808 15262 17997 12331 18092 2361 8830 10654 11160 15853 10157 16453 17050 10804 11751 14762 20433 8860 11168 276
10267 9918 16650 11217 16572 17321 14104 15119 14972 10380 27688 13698 4368 17632 13020 17176 18511 13577 17410 4344 5389 12385 21026 19556 12228 17814
6890 17924 3636 25806 18325 10949 6484 17681 23464 1300 20668 0 16298 8970 11049 19526 14258 22837 20875 8647 7344 19302 17661 10806 14258 0
25079 8544 29234 24384 16657 15555 15857 17891 4627 14728 21287 10968 14559 8485 12142 15121 16946 8356 16995 11199 2337 8547 17500 19623 25237 22282
12429 14713 17012 18363 13216 9991 17984 15149 6224 7743 21274 3176 6206 18063 9489 18619 14753 15301 17881 10145 12437 8976 23171 12057 9434 13393
8733 12089 27500 22909 18745 12067 11238 20203 12675 10270 21735 13622 15173 4699 14066 17682 15077 2671 8171 6411 11964 9642 13579 11758 10608 21973
15193 13446 21343 22769 16521 15869 15790 20193 12888 8098 24072 13292 8557 8990 11254 14489 13407 16156 20230 7811 10351 13664 8286 11971 27731 18799
12821 8783 21882 24179 17660 16710 12392 16745 15709 13403 17344 3161 10442 12011 13975 13389 15183 7695 14109 7464 4539 12638 11331 14214 9889 12302
11161 16431 6044 18707 15365 16905 15873 15345 0 11062 21105 15956 10439 15337 15993 13342 16715 12988 14576 13186 14646 13350 14523 16187 7503 19757
14662 8144 23649 13440 15877 17863 29190 15001 22539 16329 18373 2868 5514 18272 15813 15296 10558 1485 29843 9421 7633 18295 7013 10542 35396 15513
8390 12254 14768 6649 15246 2784 11792 15622 8022 11406 25190 15944 11827 13433 13553 19519 11153 18182 7421 9670 11017 9255 12495 11152 13698 21559
6117 9037 25619 22476 16200 14491 21671 13172 14825 7983 18134 1315 9145 14297 14947 17241 13399 18781 15369 7102 9782 15064 11069 13345 14855 14242
15861 8837 17714 12760 14040 17210 17137 21241 15888 12981 19578 18713 14275 10387 8637 17999 11916 13349 18378 12635 11485 5659 22864 15924 4838 0
11244 8762 17845 19697 13093 10160 18559 13075 13490 13434 22103 22688 698 11820 5845 18105 8584 9549 9669 10508 4144 12500 19583 6702 25940 15228
13119 7076 17702 11431 13809 13583 18461 16644 2636 13700 28397 21153 14169 5644 7573 16281 15218 18361 13347 13593 7932 16629 17645 11696 22757 6133
18001 7276 16527 22408 14027 25232 17103 17643 14881 14185 13710 4876 12806 8271 11949 15858 11426 18870 14450 6802 7669 12617 15591 14250 7489 16355
22414 12748 12520 16022 15428 13175 21711 23901 3730 14234 21361 3628 5081 4029 13337 17584 18141 20292 9376 8062 13526 7504 10734 25157 29420 16190
14410 8127 6868 28735 16465 9287 12830 16868 2922 4368 24804 20732 0 6513 12765 13589 10525 12458 17422 14794 13530 16195 13996 18048 10310 8008
14091 9539 13205 22841 19905 14215 15382 9890 27789 10494 17574 12491 10852 7106 13843 16484 15024 10486 14423 7030 11992 19793 14329 11524 22542 1663
7474 10183 5662 16064 14886 18966 19352 15763 19147 9595 19156 5636 9674 10303 11171 13950 11368 5363 11633 9924 14182 16512 12586 7120 19607 12597
1934 15294 14743 21333 11221 9569 15603 17734 10593 12251 22930 13031 14245 595 10153 19113 15955 16572 12412 12661 11338 6991 21635 5844 10718 0
21978 16817 16448 23733 11552 11964 15009 19433 17099 4081 18182 13900 6657 6187 10769 12353 12343 8806 14532 8661 6240 18863 13722 18362 10783 24421
6695 14997 23474 32997 14881 16678 11978 20269 14100 8530 17566 3062 9663 12296 8923 16015 13710 8221 13061 10160 10334 6268 18861 16504 15992 11801
13803 15150 18586 12214 13981 16346 16554 11815 7034 10865 20911 0 10775 24546 13182 20046 16956 14110 13442 13303 7499 17242 25051 11447 12867 13128
9416 13587 12747 13328 16542 10054 19156 15095 14000 10336 19811 24273 0 13516 13748 13252 17015 0 19616 6217 13069 10738 14800 14558 16755 19644
16555 9616 21776 19623 18258 16413 26965 19908 15852 10092 10744 7241 23643 11211 9529 14882 17180 10275 11821 7460 13989 14138 16538 9309 14888 20745
20402 7321 16680 18914 11934 12592 13706 14620 2988 13849 22401 9947 11827 14404 11213 22080 12782 7889 9372 8750 12608 10313 17411 16301 28024 3730
17671 11659 24824 26191 15283 11950 21810 15186 4711 10750 18652 11795 9617 15462 10865 17945 14584 6655 16432 6636 4162 10785 8410 10408 6665 0
25251 11338 22664 14465 14367 11335 20197 16504 16596 3516 17291 22437 32283 14608 13086 15186 8079 8551 20128 8774 10036 5762 29543 15225 9785 33767
14300 12543 24260 14526 18884 8801 11785 17550 12732 13918 23738 13065 10496 20978 12121 21632 12688 5496 18855 11377 5757 11029 22300 10001 7728 15067
9476 12399 28528 18416 13844 19036 13409 18148 6141 9610 12303 10215 10938 19416 15864 22866 13677 6415 14738 11047 9283 19306 5304 9948 25844 5873
20711 8139 10726 22378 12924 18982 11799 11869 13740 8111 21819 0 12563 17659 15980 21136 12370 19690 19920 10621 13387 8896 17899 20973 24382 24634
10914 14235 5413 18617 15339 17990 16430 16010 14983 5578 18472 23658 9827 7412 15612 14355 10862 19847 13589 13149 14723 16134 8461 14799 11649 6568
11777 14013 16809 20140 15375 17418 13135 16924 14775 9812 22083 11425 5652 4367 15320 12993 13295 17543 7382 9404 15015 12289 10625 16194 16697 25904
5108 14391 21056 12786 13452 15730 18401 16520 20566 10554 20869 2563 3768 4939 13858 18273 18783 19036 13559 8396 6709 12253 21072 22208 25234 7816
11544 8145 20981 17570 13570 10954 21489 21761 11848 11837 20990 9585 6999 6969 10935 15561 16887 12979 18048 13061 10684 16052 20276 12954 17314 7860
10531 13868 13753 25954 14238 14100 16213 10139 9624 9771 19936 23733 0 9771 13346 13462 12562 13196 11604 17990 998 10080 16741 17232 20092 18500
12115 8565 12403 17218 13490 12004 18814 24745 14241 6385 15475 17164 14452 13451 14521 18889 15075 13936 17004 11163 11282 0 6378 8385 18470 8993
7667 15130 26609 29296 14957 16067 21725 21393 7326 12301 25600 4679 11900 18848 11547 12767 18092 15052 4746 10009 14207 6364 7937 15517 15760 0
10483 12466 14327 23263 15801 25351 17548 19783 14480 11741 21774 13597 7681 11953 15693 22480 12703 15226 8227 11812 6922 0 17383 5803 8757 5096
18640 8686 11389 24617 14781 17328 14197 25278 14678 5031 22105 0 6283 8433 14675 18641 11145 6427 14235 9416 11228 6131 12372 14607 10610 8033
16337 13051 17704 25967 17275 9496 16135 18290 4376 17350 22545 18349 17514 15666 13947 14437 16133 19296 19351 12408 10470 13862 24715 19777 12642 18267
20199 9372 12527 18968 15362 10894 13841 19417 11209 6632 20864 17729 1050 9198 12421 12668 11578 13150 20069 12139 9625 18100 21525 8683 12404 19762
6378 10905 8231 21066 13921 11625 15409 19935 11618 5455 28445 5409 10547 13449 15741 22107 18378 17207 15212 8122 7471 9552 14493 8243 11214 11190
20457 6260 14972 20273 15910 12086 6041 17191 20243 8184 13748 2316 4940 10362 15237 14778 17156 15097 9282 12501 8315 13856 20103 11743 16418 2971
8400 8044 15056 18899 16584 15096 16469 19511 12694 10529 25826 7572 10542 11005 9204 18407 13033 10866 17895 10807 14915 21325 5851 18919 18131 19809
17832 7561 16089 15659 15311 13345 10331 14639 24773 8462 20939 4752 16732 16311 14297 28288 18055 3279 13899 14611 12401 19497 18339 13377 18411 24087
20380 6652 18792 21397 15395 10568 16149 24423 8368 13794 21366 19449 11177 2495 12305 15491 16488 10443 13423 14754 11805 13614 8492 15228 24508 20700
15490 7000 19200 22693 18899 21892 14103 20926 9325 14908 18391 3402 8358 9432 13058 15055 18677 19352 18184 12271 16034 13618 14116 15854 24550 4693
5034 12239 25503 20944 14768 13412 14443 16707 10096 7053 26165 8322 11127 6258 12983 19106 17451 13514 8149 9987 11251 631 16160 11334 14864 8495
11266 10745 17715 16204 15003 12198 11598 21162 6732 5130 22265 0 863 6840 13252 17101 7839 6842 14320 10024 13968 3454 14303 15275 27790 16268
14442 10643 21059 11564 13503 12802 14740 18449 6890 6808 20176 9226 14542 4871 14485 10715 12959 13031 10626 6516 11253 10530 17436 14941 1702 12821
14870 9334 37276 29304 13722 17408 17506 23054 17664 8812 16298 10183 3287 16373 13099 23768 17831 12794 20187 12079 18134 6547 15085 21650 22604 8381
11782 16413 10891 19883 14901 12121 10476 18011 1810 13161 17671 14999 11750 7203 15497 18360 12957 8447 12208 10201 7271 9690 16003 19755 6998 3660
20551 12266 23181 16401 15696 13083 16904 25624 10059 10986 13921 1360 12682 10014 11615 15667 15330 7626 11271 11817 21563 6901 13432 8021 9304 25972
12658 9666 10735 21240 17333 10058 20881 21157 16618 10619 18932 20501 18839 10527 11445 21797 17083 12569 12956 16266 503 5780 8270 13920 22209 9057
7976 10425 19120 19387 15365 15333 15409 20273 4932 2946 19459 19005 13824 16677 10996 16053 19022 1806 14234 11913 9783 19553 20621 18662 19176 1693
25554 11711 14814 20730 14917 18889 16576 15211 13356 13660 18047 15550 6980 18381 13928 25531 18299 15617 22313 7656 10120 21287 15034 23959 14635 6347
12826 11377 14745 12118 16204 21886 16779 20632 12172 14126 18866 16907 16395 14028 13917 17002 16382 11972 9206 14325 17260 10504 11783 11164 16468 21018
17822 11354 9827 13050 12328 18789 19572 14583 5445 12013 22924 15773 11574 10056 9902 14945 13898 10249 23853 12835 6922 15042 14361 14711 13315 1068
15844 10255 11508 21824 17583 12824 15379 21728 9976 11518 19605 17680 19224 1136 10390 15099 17990 9395 8749 12299 11844 14006 23144 17283 4400 7455
13325 8783 19886 16624 16033 19290 13145 15323 7088 3389 18948 4974 12973 11929 15649 18417 12971 14041 18638 8554 16895 10922 18861 9957 13287 9283
12935 7052 29990 5116 13753 16471 19903 20567 9140 12098 24129 9297 6854 12187 10907 15978 13017 14582 11564 9377 16284 21877 16592 11984 18222 19564
17370 15800 17740 31795 17099 20990 15845 18566 11053 7942 22086 11409 30067 8395 12211 15298 15286 5855 14264 7837 9621 10196 20867 23725 10189 17137
14647 13163 13956 28984 15436 12597 11990 18776 21221 7671 20889 0 12097 9325 10509 14645 9846 21865 17180 12182 13096 19577 11227 11748 19367 9630
13683 10669 22572 24321 14343 13733 13746 16480 1167 4221 22809 17926 17694 5401 13055 17201 19149 11559 12176 10704 15221 12258 5361 17226 12602 0
4876 7206 13139 21626 15130 11048 20447 15920 8010 9876 23849 9573 14751 19968 12299 16782 11849 14136 19374 11539 20011 13481 10189 18008 11071 6928
23198 5336 3848 16284 16313 14314 14482 19679 0 14898 17819 1209 3282 19566 14610 14635 16051 19858 16275 9429 7577 5674 19622 21157 7676 8134
20177 11122 16104 23906 13086 6986 20183 21296 8537 11081 20739 15072 10052 8125 13915 18249 17112 19523 11729 13591 9420 5234 13846 19995 14962 8950
15465 9936 12843 23398 14820 16278 16145 15888 3683 16974 23164 0 24864 10843 14818 19546 16980 13052 15957 7867 12157 10586 21490 15767 5289 32843
15416 10572 18713 18606 14326 13890 16082 17970 12312 7951 11874 15482 0 24901 11707 15083 13030 16346 14831 8236 11490 7042 17634 15532 16935 16161
9823 16226 14331 12874 14547 18903 11341 18346 10548 12472 19803 11417 18189 13078 13495 17815 14135 13865 12573 11084 8102 11384 10488 12448 28169 21102
10615 8134 23288 19454 16761 13913 16781 19200 3112 10758 26096 10975 14705 4258 13947 15265 18736 4363 11834 10821 8462 12495 22771 13734 9914 11353
13228 13262 16276 18189 11974 8602 17152 14940 5148 10920 19745 19863 862 8698 14692 17860 18678 9090 7375 8859 11161 7393 7146 12380 11660 6657
16397 11805 3173 13964 13870 15739 24173 17398 19093 7231 19748 13606 8635 13079 12220 17110 13492 25921 3947 5786 14402 11441 20645 5557 11915 17662
8168 16956 10631 17571 15959 23070 18873 21470 8825 10136 19792 11574 20640 8685 12398 21503 12272 14550 8588 10793 13031 15189 14199 13504 30247 12653
13636 10851 19525 29860 15235 17803 25616 13716 3773 9335 15389 11086 10597 16584 12429 18283 14081 16504 17827 9533 13564 14516 21207 10314 13910 15874
20357 13886 32681 24793 17525 12963 17367 17289 18783 6546 21689 11603 23834 6222 11117 11987 9807 12640 18282 8715 11630 11384 9195 5618 18336 14285
6277 9078 18406 22170 12990 17541 19412 15713 4958 9437 24166 12356 6234 13018 12513 18398 14265 16159 14859 8393 5698 13794 16341 23280 2940 7149
11711 12481 15585 18834 17064 14019 10362 15220 16132 9220 14158 10236 21209 2540 10175 15262 15048 11743 20585 11542 19991 12202 24239 10006 15998 4000
5709 13946 17048 13714 16697 20410 15325 18238 2830 4519 19044 0 5603 10111 11888 18509 16306 17632 8162 11566 15478 9939 19094 15512 9016 18177
10453 8883 6191 17752 15438 16104 15706 24579 12314 8243 17267 14939 0 11512 9048 13323 15089 13219 12895 12008 7591 13394 17371 11233 17836 5151
11823 7792 18855 17191 13151 15264 16939 16850 18773 6813 17979 3905 11119 9016 15068 15613 10764 5858 3475 12637 12549 9369 4810 16695 15180 5475
16210 12827 18459 16592 16783 14942 19778 15628 5726 5639 19005 6184 11399 6468 13015 15770 13085 16931 18107 11137 7987 10100 11406 5108 19480 11092
18310 12620 22691 15508 16169 11706 13593 12557 10911 6090 24328 0 11071 635 11341 17433 13402 17303 10730 9969 7962 9095 23070 22629 22264 20295
28931 14155 18461 25961 14886 23307 17470 18478 14729 13976 20594 21 5165 11650 14811 20684 14253 20338 23833 7037 12575 9961 15183 15774 21483 21640
7801 7412 22540 22274 11684 14538 21583 22294 9790 15404 25281 10101 15788 8722 16121 14454 16125 10029 13062 8431 3399 8870 20388 26505 11755 16012
7808 5927 16739 27145 16229 19278 17466 16403 12052 11103 17582 1967 20120 4048 15329 11393 17653 8486 21226 8212 11619 8669 12939 17913 11683 11853
14076 3098 22346 20014 15784 11409 14624 16342 13216 16048 22757 19313 11698 14413 8851 13098 13583 6844 13787 7656 1812 11521 18455 13528 17309 13106
14331 13200 5154 24419 16898 10410 15445 19676 0 12912 20579 4265 5949 13365 8987 22871 15748 6614 15545 8678 10846 0 11078 8525 19262 14413
15646 8974 24501 13171 11316 13282 15586 16651 8745 3268 20014 11396 6644 2653 14720 18725 13863 15405 20372 10127 14845 11666 17668 14109 11223 17296
9284 11724 18308 16680 14665 10819 16218 20114 10448 10337 16878 8993 18045 13563 7085 22785 15343 20858 10923 13029 5560 18945 15843 17985 13351 5789
16910 10449 16646 25201 13957 15277 12955 17173 15097 10940 22871 5637 13872 9742 13445 15094 13928 5933 16752 8413 9474 6109 13221 23646 2460 10805
14475 11444 18027 16634 16154 8874 9677 15567 7132 7861 21040 14627 0 10559 13525 13079 14729 9064 14509 15286 18401 14797 8442 22299 10453 16138
11108 8258 26237 23855 15555 22673 20436 16658 16925 10709 22913 12338 11296 10675 18352 16539 15894 16133 21643 9394 6136 6199 11673 9939 19472 37365
16756 11638 22223 20215 15567 15059 15595 17592 3909 9837 25791 18481 3275 8034 15125 22013 13173 6692 18932 14226 14222 14720 20363 12335 28868 4413
9312 17002 22145 18242 12094 17767 11776 16664 11751 12133 18488 4811 1550 4423 13334 23051 14551 3502 11063 13110 15440 14053 16083 9585 22646 29420
11270 12624 18898 17454 12861 18797 18702 23287 6763 6916 23240 27867 0 4886 13960 18633 8355 20334 20210 8683 9166 13 19146 13329 13929 8475
13913 11204 23324 23793 14233 8081 14632 21168 10599 12142 14056 3992 8831 11232 14029 19666 15994 5652 25930 14446 11441 19655 12438 6315 23427 7915
17043 6627 18057 20355 15716 15358 12285 20254 16066 11546 21339 11670 0 2880 9976 17025 16908 15829 9494 9687 6166 19833 11472 20721 7712 10584
14009 8787 9221 20794 16340 15231 18093 22593 9962 14024 13747 7182 16431 352 17978 19389 18002 6700 21848 14062 7287 14128 11663 17407 29806 3857
12254 5893 20904 25070 15374 13593 20891 22081 21642 7420 19906 4387 5944 9732 11695 15506 17033 11370 11286 9191 2872 13975 15887 17044 11170 13963
19364 11279 20611 15295 16552 21465 15465 17399 10639 8294 20995 5704 16412 9048 15455 14983 14169 15613 15166 9398 13060 1787 16667 18397 24876 9696
11905 8098 16249 18993 14726 10892 13615 17550 9035 15520 14346 12137 1704 9743 12161 17254 13592 6482 6849 10924 11276 14143 19248 15150 23883 17962
16660 13654 33225 14309 15338 13603 16310 16747 15215 11733 15957 7009 5617 12859 14141 19619 21079 11745 9608 8023 6666 14071 17148 14527 20728 9053
11724 5990 15962 23923 15966 12245 14528 17141 490 10289 26630 7692 9706 5843 11570 12889 13392 7822 21909 7381 8446 0 13389 7182 24731 16732
12306 10997 11741 5624 14313 13547 12558 17782 19667 13575 27804 9568 12213 4500 10559 19117 22446 10621 20790 10699 8775 4273 10097 13317 15414 12019
12285 9912 26940 27246 13829 16620 15892 19879 15314 15327 20786 12193 7765 10681 13128 17848 11147 8661 7971 14581 660 16890 10757 20899 11794 27416
15765 11788 14116 32882 12768 12715 21580 17962 24161 12842 23717 12603 9340 9025 14650 16970 12014 21381 12597 11079 10416 13714 18589 23312 23107 17862
15739 14460 15112 17317 14814 16762 14575 13946 13069 8280 19458 3560 3676 9896 15291 21122 17342 13866 19120 11379 6445 11991 11053 10439 19379 16450
16426 15020 21395 10576 12980 17374 11711 14212 1465 10678 20012 22590 1628 3474 14220 16094 13221 14261 18974 11477 14286 13764 15891 7209 19090 7104
19101 4603 14807 13235 14871 10281 19379 13200 7348 5594 15557 9831 16989 13183 11285 17983 13785 4802 23731 11620 21106 5327 9836 6649 26655 16289
11867 12912 12876 21872 15050 21074 18391 15383 2659 8848 24812 12744 23623 17392 13893 16112 13170 15538 11649 8264 11485 10079 13545 7199 27154 5439
18818 15566 19639 13117 15086 19691 18181 15344 11161 19021 26231 5402 6393 1837 13467 17667 17669 13652 23470 14350 10214 16802 8356 10765 2506 9725
15725 14691 14935 15408 14077 12113 12389 15274 10466 5997 15412 16056 19998 13959 8440 11668 17410 15891 14283 8364 7712 8124 11188 20204 19505 6167
18382 11886 19147 16714 16014 16550 12449 18668 12069 8973 18398 14675 14890 2077 13075 15988 18625 0 7140 14819 12047 11460 10402 10517 23652 2109
12626 9706 20705 24217 18523 9909 16393 16900 19009 9743 15697 21436 32882 9630 10490 15238 15219 6877 19065 12433 13974 16138 19514 18291 9833 16076
16535 11684 10126 10565 17338 13993 7858 18242 7515 9221 13584 15852 17613 11438 12350 14969 18681 3984 9028 8395 2339 17700 20440 16792 11630 4765
16638 13958 20154 16098 17740 18072 16509 22435 12828 7059 17992 13592 13779 27867 7579 18229 11731 4133 9346 10826 7774 11609 11803 9503 4067 14635
16334 15734 16936 11112 13203 12154 15001 23192 13320 14388 12789 0 7735 10645 16284 17044 13295 14625 8956 10940 13978 6684 14189 15975 14026 12609
20409 10816 20166 17678 15417 13586 25650 15513 5007 9159 23213 14070 4523 5059 16193 17789 17790 16164 19071 10957 17877 8638 13500 9649 14340 18308
9720 16608 17954 21589 15986 13471 18217 13177 24785 11275 17257 7972 13332 19890 7440 21866 11951 11838 9597 8607 13943 16881 21520 19291 13729 18446
17262 10474 19208 15955 12103 19089 21441 15762 6003 12089 18485 0 2090 8232 13920 23817 15976 8060 19537 8162 7984 7212 16215 19721 24164 0
10110 11772 25461 22262 16408 13298 19678 18545 4899 9972 21635 20782 2080 6436 14249 19638 18862 7935 17258 11810 8406 11434 9784 15882 15684 26307
11870 12887 16863 12458 17143 17940 19389 23389 17320 10130 23466 6585 0 14270 14879 15064 13477 19106 7850 4307 14729 14943 23622 17500 21823 9918
15169 18163 26790 18398 15510 7751 13681 19430 11039 12050 25820 17336 6701 15462 14213 18226 13486 17046 20729 8120 12449 12863 9721 11909 4382 9239
14376 13275 18686 17237 13162 19765 16608 11470 816 6117 25268 10886 24729 4868 15449 21621 14964 4934 17360 11232 5369 21923 19379 7539 13471 15823
10914 7507 8414 16184 14738 12241 18369 18780 5624 11843 18985 15419 17219 12074 11349 14409 20048 7443 3425 14132 11714 6576 13236 26077 22531 11198
13040 8316 15031 26924 17155 10549 16062 22091 9167 10855 19930 14060 11236 18605 10776 19784 11435 11715 15655 5423 16603 5812 21111 18818 31986 278
10389 8925 6412 14645 16058 14704 16738 14253 8573 8676 18405 6824 24090 14443 14031 17022 15123 11586 10134 8957 12923 14040 9792 20360 10926 8560
15015 4882 13726 21661 15163 17361 15923 15229 5601 15698 13405 16610 11590 3893 11508 22999 20905 8417 14336 9702 12286 11201 11487 10810 23350 16411
8068 12140 20380 19858 14556 22117 17428 14593 4199 14661 13670 14641 6398 7103 14318 22058 13667 18785 18737 8388 8413 19546 15176 3714 23268 9903
19415 12781 13914 22942 17201 15250 15932 18083 5268 9417 23802 15661 10245 17730 16050 17460 12544 23023 6532 10647 14121 11461 13307 19907 23377 4229
16110 9146 19370 25886 14636 16831 13322 13840 2758 17168 27727 7444 17581 7234 10260 16890 13805 19806 10160 13401 10532 14209 17546 5980 13725 11277
10302 10273 19130 20093 17772 17080 11357 23501 11215 17713 17989 10734 22826 19965 14478 12716 11920 12300 11844 12551 8202 0 8920 18456 18157 13619
18639 8764 18971 27179 16377 23605 22504 16249 15273 9374 21753 1910 11499 13594 13634 18748 17299 365 13396 10294 7756 10203 24305 16689 12029 13117
9711 10670 19378 29566 17258 14261 18005 18657 14375 11026 21182 17514 16596 8902 12226 19248 17108 9928 14238 11660 6664 2160 18613 0 10267 5659
5402 13307 20173 29164 18128 15281 15194 17059 3113 8992 21258 2820 12373 15393 12948 21784 15717 9440 157 16462 11658 21909 20810 7852 26771 11019
18119 10189 14452 22384 12316 9186 22174 14462 2743 9934 23114 9379 5932 9980 12380 14083 15952 7545 10284 11646 9503 10411 20808 20873 9767 19649
18899 5043 18510 18026 16355 8537 18766 17001 7918 12038 15112 8747 19776 10847 17796 20279 15498 14489 18085 13708 9182 11622 14295 4746 16927 11775
9510 6301 16300 30758 15526 17955 12603 16755 8223 9396 17524 4587 12507 5290 16064 21716 14609 13752 14565 5016 9603 14727 19673 16386 27826 22854
20819 13623 25035 21769 12495 11121 18849 14975 2655 7450 23075 159 5811 17402 12128 15846 10887 15068 18501 9640 10514 9746 9340 15741 8026 16921
10479 14686 27320 20849 16508 17726 22009 19340 0 5480 25496 2626 20226 12952 14197 17812 13886 2993 15915 5307 3360 17202 8980 16906 16328 9715
13215 18267 20986 17478 12773 13443 13596 20829 10947 9922 24899 0 11221 1886 15738 15108 13835 1967 22407 14046 3746 7673 9308 13294 7559 26086
14897 12824 14017 17203 17366 12688 17833 13390 5722 14677 19889 5767 14307 12460 10466 20012 16980 19711 17341 9380 10605 11055 19012 10411 17671 10802
2226 9227 13720 31401 16446 9788 17520 17261 9384 10989 27457 15806 7854 12324 11271 23893 11606 22755 8901 10383 17555 10108 13043 24599 16568 17923
21510 12155 26558 13031 16130 18128 19535 13770 10875 10233 22786 15454 16303 12860 12014 21172 16585 434 13464 8404 14943 7408 10802 15881 16891 11402
16841 5491 14318 15409 17436 12233 10335 19937 8270 11289 19869 9144 24159 6149 13937 21592 14075 19982 14469 10607 12369 14067 5899 18577 13768 18833
19605 9657 13498 21595 18466 19667 10464 17975 12864 14296 17794 555 25165 9684 9834 19253 12325 11597 16812 11920 13396 16028 20392 10245 9200 19681
8560 11017 20668 26336 15681 7913 18652 17364 15322 10503 16310 10327 15717 12043 12324 20427 18249 16114 27733 15112 19004 4338 12692 8011 22201 13859
16837 15395 16286 24181 15958 21120 20515 15963 10762 13589 17088 18149 7385 4768 12631 20380 14739 3893 21523 861 18863 12420 6711 7668 13812 11374
13442 12040 21739 19068 19145 12949 11935 20724 13993 14070 18373 16314 31035 14278 9799 15936 11853 10808 9562 13944 5639 16570 17676 25176 29770 9019
16550 8229 8316 21574 15403 11206 15904 20355 7102 4342 23803 17086 9861 17064 15043 11429 17307 13817 16606 15337 4327 1340 10666 13126 17089 18133
8172 12553 18394 19098 13958 14167 17096 14414 8624 14038 19329 3909 4828 9307 13632 13905 14646 11832 5083 8413 2643 11955 10379 12289 8483 0
17310 9646 23870 20966 13813 15632 17180 16198 13589 9473 23752 19946 14183 16308 9789 21621 17266 5905 5960 7283 10174 11459 11453 7243 4106 9432
8638 14393 19486 22478 11521 19072 15760 21286 3830 5315 11790 17788 13930 16260 12111 15805 17142 9380 20181 9845 15316 18166 17824 26005 11295 9476
13383 3494 10244 25292 13043 13925 12454 15861 20269 8738 16072 8656 18599 15575 13440 16206 15112 11238 6725 12485 9340 16885 13974 31618 17979 18170
6139 13667 22633 15180 12709 10990 19438 14627 13892 9760 19874 4523 14156 8901 17475 18182 12459 7214 12892 6105 6062 12533 17936 22923 13000 17976
13868 10458 23070 9715 18475 12785 15777 16055 17851 14694 24042 13184 4715 8171 16585 21555 15275 14922 1046 8373 591 15284 15031 32965 20733 8721
4956 11873 23253 28387 15706 20600 18458 18551 10439 5669 22117 3625 1326 14918 13023 13575 13846 13716 16426 7351 11726 25651 17907 15667 21916 9700
16334 13218 15681 27747 14997 17294 20258 16895 12416 10005 27169 6289 5428 7115 15681 15035 15961 8905 17169 10878 2732 9470 14500 12032 17658 14056
17938 6417 31832 18839 16075 18211 21365 18918 14613 6683 16933 11074 18484 12144 13578 15506 13999 12795 16922 8646 2360 14535 19046 14203 21716 19302
11561 6052 19360 16901 11463 13766 17473 17086 15683 3205 27269 6611 2656 2124 12967 13908 13624 9695 11551 11470 11314 16460 13856 16919 13080 12549
8693 14591 19309 18694 14034 15445 13036 8376 6726 16170 16173 15888 2853 7547 11315 14219 16784 8529 15743 9985 9918 3750 8911 21736 9916 0
12723 14298 20014 21366 17893 13631 17661 20974 2002 14642 20847 12285 6693 22378 15240 18170 19982 11531 5554 12139 6303 10278 15484 18904 23945 10900
25321 9682 17344 23668 13887 19612 15727 20269 11295 12095 17804 18594 16172 5150 11105 23736 11496 12852 24823 8175 12111 4787 19440 10883 14949 16266
20737 8611 8942 11635 15283 17421 16592 17350 8500 7822 27950 1630 6392 10315 11947 25023 14467 12356 11243 11403 8935 12764 19622 12468 7561 13704
8150 12445 16269 20236 16903 16710 11850 17303 18990 10946 20119 9907 9435 0 13026 8669 17071 7560 9846 8287 6472 17311 16135 11773 10256 11405
13928 15501 26841 19217 14893 18992 19912 16686 0 13034 20263 10211 10451 8951 12481 16260 13183 5459 16227 8931 12586 12960 11620 18057 11472 10523
9316 12922 23456 8234 10670 21125 14278 17339 8486 5816 17811 10464 11948 5534 8761 23850 17368 11797 15279 6973 11089 6715 11556 19566 6467 5196
15374 17119 13983 23540 16373 20641 12847 21407 13287 7297 14872 10144 23398 12086 10754 21009 14994 5162 5514 13411 8932 19428 16299 30284 13994 18711
12946 2950 16239 19017 14249 18030 15388 20430 11507 7191 16155 6978 4562 14728 12868 19689 16060 21829 27056 11332 9727 11191 25861 13967 22063 5185
19188 10562 20687 21482 20279 21532 8294 15706 17643 4108 15199 13977 18688 18697 10424 22085 9000 11580 12993 13476 8721 7149 20940 26937 22635 6167
15716 10522 23433 18891 12534 13306 11857 18584 4867 4483 19146 10454 13326 8446 15881 18984 9603 12506 18213 4416 10562 14343 19584 8236 18630 14846
14282 12627 19291 26534 15632 9189 16852 12501 6026 14158 13125 9582 20371 11373 16899 11996 13691 10167 9875 7000 18859 6348 10863 24893 12669 4815
7893 6394 5500 18710 15915 7755 16097 13583 5688 4228 24115 8504 13504 20143 7448 15919 13371 22631 21660 9757 12588 16346 12792 12155 16055 17118
13507 7473 9716 21009 15763 12987 18401 21777 11409 10401 20853 2597 54 10479 13693 17389 16581 14804 14190 12809 10504 16954 22424 10885 12255 16985
18994 13067 24330 14697 16250 10593 18446 20243 18548 11859 14541 6451 10811 6411 11129 15637 17158 3116 8487 13035 5631 7384 10830 19439 20824 15173
17132 8785 11169 17952 15233 10548 11864 20206 13367 6367 20173 15877 0 12757 11629 18698 9762 9481 11207 7468 16138 13942 14172 15964 14415 10214
14542 3298 20652 20284 13428 16056 16979 14411 414 13261 28884 18283 13336 16203 13564 19921 11760 7352 15386 10127 10020 2039 11980 21688 22441 14370
12737 10626 7597 24101 17202 18470 16671 13144 13504 14327 21289 14930 4871 4274 11167 17853 8780 12681 9341 8523 3186 12416 11468 18157 29247 19534
9891 9643 26167 33447 11402 23302 19302 16116 7722 3426 18242 4520 3166 10293 18774 13226 14512 9718 14282 10796 12782 9821 14228 22544 5862 23201
20751 11667 19884 25098 14687 8768 14535 20661 10679 16736 15785 8054 12807 18848 10988 9531 12212 15049 14247 1589 9097 15301 13579 21555 11667 2791
14861 9900 9035 20725 13188 16030 12502 22559 8164 11948 19567 14715 6922 12685 17193 24644 18483 11205 13547 11352 6496 15146 22133 7853 18523 21215
6557 13396 25534 6387 17594 11409 13085 18596 28795 6760 21905 11100 1354 6050 16612 15789 12336 12416 4933 12682 16850 3015 15366 10123 16440 10087
10369 4495 12612 16668 10507 6290 13790 20387 6698 5396 18526 9278 13229 2475 11146 19934 17038 12374 18277 11525 19912 12845 18682 24267 21195 6236
13120 7874 15828 19971 16686 17261 15781 18621 14028 10425 14615 1254 12326 13086 10276 19124 14680 9419 15345 12429 11874 10276 10782 21488 7163 19826
18092 11999 8715 27945 14076 10950 17715 13221 10662 10613 15949 16856 6232 19865 17959 17009 17779 5117 15697 16426 17129 10372 8977 20261 24984 15305
15211 13845 9671 13398 12663 12178 13640 20026 0 8128 17338 6584 18845 1811 10498 19031 13628 5478 18988 10187 17165 13807 19331 17415 23150 19518
14813 11933 13381 26200 17205 21878 14230 11697 15069 11761 19265 0 2828 19748 12936 20017 13249 9879 20354 5519 10023 10256 18675 13715 9258 11914
17013 9184 15417 18249 13068 14939 11978 20582 24967 4416 31718 11027 12093 8225 15385 17129 12875 8227 17256 14650 11287 21748 6049 22074 15196 9896
25115 2997 17485 17937 16691 18296 11979 18090 19919 8248 13637 6545 10874 7750 14625 15789 17514 13801 13343 6539 12675 12536 18431 13796 15542 24750
7202 13055 18113 18003 16205 10143 18202 15912 17255 5596 20803 31010 10654 12696 13486 13520 13010 13851 14235 9757 17534 7436 17787 7359 13342 20954
23186 13977 12509 19098 15047 19632 11845 19742 12589 9935 19491 11586 2888 11958 14290 15962 15131 0 15198 10910 10451 16588 14522 17923 6301 7682
29390 9711 9859 16409 13619 15466 17691 25222 9937 13235 17429 186 21374 9112 11381 13624 14699 18082 12647 14343 9159 13816 23599 11239 31165 9924
6949 9730 10969 24753 14482 14976 15240 13433 18736 8553 17159 4320 7438 13841 11748 17872 15238 7280 17537 11170 11678 21775 13193 12153 13016 10185
19851 10327 15500 26799 11371 18360 13725 23182 14877 12256 18747 0 1443 13068 10091 16341 13123 13945 13487 7227 9824 7842 10085 12742 26047 26024
18188 3724 34047 23342 13482 8732 16084 18854 14626 14306 16628 9139 17177 7209 9185 11518 17564 11989 20182 12812 15832 11749 6294 19467 9544 16937
9631 11402 23682 24817 13470 15100 14752 15136 10587 4729 20446 7158 14445 15015 8348 17861 14833 24176 4404 7032 10426 8570 15467 10658 5395 24966
18130 10669 11009 28251 13275 5622 19362 14385 2688 10148 19199 11966 3116 10658 9856 15731 19159 6178 17113 11827 12414 7855 20599 9143 8714 15777
10379 13397 22381 17700 13577 16744 15808 13031 10144 5944 19531 17011 3083 4016 16263 21342 16641 8490 12893 8056 9837 7047 13409 19379 12104 16776
8573 13290 16641 14726 15849 9475 17236 18923 7644 5483 20602 6852 13545 11297 20466 17504 15058 17886 17891 9140 4199 6995 11436 9003 19567 5555
18013 8741 18563 22481 13973 999 13232 18949 21009 9198 18957 9353 2400 16697 13424 18539 11114 11342 17600 12541 11120 12406 23773 4061 22687 7884
2009 9686 25678 26548 13010 16003 21636 21860 3823 9406 20997 18452 1179 13703 9785 23537 8601 23999 17205 7685 9261 1399 6933 17158 12319 3801
15038 16579 21240 23963 17319 12715 12044 16567 13735 7773 31445 17532 5703 11978 10534 12371 13944 7857 5551 14321 10999 9406 14067 8137 13887 14210
17580 12963 14765 24182 14089 13744 18937 19249 8648 7640 24317 19443 3649 14730 13396 19425 14871 6134 7706 10923 14986 10068 10849 16129 8524 23953
12667 9396 21826 15060 15772 17441 17475 12252 5284 14618 15604 4249 6183 24223 17152 21271 11129 13484 12299 11280 16467 6388 20588 4508 20787 7893
10347 13325 18127 17250 12617 13876 14373 20809 6400 7633 20281 6280 4339 10019 13900 13605 15431 15290 13155 10845 14022 15811 8146 10955 19881 14141
10315 8071 13690 14519 15118 20948 14827 21684 6469 7731 29221 11512 21088 13141 13654 15670 13758 25613 22546 7020 9849 17011 18521 11268 15944 0
12244 15020 10484 22301 15905 14331 16931 22296 8915 8771 22371 11716 6209 18060 10511 20647 10939 18372 19609 7142 14977 14162 17864 14042 12579 10423
12441 13954 11300 24139 13344 10484 17098 17848 15071 5238 14393 11049 9430 7119 17856 18659 21924 9349 6591 5813 13220 7346 12511 18968 10391 3305
8545 13205 27451 20858 14200 17444 17756 18945 16552 6699 19144 10080 2478 13414 16489 19132 12622 14938 18379 11822 13056 9749 14773 9771 19405 0
18957 10334 15878 18853 18599 11718 19657 17718 10284 9580 15960 11172 14413 3219 9466 22947 16765 16114 6766 8653 16163 5155 17611 11390 2765 12568
13107 10428 18278 17401 14320 19060 14053 10134 8761 10250 23070 16672 0 5211 11567 16411 15217 14076 17089 12141 14846 0 12534 21973 20196 1619
13551 7121 22524 19855 15060 13006 8877 28976 15822 6951 16945 18589 17242 7814 10095 18324 13094 1493 15633 12415 15427 10504 15030 25730 20517 17972
5393 8671 9717 22248 14188 12361 23185 19419 10648 10447 18970 14532 13624 12058 10846 14618 13985 13783 16346 10246 13426 13129 20186 23727 7959 0
9577 14007 15572 26513 13354 18926 11288 17801 1474 8411 15638 0 14220 17897 14346 18422 13359 26405 18659 8845 12684 12523 18992 8065 7094 16216
16435 7176 20063 21273 15391 10481 18475 24484 20131 12670 16239 20673 5816 9321 12329 17557 13299 3856 6403 10960 4360 14144 15913 25478 13778 13074
13613 7836 19371 31508 12576 16366 13306 15451 14873 11382 24397 3953 2847 4525 9050 19967 13581 8542 21193 8299 16244 16110 9049 14668 14764 17414
7648 12728 19026 25068 14603 13024 16460 14688 8816 12737 18799 9032 8546 9973 11529 17964 15734 11382 9404 10414 11755 13164 7513 15822 25879 10994
18083 12874 21351 13438 17705 9816 17472 12620 15356 10229 25943 0 8566 7942 10684 20001 8132 13653 10227 12651 8236 14972 16092 23846 9530 16611
16294 10869 9619 20197 16230 23783 15435 17921 11750 15293 26556 7611 5699 2815 13084 17912 14541 16640 7523 13178 12413 8776 21483 13467 24665 13791
13923 9522 24094 24058 12955 8103 17840 17141 10345 13727 11503 13611 4536 13823 10768 17720 17762 2402 16342 8016 10623 6986 14906 22479 20077 5705
6689 7255 8999 9837 15174 9618 23761 14581 18268 13142 22526 13965 17939 15951 13537 22077 18478 9923 19852 12652 12152 10160 24173 16147 15518 17824
12754 16850 30132 10357 18582 11892 14962 19682 9741 16657 27694 3832 21773 18568 10595 14622 18303 16522 16009 12312 11382 16465 16804 12724 12696 0
1741 12287 11664 17051 14487 12782 18006 14403 4809 12470 15963 9183 14947 10833 14419 20588 10886 6819 15675 8302 10957 17922 24994 16350 21469 4882
17061 17304 19748 13282 12464 16894 19487 17487 20566 12676 21528 17386 12067 6082 15169 12611 15844 7427 13562 8613 0 9518 11674 11348 16702 3114
19395 8438 19236 18803 12074 16553 18126 22707 9987 10576 24792 8397 20950 9688 14811 17771 14397 8395 10443 9201 16971 8295 19839 12326 24965 15965
18392 14940 30479 30051 16414 18506 14239 12640 24916 11235 19716 17840 2909 10210 9967 14789 16115 19218 4796 11143 11855 10798 10526 10928 10319 20586
5198 10802 24659 23519 13613 16195 18787 14496 17742 10839 21177 9412 8253 15580 12444 18766 12244 10442 16223 8497 19662 7119 16517 24045 24414 13026
14186 11781 25282 21346 13070 19289 18394 10917 10281 8560 16406 4881 6386 12085 10470 19095 12920 13281 22382 14664 8915 16585 15668 12846 29304 12810
17827 9738 8982 16291 16831 11442 19763 14713 23453 11784 14182 13528 0 10926 12261 18178 12533 14368 21047 8906 5338 22274 8297 17840 12538 1003
15064 13160 21141 13596 12404 14828 17587 18647 15745 17289 13133 11685 8846 5772 8456 16672 13511 6689 6033 2749 19776 18241 13052 18346 27921 6706
