365
5 86 38 56 39 17 42 50 39 97 23 99 41 34 98 97 58 90 0 71 65 30 24 66 42 93
6070 18941 15700 10308 18734 12267 12983 12875 13311 5918 19747 13276 13413 26810 14175 14266 14990 20051 12314 4951 17137 26940 24001 12911 20591 11795
6608 25747 15719 11723 17038 6698 15699 12089 19334 6906 21382 16687 16841 23571 16420 20417 13522 17349 16960 12100 14873 10578 22873 18395 23723 34546
16119 10494 15142 13187 10984 9961 19510 15369 549 9169 19212 6709 14996 18253 18674 24312 15755 14924 20833 14252 17329 20029 17304 11498 19974 6873
14186 19761 14422 11695 17248 14880 13589 13700 9355 3297 19221 20153 15555 12258 12846 17196 17969 29175 15104 14388 6403 14720 24531 10635 21847 2337
11529 21763 14091 13767 13684 14951 11296 9394 13770 2057 20309 19245 18883 11358 12204 23814 16124 23445 16746 12631 19167 10548 20338 14898 23010 10186
7702 11470 14697 12182 15689 16337 10701 13798 7210 20923 20598 15194 15011 16534 18288 13573 9321 19946 18907 17910 23103 16951 15962 17495 25993 14572
11350 20480 16870 9705 12654 15494 15578 12049 17136 10472 14116 14937 6258 17443 14170 15136 14358 17138 21583 14728 25779 22345 21310 21132 17885 19293
12476 13559 14850 14305 12889 19209 19121 11535 19718 14321 17943 14706 21013 17657 19873 18132 14337 19247 16612 21132 6939 15454 17266 10348 16847 18599
2520 15574 13499 13369 19143 8416 13834 12300 10854 14770 15135 15830 14212 17775 14262 20642 11565 18185 25009 20258 20898 16074 15853 14088 18249 14314
10410 20058 11294 10896 14218 0 13874 15196 15830 9625 23388 9225 11984 24742 17957 22080 12309 21975 20610 17949 16738 20406 19701 12790 25644 26051
10053 16670 14820 15734 11878 15321 17323 13472 18747 3747 22829 13216 13647 22402 16693 17012 8855 16214 18455 18686 12473 21549 16294 12564 18485 17786
10884 25391 17133 12706 16842 7384 13539 16637 9886 7300 19351 20009 10104 1017 16772 20256 9435 10217 16365 21057 16428 20962 15718 17809 19619 17250
16395 19415 16209 11830 19488 7421 14112 13191 20524 11405 21973 5496 16876 7635 16178 20892 10101 30014 11391 17016 20348 28564 26422 13118 15652 12256
6270 8923 11307 15016 8979 13715 10934 14148 18572 5597 20891 18896 15836 7661 16751 19993 9512 20165 19032 10335 22939 18843 17926 13098 13970 29395
12011 16042 15457 15701 21342 19466 17637 12241 11701 12803 18534 15915 8950 6443 16302 13892 12851 25407 11607 24554 27397 17415 21460 16912 21164 11595
7192 11032 15058 13366 13819 11049 11804 13649 3727 9391 18533 12740 14008 21388 18309 15919 16449 17277 4876 14376 14340 17366 20807 11739 26540 17586
8812 8483 17070 12746 16554 11799 14702 12294 4744 5255 21837 22397 12103 18783 17484 14926 14256 15082 19818 26700 25523 13086 10993 21184 15286 2776
17235 15827 15450 13686 17398 3700 13761 11251 18917 3959 23537 14220 15411 14942 12195 20054 9677 18148 13834 11434 16931 20040 14580 18060 17610 9136
15368 18399 15741 11845 12902 10984 13975 13302 15204 13915 17889 12775 17234 10229 14639 24569 9898 31865 29225 19384 9255 21238 24377 7009 17531 36923
14381 13197 14493 10680 22697 17365 19701 14269 11609 12240 18579 10314 10522 14737 10182 16650 12557 23137 21006 26303 17753 24368 17665 16585 13818 16891
15389 24869 14240 10684 14361 10752 14473 10616 23035 10114 18699 12229 26680 12673 14172 19025 11456 31292 12464 27049 28345 27311 7949 6377 20177 19478
11585 17672 9768 14003 13585 1383 16057 9974 17828 10191 22935 3118 11389 17352 13011 23448 11803 14821 21531 9227 17158 22267 19665 17716 18674 12002
14246 18295 11130 14402 13108 9601 15041 16278 10913 11055 18308 3223 21584 17439 13719 17019 10181 27430 17216 15782 12272 16881 24733 13517 18183 26108
10807 23671 17759 15761 14322 5989 11899 9130 20885 10859 17875 5948 9835 5911 9904 20492 14296 22780 25291 14776 26718 13033 21690 13687 19134 18729
5816 14404 13415 9572 15742 0 16875 15151 896 15184 20395 15337 17440 23889 15180 17921 13656 15536 9610 14113 23833 23686 23691 8374 18859 18991
16798 10491 16291 12403 14615 4640 13370 15247 17396 10085 17496 10646 14529 14322 15466 23431 13192 19971 0 15155 20543 19638 18837 14303 21326 15202
7722 24542 16467 13769 15777 11332 17843 13879 19564 11953 19596 3046 14077 32547 17822 15787 11029 22402 10128 14954 12712 26627 23463 11054 21194 19495
8259 13574 15494 12388 12893 4071 18388 11642 10787 8415 16269 14096 14205 26840 16046 22841 12494 22142 10282 22941 11446 22864 22226 11373 18946 26969
9602 11428 14448 16552 16341 11426 16833 14038 14418 9824 18180 17565 16588 19062 15783 18942 18423 28147 21538 25153 9373 11401 17378 14345 18326 19981
13023 8840 13532 11274 5676 11403 15052 9159 14105 13143 19533 3294 7448 20453 13883 20865 9595 22388 27409 15416 10236 27104 20882 14267 25398 14153
9839 16758 14760 10953 15287 21984 17684 11015 11792 20211 22483 8467 21779 17552 13049 22705 16759 15765 13179 18678 6887 15318 16403 7705 23682 27487
8441 18029 17455 13604 20859 3238 16232 16855 13755 8354 15133 11261 13377 9719 13115 20795 13328 10514 24097 19427 12514 16673 19467 12653 17319 25951
8848 14601 12807 14115 12670 13512 15884 12670 11770 17407 16765 11678 9221 12199 16061 19109 14555 18790 20063 22616 23601 23112 20522 17892 19442 16549
7560 15424 16374 13644 22908 12213 13533 11926 13113 11260 26111 5727 18229 13864 14106 20634 14880 14299 12731 18526 17782 21703 13699 15531 17466 11394
13223 15585 14890 18244 20282 15579 11474 11474 12532 12025 18016 8503 11502 31802 12394 18882 14381 29608 20785 12634 25904 21880 17094 14303 19335 23437
11829 5811 14534 13939 14697 8648 16010 14110 12499 3540 18168 14556 19680 15065 12463 15061 18593 12519 14303 21333 23331 16436 10485 10976 22342 16139
4287 23835 16503 14079 12146 3866 15511 9671 18533 10167 22802 5741 17193 22932 13987 22242 15098 27299 16750 28659 12519 23670 21514 13939 18420 11700
12040 16296 16458 15070 17337 12461 16046 13410 7812 10666 15573 18155 15542 22941 16140 16053 16655 14853 17016 20314 16809 22484 17719 12925 25577 18924
13455 14570 16511 14264 24350 15956 21290 15129 12471 16276 17086 16959 18070 17958 13610 22998 11589 22865 13428 13921 19226 26428 20488 9392 22599 13241
13511 11372 12346 18181 23084 9459 14902 14984 21849 21272 24231 9297 23986 21438 15154 12746 16283 13479 15038 14115 18570 18113 18702 20986 18287 22721
12477 13823 13069 12237 13045 0 15794 12633 10072 9281 28237 0 14313 10712 6334 19343 16499 12966 17075 18366 12402 15158 16359 17241 20561 33201
9896 15108 15849 11457 21443 8064 20632 13711 16388 10500 21610 14158 17191 18136 12760 15551 15355 15261 10511 11730 17562 18439 20853 12303 16531 21597
8186 18712 12949 12876 16761 6378 13308 13257 19558 16700 21617 20887 14200 2149 12318 22189 12512 25933 11638 31692 2978 18260 21971 18428 24354 17166
14598 22814 14298 15275 11141 9548 15990 14620 19076 13344 24361 13599 8921 7113 13718 25519 12928 10031 9919 19256 18161 31611 17063 10129 21582 14642
15670 14359 13156 14302 17139 19222 14524 11374 9399 15068 19398 11628 15834 2926 16845 19658 16730 19770 17198 16682 3392 17832 19177 18424 24147 2200
9239 7367 14344 10527 11456 13722 12234 13786 6030 7117 22174 16912 12025 10480 14007 22971 15768 13207 13120 14339 22217 23743 15397 12421 18030 27701
8748 15872 15489 13211 21885 11011 8893 16210 13330 8765 21763 17453 11520 16113 10882 17555 8578 21368 23803 18339 23088 19301 13006 14448 18963 7770
13421 16532 15735 15241 13499 14351 15125 12806 19545 6467 14690 10734 9671 6297 17797 15190 13090 26958 15809 16401 26170 19390 16667 13127 18910 25069
9284 12388 14300 11473 14880 7850 10663 13318 19012 10246 23449 11598 15958 24137 11945 23416 18814 16654 11820 16322 7081 17195 16611 2262 18008 10029
8547 16513 14236 12453 15865 3529 15833 13187 11867 16551 17235 9273 10937 19761 12983 12545 8239 22414 5120 24092 19585 16551 11091 16062 15450 14388
11421 15595 11642 10553 16080 12372 17543 17118 11054 12001 22476 8123 19794 19850 6113 17457 13161 29027 31283 13697 13442 19778 17888 15195 14933 26549
14168 14365 12458 13709 11727 6183 12577 16332 15005 13297 23270 11484 16482 19286 12914 14775 18316 21558 21209 18595 19894 12302 20774 21249 20398 12760
11916 20430 14453 12203 17147 9773 15120 13889 7089 13522 24694 18209 8703 19442 14791 22194 13406 31004 21469 13897 21065 21006 20846 17156 23735 13958
7150 17943 12934 13940 20546 11088 14878 14083 2411 5601 20270 11643 16017 4889 15388 8840 15547 25003 19236 20892 16402 23482 21707 15338 15383 26634
9340 22593 15949 11928 11811 9267 14152 13464 15315 10393 20382 7130 9286 17043 17553 22406 13679 30584 20809 16024 25166 26371 19469 15294 22762 8917
7651 19616 15569 16657 9576 12975 13313 11102 6332 18327 19708 10881 16092 26012 13052 17455 13046 28533 16701 27177 19844 15568 19239 20138 19073 20528
10864 13591 13002 12697 15867 14522 19047 11026 16380 9591 13602 5899 10442 23642 14409 25131 14339 14679 28207 16435 13095 7872 16306 21752 20865 13838
15260 15306 14146 10413 20235 10913 18264 16938 11180 17340 20431 13252 12730 17126 13807 27854 14591 15467 26393 22191 17579 13830 22976 13357 18879 12262
9567 22143 13432 14278 13815 8416 15439 12184 13013 10715 22538 8169 9195 4074 15099 14831 17114 21109 22538 19270 16104 24585 16974 18037 18313 25666
10381 13558 15095 10420 13900 5872 11739 15218 6069 6227 21058 10834 5282 23254 12406 21415 15911 17635 20021 11841 15981 25189 19514 9795 17558 28128
12546 23116 15257 13371 13980 13761 11345 11551 17127 13491 18778 15950 10633 21640 10450 18198 13060 18850 15471 26710 12437 25515 11607 18151 22148 7666
4946 16753 16297 12009 13987 8164 13904 14392 12395 13951 19179 14737 12398 23459 12283 16642 9517 16441 11162 22905 11106 19160 24814 16543 25682 25281
7122 14927 13434 12954 18451 9854 18336 15277 11800 14904 29295 15928 9745 7691 14252 19889 16052 27205 19863 15458 28255 17475 22655 19833 19683 17675
10907 24851 13768 13480 12455 1320 13704 14000 11789 18894 17528 21834 12630 14333 14133 9795 15035 20937 16735 23592 16120 12673 18741 20721 14877 18389
10942 12609 12246 13313 13314 17152 11502 14475 13276 6535 15625 18885 10246 24419 12766 20216 13418 27323 18939 18555 13616 16311 14020 8876 22199 16190
13913 9948 13033 12216 11941 6748 10604 13439 4623 9365 19821 20900 12084 18921 13392 27977 17595 20072 23187 21888 21419 21228 16124 14853 18028 19656
15305 17637 16515 14221 15985 4270 16471 15772 14642 6226 19116 5400 18847 27145 10009 17179 12077 20994 20984 22881 24065 14022 25542 24375 15071 15151
8987 25044 13826 14873 19929 8419 20884 11419 19059 5317 18679 8687 17277 6742 13800 16882 16672 24611 14092 16960 14706 18027 19586 3232 18062 17602
10888 13027 14152 10165 18194 23434 17574 16791 10119 12245 24230 10012 10423 6004 10306 19588 9318 13752 29447 18370 28706 18494 15190 18962 23143 2096
9706 19675 17065 12826 16619 20433 11026 17327 10006 17404 13440 21712 11701 17199 15593 22890 13491 32651 26194 20363 14430 23000 14536 8668 12197 6830
13542 16552 14044 17647 15116 8653 18755 10522 18661 12377 16653 11954 8856 17311 8422 22016 11756 20263 0 16959 17203 18145 19606 17767 17522 9197
14332 26076 13135 14878 15943 11001 11151 13825 7655 9126 19303 23528 14117 16754 9868 18312 11859 9176 26412 19373 14461 15892 14719 20087 16753 8702
9524 12215 15482 13318 11399 8456 10909 14472 12865 6956 13847 14629 6020 17497 16422 16093 18291 32897 16392 21146 4971 9992 13683 12237 23097 10320
11658 17852 16800 12622 13981 12653 18603 13674 14406 11231 17842 9249 18676 6678 13966 24381 14517 22998 7089 15261 19861 19650 20158 13447 20474 14056
7722 14804 14372 10891 19392 860 17563 17803 11178 12677 17393 15398 15256 12585 11231 16344 10005 20705 6232 23792 14667 15608 23599 21176 19428 20622
15447 15883 14387 15551 18261 12163 21964 12357 16400 11293 22572 19878 13700 11521 12854 16825 13855 22872 22612 16483 15598 20792 18334 11630 16398 18368
6840 12674 13574 11423 15341 11915 18235 18332 15948 5645 21319 18981 15552 7082 14770 16718 12989 26539 23915 21479 24082 27692 18567 12308 19810 23961
10856 15694 16884 14499 13947 7601 17137 12803 16352 9897 15605 15393 19288 12740 14702 20340 17316 19748 21571 17424 12881 20697 24161 20286 15951 6224
9038 20066 14038 11703 14461 0 17170 14626 16336 13505 17066 16697 20952 25381 13400 12743 11707 18561 9493 23382 17359 16982 15517 19961 18383 21316
14789 11965 14166 11805 13924 12756 12082 12724 14698 12378 18063 4022 16675 10464 13335 16053 13445 17955 13507 5251 9127 16383 17397 12526 24024 11396
18281 12233 18748 12378 18933 5687 15297 12423 12376 17738 13099 14850 15309 39044 8210 18162 15487 32482 15158 22602 21080 18355 20213 16631 17987 12501
12554 19712 16489 16142 4786 7308 19305 15764 16349 13937 24334 12185 18104 22275 13854 17607 14267 17797 16386 19378 8700 15404 12546 26238 10676 20604
10661 17176 17039 11735 14352 14804 10576 15010 9581 13722 19019 7892 14364 11311 12660 17852 19514 13730 14659 16631 7215 29758 23322 14593 18361 24717
16559 23027 14737 11985 18147 15759 7742 12411 9362 18032 22960 12443 15081 30077 14971 21816 12443 12179 14038 22092 21219 20518 12020 18994 19845 11398
6295 12396 13294 13993 10662 4215 18224 16571 16763 11746 15246 13245 12481 23024 16001 16734 14314 30811 23777 21118 14618 21480 16535 12668 20816 6120
5782 16403 13920 12711 17636 1890 15779 15194 17100 9028 20731 18303 8584 23584 7259 20618 9311 14512 9237 20789 19283 17636 14088 13466 21380 10906
10605 15638 12868 10685 16079 25504 17256 12008 18008 6160 16101 9966 10631 21378 15380 18874 19003 28292 27310 15951 24250 16849 16467 18582 18724 7918
15792 22987 13872 11627 19737 1743 16266 14279 18855 11298 14678 14092 18273 24051 11904 22680 18322 28059 21745 30204 9329 12943 13701 11385 15865 4667
10014 21665 17506 8356 19992 13888 20044 12015 14291 7204 27036 9196 14875 17021 16328 21207 14408 28354 32776 12869 10033 12198 14086 8855 18296 19646
10715 18773 17837 8435 14921 16440 17952 15996 8687 3253 20879 19710 17133 14924 15530 18750 14649 23871 19527 20495 7714 15926 15673 15683 19788 29880
15729 14378 17924 11597 17453 14947 15046 14624 20108 8067 21051 10483 12390 15668 15062 14529 8330 24725 13072 21915 16544 16227 13483 13783 21783 18241
13176 20370 12925 13544 19456 8954 15577 14753 9377 10259 16533 10479 16553 18369 14151 19614 17132 21902 21160 11896 16509 9727 12725 505 18180 28879
15685 14670 15759 15742 13045 9701 17668 11710 13444 9060 20727 21765 9970 32186 12291 12930 17098 13052 19365 33676 17770 22242 19669 21130 17035 18110
11090 13136 13724 15259 13877 11253 13154 17836 12553 19128 16074 19961 11650 26803 18332 16478 11845 12590 23585 25947 20286 12336 18108 8976 19832 12220
8846 18075 14015 13704 11777 5596 15196 9592 10725 7149 20753 12919 11494 23274 11456 21995 13599 17106 14159 19542 23407 23201 17518 14342 21848 15406
15698 19431 14069 9653 13421 12735 9883 15615 16475 13700 16643 13613 10535 3613 12312 19056 12575 23048 11058 15507 11699 18348 15842 15344 22585 19567
7540 20302 14949 10776 14916 8439 16605 15111 10823 5414 17684 11215 12907 13921 12722 10587 16789 13620 20092 23722 22033 24006 26494 10931 25136 20903
10007 13194 12927 10485 18117 16981 11988 14131 18159 9456 16539 11151 15865 8139 12712 16498 13611 17031 14183 19736 9234 12069 16167 8404 17283 23518
17821 22951 14839 11347 12998 14924 13570 12848 11445 7935 19646 18382 15379 10068 15495 20458 14321 25943 28308 21257 27714 23523 22185 18204 18251 16358
15283 19952 17042 16616 14200 6951 15843 10410 11815 6645 12245 15555 16052 13805 16304 14708 9318 25711 23859 21665 17965 21601 19902 10872 20251 16662
7923 10474 14529 11337 11978 21948 13883 14860 9885 13084 23295 17600 17655 5166 14697 19426 16308 25364 34692 21089 13880 23429 15233 13669 18905 18261
13837 13686 18008 11712 16311 9985 14138 8874 9522 15800 20424 9635 18441 17994 10830 16644 12664 20339 25224 27910 19588 18696 18328 23170 15946 25299
10598 21196 15948 10284 15142 543 15848 13863 10288 16259 20795 11371 12634 11619 15594 17965 16600 19495 14675 21692 23257 20431 18092 13447 14342 10824
6190 10247 19389 12438 12397 10292 13619 9290 14275 3422 14649 14976 12756 16365 14379 20666 16886 29077 8331 19261 12089 16889 19359 18783 17039 32811
12161 7683 17183 13204 12292 3948 13597 11686 4040 11811 16743 16654 19336 9193 13480 19544 11472 12630 19020 15503 18475 19645 17122 17460 18405 29027
14312 17737 11775 13267 12125 17152 15092 12552 9023 18844 26382 15490 12358 23782 11866 23628 12384 25734 13161 17208 26580 19323 14251 14326 20600 12428
10107 15422 15624 11239 12146 12713 14519 12493 24593 20204 26346 13955 12998 17762 13105 14701 11959 20784 24314 22614 30036 21918 24929 10478 24871 16357
11498 14400 19177 12954 12813 18456 14049 16318 14828 13423 19074 12100 13135 13439 15347 22165 23068 10798 16718 24415 16239 19633 21562 13740 16061 9498
9547 24625 12022 8536 17395 10312 8360 13577 6013 15711 17521 14928 19410 23110 10801 23906 13144 29064 20998 14147 5412 18481 21290 13830 19042 21402
16444 16482 16107 9833 19840 5696 14308 10821 16865 2201 16019 11921 7985 29727 14308 16417 15203 24493 30164 24340 12373 28387 19289 12854 18846 15210
11132 23489 16516 14811 15133 12638 14153 11845 14121 6730 15112 10208 16863 27664 13805 23034 11979 8534 11578 10542 22799 14026 19207 15331 17654 18258
14218 18636 15527 13732 18627 3767 11886 14063 12219 7169 19010 1156 15380 20312 17600 23324 11052 22131 19542 18473 12796 21928 14914 16134 23141 18201
10014 13075 16001 11424 24054 14535 17273 16968 9971 11769 18855 11109 7772 19112 14821 20345 14742 16264 30719 18663 20216 20773 19980 9909 16571 8940
11312 10281 15877 13051 15931 17415 18164 11828 9019 9603 24697 19830 12396 13118 14298 21343 13886 33686 19625 21796 16885 21578 22375 17550 14900 20798
12310 22640 12954 10713 18455 25848 15129 8047 8545 15518 20174 17510 23238 25144 16498 24487 13256 20214 28785 16916 23120 14994 20903 11238 18144 16485
10124 20294 13535 12874 14475 21845 21839 7155 12410 16870 25232 12586 12284 20786 11391 16018 15235 4710 18641 18290 19128 18529 19700 13662 23914 13540
3420 22487 11865 11970 17116 9507 15242 14013 11307 12736 21596 10488 16366 14685 14162 18674 20493 24770 19611 11620 17671 15108 16161 14543 25861 10945
18252 10370 16393 13231 11981 3201 17193 11768 6151 3421 19960 16486 18237 8462 12867 15754 13804 19515 15806 19590 0 14468 18312 7901 19551 9684
15511 19024 15180 13147 13579 5298 19899 8779 16297 18150 22829 20320 18563 12049 18045 22780 15000 15390 14047 19876 19803 25128 13662 16588 21157 12386
10893 23061 14866 13288 23674 4137 13735 13865 15373 11201 26353 12064 12813 21815 13742 19052 17453 20226 12602 16750 15102 29080 12160 17360 15133 17605
11441 17994 14177 12718 11608 5120 10324 15283 8570 6985 22426 15296 17225 9190 12892 24179 16423 14732 13923 21973 17387 18971 20171 9373 14733 6572
14195 14978 16126 13552 15594 10911 15413 9619 6301 17730 17525 14636 11753 27900 15673 18536 14376 21936 19544 15744 24850 23402 16585 12450 15148 4633
12402 19653 15714 11420 11911 5400 15683 14555 8971 11492 15644 11290 15962 18217 12539 14830 14713 21635 8718 14938 29643 15168 17927 18698 21790 9644
10658 17227 15377 11176 11668 14314 13311 13897 7436 10900 24117 11335 16596 12130 9993 18926 17555 14583 17807 7568 19806 20799 17175 14717 22954 18933
7235 11631 18064 14510 19094 20497 14188 13325 9858 4718 22859 12848 7768 24589 14195 21269 10000 17066 21884 20230 16832 18247 10920 9982 22394 18814
7037 17402 15031 12182 15216 18448 14803 10225 13721 20404 22315 19669 17377 0 10240 19196 18793 8552 22983 24822 18769 27157 18434 10850 21009 500
4840 21328 15233 9478 16216 12342 13147 13908 14914 6702 17571 10488 18008 18646 11334 19694 12636 17482 12547 13550 20629 21043 18430 12571 18611 20924
9723 19443 13837 14195 17349 12784 11010 14908 8984 18930 20149 0 15379 14916 14931 19745 18375 20272 7097 27372 24392 16808 12225 21261 18225 34866
8875 14005 14661 13515 16269 8173 10392 10868 17868 11992 23896 18536 21205 19077 14781 23052 17783 22768 2153 26102 19829 20808 14604 28013 22091 10824
16352 20593 16303 14584 12924 4781 14903 15004 5208 14757 21945 17734 8218 4777 13095 17045 15158 16196 15211 18112 14884 19244 24159 25260 19121 11708
7915 12912 16381 9918 12747 7814 10767 14344 12417 11614 18590 4378 14603 23690 17003 14354 13821 22348 15252 26845 21815 16983 13076 13940 22159 19471
15279 22442 14130 10929 14764 18701 8418 10741 17516 4141 21877 8721 10285 33185 10223 18349 12788 11584 8366 18612 11888 13451 11470 16981 21382 10422
5722 18527 16790 11637 14262 8035 16976 14166 3020 17306 22013 15547 13571 9447 13826 19186 15529 28406 3189 21093 29493 11388 17043 17884 19827 19453
9462 14705 15621 12423 19667 17133 15233 16630 24352 12886 22908 7012 19026 11011 12669 18284 12179 16784 26944 15870 16955 13549 14347 13858 21604 16398
11004 16451 17159 15264 9633 9832 13884 13819 0 14962 20479 20187 11962 26955 13004 16054 8983 23617 9300 19791 24176 27779 15243 10234 11408 22658
12528 22696 14276 10337 19005 2709 16160 16200 13810 18132 22669 15033 13419 11956 12560 14571 14326 22747 7035 21593 16301 28836 20259 20650 16821 19478
9160 19709 16845 10376 15085 7416 11386 11983 14833 15926 19291 14860 11792 22981 14000 20891 21186 16821 2341 14873 11152 28084 17336 14015 23520 10383
9248 22848 15692 11229 15674 20532 15998 13940 8446 14984 21466 5439 17993 7333 11715 17252 13888 15745 16690 14660 14004 12970 21470 15631 23302 15713
11299 16760 11731 13390 13013 6554 14020 16090 24290 6983 19492 12177 14366 18142 10503 18509 14847 19559 25613 13527 15415 11801 16695 17782 22867 11745
6191 12095 15067 14069 9870 9503 13638 15882 13407 10718 19630 16117 10637 13180 15767 23522 12947 26024 20569 17318 15075 21997 19337 7326 15229 9758
10581 18070 14149 12675 18630 16996 14402 15331 12451 5660 20333 23511 10514 17432 13973 20233 13969 13152 18328 17798 20735 18586 20025 9729 18512 21182
9762 13617 12394 13582 8116 4853 14943 15939 15750 6813 24245 12850 21874 22723 17036 15626 13040 14762 11166 19516 19459 13005 18069 20549 20303 10828
11903 28416 16282 11273 14605 21132 11716 17267 1649 10038 24311 19206 15408 23686 14743 21975 17201 24488 15070 14123 10533 13468 15218 20090 21888 17703
11537 16694 16974 8889 11240 21398 18700 12637 11211 14195 16891 12227 15084 9640 11996 24917 18592 23598 16162 24955 18220 18828 11902 16382 18681 10922
15555 11981 13323 14140 18142 8951 17541 11820 12576 12283 19174 7295 12448 11876 12074 20420 16968 20874 22202 21387 24078 19167 25966 21343 19885 16477
9916 17135 14850 13592 18555 12911 14167 12615 10952 18951 19370 11382 15272 23328 17073 12687 14548 26826 3543 11031 16623 24399 20149 16211 26658 21551
12582 15872 17266 13206 14358 16301 12472 12422 9626 12132 19249 12953 14038 15852 13188 19907 14193 20786 11251 12152 23773 14208 13725 13308 20267 10810
15274 24642 13824 8725 14361 17087 15763 14615 14881 14196 14942 17330 14704 19061 18123 19505 18094 16948 14916 24896 24921 11293 18723 10927 22374 24590
10484 20977 14011 10104 19903 7320 14794 11271 12958 17853 18772 12983 14606 12679 15336 21049 12479 18510 15390 21239 18848 16909 12011 15991 18208 17674
9587 9541 13975 9764 21019 551 15839 13562 18646 7404 18830 9615 9815 17017 15387 17040 20509 25408 17257 14109 26791 13108 22533 8513 20335 24975
12692 17002 13059 13031 16658 17480 14900 12585 13986 11367 20029 13994 16239 13194 16805 19156 17256 19550 20718 12736 17215 18725 12076 14406 18417 7836
11417 17515 16245 13218 14296 7346 12271 13644 6551 14067 17518 18913 9854 10836 16710 19748 5600 25303 21037 12154 9626 19851 19113 16953 21745 19770
13762 11211 15042 13940 16997 3592 16325 15293 9720 6331 25088 9909 17334 13972 17727 17002 12201 25107 23303 14847 17728 14273 19950 9647 22861 17459
12471 18066 14137 12540 15921 3006 19033 17249 12006 74 23928 8631 11770 1874 18202 23570 10716 23890 22178 22809 8554 20069 19576 17778 21125 19390
7787 12394 15249 13765 18654 6908 7464 11171 17445 14409 27722 10082 15002 23091 11840 13769 12767 12272 32111 20227 20368 18178 23248 15338 14788 9149
8284 17846 13871 11035 16635 11660 13890 14274 8229 11006 17533 11693 14009 19987 11378 21898 15806 24659 18076 18222 16437 27700 16472 17537 19517 32313
11830 24036 11314 12299 13394 15361 17242 14252 14743 9545 19326 13071 13166 18957 11500 19147 13026 22051 15782 16597 20730 15894 17523 15108 21483 17394
7659 22781 13066 13816 18706 19122 13387 11933 10258 2988 18730 20124 13651 21036 14689 17574 14053 14772 8953 11765 14998 15575 21802 12074 22964 25826
12146 16548 13144 14170 22473 3330 14889 15209 8511 12980 20365 12710 12964 12834 14611 19061 18955 22097 22689 27772 6404 28289 17839 12254 21942 20319
8385 17021 16031 13834 16232 1699 13557 16024 11226 14352 18405 15802 12278 21128 13781 13590 17707 14754 20650 12976 20321 12399 15058 10679 19147 18639
8187 7060 14386 10190 17174 6108 12120 12731 19752 15226 16882 17420 12272 12752 12290 24226 15087 12753 18535 23581 15509 26089 15727 12024 23506 20845
8188 16376 12802 10340 14189 5197 10540 17862 15084 10173 22901 18110 22145 12064 10634 21600 17957 13282 12146 21954 18452 14128 19429 22025 19443 15887
6052 16937 11027 15696 16770 14117 13831 15221 0 12465 22556 21206 15691 23026 14619 13850 15737 17048 23821 12471 17361 18478 17674 5825 22659 30544
15939 9709 16961 14376 16677 6674 13190 16448 19615 12322 16618 21065 15251 31047 17498 16108 10357 24825 3565 11698 8529 13268 20402 15277 22444 27508
15779 18514 17978 9958 7507 21056 13558 14269 11076 9067 17174 18781 13020 16865 15444 23781 14600 25808 16052 16326 25768 15513 16735 19694 18842 17142
9031 13646 15862 10902 17226 8978 11156 13411 11442 16274 20831 14316 9030 15103 12383 13302 13003 20171 16756 25674 18028 18590 18111 12725 16559 26102
10637 20738 16406 11937 15004 4543 15385 12151 5981 14913 18511 23132 16888 24214 10408 14319 10397 20358 26818 15819 28004 22023 14488 11284 17842 7667
15805 17332 14635 15098 16637 7718 14839 11881 11056 9992 29094 13947 16731 18451 13938 15738 15114 8741 20126 18782 14011 22999 21406 9111 15511 19177
13241 17676 16722 18487 15501 9722 17132 13493 20271 12986 20890 7316 10970 18516 12321 18796 12091 18327 16594 21244 18718 12846 21082 17153 20879 10889
9614 20295 15483 7136 15101 5939 15089 13998 7042 14366 22252 4108 15086 28949 12174 21160 16322 8407 4158 20376 10599 25471 20274 17529 23385 3860
11785 18277 16323 10565 11249 17677 15460 11480 7312 8549 22623 10474 12976 18841 9477 12913 14368 14539 20965 12235 15097 11144 21503 21047 18729 6760
17662 15851 17745 13092 12275 14219 19755 15615 16729 17270 30203 6489 23343 25040 15390 18655 12246 20433 8407 15174 10004 22639 21935 18994 22425 14472
17002 10458 16414 11786 18595 11317 12539 17019 14246 8212 20769 22533 19009 14179 16828 13621 7764 27290 16253 17596 17847 21988 14612 15015 18666 13207
14613 11411 16335 14984 12180 7651 10327 15146 18187 10745 22237 16886 12639 665 14220 28906 9621 16337 19925 8511 27937 7623 16598 11738 19590 31336
9547 21923 15173 11003 12127 3574 13520 13833 15336 19790 16757 16760 12337 12586 16294 19469 16636 10234 18298 13060 7460 19214 26395 17234 12515 23774
8022 15878 15549 10749 16814 11141 14171 12908 14146 13843 20542 10585 16310 20054 16362 20844 12428 21232 18479 16241 20039 28937 18077 16036 22518 18009
13173 25841 12504 11497 21484 6818 14947 12655 8857 12500 16417 10416 18094 12671 13389 17899 10471 19303 21002 18697 24706 11849 21445 7332 19662 23436
1461 14499 13778 12696 14690 0 12140 11862 11178 10063 19153 10154 17288 4460 13150 21780 15185 27437 18241 13567 28221 21311 23986 9671 24311 11416
16594 22440 14911 12346 17804 18307 11652 16719 11723 2512 13280 12196 17878 14844 12916 18713 12785 26022 7278 21579 22391 27021 13438 7439 17176 22911
15930 20255 12635 16675 10900 334 16518 16230 10605 14461 18263 11277 15030 3887 11660 19901 12497 18271 9553 29949 27774 20172 16717 14989 21952 21493
8653 17696 14340 13354 17603 11931 14045 14607 17555 7493 23274 19839 11784 18792 14308 15058 14785 27977 12047 22807 15357 23539 18078 26528 13811 18554
15214 18349 15694 12267 16886 13507 18940 16332 17091 13294 15036 15358 19455 18714 8403 19808 13257 19958 25176 11590 25333 12128 12424 15911 17480 15904
9335 17372 15185 14119 16353 13228 11930 16963 13961 9571 28502 22573 15258 18877 13976 20324 15609 24486 17018 17648 0 15162 21480 11430 20579 18260
11692 14716 19862 14378 11897 11595 14222 11919 11751 11009 20483 12896 21657 9695 10183 23179 10132 25286 14730 7914 22970 18714 22297 11906 23257 23195
14894 15250 16208 15403 17650 12534 15999 13333 14901 5309 18967 17039 17252 23107 13202 16819 14060 25860 11683 15629 3833 23400 18037 739 20699 7115
11643 13549 12351 12980 14153 20705 17812 11528 8522 13029 22798 13549 12870 12395 15957 21420 13291 15969 4393 21964 12167 19978 16392 10110 13263 18725
14730 17599 15904 12908 21984 437 20072 11037 12786 0 15862 13961 12723 16326 13762 19536 10255 20213 18282 3950 21309 9642 16516 21013 21881 18419
7537 30226 15848 9947 17473 13401 14971 13330 2541 15768 21972 14804 21855 3519 17620 25110 19093 17096 27599 23138 24575 16428 21703 14405 20527 5542
12319 21454 15428 12822 18182 11989 18888 13092 10481 11787 20140 11944 17017 24863 16953 16015 14188 19402 12974 14157 14403 15715 12974 25521 19387 15547
16310 13574 16399 13242 9974 18792 15591 13266 18344 7875 22670 8795 12871 17109 16296 20571 11787 20467 7190 20997 29765 15006 18347 12508 22449 13884
10165 12664 17912 8706 15545 11280 18413 13184 17215 16886 17701 11977 2282 3890 10436 20424 12163 17397 26033 13081 2401 20791 19020 13656 21433 10836
11645 15356 17046 11179 9140 17600 16135 15373 19260 8294 21540 12685 12500 13432 15423 20576 15931 19416 35190 24155 21130 20530 16648 9411 17869 21467
10509 17893 16611 14065 7799 11136 13787 15663 10493 19057 25280 16033 16889 25213 21272 22190 12766 26500 11239 15747 9361 13669 15185 12200 21322 9723
9475 19050 14937 10353 14309 13254 15354 16564 12201 8527 26885 9211 10656 18244 11635 13034 13958 26562 17067 19244 24506 14610 21721 16237 22526 10657
15225 6019 12149 10823 18444 6732 15894 13364 16637 10904 20208 15508 10814 15083 16081 12397 13903 12018 17469 22167 17091 16323 19112 7334 24280 10338
11417 20005 17370 12179 10297 11830 11599 15367 13337 0 20870 13781 14247 16705 12209 22207 14480 7807 24993 13791 19607 22970 21071 15771 19226 29168
10997 14685 15434 14744 15605 4828 13983 10905 13477 7677 23640 3815 13424 22291 13950 18527 14802 16733 15562 17507 25399 20232 16141 14597 21624 21688
3691 12026 16737 11061 17612 12802 11153 13820 12634 8504 15710 17398 21034 12951 10552 18893 13268 11001 31145 25312 15464 19977 11528 12994 19962 18044
14408 17472 13312 10341 13675 1565 20402 14406 14587 2454 19372 15382 13846 13856 12236 23866 9287 17673 21105 23751 14300 14387 21154 6157 18035 11453
11601 13031 14177 11137 17552 0 18110 15556 16331 13611 21563 10445 14485 12636 18352 17678 12264 26699 19247 18077 15830 29248 15637 21012 18077 19584
9681 17023 17376 12180 15460 7953 14918 16814 14597 6115 19324 15028 12744 21644 14394 20479 15597 16915 24368 18988 16650 18305 24794 2247 27309 28465
13733 12274 11636 10566 15915 17221 12436 8259 16212 6669 19737 14686 12172 17562 13830 13912 12403 26803 20128 18051 22370 22664 15877 9685 16133 28096
6389 20489 14725 11229 12309 9509 17260 13948 11415 9669 15523 13923 13014 19614 11741 21976 15615 22544 10557 16429 24798 26605 25133 9849 19176 22771
12151 16093 16198 14144 17455 7478 11962 12773 6471 9817 18926 18571 17239 7035 14583 18922 14333 21254 22787 25964 26247 15675 20929 9135 20093 5885
10740 14449 14291 13325 15519 7943 12273 15335 12656 13240 20351 9541 17189 11528 15846 15074 14450 23459 16237 15421 28920 10294 18990 15366 25898 23359
8993 19870 15345 12944 16021 15322 15960 16331 17884 10359 16649 11853 17127 21947 15312 16473 9778 25104 13340 22351 8293 17051 18906 12875 14028 9895
10853 15647 14467 8261 16974 3871 13050 12124 11930 17999 22057 12164 9791 14074 15064 22108 14428 18125 18266 17487 17854 20995 11668 4512 24895 18755
12154 17884 16479 12319 11748 8559 17533 16100 7319 8524 19290 13605 14542 17171 15333 9224 14568 20257 8695 19760 13996 18919 15020 14240 17497 4318
8448 13574 14160 15097 18065 14314 18325 15105 12069 6257 13833 13631 15298 7586 16521 13188 13785 12015 19242 25606 15934 8718 24729 13359 23049 17974
17394 23902 12919 12626 14615 8181 15736 12709 19501 8995 21708 9917 11164 31532 11770 18816 13177 20904 10006 20348 12458 15703 22090 14927 15373 13511
10954 16058 16305 8098 14848 0 13739 12495 19681 8332 16224 8615 18620 13773 12658 20899 16694 17313 19614 18589 28276 14955 18973 15184 18952 26103
16197 19383 15512 15793 17951 14895 17077 15417 5248 7262 18670 20058 17624 22467 10409 17171 8422 20758 15841 9259 21076 13152 22594 16414 21108 0
4922 14942 16183 20289 13466 9090 13614 12088 15683 1997 22318 20049 17944 5027 12208 19893 14159 20436 16144 14149 16592 14646 11679 13212 20038 12518
16435 20794 18536 11413 12771 9925 17188 13285 8186 5630 19751 10780 19659 10830 15992 18706 16694 26407 23328 21702 20999 17898 16109 15997 17766 18777
10858 8407 13599 10648 18773 5365 12574 10667 18758 12698 20017 21556 16547 15591 19702 23554 16068 15560 17267 25824 21288 25408 14745 12171 13415 5225
9616 20625 13591 7413 19431 6738 15553 11266 14135 8648 15592 16316 22624 16842 14619 22850 13225 18565 10397 17003 14526 18294 17818 10998 19616 28501
9200 12303 13657 12385 12042 4916 11701 15152 13303 15444 20712 7786 16318 22445 13208 21755 13511 20954 19452 10962 20059 14888 17648 4880 19404 5079
8592 14178 13284 9806 20473 5107 12527 18204 12417 7253 15173 12258 19300 3166 9682 13999 13505 23956 11094 18939 8039 16193 21072 17239 19233 21596
10069 18467 14277 10375 17589 18227 16160 13244 14772 7524 15999 12143 13630 21013 15031 24059 12825 27559 27925 9526 21768 22904 15586 12861 19192 19549
12037 3324 13720 14197 16453 20542 16558 13859 17822 15763 21527 28208 11416 12722 10227 17796 13266 30798 0 17315 16781 23718 23465 11831 18984 14898
6304 20329 13673 12870 17259 10938 17114 11885 10288 4849 27315 13279 12949 19832 13627 16933 10971 29346 17442 24233 29235 12531 16446 20162 22577 12938
11309 20583 15312 16418 15281 17063 12854 13464 15076 13672 11993 17020 11618 10376 17414 12625 9833 19495 16767 19751 18424 15209 20651 12212 17814 22251
16006 9324 14716 14590 22484 4756 15065 17073 11873 13587 19763 5478 11975 22376 14469 19426 12849 15053 16239 18459 13172 22944 15819 15000 21737 24333
10888 22410 14274 12525 16368 9607 14525 10797 13949 11006 19951 16564 12728 21303 14102 21075 10589 18565 18974 25265 20343 19682 24410 17016 18644 0
15430 16255 14065 13215 12414 4538 16152 13143 11621 11228 12799 18411 3846 21691 10520 18791 9373 30741 19529 22720 10635 17618 20361 9343 17257 6930
13487 23787 13822 12059 16903 5768 17097 15808 11695 7988 23206 7718 8515 17173 14908 22125 15813 16151 3725 15078 18128 22402 22366 13616 16794 16950
12346 16218 15218 12718 17188 8768 17693 17555 13621 18115 18227 14782 14641 18401 16217 13834 14409 19065 30705 19913 14623 21508 18813 10446 15473 25681
15650 24783 15529 17340 16324 17857 15118 14496 9783 15224 19515 8896 16483 18373 12349 23250 16515 32946 18449 16083 21548 20365 19828 16630 19703 12367
9280 17812 14094 16837 13887 7124 14934 14284 7083 11070 22320 11842 13762 10610 14933 19796 13281 21395 24574 18688 19738 20822 17660 16531 17673 23348
15600 12243 16917 13686 14752 10002 13110 15036 16964 16994 14800 11707 15668 24993 14229 15151 14512 28562 18605 20518 25570 14020 20590 5432 15116 16121
11644 7149 13099 11541 10899 2464 15968 11446 18978 9728 18394 7156 9433 11246 13696 18811 14261 22238 19638 13977 16659 27622 25043 16772 22008 18818
9092 22668 13688 17185 12473 22987 13362 12622 10985 11522 17467 17000 14810 25836 13256 20882 13722 22226 19176 16371 21320 13259 11153 16264 15662 11697
8431 17987 16594 13151 19155 14509 13073 15739 19095 12254 17883 12603 6028 18972 11139 21861 11063 10039 5973 16560 15877 27035 17655 13322 19786 31187
12024 13516 16319 11528 18588 7846 17861 12979 15175 11449 15995 12519 17099 13564 14489 14987 11983 20054 23521 14185 18483 16097 14372 20645 18354 0
12414 10172 15510 13707 15903 6819 15938 15791 8662 15049 22006 19956 18762 23197 15546 17103 13962 16136 26717 20348 18069 23075 28274 14284 21371 19184
14013 20879 15748 6896 16464 10554 22026 12596 18193 6294 7999 21744 16375 12998 16820 20575 17039 27669 22285 19493 19035 23259 19399 16740 11206 16469
8902 25514 15887 11398 11717 5506 16136 9334 11094 6127 15866 7370 12758 23478 10106 16811 11481 7723 25231 11931 19636 14606 21226 21289 23269 21293
10131 23390 16809 15257 17472 18429 12205 14696 7790 7620 17402 13563 17149 14574 17618 19288 10953 23632 10278 10465 26053 12573 17460 17486 20099 21387
12699 13476 18857 9454 15440 8492 16382 12470 13280 14393 27777 12287 13861 12668 14272 22371 12480 19176 18526 18425 13177 16097 23590 4551 15750 18680
15285 14165 13847 12475 15600 15905 14672 14526 23497 8841 21155 13259 13934 26798 14679 17630 14966 22924 22250 11572 19462 22103 13639 20992 17459 4300
9565 21292 16025 13475 7593 7803 17633 14461 10198 11176 22524 15556 11823 20094 13729 15101 15314 14299 17556 16721 14334 15309 13268 17430 18160 17826
10105 13932 14427 13150 15943 12572 11376 17921 23967 1532 18810 12249 11471 16174 17474 18130 13832 21651 32199 20064 20008 10722 23479 10745 19466 16927
11469 16653 12751 14739 11361 11431 16212 12570 8686 14912 16171 16922 14698 39058 17817 22034 15810 18603 17164 13075 26270 20298 13626 16983 20020 7407
8940 15548 15752 10377 19577 2688 14262 13748 17225 23571 15469 9098 15368 24324 16969 20474 13672 21557 18608 11266 17237 15038 20826 14674 19187 21872
11391 24849 19164 4222 10714 18134 14599 17667 5958 10535 20209 6701 14300 4499 15264 14723 19121 17841 6316 12250 25443 18863 16329 23574 21961 21703
11615 21361 15306 13240 14599 12976 18366 12935 19382 18350 24350 2565 14148 29447 14977 18088 11170 22824 27494 12433 18724 24416 18011 24272 21034 18305
9584 17130 16603 14145 14021 20371 10161 15509 17075 12336 19553 12629 18293 26958 15178 14402 10417 20232 8860 15730 20263 15362 17968 15866 15605 23730
10725 19992 16590 9632 13606 8060 16581 14592 14921 7230 23595 15204 14599 4178 12982 19640 5899 24246 18340 23918 21941 12876 17178 14725 18805 21475
9583 17752 13926 12632 13272 13160 15055 13490 16126 15874 20637 0 13546 13651 15221 24975 10599 13987 7971 9061 14007 22273 15629 20982 24392 14439
9367 16377 14532 10578 11146 10595 15890 13044 12082 7829 24888 15434 7942 19634 12663 23371 12856 20426 11788 4625 13521 15355 18534 16058 18126 28231
8009 18856 16181 12848 14579 7984 18706 15381 14504 11185 13424 3079 16971 25743 13628 15484 16617 20569 33286 20356 13818 22839 18981 15838 20069 7285
16429 18087 14863 9739 21425 13212 10202 14566 16071 6131 17804 14891 17356 16007 12066 17311 11157 20962 26525 13005 18933 12646 15049 11394 21965 23847
12223 19109 14398 12259 7205 4224 7120 14112 11523 12646 13217 17538 11244 27469 10434 21124 7447 14987 31056 18366 14655 18177 8557 12688 21760 8670
16137 15909 14015 11139 17460 13781 13149 13607 15332 15395 17922 8713 18094 15022 14189 15184 15891 21058 20345 14029 32257 12098 12766 15042 20048 13403
13155 17965 19636 10690 16937 18400 16668 13107 14087 0 13297 13654 13837 14294 15268 16176 15487 23734 13343 21562 12236 6401 16911 17643 24404 20631
12601 14310 17667 13097 16748 18747 17864 14780 14617 10632 23468 15777 15214 21497 12946 21734 11563 11985 19583 22783 22526 14548 16646 14817 22140 22254
12282 19876 10453 14202 11620 1784 13635 13389 11338 1027 17043 5423 16391 10882 14521 15381 14182 18097 15295 21874 16413 18790 8723 19815 20867 689
13516 25382 18170 15931 15307 4064 14159 15765 13655 4847 16318 6920 13082 16937 12263 15048 12525 15983 10013 20259 22121 20870 19932 10485 20614 26080
11261 22969 14420 11670 15295 16097 11409 15147 16425 16990 21094 10826 7356 26809 13126 16342 15497 12937 17062 17628 5922 8779 21382 14458 17832 22278
11541 9261 16803 10170 14193 21187 12753 15681 10419 17298 21292 20253 16997 25606 9540 22928 15413 18751 14956 12809 28016 9816 27249 21277 28427 20914
13639 13096 13498 11112 15530 8814 14458 14540 14392 16400 26177 2760 9162 19981 9323 22059 12949 8937 26455 16559 0 17000 21248 19682 16607 19571
13951 10238 16810 9342 19369 14008 13320 14572 21162 7319 15679 19364 14969 18914 17730 18229 17693 11857 17498 10528 20713 13577 8105 954 15175 21861
10236 13723 15523 14094 15631 4914 15609 13539 15484 9221 13035 19934 26373 25884 16579 17421 17193 23146 17404 14825 24292 12250 17665 9440 25847 12017
14357 13893 14692 14416 16660 8904 12391 11301 5984 16927 15833 11345 17083 20908 17563 17467 13650 10598 26806 18621 25140 21384 15153 16995 18425 9458
9172 20300 16717 13829 11283 7053 17126 16427 7378 14725 13880 8017 19443 13697 12392 17976 7191 16330 14388 24106 8519 10234 21323 15201 12247 11570
7697 13384 14716 10276 20436 13331 12131 15561 11574 6673 24825 14452 9357 12472 15123 21412 12998 21828 13839 19141 16209 15322 20311 16988 20120 20653
16280 20120 14307 11889 11290 6242 15953 13690 20216 13205 20975 4052 10836 26082 15927 16564 19290 20280 19146 8191 30212 15808 18083 12814 17906 19779
10580 22916 14260 14294 14741 20321 14247 14191 13102 12987 19126 11460 15178 20844 15989 19665 14757 17285 16559 9914 11045 16244 12681 14126 21532 11592
19711 20789 15477 14797 22240 10215 12756 14305 19515 1504 16027 8207 18844 24334 8983 20568 18160 21243 25919 22982 18904 19175 19213 14700 19861 24592
6826 12963 16234 17487 10045 4487 11119 14475 21243 16067 15880 9568 9703 4698 12506 20040 18214 9923 27412 21336 19647 9488 12486 16108 21683 12420
11481 12460 18408 12285 18008 20044 17123 15752 7789 12803 20952 12248 14499 12745 14630 14659 10549 22232 20117 16767 16583 23885 10553 9356 18676 22221
4846 17023 13017 12467 16646 15674 14013 11575 12307 21465 14092 6778 11096 23431 8646 22240 15605 21763 20707 20923 15637 19415 16735 16226 20003 24439
12909 19954 18086 15351 13740 10896 12814 16166 17224 17905 20303 5377 11798 11587 16731 14985 15202 17328 28250 16407 13936 23696 17743 6393 18747 21699
10203 19178 14804 14425 12492 4420 13668 17102 17052 20543 17201 18745 13402 15737 10613 16928 16073 27934 26403 23086 19241 16693 16612 9368 18090 19307
12207 16956 15381 11577 18253 3984 13090 13128 8976 9962 14548 16463 21734 13167 8164 17558 11287 14642 15952 14893 14309 12697 13928 15583 20984 11005
11071 23120 16757 18016 16369 10558 11764 12681 10791 9683 22333 11874 18633 26538 11643 14410 17570 13622 3746 12012 26659 21734 17861 12063 19881 22938
14157 17413 13211 13351 19454 11865 18771 12772 12059 10325 20124 19960 9681 16164 14103 19492 11572 26972 13182 10393 26482 14713 20381 18463 22514 8631
10730 9747 14662 12507 14523 7329 20256 16679 16395 15483 22320 11817 13582 21021 14421 21168 9189 23505 9920 13065 24967 21980 13745 18089 18920 14405
6628 18858 13370 11346 17905 1887 14553 13395 13438 9160 16913 13686 16514 26837 13537 15888 12991 14331 12103 18126 13958 14895 15440 11302 22448 13899
12002 16787 11811 16054 14519 13751 13924 13314 10527 9526 19733 8400 12933 248 14714 21404 14742 23307 4895 22519 25059 18977 22401 8566 16979 21290
12747 18506 14715 14703 16916 14404 17137 13874 13778 11645 17416 14330 14046 12337 14999 15701 15474 15180 25065 24385 15790 14587 17802 21488 20972 24120
11516 18281 18911 14311 7238 9564 14992 11950 13394 1255 22782 17055 19340 28248 11749 14372 17321 12200 19632 15851 19881 16082 19906 9958 19743 10675
13502 8284 18066 13478 15307 1435 14845 12778 22499 9542 20545 9719 7130 20372 15145 14295 11275 24128 15845 21450 16025 19224 18317 13091 31023 12366
11706 14679 18703 13289 23472 9042 11639 18198 6340 14183 22672 17272 10263 14525 13694 23518 12679 13732 24223 14278 13497 12522 19296 17523 22407 26371
12547 24879 13877 12561 13537 10427 12659 12922 12197 9061 22712 10443 12518 18512 13524 18336 17465 21404 20293 16505 23291 21316 16379 18476 19595 18805
14481 20862 16977 13037 13700 17860 16426 12136 19158 19597 17967 8678 17596 15027 12470 12380 16798 16115 12697 19239 12294 15582 13250 3888 13019 19036
10472 19593 17825 12687 22348 3646 14718 11525 16573 9372 18647 13771 13774 19456 12316 20594 18412 20404 20210 19790 19882 24002 13255 23288 25723 5027
11635 16699 11699 12694 16149 15160 17480 9465 12340 8071 22779 15022 17989 12365 12617 20100 20551 16442 11728 21142 18016 17932 22504 11412 15694 21354
14624 20486 11644 14873 15883 11017 17400 12453 14554 11305 16134 17227 13196 18124 11980 17938 16092 27786 14001 29295 25242 15904 20301 22593 22097 13913
8551 21999 13626 8911 16055 22920 14130 12506 7176 5955 19041 11575 15577 22148 17434 18664 8367 30930 4569 10691 16110 22078 17456 1373 17611 7444
8923 10410 17130 8067 15612 9203 17688 12352 10986 11190 21173 19744 8880 18241 11390 16884 12850 21077 11377 18330 20232 18284 17318 12316 17869 15621
12819 20053 15444 8100 18636 4503 16980 14284 14685 4129 21396 15703 8956 22403 17763 21230 16103 27369 16279 18379 21343 16179 16798 10126 20242 24439
13315 21535 12160 12893 12878 11345 17261 12893 9568 12050 17988 12253 14455 15107 11677 22039 10062 8442 14369 21546 14732 19155 12598 16059 22400 11587
7106 11848 15606 12578 11680 11249 11008 14757 13969 15833 19099 7640 22721 6808 12437 17618 11992 20486 19405 25031 24688 23031 15647 17516 21047 19740
6912 23106 11718 14688 14807 13818 12072 14798 10114 12595 28612 18673 14160 20767 13370 16910 15762 7122 6096 24058 23592 20664 21945 13518 17669 15854
6475 15608 17668 11077 15417 19943 12742 12543 17775 12536 18547 9775 12827 20796 11968 15333 15363 25250 25143 17439 7236 24564 21774 18744 19855 24130
10298 25256 19176 15015 17947 2334 14386 13999 13834 13117 22823 5801 11517 11049 11746 15908 12099 16563 19561 16195 19401 11542 18004 13670 21448 9819
13571 14029 13964 16065 10818 23492 16301 15109 11973 16644 16660 15095 16443 6434 9349 19919 15305 21885 0 18477 19225 25019 19651 17546 20807 27693
5560 12020 14975 17967 24439 13925 12073 17748 11466 13487 14628 15821 8341 15667 15651 23500 10718 24780 19885 19627 18288 20160 13789 21118 18253 19155
13474 10269 14490 12327 13269 12065 12864 13302 22318 14263 20471 12459 15055 5098 12047 19626 11704 13550 11430 20439 13497 15640 19672 10155 21651 5152
8263 21040 16383 13214 17802 1054 16149 11739 15821 10662 20288 13406 13477 11904 16331 16054 16411 20058 17496 18451 7121 23209 11426 12914 23779 18425
9953 18734 13326 16961 12182 1810 11532 17735 6981 16418 21517 12805 10075 20970 10522 18036 13674 24484 18846 14055 21399 19295 14912 15911 15546 28695
13648 14404 19430 12934 15803 18519 14817 16024 6124 14372 11285 18024 19419 22594 17728 21345 8437 23437 0 27063 9999 22090 24181 12335 22378 17343
14782 21328 18035 12710 12388 0 13019 13865 16276 18312 19646 18682 17440 8256 15218 19823 14199 16028 4360 9776 19055 18352 16623 9217 21718 14148
12530 15518 12205 14019 21112 9358 16769 11984 15394 12421 15519 19377 15776 20911 13899 25183 15216 20732 25016 20141 6952 18341 7847 9287 23265 16208
10087 11516 17790 13801 9777 0 16358 13980 14203 9479 24496 15186 21125 10515 12049 17100 14784 27382 9386 18304 19761 16738 17238 15325 19536 23247
10865 11281 15499 13013 11542 18989 13255 18385 15858 4838 18821 15004 9819 11212 12110 22628 13009 26025 21856 31786 6613 10556 25669 12078 16160 20999
7886 14140 14011 10084 14116 9150 13488 10880 20324 7766 24005 9985 15527 22958 13794 24304 16420 16965 7004 9961 15802 12802 25589 12712 23887 15201
15163 3496 15858 12350 16204 17271 13212 10871 15812 12494 13107 9245 10752 25594 13447 16420 18320 23637 25323 18696 30118 21204 21758 14315 21122 18418
10254 18791 12142 15936 12367 11944 14522 12787 20356 12250 18770 2324 19430 16462 10654 18875 9863 20336 14410 18854 5601 16180 12667 20855 12630 13382
13988 26047 16363 11384 16572 4313 19933 12039 12062 13078 20530 9322 14559 15566 13776 19993 14527 14109 14340 12257 15546 16918 15893 5342 24020 19462
11752 16712 16525 13695 19082 7430 13559 11329 18280 17768 15370 12973 13774 3669 10227 21539 11791 18766 7018 17838 23298 23137 23333 3440 23100 33572
10663 20063 16676 12594 21250 3355 14978 9737 13790 16312 13973 7352 17578 15277 13486 19525 8787 22420 8243 25976 19805 27719 17987 11807 20256 6930
8037 17690 17484 12021 12659 9213 12080 12178 6438 10806 16799 18596 13484 12366 11243 19620 15755 22452 19136 26517 19513 15027 20843 13108 16070 20664
11095 22002 14983 16980 21696 16094 12477 11746 15908 18953 14139 8416 17743 13269 16947 18323 12257 18689 17093 10626 14133 29993 16395 5651 22365 905
13439 23111 15079 14812 14533 17163 13919 15400 9969 1366 19958 13697 10403 16338 12527 15500 13623 18464 14172 9589 8431 20074 17011 8973 14870 17658
12418 20606 17148 10482 15986 15933 9949 12813 17888 12053 19208 17333 6710 18969 13459 17574 17031 18917 18881 18898 19551 15898 20287 11064 21485 19795
14866 22397 15955 13239 13686 15957 16226 14027 23468 15494 23339 20959 7973 10395 18690 17907 14519 13378 24452 10332 12153 9180 15046 9227 16589 14567
10621 17471 11308 12987 16290 6712 15176 12688 12663 10728 17894 6050 9901 18507 16022 18170 11848 26182 19960 20102 6631 18030 19922 2252 22327 28178
17172 8327 13560 11630 20640 13149 8721 9865 19268 15376 22039 12348 7323 25138 12924 15804 13685 21307 24707 21102 14301 21141 23388 15156 21447 23726
15831 6527 13799 12487 8841 11877 14182 13273 10218 4979 20179 8787 11537 16546 11082 19262 15214 11391 13166 23005 15127 19337 16886 19881 25656 0
15245 20523 14788 15003 14787 15735 20298 10650 8638 13376 25301 7919 14909 18728 12562 20223 12561 24643 34543 17346 25659 21255 23644 11389 18168 21155
11954 11660 15910 15564 10992 13518 9250 12497 11026 15374 16780 13433 6884 17774 13176 19199 13963 21883 15474 10254 21785 18008 20578 15546 16310 18762
15553 30396 11894 13772 15380 14714 11955 12402 9787 10468 21220 12633 18955 19330 13453 19485 11741 23783 15047 17057 16825 20299 18479 12324 24115 11404
15161 16179 13801 12281 14336 9401 12397 13352 6637 10890 19935 15793 18270 14010 10813 18987 15257 22163 12725 10100 20602 20489 15730 20762 18263 14596
11478 13916 13743 11679 14841 3755 10644 14449 17025 1468 22351 10399 17255 11534 9660 21990 11514 21448 12395 12696 15148 17156 19271 14683 19236 22263
11228 17067 14530 12575 13497 6363 13557 13482 20096 8073 16156 9392 15999 15039 12800 19239 10207 18972 25475 21503 23108 22971 15056 12428 19538 16995
7228 17872 15560 12547 6036 10634 15456 13437 16044 15627 20430 17602 19918 12723 17076 18358 14674 17551 9322 17981 14329 14937 16496 5293 22120 11310
12196 17180 16905 12191 13971 16152 11348 16294 22736 10558 19984 14409 16213 2641 13608 20868 14308 22019 9099 24249 19203 16147 12891 21442 23257 12977
15333 16564 12221 13152 16322 7822 18357 13327 17269 5889 19351 11353 8206 26590 17606 18834 15349 16354 16890 23556 22807 15758 28084 17446 15065 16575
14439 18342 16589 12663 16699 14861 11614 14149 13284 9174 26196 14877 14657 26380 15074 20914 15378 18647 19844 28032 19717 20970 12398 20751 19518 15013
5782 13796 17945 10232 9868 10523 10131 13213 15497 16335 13520 21060 23488 1673 11498 21634 15104 21372 28451 14422 15757 17071 15404 16937 22405 26916
9232 15391 10556 12076 16081 7430 17561 12216 18864 9540 21225 17106 20910 24302 14122 19659 12419 27899 27706 19013 16194 25867 13657 13094 19585 17754
10617 9730 14486 8088 15133 14937 12599 11178 12472 13273 16717 10101 19277 4073 10804 20854 13432 21196 11088 22364 17149 11767 24497 12104 21673 15540
2878 17884 15404 14610 14054 17061 15162 12297 13414 8139 16920 4627 18795 18561 14094 15627 13443 20612 24664 14361 28503 14145 14654 16191 15436 15140
9817 20078 19950 13571 15147 7929 15141 14181 15109 8228 20312 16944 14538 11183 10790 16858 14219 22538 8330 21916 16141 18159 20600 7399 18457 8053
10481 17738 14193 12924 17337 18017 13050 16359 9047 8488 12142 21051 18009 18788 15589 18599 13709 17215 25702 14340 12703 10935 26632 3940 16210 27895
12276 18328 16153 13097 15160 10664 18716 16361 9714 14375 12554 17486 12173 17540 12934 17308 8194 23847 19199 20064 6713 21584 13645 12744 21066 9647
9389 20549 15225 10222 15739 9897 12285 14389 11626 6221 24953 14082 14589 12399 15090 24061 16126 16978 19953 12077 19874 18824 20324 13575 20841 27044
15232 16807 14105 10290 17210 13009 12452 12242 16438 13545 18835 22176 11630 13482 13265 20155 15656 22217 17186 22139 18856 17114 17814 17957 21891 13683
15036 14176 13657 15083 19613 0 17912 12049 13765 6234 22028 18436 14023 7738 14137 19702 12973 19611 13645 20519 15436 6876 12138 14569 21528 15930
10273 21236 16876 12111 18020 16185 13372 11504 18542 7333 25720 16076 11720 30159 14799 17931 15390 20549 16848 20960 13519 25989 16377 11984 20758 10376
10853 16079 17340 15091 10235 13925 10161 12467 3776 11987 20121 15021 12344 13315 15138 21241 15756 16303 19375 18904 7635 19945 11274 9302 22325 24856
9053 17602 12566 13191 16884 4486 13724 13923 3189 7299 14228 13399 9924 12899 8206 13437 12366 22589 21779 20244 18513 9756 17397 15341 19820 20996
11177 22262 16604 12434 16289 8106 13331 13993 19283 4367 19883 14881 15981 17707 16140 16573 11569 20406 22722 24478 22027 21142 26296 1287 22919 24366
7306 15952 15592 12491 15324 6218 14829 14872 6888 9226 18781 20960 16297 14115 11664 20386 14005 13605 13444 25324 22224 24726 19719 13785 23576 19709
12893 15320 16328 14631 18625 12611 13180 12300 14000 16935 16004 14726 9086 21001 18643 25974 10680 19857 17623 18398 20075 13600 11726 11559 23216 18838
14577 12547 15996 15695 9479 2216 13708 13226 12204 15889 21941 15852 17023 16980 14035 18973 13319 16099 16757 27000 15480 23989 19131 17942 19510 23067
9636 22735 12342 10808 18582 11147 20885 15387 15460 7605 24834 9404 20044 17238 10623 18291 17953 27868 19867 21687 17492 19113 14285 17683 15043 23924
10488 10393 16483 11703 16925 4889 17440 12104 11322 10251 11712 17266 12797 11892 10947 23788 15338 20455 4704 14036 10392 16948 17920 13050 17762 24379
11494 15137 14965 13089 19086 17629 12342 16685 20336 8515 20284 13579 14553 22191 11320 21632 14591 24402 19797 15904 13329 11612 14653 23665 17720 8110
12487 23690 12729 10995 13321 16812 21469 14667 18532 8481 22884 13316 22096 20632 12513 20965 14042 17060 31927 23295 7711 20111 19686 11077 20763 23116
10403 19318 14732 14686 14008 13848 21264 16092 11806 14391 22271 8598 11515 26685 13548 13132 13446 19599 28375 19385 11163 16498 16758 18488 20802 31857
12577 24430 14754 13843 16969 18373 14238 14908 15915 5644 16848 8937 14708 13613 9918 20518 10992 18084 0 12606 18873 22845 16886 18614 20263 17009
14714 14329 15595 17392 11362 9638 12406 12785 6134 6935 14575 11799 10077 27098 15397 21626 15756 15564 12016 20721 21735 17968 15045 5013 19440 2139
9937 17684 14922 7929 15875 7917 14656 12232 16333 13765 19715 13397 14374 27706 12743 17461 12799 19793 11440 19568 20206 13079 9640 15660 22467 28494
15796 20162 16015 14067 18728 20167 11505 14261 11081 11963 15140 18459 8772 14892 15903 18431 18129 29642 10403 8379 14989 24486 14271 14037 18168 16106
12366 22070 15022 12009 20892 15015 14430 15293 6420 12710 14419 14033 20388 22960 9876 16569 17046 6560 13572 19996 11013 25271 15463 13889 16512 11839
16086 15720 13122 11625 10825 8472 10613 16945 13225 7104 20408 16773 17759 17210 15804 14327 14173 10831 813 22911 24550 21702 20806 21708 18094 14506
14132 18891 13667 15687 11664 22694 13366 10980 8844 6303 16750 13196 10616 17345 15218 19360 16251 20165 8219 22718 21973 13784 14497 7628 15367 26921
9984 20190 19898 9911 11920 12274 10195 13522 7745 17440 14291 8789 16715 18098 10205 18358 12054 25605 20005 25710 16504 23405 21514 7108 16951 8110
15365 10322 14313 10904 17252 14747 12258 14738 15970 13641 17759 19673 17454 21628 17105 20233 17802 12252 25410 29218 13422 18775 18091 16530 19826 18416
10582 8286 19033 15963 14450 18020 12525 15735 8837 14035 15866 6912 11898 7490 12091 19417 16161 25562 23425 23031 26559 23630 9871 12015 22095 12815
9177 13191 17104 16135 17534 6880 19409 13784 11933 20207 19640 13057 8993 14866 10816 12398 19617 21711 19643 22040 9350 25060 16314 19087 17532 9158
14385 20700 12942 12652 17327 7502 20277 12642 3787 10921 15644 11731 10803 15931 14400 14568 14289 23685 30623 24975 18875 11995 16073 16072 20792 6517
