365
8 18 29 98 8 80 8 58 47 10 2 30 85 76 94 33 52 93 86 36 69 32 67 59 65 58
5234 17618 13991 16903 11734 11642 16790 12136 17390 8615 12893 9861 14760 3187 18502 15889 14458 2324 6683 17890 15028 14278 15394 11495 6695 12827
0 12674 17545 20643 18936 12864 18030 17100 24130 12159 17767 13181 14151 25410 10444 13671 16253 8868 16739 10680 15198 10695 15983 10721 19572 25884
21692 15371 20188 18100 16923 27867 18869 19392 17614 26530 11056 5588 15288 27257 17044 13745 14303 18383 1460 15495 11817 7278 10437 8810 7684 17332
10772 13841 19237 22352 13742 20366 5621 20098 8346 16417 29699 8890 12464 19312 16314 10842 19303 18028 28934 17986 10900 7751 16315 9826 6542 9954
8706 22269 19011 10960 16889 23549 15455 9988 9936 11808 12534 11300 13390 11455 20679 15678 14553 5122 13555 16850 20239 9227 7086 11027 12882 14927
1051 11467 17495 2571 22038 17486 16684 7911 1422 0 15118 31951 12391 6593 15792 16252 11364 17453 17779 15687 19841 3857 11124 12665 17367 25376
12319 14777 17047 13919 18930 16069 19258 13065 18393 1227 6733 22880 21600 16695 18984 9580 12808 14793 14645 16599 15116 6578 13541 9390 16927 35112
1388 13360 14509 16578 16422 0 12708 14684 18903 13496 7344 1649 23053 6599 12605 17699 21844 28566 13433 12784 19518 4470 13975 7579 16669 9792
16528 22001 17377 8795 15751 13797 17022 11331 14138 13856 9400 19938 14406 9273 18409 12942 18194 1731 19896 5538 19690 2837 11639 12564 17001 15045
20766 19244 15413 16119 18179 6328 21732 15473 10282 8805 9479 19009 9514 14590 25206 14024 16962 16377 10343 13255 24268 6927 11724 11333 24800 25740
6713 16658 19230 12616 18145 22009 20639 20670 5709 8798 34580 9735 19568 22301 23227 18196 15023 8083 12472 12140 20449 19011 12520 10445 14919 15854
17578 14552 16237 15742 17839 25780 8508 16233 20726 18497 14547 16032 15632 21951 19546 8747 17201 11119 6683 12509 19962 8095 12673 12061 25589 15960
21451 16485 15447 16237 14554 17793 22390 16441 527 4542 24188 8258 19987 15715 14546 14659 17841 6072 24743 15096 15858 5866 11481 10357 11282 15604
25820 13883 17407 5184 19763 24181 20122 5706 14664 9540 13358 0 5651 0 20435 12596 19254 10248 14135 19403 16125 6294 15380 10716 18411 29289
21255 15199 14404 14324 14821 8823 12925 8805 15869 15903 8435 0 17236 14938 20520 6342 33092 17372 5393 6009 19607 13673 12823 11251 22323 26866
18207 18434 17919 15763 14858 21282 14933 13052 14558 15025 19013 8965 11980 16901 21185 15003 4250 27138 11828 16584 16992 9705 9955 12029 18027 25720
7307 14000 16552 15497 17751 20627 10248 8182 16852 20188 25782 9429 18105 13973 18355 15650 14270 5369 20101 11081 20277 2538 14793 12610 17393 15556
19928 21167 17935 7348 18958 15645 25150 16224 13201 4570 21893 14063 16241 9965 15519 9271 19440 13684 24992 15586 16045 23883 17258 7744 8164 19071
10893 20042 14431 9480 19609 20054 10441 19607 9739 0 11942 7159 20065 16414 16954 11197 17082 24641 12757 16233 15102 4171 12462 12874 18533 17813
2712 11065 20186 20297 17940 13175 12154 16892 7863 10009 17010 4908 18875 15383 19781 14328 14025 11562 18554 23916 24212 4327 11033 8368 24160 19993
14399 16221 19337 15689 13024 13563 13319 13887 16050 15605 2955 13948 15857 11775 17270 8473 22734 8037 23786 9527 17432 10487 10601 15218 8202 14479
1280 14485 20472 19526 15813 21217 15326 10053 14241 9543 24972 7434 14600 18961 16039 9779 14724 16050 9932 18527 18113 8205 14511 8747 18498 24157
12069 14476 17096 12921 13473 26202 27624 10929 28164 9765 12463 11012 14772 10106 19586 16806 18498 4165 11347 10752 18203 8009 15594 13229 22285 22347
11131 18863 18734 17144 18915 25095 16204 19707 14808 10656 9866 13811 20400 16425 19122 19934 15595 20340 27189 25691 14741 8673 14629 9738 14573 23359
23152 12177 16968 11831 23002 23143 22731 17272 19202 8991 22594 13505 19168 8483 19233 15594 23437 13936 19232 10761 18650 18506 13653 10937 22211 15258
4716 11523 16617 21976 18338 27607 19778 16061 18479 9782 15517 15525 12100 19130 9633 15827 21683 17616 3697 19704 23777 7359 14621 8223 21018 7209
8406 13991 13325 17977 20118 23247 21901 12277 15085 10728 38417 12688 19248 4918 22257 16419 14110 0 14422 8747 16281 6232 19687 11414 8551 13562
0 11964 19487 12575 13702 13119 8709 11438 17064 13515 0 12161 13244 6160 18028 16006 19019 12101 24945 17079 16501 9187 12024 11746 19792 15857
18249 15606 19067 13678 17045 18604 12322 15841 12890 25367 15838 9641 21461 7831 22594 11411 30946 18979 4421 21034 16784 10263 14240 11656 11376 15874
16550 20454 21010 13111 16482 20813 12032 16121 14804 14967 12282 15335 19318 8063 23074 18174 14928 0 16609 13556 16372 9277 15305 8560 12066 15550
12838 13147 12923 22286 14048 13982 14520 14089 12628 10516 18106 25489 20136 22111 18671 19087 11771 14606 8272 20706 22248 9474 17055 10017 15042 18917
11992 18131 14988 8069 16755 17549 8405 6172 33320 15933 14146 15952 7296 16942 19946 15095 14196 1959 11768 15960 19559 12495 9592 8318 10034 6365
10310 15800 15417 8621 17832 19009 20771 14157 14299 3123 21306 0 10841 10608 19712 10167 10143 0 20213 16884 23723 9733 14738 7846 16743 26634
7039 19581 13535 18243 13876 10496 12230 16419 13189 11815 23933 3446 13184 18176 17258 9705 18022 15431 8949 14770 12430 8014 14939 10822 15933 12314
9501 16922 20380 8641 19960 26403 20629 12220 10696 12909 20090 2587 6928 10402 15467 12882 16710 20980 18671 12635 12506 19650 9881 11758 7299 19762
10305 15558 16988 5922 17019 19674 15957 9144 12505 18014 27257 4502 26546 26262 15226 14245 23382 19956 6942 18004 20440 13547 16282 13019 19353 18575
19218 18258 11786 9631 17156 17243 16453 14623 13090 0 21577 1687 21972 27033 12061 16612 15096 15798 15217 7318 10420 11177 13001 13207 25259 14534
6719 23831 19436 25245 17001 12999 21012 13056 7888 14873 12836 21950 16126 14833 12511 10140 22433 9952 680 17618 16093 14291 16691 11722 18899 23090
3948 17638 19772 11530 16709 12826 18784 12665 14649 21180 24602 13632 16179 7659 20178 18920 17597 22373 20568 11963 12913 11408 12630 7975 16977 7556
0 13560 16290 9302 18972 2101 13435 5509 5484 12561 7286 2332 23410 7496 15827 10562 20910 13387 18267 17124 21181 16852 12428 12286 14856 26051
9314 15967 19899 12051 18958 8072 16733 7203 18243 6842 6782 5046 21964 0 16186 15167 25479 5888 2821 23432 19234 11108 14560 9429 11608 26054
11529 17125 15650 12026 17362 23864 16197 12660 12253 35466 20344 16086 17340 17670 16852 7785 11712 13427 19166 3420 10607 20106 16382 9389 17176 19763
5520 16479 15965 19425 16193 27201 11210 13053 16420 4054 13995 21726 16450 12423 16970 9696 15961 4954 10822 16186 8769 13380 13876 13896 18001 19468
11164 13225 17726 13240 12998 30364 14500 17140 11985 12944 0 15364 18992 6674 20067 17151 23177 3909 12254 19025 15443 13245 13112 3809 14925 18653
8183 20471 14121 16903 19293 11443 8540 9504 19263 15573 5592 14133 11669 18561 22570 14693 26708 7516 8677 9827 15865 11418 15530 13644 11474 24613
19836 16056 17805 24791 19019 4420 22344 14275 21208 12182 9526 14035 15946 11019 17460 14759 14602 13509 1913 11241 17365 15226 14706 9282 23770 23200
18601 15030 23417 13818 19038 19296 15409 4977 20767 16191 6931 12776 15055 6070 18773 11852 26479 25099 19935 9190 14205 19525 17711 12500 0 16472
26528 20968 14397 17463 18478 15447 31169 11144 15331 8764 9124 18271 16560 20178 17299 12564 18148 10877 17540 16955 18894 12059 13340 12587 12425 22039
9104 18325 18326 7812 17950 19561 16220 17958 19516 9267 22209 20269 19812 5422 12891 6918 17708 14870 14337 9210 18568 3883 9032 7614 13453 19579
31284 14826 19310 14848 19988 5144 22168 16184 7291 8371 23008 10664 11556 4828 15610 14480 21029 20026 5317 14308 16662 5728 14881 11050 24705 14476
12583 15471 13914 19017 19455 15350 10852 20468 8978 22660 5343 5795 23376 21413 16929 13714 19339 5357 21182 20606 17057 15504 8431 9165 10749 22835
15005 15946 22792 12060 15897 32378 17324 13244 17108 10251 4437 9526 15325 11793 17901 21012 20496 14596 13596 13174 15250 23555 14807 14368 0 14205
25020 17480 11699 3697 15914 19726 10799 14128 15213 2215 9383 7791 4247 13986 14782 21942 22025 24300 12681 8091 13595 15381 12987 8892 17941 22436
11553 15639 16421 18527 19715 10874 7989 10051 12525 8883 33661 3934 18594 29687 20279 10722 2502 12612 30640 18877 15438 9566 13195 12160 19653 11362
0 15388 12692 18360 19939 13317 2960 16036 13274 4239 9472 8795 8042 17228 10585 9653 14013 15955 2215 27775 13157 10480 13394 12183 15290 18573
4871 16469 12764 18859 19155 24944 19407 14856 3325 7224 3912 25734 16392 16693 21183 14332 23623 24101 1328 15273 17618 7036 15427 10697 28858 14892
0 22113 16746 17210 19062 22835 16044 14126 19057 734 21523 19594 11342 23573 14622 14228 14087 23495 15046 18063 14189 9226 17922 14776 21676 24296
16534 21986 16556 7255 16925 23025 16525 19913 11527 18229 17189 10137 17779 0 23780 11242 17608 10536 15293 8492 19577 9004 15858 10360 5223 18109
22865 19724 14826 7044 16039 15584 20370 24407 7370 14198 3408 6709 23659 22050 18424 15425 16186 14552 15600 16751 16800 16455 18035 15588 5868 15500
8813 13910 17600 13973 19248 6790 26534 19534 6245 23822 21748 12030 19157 659 20099 18270 13070 12346 12236 18272 15886 11253 10196 11461 7836 23533
28933 15699 18931 11117 20773 15206 11163 15089 6337 1293 24198 15220 13847 15210 11246 17323 23530 12303 29049 16043 22036 15637 14671 11174 8500 16751
10830 15081 13866 18058 16990 22747 20829 17393 6391 0 18387 13225 15042 28904 18327 16333 23083 0 24730 12144 11562 10890 12264 10204 16984 21139
0 22760 14076 13398 15024 10209 20625 14787 19701 5175 16227 10076 19998 8394 18049 12603 22497 21334 19065 8565 12987 12480 12417 7860 24558 13225
0 14885 20202 12080 14946 19904 22897 17782 12201 0 19677 15129 11674 16449 13887 11255 16524 5655 18640 17658 20412 7543 11331 9162 12863 16881
16317 20674 16220 12676 18902 26481 11525 12358 12872 162 23745 21482 11856 14311 17474 10649 6161 14136 25422 20067 16271 16896 13931 8691 17650 24759
19921 23534 15744 15640 13345 16282 11318 11716 13201 2765 13547 16056 16343 5486 17915 21431 22396 17835 15250 20923 19316 8524 12536 9517 11971 22232
24505 16368 15040 18358 17552 5624 26751 18977 3369 28440 16513 16795 16556 20624 18532 18754 13170 13576 20048 14632 20861 9034 14880 11403 23691 22357
19809 17609 18336 7870 18469 22261 13185 6913 13760 1868 13410 7037 13084 3075 13965 15668 14107 16628 0 15897 16278 21200 11983 14148 21361 13226
2359 12470 20397 259 14185 24126 16928 14039 22433 20417 24546 13441 20004 32876 22342 8223 16912 8085 10799 13945 17262 10881 15911 10733 20243 20762
7400 18364 8837 10810 13428 13467 13787 12363 27701 15516 21206 0 16771 7115 16464 16371 18239 13250 9075 16751 17975 23803 12107 13467 15939 11360
2054 15652 17333 8455 17292 19564 12796 18352 19850 1648 12977 9155 9341 15132 15253 2879 10580 10030 15580 13476 20984 16080 9133 11495 11923 21228
23742 15358 15159 24235 16442 14908 14970 16930 15112 15688 13727 5020 14234 2641 22279 9379 14521 1005 25358 15574 17474 24909 8342 9977 30380 23712
6991 15991 11795 14459 17379 19910 19519 10203 18943 3158 18490 10166 9644 6406 18788 20131 15275 70 13448 22650 20602 14725 13381 5180 11132 28803
7450 17869 15945 6129 15598 7836 14876 9924 4152 9864 18513 22678 15490 13281 16018 13597 11256 15967 17498 15761 13921 13596 7697 11895 26619 17969
3811 19545 17914 14133 19440 17948 21577 9070 24847 19175 9899 26061 19171 21278 14427 12184 30156 24388 22350 17816 15452 17143 10843 8921 29176 19589
7574 15201 16235 17829 14463 22075 14577 9042 8466 20526 20209 7172 12105 12631 19589 14103 20782 8913 1362 21547 17597 5130 13422 8554 21809 30624
17054 15318 15733 17508 15844 19265 26200 14972 16301 15670 19801 9375 22968 8067 20682 17404 24723 19854 0 12239 19265 23159 16952 13592 17570 23562
16607 14397 16243 9060 17918 17185 6731 18117 20039 9723 16341 1384 19039 14005 13827 10883 9216 14069 10832 4666 12126 2599 13170 11573 8561 20236
11298 15606 20180 13322 19644 11892 12748 12250 19320 1195 11823 11718 13370 15395 17135 13158 21143 16966 19689 16875 19095 10049 10493 12077 11544 19850
11434 12899 14907 14418 11360 16135 13443 19246 22028 18773 26069 20475 19116 10544 20444 16020 12825 10866 16710 19921 18224 18835 11926 9645 19586 14004
7276 20176 16880 2612 18359 8915 5284 14202 12063 8151 24007 0 13963 15963 16002 17086 19718 12274 4853 18331 20640 21211 12925 12461 6478 26147
12082 18196 11528 3832 18014 25535 15510 8000 18580 15999 12063 13230 20246 7743 12831 17787 20539 5707 8413 15483 17259 13953 12671 13406 8997 19749
19211 13351 15124 17455 19566 24979 2519 19313 17163 17010 20016 6821 16191 16158 15596 18771 15988 0 13110 28533 17851 8597 10199 10316 15711 8749
16643 19633 14283 15768 13876 11921 0 17807 15704 8712 18151 6005 17069 28922 14850 17345 16160 20904 0 17916 18507 9664 11044 10817 21068 30280
9337 15782 19036 26613 19048 16370 22178 15075 15580 0 26125 21235 21171 15282 19146 10665 16854 10565 16893 19056 16354 18435 13613 9024 16305 21164
14254 20082 15955 13039 17472 20552 8129 3375 14417 21628 17376 16926 23554 7236 16768 13238 19962 3314 12221 16471 15385 23889 14166 12781 8536 13596
4087 13890 19564 4954 19402 22373 29631 19187 1056 2862 19798 6519 17603 12815 20587 9551 25949 12321 5006 19841 16810 9608 19396 11960 15098 14907
13380 12863 14258 10702 18917 23724 11068 10151 9530 1862 16010 21454 17441 19588 21996 17454 15116 14245 4182 15670 10408 7506 19368 14798 11278 12175
18037 16917 18418 14177 16563 18700 2826 10654 24345 6203 28342 6899 17414 0 14291 13794 32894 18617 12489 21996 12847 13109 17560 11621 5808 12310
15745 14731 15698 9214 16683 17046 6871 21289 26180 10550 3313 0 7984 10257 17312 17981 12315 22301 0 20844 18583 8406 15909 8699 8535 13630
8063 16428 16826 15985 18839 28143 9648 15006 17102 0 5049 6812 21133 20204 21085 15899 21003 22842 2924 17962 15061 17240 12161 11502 13439 24375
20037 12651 18638 9053 18346 29744 13364 20818 15362 16044 21062 2805 14228 10378 18755 18964 22770 4756 4723 14204 21097 11082 16799 10538 23616 16406
23573 20078 17436 19670 18767 24160 13281 9412 12898 24699 15403 12509 14295 27070 15751 12408 28789 11707 22149 12727 18981 19127 16107 8207 20773 25332
13018 13979 11706 9535 19207 6205 23280 16745 16276 4242 0 11331 26600 6578 16467 16450 23206 14318 21937 27121 18244 13485 12365 11991 25183 18094
14264 15651 19463 14816 17384 18140 17298 13874 24202 21530 10484 13291 14881 14005 20071 12529 6192 11019 8312 21355 17639 18323 12852 13713 9287 10569
18163 14845 11272 21270 16590 20975 0 3389 23672 8719 22896 7692 14487 2902 24777 14347 13310 5551 10573 17766 16372 12713 11560 12419 17831 14466
3771 13470 19840 16450 17042 8390 26138 10017 21519 3697 16805 9758 18252 5619 17296 18841 14561 3944 5940 12897 22744 10730 17970 9878 16548 7350
4703 16804 15726 13028 16479 17906 23909 2979 12868 18719 32235 0 16621 22373 21262 10847 14451 1428 13391 18786 26348 17828 12936 8754 17158 16411
30226 19980 18078 10490 18671 7498 12460 16148 16887 17206 26782 13713 16319 15985 15514 3989 20187 17160 11083 19424 13304 14488 10859 7720 20121 11334
3251 12414 18999 18726 17210 13955 24739 9626 11411 14791 20648 17922 12046 8277 15587 8287 22989 15158 17007 13279 16641 4254 16131 5728 16563 19743
1558 15758 14289 7180 18730 6572 21504 16622 19332 23155 26766 7337 21506 14087 14328 6090 12296 13293 0 20269 12260 13887 11293 13182 16026 23768
18222 14288 13322 4677 15376 18658 28909 17849 22875 1764 25374 6406 11454 13171 19148 13975 19036 20502 6563 6186 15009 5769 15392 7255 11414 17385
11037 14784 11836 12722 20509 30653 13747 7876 8199 0 25363 9412 14627 17529 12500 15691 13111 4461 12361 14321 12367 22624 11738 9021 15866 17177
5000 16929 16442 5037 13454 16102 15576 12827 1948 15344 14798 0 18361 12264 13134 13801 20471 16954 0 14929 15992 9208 10922 9834 26715 15944
9262 16947 18795 16172 17505 10797 19788 16411 18165 17799 17560 3624 16123 0 17462 21302 27262 11100 18604 11536 26978 13977 12272 7287 6864 22652
820 18497 20351 4679 17985 14321 18223 16835 10096 12704 17479 7260 14839 6241 13317 7524 21129 11308 11768 4299 16156 13180 17835 11024 14595 23324
9131 16024 18041 11806 16530 17165 28168 15923 20852 9576 7427 17645 10780 19398 16646 19893 22000 0 22328 18169 18608 13939 17427 8479 15311 3490
85 14149 18214 16003 14874 15249 18726 12903 14731 22719 12528 15191 12075 18482 15324 17968 15642 11748 9690 14360 18333 12854 16395 8846 18402 10874
9970 17431 17923 7910 18723 22645 18829 7262 29009 10286 32640 5619 15585 17163 20943 10748 16543 14252 19878 13951 15266 9275 17846 9561 15522 14979
8684 15710 16622 8998 17445 23313 14385 15965 23758 14625 16339 5028 25694 33889 17971 12397 32311 13445 16592 23146 16626 14629 13464 8596 21108 20011
11678 16626 13701 19379 16924 13726 20916 9306 11326 2370 5155 15173 12848 0 16613 14021 16641 20181 2299 16931 12514 7352 14304 10986 26161 20924
15026 17969 17189 4091 17448 17985 19451 17220 18424 17082 26183 20816 17138 14976 20184 19406 15008 4374 12530 9093 15877 8679 17047 10008 14253 16201
10024 19619 21518 15818 15529 19915 5780 16938 14369 0 11677 1453 10972 5984 17810 11112 18637 11947 7145 13340 17107 12729 13858 12639 11080 18753
25314 14042 20431 14498 14356 6458 25016 19281 12858 22697 14324 12215 19978 29168 17756 16311 8400 11434 16590 18287 14570 15422 10547 12753 21740 25368
11889 13357 18296 12194 14175 19888 837 9532 0 20043 23783 17153 17260 14036 15168 16596 12624 16751 19374 11602 17139 14522 12081 8735 17726 10384
4480 17219 14059 10897 16210 14276 22353 12672 4822 6175 17117 8531 19274 17941 22660 20335 22906 25885 24547 16041 13227 11624 10021 11575 16912 23663
13081 18945 14145 11138 17378 14928 3369 19234 15522 14998 21673 15512 17147 12758 17770 10435 9650 11369 14561 18864 20198 19012 21671 14996 19852 29856
19597 18506 14929 18150 14143 21323 25280 14373 15648 9423 14685 7976 21332 13573 19458 19310 16993 7422 10399 25285 13631 20453 13564 11743 20911 15533
19210 12441 11369 5933 17440 13421 15302 10016 18494 22050 6623 11282 17686 22556 15796 27226 17123 15951 21036 11196 16070 11611 11041 11584 20403 15537
14317 12219 16133 14561 19939 10295 37132 16790 11312 11861 13429 17084 18454 12904 16122 12158 20237 17339 19035 15024 17462 9116 12298 15835 19307 25323
0 17332 18422 18627 16114 11360 30336 15266 21142 8512 24547 5848 7352 0 21036 16106 15859 11082 16782 15424 20286 13715 11272 11175 13351 20117
15609 14509 16375 15508 18195 18990 14061 6057 19240 8442 14091 1622 25896 15113 12676 14409 14435 5545 13799 10174 13455 6810 10136 13809 17071 21220
0 21196 9968 15077 14473 12867 14115 19575 10882 18114 26957 20449 16764 7728 13360 8658 12621 6419 12353 20722 7340 12926 13541 12581 7626 19617
15243 19944 18820 8260 14840 9208 25312 11786 18466 11527 18420 30152 16607 0 19071 10051 13336 12396 30008 13928 23810 11150 12283 10600 18785 16659
1340 14743 19931 14549 19394 19881 29095 16081 5135 10619 23046 10125 16179 9848 16657 21495 14061 11548 16144 14982 17194 11883 15932 7270 20800 17046
12241 20481 15531 11142 21111 24832 17822 15666 16754 12633 14014 16623 14124 5091 17335 703 26016 9966 16497 18007 16284 16648 8006 7952 20418 16854
10679 19612 18622 23591 22381 13300 15384 5814 12151 17511 19504 27702 17049 28982 20905 16811 14591 18391 24296 12978 22992 15174 14996 9368 14377 23516
5041 21331 18654 16518 17091 11076 26370 5564 13200 15035 21725 9208 12867 1866 15616 11161 7921 20519 18815 17946 16468 17793 14540 12665 15135 15417
8842 13207 15996 5997 20407 21230 20251 15344 18100 8439 23238 12773 16907 8243 11282 11737 21018 11410 8214 23100 17212 8611 13578 14811 13080 22283
5349 13286 16842 16512 17645 17078 18479 13400 5620 4851 11422 31633 15992 8763 19729 13470 15268 18274 15491 18207 22960 25551 10140 10741 15090 19390
17063 16672 14387 13293 20114 19245 19798 11364 3168 15841 12203 16369 17198 5916 19811 9951 13404 13786 5839 9846 18682 11638 16995 14748 15590 18580
9485 15126 24637 14567 13437 20808 15783 16374 10375 0 13219 8106 18458 17813 18670 8732 25584 26206 14812 13689 17562 13175 13535 11545 27743 10130
10624 14051 14248 12871 19058 28117 13567 8097 19810 12869 20550 0 21051 12109 15307 20972 14745 19451 6255 22217 20372 2275 9162 13129 11087 24715
24326 16101 18329 23591 15042 12068 33564 14896 20500 7233 16856 9422 14232 16233 18389 18070 22574 5326 11727 18196 11271 7187 14641 10968 20273 10621
21765 15446 14578 10054 15107 26996 16083 12078 15958 16650 12447 1315 17011 7123 21193 23067 12154 15642 17673 6454 22240 16393 10921 10955 11269 20112
8997 12078 14429 23185 14174 25461 25078 17955 22140 0 24026 2628 13060 25961 17275 21570 12194 17467 19123 10778 19555 10891 14830 9456 22525 24267
9776 17204 15689 8565 13234 10010 0 23860 22665 14438 22707 23075 14184 17085 21755 9950 17075 11933 20684 11671 16892 16771 14267 7889 15667 13930
15791 9967 12454 20293 16928 23698 23328 14606 19119 9607 19502 11716 26483 29254 16148 10507 8945 13632 16571 20473 16107 10784 12375 8549 6334 20475
6579 14976 14759 7641 17676 18345 13154 14128 27670 2545 16631 27835 18529 2506 20962 11881 19965 18760 30997 11345 16967 16122 18800 15212 12273 17940
13115 16553 18125 18730 19447 17997 21821 7739 12351 20359 8181 22470 20751 18017 22710 17507 16938 3493 10621 20656 16995 5035 17815 12601 26899 14962
0 15754 17510 13385 17945 21128 6193 10038 10415 5675 10116 11004 20261 5403 18062 11099 17984 14144 22495 15920 16213 14990 9699 9622 19909 12333
15758 15891 18264 19697 18460 21564 11126 13318 9991 11056 21580 6570 7723 16934 18745 11897 13445 4397 9369 18011 18321 5533 17757 10380 25754 29543
6953 13629 18206 12770 17423 9300 8576 19806 10725 13569 4370 17832 10426 10672 15922 18069 18693 6043 15882 18850 19097 11681 15825 8497 10847 22197
11114 13149 17017 7251 13731 4216 28252 12999 15360 11412 19206 19230 18525 9890 17554 17207 17162 21233 29056 17908 11855 8454 12649 14094 24235 21620
0 13942 15572 14392 21071 17470 21946 7802 16730 35705 18381 11577 21481 20753 17920 19717 20613 9663 16964 15844 13121 18690 12090 15932 11603 15895
13721 10611 21596 8517 18419 26195 3985 8970 18324 10623 16955 15077 10491 5775 22536 18934 16675 10744 27068 19911 22772 13878 14925 13227 12205 17017
11122 18827 11543 12020 15339 23943 9077 10952 17862 9876 35915 12639 20276 11169 17839 9146 20270 12354 13068 17527 17411 10555 11790 10417 21793 14209
12466 14439 16097 9942 15067 17367 4066 12667 23576 1808 21187 18610 9660 27005 14917 10142 20541 15748 14750 19722 15983 16742 14995 9581 17953 21421
14847 10915 16184 4479 16056 9707 45348 9868 12472 7524 27302 17372 24892 18397 18626 6342 23794 14827 17691 18645 18882 13693 13754 14607 19183 11707
12808 19641 16973 5500 17820 18612 4152 19179 10897 8119 19580 22036 18639 5763 18624 15367 16613 7623 16623 17436 16459 4007 13441 9612 28456 17685
12109 15158 12442 22616 11358 31623 10768 10018 7796 8329 14191 4215 20264 6307 13467 23041 16761 24493 15190 19533 22090 2858 15148 12122 21227 16692
0 15479 16996 19206 20102 21230 19764 18471 19859 5381 12438 4598 13752 3055 18690 16170 21898 25986 17084 18098 15886 9039 12045 12130 18711 15252
26380 14839 14437 16083 16852 24869 15349 15400 26090 17510 27864 21628 22636 5238 15875 13398 15768 12931 24071 17511 12170 11566 14419 13969 6821 26001
12410 14376 13591 14016 14752 26236 5297 13029 25403 14391 14586 5993 19331 29534 19262 19421 12853 5431 17375 11975 11623 11005 12877 9418 15985 18738
10797 20946 15546 17436 18983 18925 24952 12517 16234 0 10286 19143 16312 16099 23199 17518 16276 18259 25904 14716 20934 12893 18116 7085 13971 15442
6153 13504 18438 11041 15040 29757 30171 17799 19493 4276 26116 18184 17389 13823 16706 11910 20386 22051 16696 13827 14745 17478 12871 14036 15988 12191
11282 13220 21583 9300 17154 18238 9552 11607 23186 7228 17367 14372 16925 26515 19583 18535 4761 11229 25828 13859 18280 5583 16409 10582 23910 16616
7142 19458 12788 6172 22086 8125 30816 17129 0 20711 14732 9077 6140 25788 14642 10498 24378 16275 18573 7924 20748 6067 9817 10691 20818 25927
5619 15851 21763 7941 17990 15745 19714 10054 15730 10420 8517 12779 16428 34780 12324 14961 23102 11205 17876 10631 17674 9742 16220 11039 12730 15536
17570 20640 14561 2932 16758 30448 14084 14261 9020 14969 19647 15572 18224 0 13134 8235 25982 10716 24813 10824 13459 10596 17021 8743 24713 9780
10674 12232 12954 17439 13947 20092 14416 15400 12145 12835 21711 4088 20235 14457 18651 13227 23953 8949 7731 8839 19106 10911 11433 7138 14853 18936
20300 14939 19706 18414 9516 15117 5742 14340 12551 20136 15029 20967 19285 7446 20106 15267 11163 20288 14668 17355 12468 13073 13944 9034 15507 15570
16555 12139 10859 9420 17382 16426 12503 6982 25094 14646 11731 8747 21036 9658 15218 17783 16643 15345 19298 14959 10376 9873 9445 9849 21307 14448
13736 12639 17256 12872 19768 17754 13599 7864 3166 2604 15331 16200 11425 24551 16769 19404 21629 12179 16828 12466 20206 14304 12535 8621 12524 26789
12486 10064 12427 15058 16601 14547 3987 12013 13059 0 17626 1030 14156 5019 16276 14774 19739 17794 15774 22616 19209 14128 14267 10859 11339 14302
18285 18786 17900 17055 18263 18204 9435 16783 14974 0 10141 16346 16678 16446 17228 15463 22813 1983 14235 18439 14555 13180 15338 9529 11869 32329
5076 19957 20043 8465 18581 15713 13473 6539 12332 8436 20541 15266 11531 12759 11973 14906 17970 6767 13515 19492 16010 4441 8604 10974 19461 20283
24423 12924 20726 11089 18285 22456 14040 15147 9969 3271 11517 22775 11742 7670 19785 8129 11875 11743 8368 6422 19255 14527 15196 11339 16113 20437
17627 18272 14794 5886 16361 8478 14309 15159 14734 14136 20764 19835 8905 15868 17851 17412 10167 20153 13746 6342 13517 10737 18000 10906 13363 19224
3488 17764 20057 5235 14851 23343 17244 17424 13336 5974 21631 16300 7978 18839 18261 14543 10842 11548 11447 18066 11839 14548 17939 10028 22875 24838
6790 16144 14641 14249 16417 15824 26676 13193 7682 12131 25160 2929 16585 0 18752 14531 13985 12744 12996 14138 17131 7206 15097 10207 4897 26522
9961 18959 15766 17032 17502 17214 25051 9521 25265 11806 29528 20720 15710 20561 22837 12768 10499 16046 13182 14241 19620 12380 17366 10225 24045 9592
11290 15156 18777 14957 15694 11676 14920 13014 12231 0 14584 9938 23115 13278 19193 14220 16071 4825 26622 10484 14498 12484 18766 6031 10299 23253
22077 19129 16672 16362 17426 14686 11081 9931 19700 9655 26285 12486 21963 14301 18947 13690 15594 18344 13481 13901 17900 1519 15617 13708 11975 27189
5588 9712 19503 12478 17991 17104 14700 11670 9209 20316 21418 10504 19981 0 15173 7033 13662 21644 18308 20351 20608 4644 14231 11261 8345 16173
4982 16700 20733 9669 16396 15360 23794 19272 20345 6872 14105 10565 19524 0 19105 10803 9309 8624 19183 5240 18095 12397 14380 12158 6407 13928
4600 18872 16938 18425 14389 28217 5456 11141 14833 23758 30386 27727 14854 26898 17684 16970 22249 10907 13619 11739 18338 11655 11982 10914 12389 11392
0 15023 19394 7757 15408 19033 19361 10557 27386 0 4341 0 11398 0 21704 15799 18196 2203 14037 15608 17794 9797 13944 8092 10250 12158
1966 15537 14304 14537 17223 22329 25698 17345 18851 6179 22750 9136 12840 7230 16217 11841 17306 17497 13562 11702 12646 12965 12070 6863 18393 19811
16205 13936 14530 19155 17665 12435 8542 18249 25783 0 19220 12780 23447 8910 20670 8548 19022 4390 19685 27710 16764 9264 13335 9112 16251 20358
14743 13428 14988 12230 14922 29085 13668 12891 23930 13058 9599 6288 14107 24922 18785 15200 6581 13359 19106 20501 17537 7216 8845 9933 19147 20958
15862 16269 17282 16776 20013 18590 23268 9822 10050 12349 27135 17753 15921 10401 13939 17698 13524 3832 9070 18710 21036 13900 15344 10731 10977 16968
4713 19639 12199 4911 14498 27099 17772 13747 15039 18847 18458 10833 17758 26219 17679 10765 24304 12332 8689 13088 18653 23770 16148 12693 21110 20960
1723 22701 20253 15079 17577 23790 2032 4432 9339 12215 21496 12897 17263 15480 16729 9491 23216 21691 7978 12364 20820 17427 12953 11321 16275 15234
11697 13839 11497 17824 19290 19339 24183 8354 19291 5232 29105 15185 18393 8893 20397 20995 21225 13681 19922 17249 15059 12100 15649 11800 13285 17556
16328 19888 17425 9929 17155 17729 22948 12967 20261 10977 15825 11832 8347 0 14195 17158 13748 13190 16380 18292 14993 10548 9676 7629 12684 10992
23236 12366 11477 11315 19468 26872 11041 9923 13645 14955 10854 5885 10446 0 20824 9226 23746 11190 20216 14690 17848 6134 14948 11381 9510 29053
9566 18249 17246 20640 15776 11374 16674 13057 13372 13946 9566 0 20453 14517 12374 10912 21669 7625 13300 20080 19386 17135 15384 6978 16963 23011
7592 16193 14678 12309 16605 28837 5421 7063 6033 0 29993 3080 20698 0 19491 14100 15957 7550 7799 5417 16657 7155 17319 14059 14897 19685
11609 20679 15298 8830 14696 2257 23296 8534 6808 0 17926 14792 11550 19965 21152 18890 11461 6815 15028 14119 12445 10292 7629 13393 22322 12041
15677 19093 16206 4499 13956 11157 8105 12427 10654 14932 21000 16018 9284 18705 26448 12604 22287 2268 14236 11829 8995 7884 13814 9757 23360 22900
18766 14585 14049 12682 16310 4004 18706 13255 9183 9148 15943 28413 18565 12646 19355 15656 8221 7920 11655 10608 16857 2537 10874 8573 10991 25143
19326 10530 15010 18794 17818 12331 13733 13319 8569 27130 15146 9500 16268 18742 22016 18410 15463 1054 19649 14873 23994 10749 14527 9226 25649 19291
13860 12694 22109 12097 15616 16615 13949 15104 19549 14319 18401 16775 13267 8746 20018 17765 20973 5984 34145 24395 17585 11139 17476 11340 15458 8121
23547 15867 17586 12589 20468 14750 25016 6533 8145 7671 19705 12215 11095 6500 18719 16340 16090 25116 22368 12704 25288 13179 15417 10773 12382 27895
23069 16171 15568 4907 17076 19182 0 16947 19991 16434 21119 9038 10358 14066 13383 14370 16890 18516 20508 18930 18851 11195 13599 10366 18115 26636
8603 16325 16216 8509 20337 23771 25558 7637 23785 5067 16942 16943 15354 25785 16387 14335 16195 13378 15134 18628 15201 11073 15232 8589 14672 21508
11178 12933 17731 7413 13350 5871 11624 16348 18314 5395 18112 12588 13874 16690 21919 19636 10066 25457 8706 15266 18402 11466 15429 11699 24438 37189
8499 15733 12600 4483 17284 19163 12888 13520 24371 1473 21927 6739 18022 24539 20476 22658 20236 9827 15136 17030 23429 11683 13660 14151 17042 21826
19648 16018 16776 14107 19601 26364 23001 24106 11331 9250 19823 13370 18018 21957 21324 11699 10233 10566 449 22596 18089 5621 12795 8135 15552 13823
0 18308 15728 7348 14456 12317 14072 18666 11071 14755 29880 21037 17151 136 18003 11963 26507 7676 18300 11776 20772 9753 13907 4691 8101 21522
8283 14868 18485 17031 16334 12206 23548 14050 13503 18044 14984 7390 21664 0 21298 0 18107 20884 11532 16052 12751 4519 15769 9321 20541 24257
14082 14196 18264 12663 17416 23143 11132 4903 8349 5387 13092 24433 21649 6945 20734 16163 22322 3857 24905 20534 19345 11946 11220 9189 19309 24956
8380 16580 11211 16608 18796 28057 10048 23000 18265 6225 8085 25070 15669 23700 19615 14503 18605 15545 11643 16742 17431 5310 13679 11092 10234 23703
22908 13389 19733 10792 24159 25649 17060 9182 19302 8464 2641 2837 13823 0 15387 12943 22767 13269 469 18635 21174 10187 13388 9646 23639 19646
17194 18133 15504 8777 14139 12593 14211 18187 14069 4874 23888 10099 23327 3451 16692 11499 14970 22104 10170 11554 17007 7270 15370 5489 15653 20575
18707 15326 11237 15483 18572 9253 25016 16236 19080 6678 25178 3686 18997 26074 15735 13133 17859 16122 21472 8090 17068 15727 12325 10329 21048 26704
12655 13585 17412 21781 14733 20277 17413 13524 16443 10822 11617 20260 17625 14704 23863 16611 8862 13197 13750 15509 14349 20492 18055 10291 10884 27845
9522 16457 11726 11469 16686 11585 14766 20866 21520 14322 19637 17890 21567 21510 19736 16466 15346 21335 21354 17826 17027 10486 14931 10186 16622 15497
18394 9195 14960 15435 20978 26995 20728 22114 23681 0 20813 11416 12505 16475 14278 17986 17830 11388 1869 10084 13459 9398 15238 12956 12031 16370
24333 12443 14770 12150 15133 20387 27323 11249 27588 10815 21424 7203 17520 17994 14812 20101 23617 12806 10066 18540 20484 2953 12481 9719 21123 10147
0 17319 15678 15963 16045 13755 24632 12305 18387 4089 16272 11067 16611 5010 15284 15495 11898 8977 14907 13763 13519 12998 13710 11941 9841 12185
8891 15923 16704 9453 19485 14086 14519 10445 14824 3905 20500 15364 21186 11574 24842 8532 18634 19310 23005 9329 15929 17005 15673 12524 11882 17979
12903 11030 15686 8014 20047 22484 26102 12136 13593 15046 14095 12750 19175 7468 15790 16011 16099 0 21141 19663 13928 11379 12945 14187 24750 16284
0 14390 16120 18068 17414 19784 23491 16083 9453 6314 12654 2774 7323 17792 14219 14147 19213 18824 11627 15737 22619 3260 13800 9242 17601 28502
13019 17413 19556 5100 16010 29020 15087 13652 18020 691 23935 17361 24152 15858 14439 21977 11990 6111 6338 17180 15088 10804 12079 11442 16079 21861
14009 13523 20237 16800 16762 9953 12937 11340 11374 18067 26561 23282 21429 16565 23378 13739 16588 12733 19756 14662 19094 8120 20207 6643 14899 22817
12251 17977 14840 11408 20112 16265 22906 19084 21172 20364 13787 12699 17461 15930 25051 11900 18376 9734 20491 15298 16794 22722 11856 11225 12709 17016
9957 8864 21063 9988 21641 18830 9436 18584 13614 6907 30289 0 14410 20138 21625 16472 20933 10477 12379 20264 20306 4305 13064 8461 11245 18282
12430 13692 19168 12706 16045 9938 23676 19273 8121 2520 14672 15480 17621 23571 16449 10037 22409 5829 2103 12047 20164 13021 16730 6274 18170 23547
12902 16827 14491 9749 14305 18359 9021 12687 7420 18120 22784 7930 17380 8597 12851 16347 23110 14219 8849 12687 15731 11633 12749 14252 13239 30885
19103 14378 13962 12047 19859 11423 20667 18676 21371 19101 18760 16563 20075 7768 20528 13010 20217 13245 4350 17995 16059 17298 15888 3399 6812 21751
5433 15986 14817 2205 22004 26757 15485 13423 9927 8010 22578 13595 4815 12873 15179 18047 16464 13915 17967 12818 19360 12974 12162 7767 13452 14012
4194 14957 17380 8780 18737 17100 23532 7982 9050 8933 14812 21661 19063 15568 18380 19259 16382 0 15755 7898 23789 9196 12540 10463 19960 20767
3826 13961 12572 24426 17876 17724 27086 16351 17207 6693 15604 31697 25299 20313 18225 8612 14975 8933 14485 18817 14061 9664 16448 11530 28873 19676
19526 18298 16387 20406 17912 40660 15500 17253 14305 20061 30583 24482 15724 5446 9454 10848 11435 5148 10500 9129 14873 10663 15055 8537 18036 23350
8242 13620 11213 24593 13751 14552 14765 17604 6454 3543 16617 6128 18319 9568 15711 9162 26045 15080 6227 25190 15859 11504 11137 12803 26765 24375
17116 14410 17711 11907 17298 14790 22079 18386 6659 9310 17434 1784 20344 12765 16928 15012 26807 21169 20298 8435 17184 5434 9993 12042 12550 29141
14288 16009 16047 22590 18815 24710 2572 12097 24641 12986 11953 10833 15128 14066 10962 12431 10959 14027 9362 14557 17418 14716 16044 8581 21711 4700
12187 15717 21393 6973 16043 22914 12320 13369 23170 8348 19432 357 9495 13036 22644 20947 17284 5719 7743 18288 16878 12727 16540 14701 11345 9222
18027 16786 11560 17593 16004 21372 24962 15207 6672 0 16175 21300 15376 24783 22539 18072 17726 6626 23199 18517 24844 9762 15540 11340 18210 16021
17296 14480 13852 5915 23081 14198 27607 10730 17188 14230 16785 8541 12913 8971 20557 12442 14492 3513 18413 18765 10472 16226 11145 9806 5775 28655
12828 12956 18592 16530 17447 15561 7193 17695 10218 11139 18352 1775 14541 16082 25780 17405 18036 1762 13047 20352 18886 5756 14733 9763 23429 27453
16447 13853 12701 8895 16641 15093 11092 7157 17911 0 11462 8379 18004 10955 17092 13313 21284 6288 14333 17023 15159 15276 15481 9627 11584 32356
12003 14271 16477 11164 19554 15190 12336 10291 11009 643 26836 11364 12593 12713 19846 12031 14662 11690 13315 9036 16699 7570 15922 11675 12329 12732
15730 14581 17170 12480 18301 11678 10274 12252 20717 11676 24163 29475 10918 28277 10840 15156 17701 16840 7127 16143 17292 10196 12326 11004 13377 20712
4005 15065 18124 10582 17833 19671 19157 8630 14849 12959 13420 19867 13746 16975 15890 16465 28145 17522 13285 17603 10596 14075 11198 11320 6733 20141
10833 16224 15741 5507 16294 13295 16470 11512 22047 12934 27536 19330 19368 14061 12073 19022 15888 2927 22321 12961 19293 13512 11700 11137 16742 27502
17734 16881 13262 13506 18437 18479 17111 12316 21427 10206 9673 3315 8832 9982 17638 17025 25817 640 8433 17171 11268 13254 12516 10767 19905 18984
21017 19336 14269 8429 15722 11909 21145 16709 11347 10524 23400 11668 10482 6958 17253 20339 23930 25536 25455 14543 15854 20757 11339 10907 14878 20871
9005 16332 17145 16823 16532 21692 6339 17307 11939 16540 22745 13852 10802 15218 17766 14879 14576 6134 33204 17251 17112 18011 16833 5706 14631 18576
13413 16404 11066 14288 17490 10156 5595 15618 13184 10948 22669 5294 15171 14628 19073 10990 12648 12443 5331 15210 16623 7636 16310 11677 28019 21040
5764 20532 17615 12069 15353 23989 12068 11787 15989 13452 19831 6058 15161 12700 19611 9277 10164 5622 6898 17878 15910 3388 12283 11572 25070 20458
11015 20928 18175 21038 16604 19175 22741 8650 9979 4533 13407 15575 17232 6100 18150 23470 19853 18819 8363 22605 21670 12497 12477 9823 18468 17629
20914 13595 18698 5968 17518 27267 24586 11767 18931 0 17065 19658 8650 21143 19160 24912 19672 16108 5790 12059 17614 6941 13087 10066 17923 13038
12798 16179 16830 7879 17359 9313 16536 18101 17848 10041 19607 6879 14672 21408 18318 14137 12482 10191 13144 7652 21382 10721 12967 11697 23906 24308
9706 15229 15583 6465 18231 16072 9297 17345 20766 18089 26695 10089 12203 35690 13785 15135 18213 20896 9172 19142 13532 12119 13204 9457 15231 24042
11148 17491 19442 10984 18587 32430 18119 12051 18983 19510 18286 8572 7744 12371 16763 18411 15287 10355 11872 15535 25357 7722 8486 11939 13678 14185
0 15789 14696 8877 17241 18763 15346 14996 1913 4510 14706 1957 8049 7073 16912 15757 18694 22529 9579 14994 12421 6506 12477 10318 12889 30700
16245 16445 11893 9704 17151 18889 6573 5547 23549 27324 12802 16929 11814 10640 17170 22737 14920 15878 18291 17584 13009 7234 14418 11559 20069 20749
12671 17531 20211 15942 18695 7485 20097 15755 21635 12815 30049 11473 9174 11232 15050 11150 23952 1046 17617 15038 15975 20371 15711 5899 24215 24301
18538 17450 16742 16443 15867 21460 14753 10698 20460 5806 29723 1453 19224 22255 13645 12536 26196 16945 25816 13353 14759 7737 13963 12506 6637 15984
12783 17999 17873 9347 18382 15017 6921 16181 10018 13098 13841 17479 14416 11061 16323 15102 17559 15368 11546 17163 14421 19095 8069 10745 23022 16513
11670 18503 17417 23228 13289 19956 23326 10051 16875 16852 28298 12374 12742 21516 18381 18566 13534 21505 4059 15347 15801 11917 9235 8967 14171 10991
13681 18302 14663 4179 17782 18957 4003 13396 9765 15112 15506 2388 22791 9511 17020 18946 11042 25531 17630 13971 10976 20315 13626 10211 4826 15704
13846 11539 11377 12432 14506 16832 23912 13194 16811 10175 10366 19854 14035 7691 17123 16123 19693 12956 15136 14854 21312 9014 19590 12123 5235 18553
5356 16863 14243 15151 15585 22670 5673 9873 16111 8669 14823 14686 24993 10042 18925 17940 21434 13754 23426 14472 15854 8889 15594 12939 10551 20187
15349 22760 12401 13978 18062 21413 25737 15469 3551 0 15309 6191 18539 15227 20055 16113 18297 11098 0 8483 21378 8543 11215 8945 13211 23863
12618 18192 15644 13293 16573 10472 11436 26528 18370 27166 10613 9031 13139 11582 17622 9824 17202 7903 17774 16753 22538 15903 14467 10761 7655 6715
6030 17746 20492 9125 17775 11119 2462 13456 13753 12741 25758 16640 16775 5295 16449 14085 19062 13925 21380 16787 16572 10313 14454 9607 18877 12548
18533 10729 18329 3439 16346 10807 16162 16276 7034 0 20722 16061 14672 22252 17123 17637 13009 8952 17179 14706 7694 14357 15772 7917 30179 28063
3427 18634 14918 14967 15804 20135 12314 17032 4476 6152 26087 4153 18728 5298 19436 5525 13798 4621 20123 6769 15952 7690 16426 10490 15862 18155
17804 18096 13918 12077 17954 8258 5405 13101 3684 8636 6150 10268 3226 19100 16324 20302 16400 9235 27255 13456 14909 10089 10435 12576 15831 10992
9407 14780 11680 21160 19002 21057 29702 11443 20485 7883 5829 18406 15424 5478 20039 12733 18533 13013 26271 13021 15292 13467 14414 13693 12315 20909
2574 19466 14698 9715 15839 4944 11699 18017 8744 18571 28754 0 7068 23544 16481 7410 20603 17128 12380 16250 19112 10212 13819 10901 0 11940
16024 17737 20337 9046 15191 22518 20535 8445 6010 20926 2166 3400 12945 12487 17195 13214 23671 11929 14653 19120 22483 18329 12804 12600 15013 15937
21591 14731 16931 2042 13716 24184 12047 17305 21723 11964 23812 10413 26610 13610 21539 16499 20927 10936 5173 9897 18507 9670 15249 10291 18863 17426
18254 15699 20641 23769 15055 25465 18830 9019 16997 6416 24233 11880 25194 7932 18255 10603 24812 18929 31996 19337 20324 7420 16330 12476 23968 20723
21266 13541 16533 9868 20116 15272 18709 16675 11192 16494 6933 14297 19888 20898 17288 13471 24915 7887 20627 10414 13942 11764 11375 9741 23971 25202
11856 15358 16386 16920 16746 25655 15787 14994 14069 9278 20512 16298 20789 11365 21453 18898 11957 6669 22319 16011 21285 11816 16346 12343 24552 21278
7876 16380 16425 24952 17105 22701 9187 13750 1206 0 7172 21617 22976 9610 25741 20343 27877 17029 6419 17969 15218 19431 13822 11981 14494 23287
15727 15704 14931 6284 17941 14112 22053 12497 15478 8728 13751 19088 19661 13361 15227 17735 33544 12922 11175 15090 14262 0 15206 15458 23418 26744
20246 11713 15534 20856 19146 26739 9482 13912 16224 2928 29545 19736 14900 12321 15371 15605 12123 10312 8734 14908 16400 20680 16885 12737 19528 23851
9713 16867 22098 17480 18529 18867 17093 11460 12284 10353 15862 1500 17068 22675 19430 13114 23411 2765 0 13741 20458 12389 15271 7217 10847 20366
8654 14042 9159 0 17840 7503 10555 10260 18207 14634 10005 15518 15213 23604 21430 13785 20448 19499 10575 19839 19361 4386 16519 13247 13547 12067
10443 17744 17981 13880 16585 30984 27799 21968 19919 9714 27549 3901 20725 83 18711 8162 20128 22884 14977 13436 17685 8492 13460 9708 22961 18907
9288 14985 19870 20422 20941 23676 32067 14027 12570 13082 10534 13132 15776 25246 17612 8229 9019 11398 19060 23645 20418 18529 14458 13607 13661 18520
10012 14848 14786 15404 17831 8340 15395 16133 17355 15418 16283 6037 20657 13462 21052 11167 22246 0 16054 25523 12345 8182 12944 9459 18594 21343
14678 15358 20721 18057 16502 18166 16291 8771 9114 36413 28441 16537 16014 20884 19673 19325 16008 16058 19218 6736 18604 8666 15767 4141 15649 17095
5603 17114 14480 13799 15972 26201 14427 13213 23919 4532 6661 23649 19996 9303 15107 20467 19523 6765 10152 17841 18185 16756 10658 8112 30239 20472
16853 18220 19465 12725 16296 19508 33470 15934 13170 8228 27934 16995 14840 10001 19851 16539 12128 6783 20755 17256 21601 10635 18051 11084 13179 15253
26384 17843 18577 6624 22129 17606 28321 14687 9730 20066 32311 15035 18740 21761 20197 14997 19704 17183 9486 14184 21404 15328 9856 8434 19618 26639
15278 19173 16593 6819 17749 20031 21455 13828 12209 23709 9510 0 20875 8424 15924 6728 13545 7854 15311 15893 16411 9723 11581 6674 32283 8394
22190 18000 16799 11214 16163 22102 21060 8866 8549 11368 18370 10558 19895 20596 16174 8492 18158 15024 2738 18616 21043 11419 11521 7634 14466 24537
18805 16178 10376 12076 16749 22744 37499 13018 8083 13251 19760 23934 22876 21347 18902 11792 21900 10769 28401 19951 20680 13133 10174 9976 23167 21508
8648 12354 16800 7415 17085 18681 11721 14315 16998 2427 10767 0 15530 6257 18189 11498 17720 11919 16272 13663 18614 12434 11923 9153 14167 30973
7000 10737 16633 14508 16101 15998 22478 22260 11179 15 6755 14780 18431 6316 15992 19563 20249 13700 5010 12669 17609 3063 12060 10631 21979 14643
13579 12963 21178 8821 16820 22146 24625 14017 7712 0 9515 6838 16753 18228 24454 20234 16351 19223 3458 10322 21662 10956 14111 11147 19020 14886
5708 13196 19819 15148 19927 20480 9663 12763 18770 8219 18521 10078 15034 11351 17396 10736 21117 17344 12533 17319 17094 13090 12385 14720 19696 23178
11054 18152 15333 8284 15349 19813 26563 14506 20771 17635 12822 27075 20436 10425 24068 11249 9147 13862 23168 13094 15612 14911 10409 9880 15752 18444
11440 17268 19531 10224 18061 5695 29741 14599 6033 0 6448 20177 20087 0 20159 9494 16252 6997 6835 14793 20420 2217 13972 7653 19445 15259
13183 18654 14067 10638 18490 30015 17198 14312 19307 0 25276 11303 20605 17018 14084 14068 22111 15746 13876 12523 19069 10530 13249 11348 9764 17741
8828 13435 16786 9990 19170 13610 19978 20450 15714 14389 18502 13775 22630 7819 17442 9601 16034 12919 15548 8858 15268 15762 14308 12535 23485 15936
8079 18981 13322 12809 16132 22661 15924 17014 14631 0 12001 14783 17228 8078 23310 13814 23512 5891 22080 11882 18277 9779 14099 13778 13515 21529
13399 16043 18113 12156 15073 10897 21395 12709 18224 17991 26695 14208 19766 8140 19963 15247 31223 14937 34116 4414 14097 13999 14785 14025 9617 13083
13735 19193 14407 24638 16507 19054 30463 12951 12382 12676 34357 3512 26191 16803 18547 9766 17959 10715 12892 12069 21647 14974 12306 13097 20983 10054
2787 14698 16099 15331 19946 15449 32196 14067 24228 11435 11988 5798 14766 6693 18246 18563 6476 8775 20511 15377 15410 6994 16783 14563 17773 16687
11243 17538 15607 19134 16361 35574 16087 15008 13424 9963 20326 29125 25872 10025 22224 21550 14004 18344 14999 22746 20326 16465 14487 11642 20795 8066
14181 13112 16776 7107 16190 25310 18689 22497 11814 2283 17112 8672 22438 8616 19704 17783 21755 24780 8626 12959 14299 1381 14500 5112 17779 21996
5578 17822 18149 12407 15373 14482 11962 17415 18433 16334 16692 8885 6168 23067 17646 10926 15964 20795 12968 20398 17874 10847 18353 9982 21277 20451
5298 16122 11329 7921 13815 17745 20521 11254 9410 14449 19665 7338 16362 14038 17246 17292 12542 13742 19203 6660 13162 8382 11583 8827 18907 13028
5592 12137 16396 8215 16674 10327 19565 7664 11075 12131 11381 14061 21147 23517 17627 9173 16249 14387 19605 15622 18225 12456 15483 10516 6894 16254
17417 16157 19497 11049 16973 30319 18963 13882 15818 17460 11899 19874 17023 13485 15060 18465 20043 25152 23069 6330 16916 4086 12197 8596 20313 26219
8457 19753 15391 10098 18606 15604 12482 15963 16682 2369 15143 19388 21207 4399 20865 16152 19277 14102 13467 15044 16060 11959 19373 8053 18979 26437
16470 13986 22763 18230 15116 12595 30313 12948 21633 9347 18814 14077 16247 24192 21407 16493 13545 19738 16280 8026 18531 5293 14868 12688 19630 17638
2482 17667 17037 22656 20927 32380 27022 9972 10272 3681 21646 6506 8329 9016 14755 7541 19543 17315 0 18423 20255 11175 13876 9567 10859 17143
15613 15443 13553 12097 15691 12360 14349 7858 14006 9098 28900 12604 19426 10281 14011 12281 17401 17424 14276 7746 13819 12917 12838 10200 12113 14294
9091 16755 15950 8882 20770 7010 20436 6684 15077 14002 10179 2899 9648 7928 12948 12573 21659 8647 0 6648 21264 14574 10908 10636 11490 11081
13663 15588 18368 14151 17052 8837 9628 14147 6364 13448 20022 1940 13110 14285 17743 17154 14811 2037 11112 17230 17957 2007 10354 11864 12504 21964
15534 15830 17425 13271 16604 26394 19483 11922 25600 14779 13859 14026 15423 14204 15978 14001 18485 13698 6028 19410 21904 2161 14169 9596 9949 18902
12213 13686 15411 8667 19585 16324 27680 9905 11170 8422 27679 3083 19051 8525 17311 14885 30199 8306 15323 10640 17926 17442 15022 10370 22306 28622
20810 19175 17377 20160 18573 11838 20224 13180 18115 19767 16072 18940 14370 12886 18439 9877 18999 6851 15383 17803 16357 21397 14730 10705 16569 14264
11553 16670 17108 16394 16978 21842 19773 14959 10919 19238 13985 21963 21788 16715 19212 17679 12017 4330 19162 12062 16320 14281 12677 12156 12497 12932
6337 17603 17596 15711 16199 4700 23615 18362 28698 5793 18356 504 15090 0 18401 10052 18912 15005 19889 18964 11550 10659 12104 13129 7442 18954
9962 16132 13937 18193 16798 23323 16756 10079 12893 14267 14470 16646 19673 28448 17497 10690 23919 7353 18538 14412 16352 11176 15115 12381 16780 20544
5520 15527 12352 15856 15392 15833 19315 15191 13272 14309 17823 1925 9516 5412 17121 20337 22534 27523 14580 11882 15613 14995 17856 7935 5880 22018
19870 19527 14025 6754 16728 23131 24840 17012 19619 7795 23504 23919 12638 16015 14887 13287 24081 9521 18720 12100 19648 2451 13540 9868 23025 13953
6017 16292 18111 16606 14985 17860 11193 16060 25170 11939 19098 24104 10975 12558 16907 14473 10591 4647 20218 17664 20287 17742 16900 7682 14084 10446
6365 19991 23402 14277 18540 13536 25458 19498 18524 7445 25240 5280 7227 10266 19098 12547 17636 2960 3151 7669 17771 9928 12194 7551 13369 24730
3444 9558 15243 17717 14089 17520 18384 18793 15303 0 17594 22430 21496 6856 19002 8476 18824 14794 13532 8259 22670 11848 15587 7699 14709 31041
25068 13596 15113 14045 14290 13151 21095 17314 8261 12414 14673 17831 17887 12817 18114 17156 17593 15210 18822 13096 26366 11376 13890 8850 20130 20195
0 12571 21683 24254 20689 4275 14795 14550 22035 2749 24789 15917 20768 16296 24860 15188 20809 18018 22537 10978 20187 10713 13870 12359 28155 21554
5580 16609 14584 14429 13663 25980 27948 20550 27712 6523 17912 13985 14184 9176 17160 16711 16392 12967 17964 14357 17481 10763 16265 14653 23288 25270
14927 14609 13899 15093 15859 23470 4369 14651 16293 21146 14564 16301 14432 12839 15040 21152 20803 17028 14602 14577 21802 13749 17826 11437 11203 12643
6311 11617 16870 13351 17878 21819 10642 11449 6230 20841 33540 13961 11652 5997 16572 18561 14469 16692 19138 10428 15773 7566 15157 13724 9028 21444
18076 14442 15429 13883 20085 15254 15517 10234 19145 10761 23517 10133 20372 13636 18502 11686 23284 2452 25218 17324 18353 7558 14136 6133 20301 19537
21400 15704 17926 8829 15437 28465 23943 14184 12485 4662 32316 11318 12729 8349 16266 18080 22238 18572 21349 9409 16932 9134 13559 10026 15044 16597
4174 13775 16512 18567 21032 20046 11389 12932 14427 18580 10991 3052 15574 17354 15280 12728 14054 14589 12535 15489 25055 6334 14631 10609 19485 18516
18010 15195 15136 10817 15774 15545 18071 7811 7985 9834 6377 21494 13038 3781 16923 18034 19672 9022 5208 15820 16397 11539 13776 16030 19970 12231
17099 15424 17833 8631 15938 22867 14413 19126 17682 17761 12708 0 18301 11805 19197 19145 14732 9905 17330 14046 19238 6962 13669 13574 26864 16243
5938 13296 14979 11308 17492 34769 14317 17708 7082 21882 17735 21120 14195 16995 21055 14464 15702 14481 8847 9576 17602 6506 14554 11851 19759 25973
791 17310 20533 24904 16858 14574 17106 15047 14318 17776 14806 12090 20581 14692 21731 16808 21357 10133 19725 12957 17259 15207 14653 6553 25005 7392
8572 19955 20031 26035 16420 11319 9383 23436 9049 14222 13007 16981 12621 17245 13183 18713 19804 11184 21499 15340 14027 17491 9515 8769 17517 19210
24866 15681 9413 15256 16925 23618 14485 17512 14980 21531 14572 12592 10383 9422 18656 17876 19264 4378 10015 22317 20137 19028 15600 12969 17209 6183
10706 12890 22744 12929 22009 16054 35670 13094 14845 14651 21831 1785 15378 22188 21071 6426 18501 1844 13664 17309 14659 6627 16246 13392 19873 14393
4041 19300 18704 9563 19093 14092 17387 4781 6057 2849 10136 12836 18398 9845 17393 8354 22908 27654 13895 16557 12380 10339 10611 11284 24571 18750
10104 15057 15439 5619 19076 34145 13955 6993 17848 4563 24703 14889 18010 20633 15752 17142 14269 352 18504 17409 19170 2368 15127 11072 33295 14436
17899 11807 17833 9354 19578 10564 17556 14510 8671 13591 22592 23307 17671 5997 17628 13290 19185 17641 0 19446 13594 868 17014 10993 24798 15802
9026 11851 16309 8455 15932 27536 17180 10664 26180 15236 17645 17753 17463 22137 21354 10086 20430 355 4884 14030 14513 11024 14057 7006 18723 12829
8229 18274 13635 7812 16259 19842 6241 8487 7397 3705 28019 0 11447 11925 10974 10779 18771 20299 28363 7479 17312 13652 15159 11394 25664 24617
18324 14376 18649 19380 16608 33764 4591 8658 12647 7042 19625 10767 21130 17768 14610 4800 17344 11202 19248 12765 10454 15147 12557 8562 8169 25693
16438 11974 10383 21016 18676 14476 29068 12003 20785 14996 20096 4478 15844 12345 18277 16612 15943 16988 7733 18453 16648 11215 12758 6599 17455 7909
12783 16925 13622 18918 17420 11444 20294 20728 5639 8886 13673 22713 12361 13120 13700 11201 15656 9850 12750 17407 16673 14984 11995 13500 21856 26652
21504 18941 12060 10864 19386 11732 30235 14554 16160 10235 16300 8234 29663 18622 20825 16009 21832 7776 6629 24847 19268 12352 17115 7796 28507 18719
18545 15536 13660 19721 17864 17327 15707 16311 11493 16116 13366 2802 18076 11218 19366 18390 19651 8998 13895 19174 23376 14792 14280 8934 20136 21790
13273 15630 13895 17917 15734 19056 21077 16397 16439 13470 19374 13559 19512 6500 16852 14080 19582 8542 17678 14563 16673 19141 14463 9340 12354 17256
6535 14563 20801 14068 17360 12212 32528 12405 12400 2575 18297 16952 20658 11292 14817 9444 14109 18860 22791 10845 17662 8824 16439 5953 25446 19257
15272 16716 20631 17408 19744 17479 14289 11513 24528 8036 20244 11677 16092 9627 12916 17979 24036 16153 13300 14235 13539 0 10605 8025 10266 17630
4967 20173 17346 12012 17812 3832 16081 14670 19213 14016 19859 15309 13332 14644 19873 21362 14906 11118 8078 20075 19071 0 15035 15449 22435 5528
13813 13862 18893 18873 18931 9812 21956 3551 17741 7350 13829 24708 13990 14157 19244 16816 22134 7684 13775 21110 18233 9812 13256 12824 10050 19100
22653 18923 11784 16397 16657 21402 11073 11658 11172 14950 36488 8612 11230 10396 16276 15196 14844 9366 6157 16000 13328 16931 11681 10670 19781 16830
13331 17458 18641 10122 14020 16955 11984 16033 14807 23150 5873 8721 12162 14412 15542 7338 18006 7182 5242 18352 18560 14092 16045 10232 18473 24202
20864 18723 14759 14791 16793 14742 21088 21131 16729 12446 20239 22226 19486 17513 16027 17452 20895 25157 14657 11767 16883 9336 15992 8793 15252 13314
15078 12869 17054 16477 17029 23120 29250 13250 12075 22591 17914 666 15370 14909 16234 7387 18101 12843 16675 16184 19473 9198 13515 11252 21266 22702
23167 16991 14773 21886 16704 18471 28414 22919 3804 11847 6328 14798 12155 15278 22635 6205 29397 7218 23644 20450 16116 16130 12749 9026 16965 21793
18587 16511 16261 21055 15760 16390 27125 18104 21450 18955 16823 4829 23127 813 15645 12358 20618 16851 16284 14755 18494 15854 11057 11948 12851 28195
17603 18958 15810 24039 17631 17304 19249 10341 7015 7030 30056 14999 13459 27207 20852 17759 10100 6455 21440 18715 18430 12234 14595 9839 20064 22255
7654 13009 9833 22165 16402 18839 8485 6087 18249 3357 17538 3662 10718 17398 20626 11716 23568 25403 14213 15694 15675 16047 13745 10190 13191 21674
28079 13042 19179 13434 16066 14429 6988 13961 19242 9695 21843 20570 21646 17701 18829 16396 17194 25450 15531 12190 14388 23237 8500 12069 14044 17660
1005 17449 19737 13092 15381 12182 19308 16646 17023 23358 11103 575 14106 22295 15303 15865 23024 13481 17743 12766 19792 10887 12870 13746 12823 8874
14919 16233 13082 20034 16812 7865 4484 24064 13980 10703 22456 5278 8293 0 15149 23425 19124 17008 7517 25758 15714 16062 20394 13147 16115 23470
14407 15484 17333 12135 14224 18113 28411 9311 15151 13100 10845 12609 15778 29526 19459 13647 20417 0 16464 15360 23207 10079 14901 10166 20502 13630
3682 13875 17229 18304 17080 21439 38143 15858 14465 40 31446 5619 19593 19121 17015 14321 16790 8149 16370 12117 19644 8456 12197 7740 15948 20131
10918 15524 14173 10096 17250 26879 24502 14122 15351 0 17090 22849 22034 1583 13984 12034 14663 14736 14807 14279 13029 21711 15562 8763 18008 12892
0 14547 12527 4885 16348 12831 12239 14419 13277 17792 24936 0 17538 15300 18272 15174 19891 24841 9684 12533 16608 16739 15882 9307 8817 21434
