365
2 35 61 11 91 2 24 33 58 32 19 59 99 17 76 89 49 85 46 60 65 82 75 42 9 33
17494 24255 18490 11574 28270 9369 20391 8614 11178 18943 15672 13556 14762 10252 21201 16692 6672 7226 21274 17961 16084 25208 30068 8472 16891 19692
24279 6600 16329 8132 11995 13088 18261 7472 18669 14958 56 12547 9788 11404 25629 19704 11362 16945 16572 15821 15645 26259 20697 11468 15439 17976
8612 15629 21549 14636 10818 12118 19969 7853 16370 8016 11221 12459 11304 12748 29266 22636 16969 13932 18789 19228 21810 27992 16474 9085 16986 21570
27271 23836 16807 12722 13142 10803 20555 7749 14295 9805 12855 6056 11464 7079 23219 17710 6623 11233 16256 22610 16587 25429 9204 6488 19308 22582
9677 11374 16751 12019 14896 13074 21321 11093 22588 12436 16212 11761 22687 15177 23981 16947 13796 12132 8795 12126 22698 8965 16303 11075 19576 19456
18564 12464 13959 5889 9496 8344 18792 10336 21299 22693 20149 14778 12578 13742 17519 14156 5705 15613 14355 19133 21385 20473 9081 10481 18561 21604
26890 20905 13898 6232 19701 6399 20229 9894 1066 21521 13463 12710 11411 5659 25552 15538 20400 8098 20059 18603 21822 12575 17792 11566 20564 2972
16299 12070 15402 6503 26100 7597 19551 10946 21678 16653 23313 13834 19927 13004 16061 11893 19090 15340 16577 16273 25947 13962 14559 7638 18990 18788
21024 9561 13847 9253 11527 13438 20764 10041 12779 26582 17769 13995 15142 12638 12921 13859 20940 11620 14619 18604 22505 26491 20094 14371 17164 20402
10593 1276 15729 10502 15271 10290 18435 10565 12011 23948 25609 12959 27478 12069 33315 12499 1545 13950 12850 19226 17771 16239 2850 17120 19600 20464
7588 19857 19234 14202 2866 7893 23875 7047 23425 9399 4396 12124 24503 12519 18516 18064 5297 12413 24152 16866 12140 13107 17906 10519 17433 15250
19304 5842 15049 14800 9425 9641 21501 11530 16336 6474 10753 18181 20801 13356 8790 15938 19001 16956 22536 18973 20287 1759 14398 9618 27405 9034
16958 7321 15606 6413 23281 12792 19473 11818 20310 14018 12773 25222 11466 9579 9255 27465 14575 13829 8658 18168 19492 13656 18716 11303 21748 23719
12318 8449 17268 9046 10908 9053 21349 13494 23443 19823 7154 15115 14566 10613 23657 27831 13630 9505 0 14997 21045 10715 15733 14151 17130 9639
5683 3572 17372 16748 29921 7592 23299 9123 17242 11952 17161 12984 23946 11011 29399 15007 15613 15619 5550 22060 10726 22353 5139 13326 22213 17190
13555 9002 16405 6004 18673 7078 17475 9061 13099 9314 22933 10658 18391 16550 22600 15201 15244 14778 9391 22749 21918 11185 23516 8797 9236 19486
26351 7697 15456 12293 22716 8036 23109 10675 27174 21569 8727 14559 19879 10634 18706 21647 7185 16119 15108 17084 25651 18372 10704 11458 15053 18242
12817 16367 18448 15353 12586 10500 20449 12363 5843 13459 15130 14444 11798 13301 18945 20925 21547 13110 17385 18480 16020 26031 5119 11730 21918 18008
14264 2795 17399 13004 8946 10787 21408 11872 4904 9541 21290 11703 19581 14505 24212 11527 3117 11627 4874 17778 20173 16038 12148 10067 16372 20495
10450 0 15890 8438 15601 7791 22307 10010 21236 8303 20739 10529 12573 13127 23312 20204 8517 17546 10081 19572 13782 8382 12084 14761 18648 21292
25930 17123 15518 7303 24224 9198 20444 9549 26897 17471 9469 13768 12701 10776 20355 15301 24836 16084 24372 20192 15712 14771 7207 9942 15305 19714
30402 5374 21220 8766 13947 14757 20089 7632 18161 14053 8355 13945 13482 9674 22710 18804 20961 13800 13591 20821 21197 14717 7772 8239 20429 20357
10048 10356 14074 13423 3853 16435 22151 7386 4300 19514 14016 11859 24268 15435 21266 13460 15408 18499 23966 25029 24067 22597 11448 14390 19236 22839
4897 6908 18611 13403 21038 13004 19205 14000 31271 11240 20367 17332 13226 9522 22274 14981 16323 15161 0 16425 22289 0 7156 14142 21618 23558
9381 419 16176 8341 9365 9977 23285 8196 18909 24858 17316 15674 12358 12950 18405 16880 22473 13607 22491 17865 10964 7177 18703 13980 27489 30780
1108 14473 15123 10358 7994 14821 24430 15457 23962 12613 7972 6291 11947 18084 24451 15501 12844 17799 15627 13242 18944 20645 6817 9873 17284 20993
19657 15598 18546 16537 6463 9269 21001 9307 11332 11916 8650 18392 15360 12995 8301 9911 21941 9248 21340 18863 21594 21839 11242 12979 16200 21152
20532 21208 16625 9877 5633 10009 20227 10715 15025 15260 14106 17052 13035 13633 22395 16688 12860 15401 12308 21277 18579 19372 14628 11331 18732 20789
0 22730 22525 4773 13825 13970 22441 11256 17469 17722 18887 22047 20059 11846 32282 7122 0 13755 13782 19114 15347 25397 2630 13274 18780 15596
19922 13649 21523 10191 14979 12296 19452 10694 15650 19470 31757 16639 8960 13965 23730 17715 22654 14116 2669 22713 17353 19330 0 10693 16510 12761
23041 17608 18221 11839 11461 9546 19999 11807 15011 19059 3061 9036 18034 9024 22953 15331 11373 16795 31935 20117 25152 7547 13360 15850 18516 20524
22881 14623 22118 8388 11188 13043 20818 8762 13293 21830 15156 18147 21258 8526 14793 9519 9699 15740 3012 19463 23475 4285 15698 5893 14139 19807
12602 3739 19937 9721 5598 6679 22385 9029 13580 25504 166 13028 17340 15499 15827 15736 9570 14673 23515 17938 26341 29307 12221 11494 19136 15995
191 8688 18708 12466 7767 9533 23145 10322 16487 24668 7730 7417 11222 9611 15956 14825 30094 17648 16662 15196 18119 8645 9545 8509 20794 26390
29960 9253 16313 10128 11141 10323 23576 6880 13559 17717 17659 15282 15091 8105 17776 13264 15703 19714 15405 24743 14827 11506 15197 10381 14703 14329
15490 8136 16298 5741 29524 9371 20602 10100 17008 18535 14547 17292 9594 12443 11742 16788 11952 10816 9815 19007 23348 13144 4206 12217 15984 13474
10867 13057 18440 9672 15886 11236 19547 9123 22571 9444 9208 15131 19795 10873 20285 15087 8107 12957 8439 17466 20544 15960 3458 8393 20370 31956
15293 15417 20593 10880 542 11358 19554 9403 27655 14312 3198 14796 17891 14768 11141 12152 31181 13305 10644 19452 10723 28492 17913 10587 19562 20320
23139 11576 19107 5852 13156 9282 21025 10237 25208 17817 10010 8516 13178 16787 16954 14159 30996 18004 15757 15688 15555 22416 17339 13250 19007 15876
4993 1764 17393 1110 24454 7758 21575 10778 20770 18154 6988 10209 14944 9421 23415 9326 20278 17618 10086 13273 15487 8090 10007 11292 17180 19168
21268 24971 17186 9022 19248 13591 17349 9533 32211 17020 5308 12339 11564 8851 17660 16491 17828 14109 10560 18255 21368 12418 3569 12430 25592 21971
2885 15078 19402 5832 6713 10786 16833 10561 10094 849 9470 13791 14198 11857 13758 22699 19400 12380 16021 19324 10534 19085 13999 12802 20670 12930
15948 16717 19019 12774 19239 12096 19517 7416 16858 12620 16946 11099 23830 12081 4201 18820 20123 14846 22597 20517 25748 5184 16590 9369 18921 29250
17132 22536 15987 12766 13247 9195 15835 8898 16741 16442 5592 15736 17667 14602 22351 17525 17103 16344 26881 17430 25181 15931 9521 15188 17005 21636
8242 8677 21266 6438 10592 11640 17452 11060 13644 14074 8424 8458 15690 13654 26919 16163 18916 11923 28054 19016 24756 2590 20019 7429 20528 16394
15940 2344 14187 9983 23736 8804 17066 11304 11414 21418 10026 16760 8877 10467 13946 20189 12111 17128 29014 19653 16589 25995 6033 12266 16773 16986
19403 13182 17270 13445 0 14795 20254 9208 16916 29331 25126 18736 13120 10942 26112 12866 7916 14973 13416 21753 24123 18466 30751 8026 18236 15207
13145 14079 15512 14669 3553 11369 20753 10537 12923 14421 4810 11920 19146 14610 26080 15853 17711 13241 16859 14407 12596 16196 2201 15317 14745 22332
15954 11538 16076 18514 15471 12281 19604 10231 17656 15458 19103 11225 17514 16011 30875 10871 17087 12975 10374 17483 27025 12865 2657 15147 17873 18156
4129 20583 17979 10488 5252 9213 20411 12305 16588 11793 18230 22236 14564 17676 18697 15562 23668 11113 18533 18050 13477 5478 11277 12325 23935 33444
23992 19982 15394 11849 18476 12797 20892 9252 13035 2270 639 14061 8514 12814 29175 13242 15919 10540 17353 21316 22766 18813 8019 13136 21200 16168
22596 8270 15295 9475 13264 13224 18101 11531 13803 11313 21561 8594 19348 10672 11877 15779 17090 18020 14780 17776 18584 9142 20529 11173 14945 29519
7550 16392 16429 10996 10441 10938 24329 8311 20525 11161 3686 2782 28497 11814 18447 9131 22703 10537 19985 14858 24566 22145 11730 9397 17470 17284
10069 9772 15769 10076 866 15435 23537 8204 9879 14993 12669 17531 15343 14280 18901 18700 21586 10624 12796 17620 16017 15273 10815 12080 19035 21897
18645 14450 19685 1561 8341 7787 16585 10671 16079 13376 15807 12373 11497 14104 30280 18984 15574 9773 22990 16770 16621 12703 16704 10253 25898 18055
26758 718 19503 7722 3489 14740 18456 9572 15060 17388 12813 11838 20375 11258 20448 14746 15649 15106 18630 20794 13713 12010 11473 10728 18254 11113
25101 14525 17608 12648 24762 9865 20575 7408 17476 13883 17151 22237 11770 14676 19953 17129 7798 16738 21218 21636 16116 26808 9252 10597 18519 21774
18914 8139 16393 9395 25310 7222 22144 11774 17121 23502 8365 11312 20667 6538 16925 14102 17041 13371 25924 24278 13412 11536 13211 17150 21425 17163
12759 11910 16844 0 20538 10750 18868 12059 9871 18105 20279 17893 23874 14912 19152 19296 0 16378 20879 20002 23837 8591 2599 12496 18295 7810
16426 18563 18950 11835 10580 9165 22358 9230 23118 23651 16071 17202 15741 16002 13324 12455 14695 12782 27305 18885 18148 27539 8863 7888 20498 25241
15760 17987 14350 8341 22466 11928 21565 8953 14137 20879 3076 12712 18030 13151 14329 18008 18123 10031 9261 19094 14758 18805 12569 15065 19359 13520
11444 14041 17706 12848 20171 12315 15442 9632 13497 19210 5949 12946 13743 10208 19950 16196 11821 15882 3005 16196 17932 14889 7757 12116 19452 15791
22591 10704 14973 13735 12971 9207 20951 10418 14973 11445 14355 16030 7778 19756 13981 18169 13411 14082 17913 17075 15817 14700 6957 8179 20376 15223
15297 3257 16160 16189 14207 12944 19309 7601 23787 15014 22185 9018 27679 11363 20201 15493 25646 17384 10944 17497 26562 14342 3761 14655 18284 17979
16831 5209 17069 9607 18852 12252 16521 9449 11047 17686 14964 13753 16701 8255 15689 17571 21192 18914 8844 20146 19796 19048 3757 9665 18826 23539
17889 18574 15496 7488 4695 10592 21249 8670 9367 28098 16649 15805 19415 5518 16927 12384 16274 13998 17976 16493 17038 19616 3265 8627 15630 14261
11327 23434 15044 6279 19179 15501 20440 7906 9503 20724 6110 10326 12521 10902 21252 14637 26367 17037 24817 22536 18597 2483 11942 12337 19879 11470
19565 8155 20570 8926 28435 10825 24096 11963 18490 13348 16916 17009 11718 12929 20170 22141 17131 14383 14028 23193 16584 33921 7778 5585 9988 32244
0 14348 15740 12919 28910 11766 24736 12087 16927 19100 7996 18416 23650 12672 21017 14054 19733 10960 23009 13547 14803 4784 15488 16320 16910 24023
13571 7865 20728 15265 14484 11642 18410 11423 15020 18479 21123 7147 22672 15372 11772 17298 10381 13419 22926 21607 17230 15270 5783 10456 22044 17408
21117 0 17988 13614 22426 10805 23153 12124 11225 14180 17463 14632 20336 14352 16543 11688 4868 12943 10403 21349 21720 20538 5961 8153 18288 18984
12560 24947 18905 14812 5343 10997 19439 8953 18479 0 19220 9479 13218 13699 23630 9007 3611 14705 25526 23021 18506 15846 7810 5610 20393 13185
13595 11517 17912 17204 11046 11884 22501 13162 13885 10997 0 6112 14234 16584 11819 12475 8323 10538 37292 18905 19158 11093 11812 15419 16143 14375
8673 9970 19482 15172 15990 12270 20089 9283 19721 5640 15841 16311 21370 10504 15204 13576 7631 13347 0 16326 17344 8453 19879 17562 25656 21711
21501 11435 16419 12490 4805 5755 19614 8583 13670 4724 16916 16459 17181 14318 18255 15141 32935 13075 18154 14972 13915 11806 15500 14686 22351 7112
20771 6867 19994 8659 6779 5428 18340 12933 17590 10462 0 18257 17195 12150 24824 19143 15527 13435 14302 24530 14221 10650 8898 12259 16050 10306
11105 9032 15516 13797 17314 11370 18453 10711 20231 13247 680 25368 12068 14748 29941 17570 32335 14057 22800 19184 24848 11977 11888 12651 17590 13285
12584 0 17631 9718 12303 14016 22328 12767 20886 13757 13387 9320 13089 12619 9430 17521 27525 13555 19906 25174 14233 7342 17881 7425 13964 22219
12335 16861 18907 14188 19193 9502 23997 9017 20683 14528 11913 14050 14240 14478 15528 14916 12163 15207 10845 21403 24388 19551 5089 14114 22100 10170
10190 14190 19194 15213 14545 7986 19497 10145 21279 9179 1488 12497 7504 8822 17867 22488 14995 10402 16931 16151 17516 19242 13466 13610 21803 30822
21299 8140 16633 6606 9430 9310 21001 11624 24145 19685 0 15554 11098 17213 7341 12632 10896 14162 10120 24580 21762 8773 8041 13817 19960 10690
21672 14094 19025 13035 10259 7327 18998 12010 15133 14622 13145 15456 8505 17222 26839 19424 9299 14722 782 16975 19365 15789 6969 13454 18873 20546
18241 10621 19410 9746 7852 11333 18556 8854 12917 9349 8921 3846 15655 16131 22177 18338 19412 14827 17640 23084 25342 25020 8038 11336 17791 13283
14673 18533 17182 11725 23061 11282 16581 12374 17368 4034 22630 19544 17202 7832 29492 15561 25553 15976 16230 20322 20985 12402 326 10499 22554 27352
11357 15641 17713 14176 7132 6475 25155 11730 17779 31373 13960 12014 22841 14479 21329 20087 26506 15811 12123 20188 21051 19623 11843 14355 18175 16758
22773 9835 17065 20236 11232 9869 20843 10291 14213 21256 9672 11491 7920 8009 21791 14250 16218 14901 21528 19978 21607 16360 15279 12525 23527 15503
25971 26249 20268 10985 20308 10891 16730 10850 9998 12668 11025 14013 10824 14209 11986 17295 0 14239 19280 25751 19601 1306 17251 11602 15655 12445
12471 15684 15753 8408 2274 11442 21444 8012 19403 18719 12136 15988 12755 9904 9546 20204 10249 15551 7010 22655 19027 17862 20992 11626 26738 14405
15528 7063 14825 7561 30102 9561 23077 12938 17694 14755 18675 13333 11135 9425 0 13872 22112 11895 4844 9196 22415 11762 18639 9941 18465 20216
20170 15057 18622 12511 22025 14480 19871 11128 7824 14588 11674 16396 7334 12480 6012 17545 16477 14136 13840 12301 26555 17534 3078 15697 17366 19049
25631 16247 19756 13174 17853 11839 22676 14304 20715 32942 8486 15907 9369 15005 15463 8127 22403 16042 18258 17852 15668 23553 15641 10426 19500 25523
6115 6766 16143 11169 0 11371 15347 10115 16607 10665 7097 10626 10455 19091 9352 16145 12879 17926 22097 17881 17196 2824 3931 11931 27065 14968
17252 16846 17648 11852 9636 9368 14737 12515 15991 12205 20137 13293 13707 15149 35975 12803 25943 19525 6225 19452 24464 14805 15426 13664 19632 14918
7033 13745 17818 11419 25678 10748 20931 5148 19529 14490 10838 16101 9826 10260 26399 12455 6327 15717 22468 17777 15670 22466 0 10992 18852 19405
7068 12742 17005 12519 4307 12959 22831 10434 5349 22220 29513 7270 12399 14397 23083 15940 5383 12048 9531 18297 15846 17795 12206 3958 16167 25360
11335 23342 17360 9642 26460 12239 21302 12175 9264 29065 9920 19019 19825 11565 24466 15852 19355 14777 14136 21952 24808 12083 8034 11024 22352 21322
14766 11985 17781 9636 12100 12443 19276 8170 27759 6327 17861 22563 19296 11066 11899 13634 19511 10196 25342 20095 19720 29422 20309 10112 20085 14065
20976 12130 20122 7786 12697 12284 16729 7676 18695 5086 14908 10549 13387 16381 24947 13150 24377 14732 25658 25093 17339 20955 3638 9262 20243 15298
10117 21473 17070 8968 7777 7423 19651 13409 0 14446 8287 18193 7250 20148 5797 14422 17324 14990 12961 20281 23650 17428 14217 14798 11416 23946
14749 27276 17943 12587 15201 16848 18309 12773 18517 13151 7867 8436 12820 16710 19161 26895 19309 18544 22269 15330 11477 13532 9079 12629 19998 19437
21772 3309 18397 11026 7052 9947 19124 8627 15448 11131 11213 8972 7356 13274 26624 19198 15005 18573 14912 13830 21645 10926 9785 13848 14308 16436
28065 12579 18436 6983 14021 12328 20321 14629 11351 9124 8613 18861 12638 10497 16585 15494 13304 13124 17941 22317 25312 16311 13516 5995 17557 30514
10696 11677 16420 14854 16967 10846 16251 10849 13583 3507 10254 14222 9158 13821 29894 14378 17750 11936 29913 20412 26426 12239 10697 13281 13760 21636
14496 21472 17697 10770 20302 13490 17925 15149 22722 14413 9523 20397 25954 14753 10621 9760 2736 9766 29396 13890 13921 21795 15470 12993 19076 5202
14128 22660 13846 12345 0 13460 20177 12644 20551 9584 26066 14324 14184 10704 14583 15363 4528 15217 30196 21370 13147 7592 22165 8050 18433 24069
22258 13169 15584 17485 14938 8703 15711 9937 14442 11325 8097 14419 14794 11775 21517 14038 20043 18135 949 14619 15904 10835 18468 7980 15583 20827
26 12120 16434 10733 23022 8648 19276 7732 15848 29933 17430 11466 19373 14353 36201 15608 14958 12858 11369 20479 22246 17928 17271 6839 18530 25505
2771 21206 17112 8982 25612 11890 23024 9417 18603 23149 14141 13073 18023 16029 23195 19858 9070 16762 14553 18258 23145 19561 6504 11897 11840 26200
20227 11530 17187 9055 12902 7452 21160 8971 16115 16550 10527 8582 15113 15616 13171 14679 9866 15028 14736 18826 21986 19001 12371 10847 19582 10122
9083 12292 14749 17449 16274 4500 19548 8548 15157 13513 21510 16723 9287 13125 21200 16620 4124 16323 8862 20241 15108 20813 12103 15859 22135 15875
23587 2185 16711 14735 5835 13500 19357 8122 24993 16492 8865 17699 13433 12705 8487 11771 0 15689 6677 15513 16407 33529 22954 13312 18649 21465
28779 12041 16867 9769 14447 12579 12147 7456 24190 15380 4914 7193 21064 12815 22412 14436 35761 12839 19075 19011 20096 14346 13479 9666 16410 15432
19683 22075 18525 12270 17904 10350 21838 14615 9057 15688 14336 10478 20799 15090 14449 9078 17907 13822 0 19131 21486 17000 4413 11904 19765 11119
22663 11579 14603 12608 15877 11050 21399 9677 13300 30045 12983 17284 19028 14826 25286 15353 8128 16764 9910 22689 19003 11694 10847 8427 14330 20813
9835 17022 16995 15594 19077 8181 18462 11589 7029 9154 9796 8109 19871 10513 17436 20550 19770 11017 14434 14082 22154 26706 15429 7599 16895 23484
8914 19579 19408 15547 12956 15382 17965 12871 15171 15690 10231 17346 15722 15556 23221 18331 7179 11719 16604 17442 20043 17016 2515 10179 14148 14717
0 13922 21209 8349 15160 10350 17839 8419 16343 20377 18433 18624 11582 10410 12386 17741 20742 18868 15157 17733 24745 9783 14847 10565 25551 21529
13435 6077 19657 9373 29084 12831 19464 10072 13610 9447 0 15570 27393 10481 10358 22225 0 16081 3901 23642 11124 19284 7581 4930 17820 7563
6990 19238 17200 13368 11082 12771 20767 7957 17663 32662 12024 13995 18572 8864 23417 16277 21205 13661 30207 14998 18290 11973 8552 13646 8207 17128
20467 16852 19635 11240 15465 12814 19290 11162 17761 14805 6097 19335 18760 15138 18333 13437 8337 15227 8513 23485 16990 3381 5257 12542 17154 11434
24854 13435 18640 10050 8201 8178 19619 9996 21084 15735 20888 10279 20041 13602 20994 12267 13762 14615 18445 22417 22687 24006 16040 7153 19027 15431
25021 15309 20063 10293 21059 15172 19962 11530 12613 17356 19547 24989 20900 10919 13990 24388 18626 10763 17742 23267 11309 12089 10932 8387 20899 24638
13091 0 18028 8729 22724 12593 20169 7541 8681 13348 12367 6134 13263 19134 15190 7677 25386 15926 10532 17758 23998 20952 11599 12057 17678 25652
4109 14328 15411 13574 14416 8735 18357 10745 9809 23578 7186 13637 14549 9486 22126 20219 23472 15954 6821 17386 17447 21012 11897 11893 25930 11672
24400 13068 19204 14586 1515 13024 20659 9973 11761 12991 16832 4192 20981 13759 34638 18322 12429 15597 16902 19984 22046 27650 18423 13990 18590 20264
15400 8944 16910 10275 16303 11153 21267 6270 20032 18940 4409 7443 20852 8586 22529 17405 33068 21753 20757 17661 26161 9500 4778 14039 13078 13526
20528 24837 17527 11875 13003 13435 17327 11673 21043 19104 14609 14271 22905 13245 18290 12141 12959 17214 14587 25351 9433 10892 18832 9477 17789 11847
12265 12447 15639 10571 15514 11877 22130 13468 19530 12976 17950 9393 20034 17376 16223 18468 12987 15051 9713 23407 19243 12096 12359 9592 24079 21639
21270 14602 17684 6502 10050 12474 16879 7855 11222 18786 16710 12731 15792 10996 26282 15617 13159 13064 14030 24127 20173 17937 12223 12411 13992 12065
20457 21153 18780 8967 20057 5486 17468 10758 8373 10006 0 19388 16095 9433 14266 7413 15929 13441 24959 17584 15152 16422 19035 11847 15321 22188
17771 12375 17313 9802 5337 9333 21726 12765 20145 18273 7038 4930 11182 17106 22938 15564 5827 16134 18472 16329 18344 11615 9624 9248 16984 19448
23156 13151 20371 4966 12747 11843 18356 8046 15464 14628 25334 18436 20124 11816 29168 14916 9758 14630 11077 19640 17637 21404 17652 9193 19839 4367
27912 15266 18421 10254 12225 9254 23904 11358 8463 14330 12274 15892 14818 12017 20718 19906 26808 14080 12734 18648 29523 21364 19026 8741 21402 24097
11583 11919 19634 12431 14023 9170 20144 10562 21011 8799 14962 12310 5436 6946 27062 17169 22782 13719 20718 22771 15560 24229 12900 7603 23357 12770
16172 14011 18575 10709 3585 13924 22215 7664 19397 20758 9124 17881 12691 13499 14167 15818 18769 14108 13208 21594 14586 14080 11171 10502 23364 21013
19428 16269 17217 14260 12377 10388 17146 6661 3091 11315 5850 12857 14122 14995 8143 19412 16732 13145 25469 23576 16654 21294 14000 15060 21803 22120
12722 20235 16140 10797 14624 11632 18446 13529 25570 14721 15687 16469 10866 16031 6408 13008 6729 13364 13897 16589 13728 15906 3348 13432 17465 24176
9981 8033 16340 4256 15601 9713 20113 7514 6155 13569 8622 14010 14121 8953 8625 17303 34828 16904 19251 16716 18309 12075 0 9568 19450 22013
290 12785 18113 6430 10013 7756 20693 7032 17324 12134 226 11175 21178 12832 33189 17220 26525 18094 22940 18285 20634 19115 12607 11634 20305 17785
0 10266 16749 14332 7926 13270 23560 11375 21108 8444 0 13100 19161 10387 24704 21629 19303 13648 14045 19353 17800 22641 9878 11232 14339 18662
12554 1854 14830 12878 578 7855 16848 9559 10603 14014 14202 7277 18694 13586 28606 20574 9110 15900 11196 19215 17411 7951 7593 12867 22215 20640
19066 3466 15959 9084 2570 11436 22278 9637 14868 7622 15300 12967 15162 9823 14509 16821 6407 21128 23763 17833 26855 17390 16360 5385 17648 18359
19579 31670 18962 12059 15241 11413 17374 6301 17025 9416 22804 19947 10773 10536 10290 12606 25358 15977 15878 19628 10831 10556 11845 11087 11237 17765
19253 16286 18025 14618 19732 10026 19637 7949 26282 8747 15461 17811 13229 13498 5062 17196 22352 14456 15850 21025 17268 13875 5029 9970 21074 16175
16919 8359 18179 17385 2907 11329 21029 9749 23975 18208 20518 20984 23922 22062 15347 20542 1200 14443 8510 16883 21599 3435 12651 8451 14729 18000
22780 14709 14184 6341 23460 11717 16396 11428 10530 14051 16029 12794 22367 10908 21722 18756 12452 12029 24310 19806 25366 10745 13012 9729 19952 16155
12770 12128 15622 4018 12015 14498 21883 10175 4115 20873 7430 13310 14290 10153 21340 17773 22140 16299 18275 18302 14690 13063 4340 10147 20670 25587
10585 8499 16178 14037 0 8477 20884 11636 21187 13894 16079 12500 8728 11913 5135 17648 6647 12401 18108 18315 22273 17699 10896 11147 21942 13987
8193 13876 14967 5455 19501 13874 25304 11175 15375 2623 14570 9397 21374 14592 23906 21480 14708 15424 9560 14992 16400 26123 14421 8532 16833 14947
30189 9889 18085 14579 13961 11624 22831 5974 16921 21972 8700 17484 9072 16201 14192 11265 11013 10146 29222 20724 18620 15093 12447 9015 21122 21875
14462 14394 16010 9647 20131 10105 16556 13383 23592 15921 18340 8173 16020 11619 3667 20787 12464 13890 11962 13480 18266 8454 9263 14008 18025 11681
8412 10975 19948 3764 8942 11328 22048 10531 18502 14581 10636 8745 15412 11151 19476 18644 0 15076 10096 17385 23755 6501 14371 9677 17548 25264
13579 13105 18150 12698 28083 11180 19518 10156 15776 19205 15271 13537 20061 15074 21929 24798 13763 15585 24551 22554 26710 23557 19228 10788 13976 25830
10703 16150 17073 12154 10729 11277 22293 7613 12842 18060 13842 10359 14095 9186 8224 13425 16999 13243 17606 21115 18068 12613 13986 10176 19288 15482
11095 6257 16296 14873 18467 9629 21537 8927 21112 10400 12133 15061 16324 17459 21116 22914 15666 16281 29874 20708 24165 22693 24111 12263 20180 18193
17766 4917 21376 13526 24649 9034 18583 10818 17196 4375 9509 14314 12701 12351 10216 13831 15811 16085 14068 17248 13544 19370 15497 10474 17317 25082
27106 11599 16255 7887 14784 9374 22667 7360 20728 16936 7700 19212 19310 8481 34522 15564 24430 13342 23256 22491 22931 7724 11463 7995 13273 21525
10244 7096 14871 11099 15517 9734 17164 11987 13027 20769 7539 15338 15186 13936 30888 20885 32576 11896 34016 20541 23152 6053 7554 5970 19044 22421
6334 20045 15707 6132 20101 10838 18632 8911 11521 20787 2107 22154 11671 16186 24526 23505 22640 15020 18814 19125 15906 30013 13639 7742 27451 24226
10961 2167 17415 9352 7352 11757 17954 8770 18959 14164 25394 14060 16834 11965 23288 10701 22926 15585 15938 18998 21868 15256 12591 10367 20829 23553
15800 4839 17191 5194 6810 8017 20564 6145 10903 14193 2256 11925 13689 14345 20290 16672 11646 10683 10486 17859 24795 21095 13374 12878 19836 24314
14979 9583 17444 7151 19964 11705 16845 7353 19007 19279 5395 14177 16916 8670 29403 14123 24247 15414 27679 17259 18224 14664 16538 15917 24608 16515
13956 9721 10437 8260 18943 11958 17468 5530 17525 13985 4045 10796 11821 13732 27169 19047 24385 15628 5512 22380 24813 17891 14613 14302 14814 13248
16811 16599 16907 3489 19306 12248 22486 10134 22873 3536 9528 12085 11440 6940 17413 21055 16986 11512 14377 17026 21074 6854 17020 11999 20149 26569
20972 13121 15904 14476 18947 13886 24118 7471 15274 9157 13241 9762 18525 9185 27347 16122 15293 12250 16154 21006 12005 16939 6853 7678 22502 24701
11241 20017 16948 12179 20009 10117 15143 4746 12140 17081 15559 15832 17071 13559 31088 11737 22010 10298 35107 13171 19205 19571 11946 12160 17391 17462
6131 12618 13513 4385 12816 10587 22452 12739 20846 9412 9006 17787 13773 13684 11756 11528 25849 18472 11804 18475 14627 2743 0 12076 17073 16261
16365 16317 16022 11068 14640 11109 22608 10681 18493 10897 16326 19309 14221 10558 20629 20441 19011 14974 13747 15705 21437 14960 15150 7587 19088 15377
19944 7296 14784 9898 3869 6258 22144 9128 10894 22966 25972 7867 4383 8219 10011 15358 16401 17252 19638 22367 19598 2646 12661 9898 24664 15593
15485 18601 17671 5447 2277 8417 17580 12115 11695 18967 10895 18306 12585 17243 18525 12929 10300 17114 18460 17543 17682 8852 6754 7226 17553 17798
11675 9914 17344 5469 8336 16106 16759 8069 18733 21114 3863 15358 10658 15282 26937 26537 26194 16143 20745 20847 15794 11805 10325 8013 22174 29024
10853 22574 13739 7884 18865 7812 15990 12353 13906 13714 19337 14753 12457 5678 26459 9436 26028 9817 20844 21741 20578 27871 7447 9627 22781 22212
0 15221 18411 8278 7251 13383 17995 9385 11481 14852 14273 17469 10700 10971 12317 10616 16530 12321 6500 19579 13383 17830 0 9534 23421 22957
13597 15745 19960 5794 13879 9686 19379 11638 19603 10395 14528 11603 16545 10276 14762 17391 17408 15759 15015 18437 25356 25688 10437 10973 16694 17369
30669 13416 15453 6909 6636 8891 19210 12139 26265 15873 13399 15089 12371 11642 14192 15395 17068 15219 15372 15489 27814 9578 12191 6336 16360 18522
18514 13289 15874 4926 21039 6897 21722 10390 13451 21697 5643 16916 20074 11615 18249 28609 15073 13626 14006 21682 17972 16375 15397 8735 16490 17138
10739 15363 16755 4896 3563 9104 21006 9084 19663 23175 11332 11355 12514 15968 19688 18001 10248 14511 9547 15514 23135 16754 17760 10889 18226 22321
21087 17061 17117 745 8439 7026 20484 9777 7117 27786 9511 15059 15751 16340 24143 13005 21035 13971 25091 19351 8521 22270 11739 10606 12992 22313
0 23789 19636 17864 14694 10845 17835 8129 12344 16148 7492 7591 10208 9886 15133 18941 15714 15345 10538 21110 15742 14055 14242 13132 23751 17554
10000 11741 17615 8643 21445 11127 18459 10385 4094 13004 13668 9953 18312 14260 14994 8541 29952 14648 22003 16057 11769 6614 14273 13189 17470 20245
21179 19994 15915 11662 16557 11761 17557 9162 14679 117 9555 23692 5494 9218 0 19886 2092 14258 8318 17343 9593 18645 23057 11166 18147 21983
22300 25161 11850 16127 9540 10063 21161 10866 21010 20525 12910 16867 15865 13330 24565 17811 17427 15237 20115 18907 27176 18486 10078 13666 13694 21053
10731 3421 16130 11528 12107 8969 23597 9105 22834 12079 9351 8758 11712 12280 27942 18367 11491 10662 22196 20106 26645 13584 4691 8714 22172 15089
22657 14615 18182 12345 12296 9253 20836 12632 12354 8953 7516 14078 17201 13750 23600 18307 0 15913 17243 19520 15846 13632 11657 8947 21855 12813
12110 20308 19082 11928 21263 12170 19312 11013 11765 5174 15593 21359 26331 8422 23209 16392 18118 17847 22101 20037 22333 17463 26239 18024 20292 16479
23745 14275 18805 14718 16558 10290 17502 11644 10187 22820 6000 22101 15967 4929 14277 24724 6210 16234 12621 17249 19681 27330 16916 12984 22477 3518
6509 14277 16758 8953 10793 8930 19833 7384 24003 6565 3126 13084 9762 9489 15929 20007 14612 15485 3504 23397 19841 8034 9173 9536 13651 15437
4604 18083 15239 2084 12200 7082 19623 8351 24658 21463 15071 10727 11218 11232 10342 17324 14573 13703 9086 18625 18152 23992 7126 9337 21298 18272
12503 12229 12282 13240 10374 11664 17206 7641 11562 12903 16270 13446 20017 10888 18703 20476 16484 13725 2547 22327 21459 14050 3881 9627 19396 20655
3500 14990 17589 3151 13897 8288 19496 10600 12261 15275 9861 13577 21251 14142 20874 15127 28904 11294 14662 19296 25623 4372 11664 8305 17944 23446
20126 1273 14805 13172 26380 10865 19422 13283 9744 15115 11463 15168 4779 17213 10965 13486 9807 12117 7650 18805 16849 19647 14219 11925 15848 16768
15986 20014 19270 9568 25334 15949 20583 14660 16807 12686 1745 13109 26756 9810 30117 12041 14984 18251 11588 16417 19894 29553 14112 11349 11577 14209
17207 24600 19416 6812 12661 8856 14602 8710 32684 16233 14939 13894 8953 13133 22991 22563 22993 11642 20011 21415 11403 19675 6898 12316 16469 12639
8772 7887 18782 13762 5483 13504 22592 10479 16681 25866 12326 14121 7432 14366 11793 17653 13758 14322 15476 20435 20587 14196 16702 7992 18719 13982
25849 2778 16068 11798 18800 13209 22211 12966 11281 23668 23024 12029 13668 14657 5899 14324 30780 13077 15713 21792 20007 18104 15590 9275 20056 21006
19303 15782 19853 10770 17045 10808 17410 13090 21903 14505 6842 16958 14319 9501 18229 17079 13886 13945 37369 20338 28561 13155 10371 12353 21172 12673
22021 5771 18178 7013 11532 13405 17413 9117 22920 23722 7727 16182 28288 14367 14508 16965 23403 16683 26689 20806 14406 20820 12691 8517 17940 20083
21842 1882 15666 12724 18702 5932 18807 11675 28055 27701 17530 15535 20334 13880 12034 23625 25089 14311 12586 22823 26565 24291 15348 9705 23212 13596
9430 23879 14415 15706 10152 9174 19218 7426 19055 19033 16086 8728 16822 14394 19388 20301 30091 12027 6420 20171 15389 6628 18839 9229 15345 12722
5266 15774 15275 13154 6815 10837 24134 7967 12828 12554 4939 11697 20773 12258 19319 13670 21643 17369 29029 16296 15023 22234 6420 13159 23248 29254
22127 17326 18910 7225 15878 10283 13704 9272 21906 6563 12161 18151 12851 18969 26267 13257 20427 14463 16408 20300 14462 29083 7756 12108 20539 25323
8823 10800 15341 14896 8048 10386 17434 12242 9058 19815 3543 10177 4574 12937 22896 12143 20242 14273 17264 23267 17192 7003 8768 11865 18456 20179
10443 3556 17646 14523 12678 8110 18070 10388 19801 11063 16492 22361 12818 7205 13339 15483 33050 14660 9967 15324 25526 30367 19965 10203 17605 19364
14385 7235 18110 14581 17656 10460 25215 10761 17834 18210 14672 9143 12025 12747 12961 19578 3681 15656 28439 17998 24886 8620 2874 13700 19704 13421
13198 14044 17288 12271 13340 12580 20012 8486 10814 15486 12836 7304 12398 10869 16234 20356 29569 11804 22407 27697 22175 30240 5388 11102 21210 18192
14802 8145 15034 8350 12305 9866 20359 5841 21294 14963 7900 11585 6144 10195 34187 20403 17359 15385 12807 22730 19624 20775 26303 15226 15692 29614
23444 14574 15719 8675 19830 10603 17565 11654 11209 16726 9669 8444 15503 9201 22976 14444 17090 15700 20240 23095 10875 20425 22508 14677 21755 15735
13946 4281 19772 14990 22794 12769 22233 14169 20262 22520 18743 12029 15964 11922 24547 13293 12538 16941 21592 18939 20125 13137 4822 11721 16696 19220
21113 3909 15997 18416 3950 15222 25096 12130 23022 6406 0 21805 16423 11558 4041 19217 21910 16731 13544 19751 10617 12475 12411 13904 14843 24074
15051 398 17875 11719 18950 7678 22080 4532 10041 15283 9869 11592 21295 13770 15481 15575 11954 14161 19136 19077 14112 2084 14597 8010 20760 28824
22899 14082 16326 8413 30452 9982 21274 10179 26877 11757 10554 11641 13480 12076 27515 15079 22082 13780 12233 14382 21445 17858 18831 8150 13516 19850
19161 19227 19218 5869 6419 10993 20923 12857 8959 18702 10306 17025 11516 17981 12228 20482 6011 13009 17167 18014 20962 15637 16132 12525 17622 24147
2840 22504 17311 11864 16655 10536 22713 11181 23155 16011 3489 23604 21280 13233 18525 18536 24973 13437 26842 20430 10419 22425 2842 7820 21424 21020
18322 19316 19712 8462 19494 8240 20911 8209 15080 6921 4264 12549 20473 12932 29692 19551 18815 16600 19088 19955 23446 16901 7114 7928 18961 22989
11292 19177 15697 15754 192 9927 17678 12011 20387 10231 0 9482 16148 15286 18887 13473 19510 16884 11598 22468 18947 13821 10613 10052 17658 16938
16523 14228 15142 11432 15168 7814 22755 12928 13427 6850 10421 9426 14403 17405 27154 16391 15136 16205 16411 16961 15404 13713 10232 9220 19638 20557
7014 17183 17066 7130 5229 8345 21101 9276 20157 10937 13525 15738 15064 12108 13218 8391 15577 17577 15529 20006 17414 16323 9302 12018 14026 18214
7427 15552 19799 1164 33504 6585 20622 9542 4595 27934 11112 13448 13912 10449 19141 16423 15837 13033 24885 16726 18373 7969 21534 11776 22102 19582
6914 20890 18014 3353 18058 7708 22656 9758 17525 14165 3792 6956 20839 11995 16164 17906 30342 15260 19982 18770 18175 26608 10573 8642 16572 26405
13445 8323 15508 8628 25197 11696 18701 10939 22531 14321 13761 13970 18196 18680 13845 18518 17335 13187 12369 16043 19549 34012 9989 11644 15437 21152
8966 15521 18129 13958 15894 8513 18365 11547 20275 15296 16973 9823 24565 15960 26789 20275 16947 13951 19449 24161 15338 22268 18823 12967 14343 28545
19732 6912 16799 13173 6550 12155 14315 9246 8147 13929 3122 12501 16880 16526 36813 22733 23037 19660 6140 15298 25387 15238 2718 7152 22012 17686
33214 10342 15386 14602 17731 7109 22351 11018 16592 19199 5285 16667 11973 8169 27671 16184 28848 13824 8177 17885 17534 0 0 3330 13041 14266
7358 13633 13056 10189 22777 10036 20053 10166 9175 21588 12770 16250 18248 12375 27316 13941 25805 17484 26162 16769 22855 16059 18430 10162 11080 25303
18684 6603 19651 10790 7754 10271 22984 7990 14366 18719 3743 13453 15022 10120 20922 13849 6206 17785 22356 17761 18338 19354 21490 7940 19496 14037
16715 18746 18468 15033 19723 11587 24099 8638 4331 16412 14313 19148 14123 12456 3922 18905 4696 15158 12598 20028 18716 14479 12253 14135 20631 19573
26873 5813 18984 12818 12397 11954 24022 8235 18088 16465 22501 17561 6486 7945 18460 19690 19137 17492 13257 18859 19369 23680 9743 14621 20622 25495
18138 4238 18497 3878 20264 14514 21695 9147 11283 7556 21629 15270 5244 10021 17360 8908 18534 13345 18662 16884 22977 24122 15368 9812 15915 14261
15396 16782 17863 9047 5481 12291 21380 8659 21125 12843 5431 5485 13980 16809 23732 14578 23250 20024 24444 17931 20229 33550 13822 12197 17067 24595
13218 10695 15444 9802 14157 6216 22435 10690 18381 20185 16935 20781 20000 15885 18105 18755 13292 14268 19732 22331 14651 19733 11576 10463 22332 18550
6016 9895 17253 7593 10607 10959 18703 8440 18014 13312 2888 19177 15718 16082 22749 19628 10650 15549 14509 16719 9325 26095 17546 11317 16381 16558
19644 17353 16315 11025 10306 11397 19520 11164 10677 11070 11397 5260 13607 14235 23159 21114 18533 12295 19560 20904 22290 21257 9551 10538 18845 22891
24518 4442 19679 7854 27152 8088 19012 10198 18570 19966 9796 19652 18040 13604 26440 15908 21282 14617 25024 21967 21213 22578 16177 8465 15656 19862
4496 9308 18600 6137 19972 11898 20781 9689 10812 11326 15626 18763 13942 11276 14852 18371 5598 16108 20529 17975 24038 13339 15378 11139 16979 32963
5898 12416 19058 1301 15965 6802 17538 11978 8554 0 2750 7918 19777 15321 7150 15605 26135 10308 23420 23197 18329 15429 14996 14054 11273 21880
1935 22006 18095 11858 24025 15816 22122 9664 5525 30132 14496 9961 17816 16583 16033 22255 11513 15081 5949 17302 16406 33180 15098 10170 20367 12338
10362 13957 17541 6164 11692 10264 20078 10710 21991 17523 18032 20465 10728 14056 29297 21052 9297 13627 24341 18492 26263 9980 0 8547 20437 22915
13404 9968 14915 15445 4335 13095 18490 8637 11944 10785 17118 9230 18306 14826 17451 14827 19300 16940 21767 21337 19048 14242 10639 12511 17995 15993
2446 12237 14767 7752 4730 8353 17057 9665 25786 24903 13283 11938 22959 10056 15247 13922 17511 14337 27051 17229 22202 754 14205 13238 21278 15871
11551 2225 18491 15651 18906 13393 22634 13008 23252 20903 20265 11607 16916 9250 22609 21144 15241 14792 18923 17749 15787 10622 6865 8321 26867 17716
10925 15736 18919 9563 25404 18199 16571 9926 16386 24932 25599 12138 15672 8221 30502 10841 15673 14940 13331 18577 23413 14472 14103 9532 21905 22819
18080 26876 16638 10018 23603 10884 21474 9345 13519 5413 10380 16027 15157 7164 20266 14349 10745 14794 19787 23761 21279 18650 6894 16724 20124 13833
15269 7784 22736 5020 29977 8392 15487 7769 22983 12915 18605 11982 19135 13195 20694 17777 16454 14674 19083 19877 20275 14049 9642 13911 17686 23620
15701 15591 17701 8968 25839 13123 18566 12975 17058 15891 13050 13226 16328 8923 13103 15317 16919 16836 3640 18399 24219 24412 13332 11550 10230 28757
14011 12852 16771 11653 17844 12481 20522 10560 20412 20474 1510 13369 9719 11601 12338 15889 12925 10765 10953 18999 20714 24721 11735 11487 23482 23252
13073 12828 18701 16087 9658 9527 21243 10318 23143 22801 5660 9556 29110 14227 26644 11935 11650 16687 8849 17123 31039 11355 11379 13228 16310 18911
12671 22155 16747 12436 9283 10496 19623 10500 13387 23343 1383 8323 22243 9936 19361 17456 29333 15604 14568 21238 12348 13540 4318 11939 24879 18743
21744 20243 19419 16504 14145 11401 18908 10879 19714 12754 24259 13053 14532 14658 27597 14064 9559 12461 17599 17197 16937 18361 2788 9052 18501 17741
20873 14466 24344 10739 11356 12292 19984 8750 21640 6326 5593 13846 8561 12114 17608 13302 17213 14965 7665 17187 15104 33480 4425 11969 16923 16061
14204 23791 16554 12896 6739 11685 19462 8719 11761 10241 13667 27080 13230 20608 23045 15587 17064 13844 25333 17771 8409 16168 18864 12433 23417 16735
23164 18063 17931 8709 4338 8191 22736 4829 28000 20022 8921 28211 19714 11810 34676 16776 6610 13916 10432 18441 18236 9131 5884 11086 19249 17124
28392 17081 19790 8718 12539 12008 17818 8579 11586 11903 9711 8584 9185 12396 16579 11819 24768 12831 12060 18728 18604 4942 13887 10180 17046 17191
28646 19035 18615 9534 8350 11901 17992 10224 17052 18286 7424 21127 15920 13681 33966 19581 7023 13451 18183 17361 31228 3264 15920 17252 21955 14342
28134 15954 17716 15038 12517 10927 19493 7987 24070 13849 9143 16935 13404 16922 12464 16975 19474 14282 22913 19044 18184 12034 21578 13574 16977 17075
14012 11461 16896 10813 19562 12533 19185 11432 12565 13298 18679 11397 14559 13276 22874 24203 7823 15938 31275 21570 26050 13907 14379 12550 22665 19466
2517 10122 19295 11163 9456 10929 19682 12671 18914 26502 3277 8515 30266 9175 23542 20166 33132 12781 18426 21289 22940 16085 11276 13274 17052 22287
1137 7582 18150 11732 14220 8080 20957 9127 25955 14708 10523 5792 15889 8211 10243 24901 13521 11760 13075 21431 20368 14657 0 16355 11736 17483
12794 17286 14242 8694 12114 7289 19059 9208 13429 13451 14343 8846 15899 12287 22779 12313 22406 16487 11374 18040 22263 8971 8859 12674 18582 14846
7804 11765 18894 13477 15886 11843 16053 7345 26173 12569 10930 16509 19785 14871 23935 5717 11853 15508 14869 21052 13854 14970 17733 12094 21940 19529
36035 2218 18959 11903 27714 12620 23609 11231 14402 20270 16199 16404 20768 6306 23120 11661 18494 11780 8088 20590 21084 4288 10612 12705 18433 8023
6189 2804 15985 8448 3985 8028 17393 9713 17887 14779 4318 23487 13349 14308 28979 17279 15801 16041 3403 19925 14946 10547 11382 12034 18595 13483
6262 3001 15416 11148 14719 8760 19940 8668 17357 27809 4975 13140 15041 7737 25781 15002 27496 16899 10447 20769 21183 19736 16406 17668 17104 17601
6139 3315 16112 11730 16707 14887 19911 11793 11164 15163 4330 14800 15678 15109 19546 19462 22390 14448 10018 20854 12404 9201 13538 12704 18251 13816
14911 6342 18628 3594 27748 10778 24010 12214 26589 13762 23637 8021 11428 13892 25215 20793 30709 16727 11639 21318 21358 18538 13409 10476 18169 14305
9192 16135 17596 10028 20533 8949 19172 12144 17351 11848 17404 10371 17211 17799 13234 19319 7344 16888 3542 20322 15308 8870 5863 10500 17660 25718
22258 17960 16633 8866 12650 10741 21584 12577 10898 8281 12139 10474 7191 17181 10453 23044 21112 9862 23696 18327 23278 7757 6818 13771 17282 17422
13004 16182 16683 10219 3164 12044 18637 11936 16355 10272 14059 8041 23308 11885 9323 21690 9327 16580 30298 24266 21752 17623 3193 7944 20615 21133
20828 12168 19644 11036 25538 11554 21075 8653 18956 13254 14092 15991 14422 14278 2440 5702 21044 13525 12905 16899 23716 11782 1062 8223 18498 17987
17038 12499 19073 13163 6743 10496 19697 9219 11221 19762 14318 10712 13616 15771 20011 18029 21617 10876 15866 20052 26877 13971 14636 9542 15253 10969
0 13265 16362 10475 10129 11821 21774 8364 20672 22933 6506 16166 16140 11979 26380 17770 19650 13649 21949 19179 12366 12878 13024 12395 19614 20060
17023 17024 16857 12151 2430 9898 21837 7083 10973 11110 22027 9936 17051 12779 28292 11098 13528 17285 24554 12357 17612 21470 3022 13431 23621 14265
28108 22970 20685 7659 23946 10401 22705 8925 11019 17429 13819 12850 21585 12911 17162 14452 13036 8239 17605 18745 18487 15465 12813 7863 15123 18264
7283 3843 18589 6865 19377 8125 21548 6162 12180 23632 4744 16217 21094 17051 31311 13590 0 10407 24886 17901 20406 16277 10009 13075 22461 13027
0 11178 22464 8686 12056 11059 19977 13519 7248 12588 0 14157 21120 12944 24172 18931 10020 12586 15606 16930 15801 17621 1546 5394 23104 22220
16996 14762 19159 4584 8137 4438 21141 9059 5518 11302 24436 10902 11002 19976 5321 23902 25305 15115 10997 17814 25962 5773 10906 8841 22675 19232
12937 13397 13259 11061 10220 13443 23119 8950 8918 9140 8300 21088 16957 12573 24003 11923 30592 18732 17958 19148 15832 29500 11193 8879 19584 23880
5289 10715 14279 14435 10070 12873 24135 11089 16974 24573 13114 15093 9890 13959 19320 8436 11154 11722 14524 13165 18243 21803 14426 8808 21154 9189
11307 11549 18914 10143 8421 11078 17248 10099 19560 17157 7296 11830 11556 14814 19980 21791 10025 18419 26483 16492 17456 23079 9818 10558 11285 22923
952 4880 17435 12883 13151 11293 14725 9775 16044 12343 14112 10111 19436 10362 21973 19838 6732 16977 11042 21083 17423 6544 9108 9028 22089 26906
22407 15350 13964 10842 29139 10854 22409 9879 12813 12775 23600 11239 14934 12169 14759 14120 20397 19817 15463 23250 21304 24407 4227 8840 18740 6957
13953 11609 16516 9817 12134 10899 23163 8288 29169 0 18926 10321 12236 12425 19417 11255 13531 16585 24421 21952 13209 15747 15626 14801 22838 7992
7320 13617 16217 12599 22527 9739 21853 8692 16120 11422 21496 9068 24536 12661 3943 14727 7472 16727 1639 19552 10255 14278 9741 9536 20570 19380
23914 10738 18242 6669 20404 12741 17231 11594 12165 22129 12490 15810 7880 11087 19233 11950 4852 15610 8440 21523 21086 15102 13279 11817 17747 27393
20402 16151 15747 12086 8856 13099 15371 6519 23193 11255 17639 7799 11332 13709 29278 13430 35367 14945 15387 22577 21435 19596 14774 6392 17538 12076
9809 15810 18059 9114 11804 13523 24288 10930 15785 14941 13804 14118 11664 12220 17549 19289 16383 18054 12429 13132 10022 18697 7028 6848 21605 19291
14013 4911 14320 6719 5978 10064 16249 5928 23228 11645 13646 13670 5797 14922 19553 17860 17645 14962 0 19663 21793 12598 9167 12198 19111 15915
15501 22431 16390 9607 15440 6344 16087 9857 10097 25652 14971 10649 23122 12561 19746 22168 18979 15142 12362 16144 16382 18130 11861 10316 14625 15413
21468 18153 15514 5303 19162 9092 20425 8750 12048 22518 12683 4411 10520 17196 23860 17042 12629 13854 7778 17947 6359 22192 13780 9905 16185 16350
8089 10243 18725 11494 5982 11411 23905 12213 16349 7993 3814 13741 19286 11203 22442 20013 15470 13410 13943 23176 19577 16308 10096 13706 19838 19312
10615 11498 17766 10809 296 9948 20693 10859 14228 11329 5918 8293 15067 9931 20219 15006 16567 13370 14684 18963 10984 18150 16775 14152 16677 16992
11776 17101 16002 10979 13258 10804 20291 11078 22976 8387 19934 12790 23324 12832 17460 16936 17061 13721 26811 16787 23299 12719 0 8797 23556 27486
22431 3761 15740 7062 0 9883 22047 10871 12890 18577 7292 19975 8031 6336 24002 16750 22309 12754 23628 17169 17916 28930 11234 11515 20601 22453
14348 20269 12989 12334 9734 11558 18016 12821 20633 11885 18700 13225 12462 8721 17103 17427 7019 8906 20398 23416 17950 20027 2651 17241 22364 14539
19056 9858 19164 8546 6767 11827 18456 7308 22476 20568 18432 7502 16651 18320 16757 8319 13288 15479 20992 19625 15763 28420 9530 9092 25759 23920
25027 8520 15379 12385 25359 8183 17564 9069 11310 7595 9153 12842 13623 10446 29124 16399 28243 13080 20109 19112 19305 13991 10218 12285 25368 26573
27699 11600 16972 6131 27746 10660 17871 8077 19099 14532 12458 12775 13436 13321 14491 12992 21694 14760 16868 22803 15201 12171 15068 15176 21557 17907
11890 1362 18968 4963 7681 8289 21270 12858 15460 6261 26195 2797 15571 10792 24888 18212 11548 14518 22542 23289 20767 15666 11100 10145 12869 20212
10344 3119 20355 5776 13946 13088 20138 5179 18402 12286 11454 13890 21516 16379 4554 16281 12553 21189 11248 23498 21086 23951 10189 11340 15403 12880
12727 5751 17324 14171 12230 15246 18416 7118 15994 24346 23406 20308 18816 15389 19214 19938 16314 14673 11446 22449 24064 7653 10818 15098 17131 21151
7147 181 16665 10285 11527 10224 17392 6636 18827 12926 4499 9510 16383 10490 22083 13188 0 20105 6139 17177 22090 19746 23937 13847 19912 15953
14384 10871 22273 14455 9160 7253 21019 10995 22421 13871 26102 12125 10294 12891 12129 15854 8153 12744 25871 21558 15661 22568 0 9818 16336 6518
15410 13357 21472 11741 22222 8908 17363 11153 20107 18891 10685 18023 7751 17039 24227 24935 12472 18072 20613 20868 12448 20847 6188 7216 16644 21161
21018 0 19438 9753 5623 7076 18126 9594 16556 15407 7157 20036 11163 9696 27147 19867 8569 17731 19457 18788 28361 21339 7973 9045 23933 26959
13043 10778 16366 10633 7892 7188 18390 10995 20750 13658 20877 11373 16539 14089 17915 18604 31202 16103 22858 18767 25365 13445 3344 10127 24867 18014
11980 18125 18035 9805 12690 7444 22369 12171 14096 10706 12018 14204 9310 12913 19058 15785 18732 16152 9346 16466 12459 19203 13120 13414 16943 21060
15340 18804 18160 9600 18299 8882 20548 7994 16927 16017 0 15015 12275 19649 22794 13342 8571 10689 6161 16905 18291 17495 11287 12169 15778 21702
5768 11300 19070 2723 14416 12310 16858 11161 16517 19334 12231 15136 12650 8310 11584 18041 8035 16410 33647 18468 13464 12167 7184 9587 18273 23681
22902 17590 22999 14684 18483 10374 18407 11027 18788 15997 8359 6764 13025 12474 14672 12175 19000 14857 24687 14022 21912 20186 19058 13703 22913 23625
15088 13602 18623 10845 773 11142 22241 9939 21614 14452 23022 19744 15544 16386 18350 15837 9234 15254 18483 19694 16959 29081 14926 8240 16960 19188
20667 11184 18280 18083 10144 11041 19894 9960 23155 16998 21951 13394 11126 11949 14588 17216 0 16173 14016 21277 28178 14200 12093 9168 21787 20514
25798 9063 13220 5779 15438 8451 19029 8984 23550 22238 729 9287 10439 8284 21087 15608 37009 17303 23284 14276 14953 16423 17626 13794 15506 12862
15426 30315 15899 13971 10236 11981 16508 8017 18540 14421 9149 8558 7549 16558 18678 14973 18579 17963 15735 20218 25735 12075 16622 14117 21309 23772
14142 14662 15122 6934 4246 12159 22336 10560 14951 21125 10768 13151 24189 10644 21397 14713 11380 15805 4269 18663 23373 20983 6540 14086 22147 17798
11362 14284 19415 14580 13390 8176 19819 6810 9828 9938 14884 11060 13266 10193 16479 16302 18621 14719 150 15970 21604 16798 12306 12953 17598 15137
24862 8976 16523 8521 5661 9754 22044 12645 17304 14685 4872 11527 8660 13847 28377 18415 3277 17797 12575 18412 19077 15438 2551 13724 16050 18561
17495 15240 14785 5892 0 10091 15239 11466 23833 10009 9085 8090 17934 10382 16354 20465 18592 13814 27615 17528 19446 24741 20770 17912 17695 19547
28688 8641 21925 11315 7518 10180 21624 10953 14053 23343 7137 22490 19138 16086 18679 20279 24309 18216 7017 23740 18805 28145 4642 11092 19444 28420
5683 15219 19641 8923 9366 8011 20124 11107 18061 18228 18743 13981 12014 11264 17540 15453 12623 12932 15671 18947 9916 5181 15036 5873 15111 22975
22261 11085 18525 17852 17463 12198 22937 7964 12314 5256 9271 12444 13706 10452 18865 20840 32843 12098 15958 23392 14755 17631 9473 10967 17985 22056
2408 7192 17301 9007 6517 7977 18689 9337 26842 9138 13610 12276 15898 13560 30161 12178 12617 17377 23227 15571 18421 18184 9841 13019 18244 19624
21336 3823 18459 10748 12756 11923 18802 10400 16137 15258 1939 12040 10077 13657 10037 16677 15322 12372 30919 14551 23903 15623 14394 11890 14697 14943
59 14967 17090 8837 21162 7644 22880 12747 18493 14912 11211 13512 9644 9105 26678 14097 12614 14619 12930 23408 18761 22475 7588 11619 16020 22109
24176 0 19600 11129 12295 13482 19640 8286 18587 15285 1054 17204 22391 8012 23860 10168 29179 12179 25321 19760 7875 11923 19262 9251 12029 15363
17703 16941 18465 9917 4561 11095 22566 8560 24579 22253 0 14000 15208 17211 31932 13173 7424 12533 13869 17628 13546 4534 6667 11637 16826 16729
11120 12585 14281 17708 17041 12473 16887 13200 19912 11152 16003 13294 10520 12415 31028 16341 18955 16595 24915 19283 15662 21505 20103 7179 20334 19985
31490 8627 16722 10643 21531 14028 20989 10680 25560 19938 6805 7025 23644 12462 8435 17632 27172 11285 21653 22910 25894 22962 9828 12133 20646 26408
4467 6411 16039 10901 33334 13637 20686 6577 12770 13012 13319 5304 21822 15096 9636 16482 13354 14872 12874 22284 22649 14606 1819 12152 17469 15139
2111 12838 13689 15977 9309 15094 18177 6830 16565 24564 13691 14336 6829 15039 12320 8962 12023 13281 21027 20615 14449 5401 4638 11932 17422 28095
11917 9196 15816 10368 8383 9811 18700 11941 27897 20345 16897 16940 17694 10140 24080 11693 17007 13770 17054 22037 24846 11790 17717 14000 19307 18223
8957 16987 15899 12408 23355 9498 24092 10630 14187 24520 0 18064 8962 10295 5176 11870 11421 15039 7038 19150 20350 8140 17648 7991 25015 17470
21408 9497 13229 9149 23445 12293 15425 9270 7900 19690 9410 10795 7534 12578 14860 21430 16582 12515 11565 18092 20711 20782 7788 12595 18558 12887
12690 12142 18730 9769 14838 8994 21259 9201 2901 19820 11580 14172 12130 16771 27666 17599 29204 15026 17294 15720 14820 15287 14832 12848 20419 20948
9756 19342 14748 11503 14916 5653 22240 9033 22430 10817 17571 18303 6542 8465 24898 12807 21485 10581 21383 25450 20286 4952 7312 12432 14219 26719
20251 14631 15466 7574 14308 8651 19241 9043 12228 15153 0 17624 19263 7416 16402 21209 14771 19000 2927 22329 27985 27204 9817 10762 20354 20374
14471 12855 20670 4965 13748 11520 21551 10753 21268 14294 11362 13974 10051 15246 30290 21026 17453 11347 14949 21556 15397 20164 16128 8475 16072 17742
16770 9796 16547 8783 14444 9189 20733 12371 17902 13964 14202 17814 20623 15008 25643 22608 26500 15378 19676 18917 17967 10181 9238 6443 12729 18861
20672 16697 16665 6794 17912 11973 23662 8278 19301 15996 21694 15644 21952 11492 17957 11846 6114 20784 24142 20337 19220 22036 14485 9201 15322 22143
317 12819 18174 8471 17104 11847 24234 7360 18446 15222 14764 10419 20461 9548 28196 15608 26900 14345 10942 14735 23678 12592 19327 13341 14406 16821
19160 4528 16383 6882 27954 12263 23683 12497 28223 18910 26279 10959 22378 13733 6705 12980 15772 15244 17995 22301 9345 26598 10425 11948 16559 20282
23460 11739 18689 10738 5987 10063 18196 9885 13157 10184 10894 11621 20449 12684 31684 21464 33906 17859 20938 20086 19752 19168 10550 10671 16823 19672
3319 10465 18942 6700 13162 12253 19454 9084 20970 9352 13188 9914 9527 11651 22148 13941 19165 13799 16095 24189 22043 24337 19208 9653 17325 30052
2525 13176 16311 11697 13001 14607 19912 9059 14069 18848 2864 14232 17330 13913 20064 16147 26886 13078 15754 25022 20521 22237 3382 12911 12866 14165
9127 9789 22768 6992 18619 8016 23362 7562 16487 10163 3678 10767 12934 11114 24894 15758 26725 13873 16682 15654 12606 15511 18292 11636 17733 11161
25763 17800 17390 13044 11033 8314 19171 9437 9792 23090 10643 12368 19200 13638 26813 18047 26643 13570 11601 19938 15146 32402 2261 14266 23830 19802
5563 7041 18144 4622 16574 12205 17033 12277 18025 19290 3615 17105 15028 12836 18206 13108 20245 12317 15397 18878 9892 14416 11032 9474 20257 20277
22928 17817 16907 11720 16090 11434 17666 10553 18968 11991 17958 3309 11616 15617 29097 13125 23634 14897 14473 23251 14934 18405 15835 11505 19750 17259
13665 18106 19854 14359 10003 10787 17629 11245 24167 16661 12456 13921 3066 11673 19890 17096 13489 14715 13655 18572 17385 25575 16747 12468 16335 23582
19121 12509 17632 8411 9443 10937 23062 11172 13914 26721 16163 27892 13012 10891 25869 16749 12186 16014 22997 15808 21921 6791 12745 15441 19265 24652
14230 12008 17768 18767 3850 11570 20681 7663 16513 22058 5235 21746 18592 11882 10957 13471 14726 13494 14932 20120 26187 18032 11665 10867 17943 22094
8500 8608 18872 13017 0 10039 15401 11200 22296 18862 19501 3448 24342 14001 24234 17465 25433 13079 24000 19915 24338 23908 0 8388 15628 19155
15787 4569 16278 15184 18093 11684 19390 8535 14347 17127 8051 11940 14048 13589 19239 21347 13830 17577 17722 17231 22522 13049 9363 12521 19268 22793
7898 3830 21078 15575 9980 12212 19322 8768 15919 21236 17413 18333 17450 12629 17726 16131 14754 14762 22243 19837 18925 17096 6007 10616 19812 15861
7522 6872 16674 12243 8681 10707 22044 9440 20641 20195 4582 17775 14628 7950 8897 15896 23020 13955 23832 21186 20879 13446 0 6538 14381 9817
19275 15680 14934 4548 17484 11448 18401 14138 21130 16389 5672 11205 5085 14953 16858 8239 19578 14486 16398 21470 10742 26723 29432 8866 24798 16774
22768 5375 19672 8663 0 10937 21432 9933 12731 16723 16969 15496 11454 6834 31342 21581 6487 19609 18466 18227 22670 16491 13312 11484 18295 16953
0 24921 23467 8683 18766 8552 25202 11513 5741 22445 6119 7946 12336 11829 19244 15240 13870 13671 13826 20946 24082 14231 10180 10535 17182 13615
17231 6143 17960 10686 17520 8556 18546 8913 9976 10603 16370 15058 16791 9503 16863 17942 15071 14797 17818 16780 19349 22840 18270 13759 17338 19937
22116 14140 14489 11741 14383 13116 17404 11986 14953 17243 7436 12882 13023 9731 5860 20413 23936 13924 7343 21118 12100 16396 25140 12828 22684 21552
9783 10173 15299 7460 7280 7604 23651 13189 27108 18990 12014 4801 15142 10332 20317 19527 5572 14425 8880 19017 20246 17151 8728 10498 18812 9007
16264 19413 21367 7789 21103 11594 19237 11699 18125 12600 11933 14246 10794 17918 16376 19320 745 12897 10152 21378 23342 16805 13911 10542 15972 22025
27018 13687 15983 17160 17511 9109 24060 10244 20519 7544 16484 20765 13968 14764 11032 16334 0 17607 21547 19341 21617 10271 10856 9243 14273 18957
6693 14387 16881 15179 20017 10019 19236 6545 23830 7055 12816 8052 18737 15790 19780 15063 16818 11831 8960 17739 22701 30256 22538 6166 18698 14124
21992 10879 13344 7413 19799 12817 24911 11919 17380 16337 11358 13421 17862 13604 19352 15038 4862 14115 15394 16902 26191 18938 5952 11595 19392 16434
14018 13543 16892 16005 9065 8208 19376 10120 14046 7414 10758 7482 5166 12884 13776 11817 10113 15822 16131 20478 19788 18335 8218 10997 17887 19686
9870 14031 17143 11599 10570 11771 21858 8058 18358 10321 13744 6266 20638 8433 3860 12328 22094 19203 10508 20067 16349 15182 7769 13532 17901 19643
