365
77 54 17 44 61 39 48 24 68 26 95 9 33 15 62 47 61 88 45 34 0 41 41 61 32 1
15891 5816 23003 12925 15149 14257 20178 17397 15828 17628 13924 27711 18201 17251 17090 5418 11881 12553 3852 12939 15296 17872 19882 11422 16381 14333
17773 8478 25110 3728 17459 24244 13756 20335 11107 19056 15488 20011 5089 19332 19156 6996 17481 12240 8073 14559 5984 14677 12704 12701 16080 16770
23925 10838 45420 11958 17025 18023 19624 10531 16100 14137 12829 20577 14990 17551 21543 8281 12604 10145 7473 13402 2210 21541 14436 15526 10434 11298
22560 10617 27218 4074 11974 17866 13130 23329 16957 11424 15005 17387 11839 17658 19071 3078 14870 10680 10428 21625 8264 18798 18877 5947 7543 13186
14828 13165 18338 14419 4495 22006 15806 21435 13847 14709 15910 21413 4908 17139 24907 11352 13662 11175 10645 16187 9019 15159 18397 11577 13705 12163
16817 10235 30540 12501 7354 22202 17244 9747 11827 5440 11994 21003 12469 18189 14160 8994 12013 13531 8784 18185 5477 24225 22088 19085 7277 14590
24381 10267 27265 9244 17322 13800 14964 11241 19369 13118 19568 12925 10405 18110 6890 14977 17365 6936 9029 15980 10879 10811 29721 16789 8584 10640
23577 10867 11965 10706 18828 18979 11993 7836 11546 0 18165 23360 258 17685 20703 7572 16517 15664 17757 16888 16986 0 12583 9183 6907 8319
13429 7255 37482 5005 20149 19471 25427 11836 17250 0 15262 17810 6323 18607 15914 7746 11737 11029 11696 18200 6764 17038 14286 16375 10589 10550
20148 10886 8731 20872 11617 16513 19742 23162 10430 18690 13616 21603 16653 19983 16261 9244 16170 8291 15277 1991 2030 19563 17888 3075 16882 15015
5379 11965 15554 9862 24122 17425 21146 27232 18438 31782 12821 15887 12008 17181 14441 10074 16016 14502 6606 17690 22711 15271 17502 9376 9921 12771
16903 8630 23408 7398 20651 14570 19787 11164 14271 18299 11939 17772 0 21389 19868 12141 14955 13287 13670 17003 11487 12935 18191 22202 13988 10119
8869 6715 37004 12502 16859 16618 18687 15569 10283 20818 13449 20554 6440 17800 19983 12717 5296 9074 11536 21253 15924 24753 19493 18372 9488 11373
8002 12181 16023 0 11595 15630 19245 18579 12879 20231 15839 19955 9378 20082 14923 9095 11782 14746 10047 16186 16511 23202 20167 6549 7923 13769
14118 6117 20625 13158 13053 19596 15251 13945 15502 9355 13526 19849 17971 18006 18912 9165 13537 11880 8236 16822 7691 14571 16642 11278 5828 10154
17141 8253 23227 13305 5667 20090 9040 17865 10346 10710 17443 15111 18346 14502 14682 13435 11909 14745 9364 12466 10729 31268 19790 9079 6426 10632
15544 10809 22687 13982 27510 14833 22869 14263 22480 15048 13735 18715 5625 19667 15779 8847 12031 13690 15610 22993 9871 20234 13290 4894 20295 11563
24172 15291 19521 14029 22850 15967 18058 20750 9890 22787 14357 16652 1111 12192 9082 8422 15669 9996 3209 19654 13180 12599 15732 16145 5908 14676
17653 12879 19571 16136 24359 18442 25989 16131 15461 4347 12495 17253 8339 23693 16823 14630 6710 9101 8643 15590 23124 17356 16510 14263 11511 8099
25991 6126 18290 9085 5085 18013 22305 8729 15574 8168 13640 15996 18726 17299 14818 13726 18352 13473 13955 7468 21118 15371 20914 14014 18563 15116
28455 9630 13289 16764 9080 14213 21624 23869 13725 13815 14400 20029 20995 19862 13900 11012 10085 12558 13813 6639 9070 23635 15913 11852 23307 13272
18556 12338 23025 3319 11602 17055 16272 18509 9677 17505 12537 20748 5095 20149 11206 10588 11452 13734 16256 25569 9672 20355 11286 9001 11988 13623
19911 9337 23457 18410 12489 20473 22621 13412 16775 22821 15505 14634 9551 18752 10590 7561 15319 14092 12793 18368 12510 22502 25348 10391 7072 11264
6845 12539 23211 7352 17491 16687 18700 11132 12846 11223 15137 21046 10559 15581 8595 9952 13443 14640 7641 21747 15778 24598 16971 7855 9427 9034
12917 10809 32981 14756 24 18820 19303 8569 12086 18079 16397 12663 18559 16764 15346 10196 13984 14366 14766 16417 17280 13369 10506 7328 4389 10227
16723 10940 16704 8637 23039 20698 12773 31321 6599 10113 16222 19877 21159 19319 20903 7813 7233 13171 3547 38108 11792 28049 18392 7522 11897 10996
17897 9824 20648 13893 0 19185 14196 26744 18154 17999 12994 22799 15932 17326 15434 11013 10983 14586 3716 20945 9148 14875 17734 141 14719 13829
17258 13727 14836 8876 10485 20636 16787 20166 15621 27780 15617 19315 21228 18484 12688 10642 11362 11387 10754 10724 7095 1557 18085 20684 18455 14119
11329 12868 32709 5261 6816 22312 15929 6859 18795 10176 20448 14206 12325 18741 21402 9938 11558 10508 7802 17130 20035 15970 25433 12877 19200 11642
20361 12144 16444 10327 13673 15394 20316 13494 14359 12136 11767 16354 17137 21975 11342 11099 16129 14634 13430 10469 9782 30477 19734 20454 11225 13483
13593 12264 16364 14525 9158 15591 17228 15082 13983 17304 13097 18185 18657 18421 17221 10195 12504 16051 10782 13779 13023 6963 16966 11801 16828 13218
11220 11070 19155 10592 11954 17305 19143 13826 17705 19020 13805 19374 5047 18791 20969 12810 18328 9838 3990 16266 17899 17491 19010 9276 11137 11858
8518 10161 21727 11629 16983 17414 16479 16473 16198 13916 15420 24294 12040 23394 17210 11005 16517 8242 16966 25494 11018 27468 17801 8923 11880 12011
13035 12953 20054 11519 16331 19503 14913 14414 6814 20725 15302 21736 7878 16498 10523 11022 13690 15963 12983 21972 14368 21557 19153 16910 19654 11073
23249 7851 11900 5798 7909 21741 18983 13130 9777 13041 11153 17308 13702 17151 18140 12659 10128 11202 15295 19787 6685 7160 15208 13491 3861 12717
18848 9642 13675 15092 8600 16131 9405 17928 9426 28441 11932 19576 7371 16254 12467 12106 21155 13092 14503 13239 17651 19547 23125 12386 10704 13392
22038 7820 17013 9804 7155 17137 21365 5909 12146 15571 13823 14203 0 17173 6543 9020 14271 15138 18342 15865 21985 10319 16414 6587 0 15332
22142 12406 10628 2465 13580 17350 18471 26916 20602 19542 15628 20635 34238 22446 15728 9099 13404 6717 7115 16875 27999 18084 15390 1828 19886 10503
10455 8816 27892 12359 3070 16706 11333 21933 7386 18102 14418 11293 13972 19012 23547 12845 9212 13634 15735 16728 18924 4141 17964 11570 9488 12142
11231 9852 18619 10697 5175 19283 16745 12219 17486 25526 18935 21063 1094 18886 14624 8822 14752 13284 13066 17223 7249 27592 16628 20638 8062 11775
16331 13344 20552 12802 13904 14050 15429 26034 13881 12056 14657 20921 12731 18906 9094 11501 11820 12430 14004 20995 2291 17943 12145 13790 16148 11150
11891 8906 36422 5897 13658 15417 16657 18778 16470 16024 16211 15789 17257 18425 10484 12596 10030 11047 16991 29159 5273 6863 19070 9300 4719 9730
17854 8487 14572 11081 17622 13310 20684 20747 12336 14210 17668 27921 11773 17893 17820 9794 9949 16435 7499 8928 20070 15837 17854 6940 14236 10671
6674 13723 21075 10818 17943 17721 12131 24884 13116 8654 16314 18101 7664 20638 8851 12497 12630 11778 13692 3818 24241 26103 20815 19375 9959 9830
16517 10909 16539 10549 17772 16572 17155 14789 16721 17219 11900 16090 0 15044 13002 7995 9237 17111 10950 21394 14607 21242 14897 7902 17135 12370
6300 10218 20337 11877 10974 17634 17673 20520 15205 23694 9795 17142 28203 16087 14366 5313 16952 12062 15681 15290 20670 17569 16910 7943 11566 13632
14645 7240 21750 5954 18606 16340 14220 25705 16391 26854 13254 20928 8899 19559 23424 7467 20926 12466 9496 22192 15281 11339 11868 8862 14253 12030
14184 10615 27212 10328 10171 18265 22836 14052 16592 21039 15426 16368 3428 17044 18823 11404 19675 13905 8411 17679 8742 19436 17272 8468 19875 13656
16203 10872 35795 8793 16657 19317 15510 17317 16786 24341 13936 20073 15460 20272 16872 7305 20857 10647 23271 21730 10785 13322 12141 16804 5904 10019
18881 10789 17852 8664 1436 17367 17992 13620 16102 13088 12197 14630 23455 21084 22227 9765 21963 15059 9396 7361 1155 22026 22717 25348 16973 13772
9364 11172 25905 5377 17504 19471 21099 13682 21946 22762 17354 21654 16671 18346 17324 10656 16475 10957 7343 3476 17845 14567 16047 7449 12794 10033
17988 9949 39290 11991 21585 19633 19373 7104 23316 22118 12912 20953 5963 16938 15825 10084 10623 11269 12801 21264 18532 30679 24933 13415 1182 12586
15142 11560 15330 2888 9176 17278 16600 12414 14298 24118 10568 19716 13435 19840 18993 8551 15777 10659 14417 26192 13291 13118 20953 19202 23625 9857
23128 12478 15092 11969 30576 18911 14703 12971 15636 12900 15838 22757 20316 17128 20425 7466 12430 11976 13071 21080 17338 22633 21415 3969 20242 14943
15620 11461 14569 16382 4403 17267 19639 19995 18176 10710 17714 25924 21457 16773 14988 10316 9270 8744 15086 31048 30773 19304 15186 8869 22222 15268
8212 10007 18223 11105 17173 17428 16988 17599 17680 25586 14472 22882 18914 17614 9643 9848 12879 12856 4669 10838 10011 20269 22899 10042 8930 6958
17239 15299 9564 11446 5111 17497 20859 13362 16727 18225 17615 14953 7117 19302 23793 9359 13443 10512 13832 19739 22223 27239 16333 7297 16113 13542
13608 11363 25869 12161 10113 18284 19716 11080 16537 13462 13499 21680 9150 19026 18107 8485 13489 15873 11403 19669 21060 23474 17358 12245 16083 15183
21066 6745 24491 12066 26518 17598 16998 15839 13591 12504 11815 21236 8528 18112 20120 7018 19304 11633 12115 25395 17771 16189 19043 18485 15289 12426
28771 12059 10782 13712 5367 17939 11974 13740 12431 23062 12576 26481 8773 18100 11442 10077 18841 10288 14505 13100 10961 10492 19675 3487 19635 10368
17275 8317 14858 18829 6363 21490 19083 27678 19356 0 10695 17511 12901 14734 17561 8444 8599 10328 13267 15127 7011 14050 18701 9477 12912 11969
19673 10212 7687 7936 18979 22183 13749 14458 19034 16844 15387 19316 13594 20112 12434 10149 17020 13413 11314 12552 11422 17031 15085 17155 7511 10538
17278 12633 12232 16490 0 16989 20090 18400 17239 19881 14397 23149 25093 18109 22142 8309 14463 10878 4681 16043 9058 28871 12298 17095 8860 13026
8938 12254 13684 14478 8462 14163 15813 12810 15816 6796 15316 15478 11009 14250 15325 9526 16210 10691 8737 18906 19112 12833 20229 10556 13323 13729
19914 9456 14475 17621 16190 18904 17208 18011 11191 19027 12680 15280 12203 16204 13386 5746 11532 14918 11717 4517 27837 11756 21112 12630 16264 10371
12155 14715 13035 8848 4670 14541 16090 8589 21155 13037 16665 17043 15763 19629 15729 8910 7220 9836 14674 22784 8287 21121 22217 10792 12065 11537
18725 5512 27679 7711 21452 18946 11606 15335 15444 29145 13708 20271 21779 16096 22695 14103 8262 14585 11141 15250 17814 23377 17619 0 3254 11361
26174 8477 23389 14932 11984 16805 10822 19084 18812 15225 17131 19256 10324 14856 19211 7997 12629 11146 3778 24713 16968 24418 19756 3430 5024 10949
8840 10424 17919 16741 13054 17456 15681 12085 14187 19920 11883 13532 14278 16210 17542 13104 8829 7699 12899 25035 13585 18946 21815 0 0 10094
17706 9613 4001 10099 7312 21179 17086 13740 9049 4091 15688 13955 2754 18244 13581 7683 6529 11853 16733 16559 16639 10268 15034 12278 19448 10561
21165 6079 21044 7145 10629 17686 14181 18857 12109 24422 13765 18244 8123 15005 14279 13368 14933 13612 12001 15294 13274 6252 13751 13044 5958 8186
10932 7626 6828 9749 9858 18014 12560 22509 23369 6541 16897 16768 17911 18037 4247 7224 12539 13219 2511 25027 2682 19258 18059 9061 10799 10723
14114 11476 17316 7128 11866 17783 14022 16510 13943 8070 15668 15440 11844 21216 9207 9518 10167 14304 9841 20489 10776 16464 13787 1398 14823 13926
11937 7435 19501 6333 24912 21940 15108 17083 18679 9355 14547 13168 11797 16936 12636 9095 17079 9103 10383 15922 13463 13737 12999 15533 22311 8035
10629 11861 28025 10129 14856 17791 12644 22518 17398 15470 14078 15868 13716 19915 17382 15252 9039 16400 10749 17152 26915 21956 18067 9621 13412 7805
19060 11274 44203 11962 5671 15020 21402 21399 11172 20154 17370 22023 15682 18570 10566 12505 15318 7548 12396 18562 18595 14722 17572 16042 14960 12814
20425 10108 14650 7870 26032 10492 24404 11649 13228 30988 11814 24386 6345 20791 9792 9620 17788 10188 15244 11105 6209 9969 21061 6912 4868 8053
15614 8410 14188 16896 13199 22830 23232 13611 14340 6895 14266 14378 8597 17545 18245 14576 21724 12124 22262 19338 1314 18230 23836 5182 6825 9291
17651 9875 12027 5652 31146 12004 9791 24153 11964 7484 15438 18804 12135 14495 8912 9315 16391 10865 9691 20037 15412 11903 22752 15366 14346 10169
14514 11477 18063 14015 16068 18698 16591 23863 12687 14159 13223 13809 17040 14917 16980 11084 12560 13292 14800 13508 14340 21303 14231 18039 14495 10427
9950 7861 9796 7405 6864 21974 19696 23397 15635 10809 12384 19297 24643 16594 17364 10995 13060 13857 4486 14492 16358 23051 23387 8677 12645 10415
18787 9256 12510 9930 8651 18897 18711 15658 8742 24425 13921 28518 21315 20479 16291 4731 12467 14179 13015 16849 15974 20175 17834 8893 16822 9462
18945 8183 23551 12367 9925 19472 16897 15644 12375 17401 15283 25487 4242 16354 19233 10220 17843 9896 8177 27789 23215 18149 22115 13171 4279 12538
17633 6821 15187 7268 20286 16793 22822 14661 17598 11209 17415 20610 15608 18682 8736 14549 15124 12683 7339 18139 13311 20489 16523 13454 0 14580
20175 8774 20243 13696 8389 17412 21091 22572 13339 14610 13605 16064 22649 21242 22410 11999 18804 15046 9532 13842 13102 17912 15752 16540 25335 8742
29719 9594 21518 15356 3484 14501 18995 9353 15755 4226 11568 18855 22265 16346 26695 3726 11521 11182 9033 11333 19895 22822 16043 17090 12999 16513
14894 9550 17003 11765 27830 17036 16302 21792 12809 14926 17454 13750 10666 17161 8872 5604 19660 8701 11746 20413 14578 10543 19435 16394 17020 11484
20309 11218 19739 16716 14047 16412 20882 29256 14733 17815 11702 18936 15133 18425 14433 12290 10048 11936 5701 11330 27732 12839 20253 2524 21238 8229
19543 8641 7552 13528 0 17972 21668 22657 16090 20286 20301 20846 20729 16283 22675 12647 7612 9337 16422 20759 16131 20362 15477 3380 9704 11244
18915 8078 23065 10902 13562 20454 14315 9876 15776 2067 19348 25278 12266 18256 16146 9201 14259 9676 13971 21153 4163 14513 18239 5160 8634 14623
21811 10206 27481 14021 7843 18700 15979 18005 14840 7153 16348 19747 7813 18569 21846 9539 11150 12695 11030 16332 9245 24993 17500 7216 16206 14782
37456 8029 12739 7388 7538 14966 14942 15042 7016 21696 15250 10594 17738 16161 14733 8501 15095 6253 19204 21468 20524 20540 11357 8035 14258 9519
18312 9113 7455 8778 9267 19319 15161 26898 13394 7496 16688 21828 11331 18776 24654 11439 10221 15993 15854 26507 10728 7999 14591 9828 11829 10375
11543 9273 7897 2629 24258 19683 26825 21860 9845 23734 11520 19285 17211 19401 21039 7927 11187 13539 13011 13742 12882 13044 16246 9144 9927 16792
8718 9801 17283 9634 0 19422 17095 25284 13226 21453 12859 17035 18174 17519 8019 9227 13895 9763 6645 17860 19286 18082 15092 4794 18559 12887
17169 8160 22989 12345 13000 21402 6799 10017 18997 20093 13427 21434 7044 17662 22258 13163 19065 12387 1249 7446 12047 18918 13597 2052 15895 16366
9118 8660 12274 13239 16602 18485 15237 10738 16073 14059 14273 17836 10643 21329 6986 12004 20192 11598 11803 19041 21668 18498 13005 9972 11279 8302
23111 9356 14397 17478 5265 18254 21308 23656 16959 12498 16110 17734 20807 19518 4359 8380 10519 12871 15160 22494 12122 11818 23227 9913 20079 9719
12642 9531 918 10419 9747 17080 16562 16220 20077 19901 15701 15180 11550 18849 13446 11594 15572 13858 11217 20961 18436 33098 16997 4502 6214 10568
14008 5936 22104 18148 18145 22629 12034 8316 17637 13807 13078 22390 25269 16347 14887 9315 14748 14039 15758 9645 11686 22007 20201 21577 16027 10015
8097 6820 26724 6953 14131 20743 22279 20347 9534 26847 15965 15126 15572 17943 7680 6683 12285 9289 11444 15015 16635 15484 18613 15981 6102 14440
18184 12819 2277 9027 7370 16668 19454 12168 10202 17237 15867 22264 18647 16155 14208 11842 15628 13029 15848 19041 14056 16028 16021 10808 11632 15405
16560 8962 23531 11113 5083 13770 16376 21936 9886 25260 20525 18725 12668 16080 16034 10602 12119 12507 13283 22424 18357 10490 20577 20768 18630 10833
13276 9282 16543 5692 2055 15535 23394 23331 20424 15689 12566 20444 15551 18022 8151 11255 12531 11579 11201 14922 7917 12443 19749 767 4627 9998
22112 11254 23458 12507 15409 18180 15796 15027 12864 16489 16299 17818 12726 16370 13680 11022 13731 11486 3476 26883 13776 13965 16313 0 6393 9150
19091 7367 15404 11102 13171 14557 14738 20437 15017 14660 14110 19398 12060 17420 21495 8414 7900 11275 10188 15661 15922 12205 16219 15712 3225 7976
9432 10668 22262 19681 16385 17154 22226 14762 12549 8936 15969 14914 11506 17011 16744 12522 13741 10218 8582 23152 6386 14480 16111 8258 241 7982
5897 4534 24986 14321 12719 15078 15281 20142 15510 24907 12623 15867 9482 18950 8693 17706 15573 11782 11950 19664 16370 20589 21117 20055 464 12283
18637 4802 8375 13335 5895 19193 17623 24043 13343 15479 13232 24402 15796 20016 14772 9505 19908 7675 7182 18164 9000 15518 15822 11372 16331 10806
23380 10986 16160 8358 3077 19114 15815 8218 15689 25775 13522 19569 10266 17063 22270 12201 17335 11194 4520 12811 19382 18179 16093 19365 16228 12623
15772 6668 13930 15586 14732 17044 13317 11419 10914 14320 11360 18705 9432 18347 14164 12854 11629 9901 3026 11216 20289 18195 19844 7307 13001 8546
15377 11967 19666 13208 26087 15427 14017 21105 15184 28927 12227 13365 10493 18775 13593 4652 18195 13134 16961 16917 0 16559 14388 18832 24009 16478
15802 13942 8412 5378 19282 19194 22514 26569 14721 3184 15061 18703 16785 18602 15453 11745 15424 12412 5489 25072 16366 20347 18007 9046 7311 10090
10975 12086 10779 10619 14842 14329 18059 25888 21465 18905 12471 19134 10510 19057 14936 11632 12318 7872 16451 6086 24175 20272 14278 15712 11780 13396
16071 12537 16692 5998 0 15797 20347 15821 11218 8515 12033 12338 7141 17635 14940 13057 9300 13029 8429 25465 14799 16261 14736 16301 18510 12157
24752 8556 21751 10486 14090 16217 16358 6956 14876 10244 11017 15787 15154 16787 15890 8986 20073 10216 9283 15083 10048 23798 19198 4021 11495 7552
17554 12154 23729 11998 28507 16772 20578 11124 16753 25834 17305 20440 3162 13389 24232 8513 5347 8651 3274 19300 11448 16689 20171 6906 10103 14093
20743 12551 35244 5317 17146 18553 21165 30706 22078 14135 13520 15984 11760 15889 13086 7919 17119 12292 8821 15102 18577 30378 11684 12143 10227 11570
28755 9686 19851 8819 1538 18676 18520 6334 12902 10412 16196 18786 8761 21160 15033 10354 16577 14563 14790 23754 9485 17615 19865 1836 4400 12398
25464 8419 18787 11584 15621 18486 23783 19842 11919 19339 9658 21581 5956 14760 28353 5808 17190 11603 14645 867 22120 32472 19203 6917 4022 10467
14930 7261 26828 12858 25087 22319 26239 18517 18391 0 16256 19219 8768 16082 27363 5636 20502 11132 13154 22717 10745 23183 20461 16414 7461 14719
14128 10419 25560 4953 24426 21704 14627 8814 11213 24399 13544 16760 13563 19632 16755 10144 11687 9606 12994 21194 9670 14885 22328 7247 18714 13326
13929 11046 17456 15511 9370 18197 17157 25996 14648 14451 12905 21535 18737 22670 10897 8707 17168 12111 6698 22411 15833 22750 13772 5039 12610 11599
14523 10962 27097 13663 11819 20893 11013 17012 9642 5871 15407 21120 0 15857 18540 4881 18316 14734 15935 18529 11779 9517 19495 5010 989 12358
20296 11236 16577 6395 5898 16815 21954 20474 17681 22627 13781 20290 9181 18680 5239 7037 16202 14961 9751 16291 15037 17830 13251 6339 15141 12064
28984 7071 30870 12250 16695 16283 10615 26328 14375 16999 10608 24670 19566 14037 12981 10750 18797 13363 12668 16505 0 19297 19121 5606 13685 11826
17149 8878 23456 14172 18081 19700 16674 16736 14683 2326 9323 16222 822 18294 22420 9271 17625 8580 9151 24655 6714 12879 18878 13368 23 10513
6217 11896 26782 9451 6716 19208 13658 12974 12237 6361 14684 18796 14163 19134 17682 10579 7314 11729 7126 22620 9057 18081 18750 9995 20524 17494
23796 12834 15292 10590 5810 12742 17588 9412 18875 14582 16312 10453 13613 12983 11935 12173 20650 11980 13087 15347 2723 19995 22493 8979 3864 9848
16688 9586 19464 8478 15478 16086 14986 31754 18923 19469 14769 19456 8761 18690 6653 8485 14312 11324 13830 24494 278 19900 16703 5113 9818 9023
19836 6830 7138 8403 5939 16023 20082 14064 13776 16861 13816 13982 18332 17293 12705 8187 14696 14358 4731 18481 24174 25483 17415 12195 14075 12848
12153 14310 8261 12946 12345 16012 16260 6718 13907 16648 11782 24881 14225 20503 16088 10267 14991 15335 14247 22505 3935 18321 16911 13935 10691 10436
19719 12453 13457 13443 10759 19207 9239 18839 12661 14863 17289 20344 9771 16462 13934 10429 13610 11432 21402 20132 23548 4255 13849 10697 12954 14032
13223 11108 21007 16690 6526 16242 21734 27138 8389 16223 14783 21418 13447 19459 13068 9383 10905 12696 22425 19308 4322 22271 10120 7749 22082 13072
14112 10579 42158 1888 12366 18241 11699 13747 13812 15669 12493 19526 26124 17139 14944 7255 6454 13070 11909 25151 10899 24335 15681 6493 12494 10040
21433 12708 22617 5185 4259 19619 17697 17726 18948 13152 16137 19934 10580 20663 14043 7406 14468 8329 11263 22573 17007 17488 26083 14170 17091 14449
9992 7708 26837 10400 23967 18607 17664 16148 23066 25825 12362 19740 6722 16971 12029 10466 17900 11122 10518 25522 9452 14419 22314 7573 22644 14021
13340 13704 16146 17080 2990 16946 14634 12217 15445 9361 19624 21090 10076 18805 5806 12241 7587 8701 15700 18132 17362 12032 22922 12434 4755 11274
14329 7431 30001 11817 28358 11845 12322 10323 16158 8966 15162 19632 6347 12605 29131 10592 19734 16731 11414 10739 18196 20490 25308 11193 13591 7968
21059 8662 27403 11950 19659 15586 18257 6334 14244 13360 12139 21518 16978 17870 16159 12390 14832 17252 10963 25029 9765 24303 20422 9608 8401 13470
11112 5834 17969 15048 21407 17085 18103 22886 16450 16416 16425 15108 9244 18627 15183 7886 10792 13111 10441 13752 7783 14437 16276 17649 15873 11087
17524 10749 15022 16124 8656 25878 16722 28964 16825 23287 12787 23249 5595 18869 14721 10867 11921 13644 7936 12538 11571 24337 16022 7583 19954 12571
6548 12141 19636 7173 8563 17274 14877 16229 16562 12068 14239 22678 8138 17544 16864 7551 13531 10269 8421 12935 20364 17479 14988 5099 10349 14388
8626 6820 19896 7785 0 16171 16221 34216 16529 22220 14882 18208 6782 19770 23876 12744 14710 10981 12014 18736 10822 16905 15222 5424 6081 11472
18140 11152 29626 13455 14092 16761 12078 24474 20352 16383 10396 21288 8137 21717 19980 8989 14527 11970 10728 17316 8645 17535 19379 11131 13600 10136
22326 8873 17090 11949 11468 21368 16655 24241 15371 17382 13087 17183 28154 17606 17643 8656 19932 10808 11057 24345 20685 10375 22147 10065 9119 12974
13101 12076 22767 1141 10136 17107 9662 23737 13141 7721 16919 18857 20203 14852 12216 14352 11383 14418 20050 21353 14755 15135 19016 16366 9188 13507
19743 10033 20320 11568 13143 13859 18885 20271 11959 12982 14153 15391 19279 24571 8059 7687 11738 12638 8846 15401 13058 15119 17758 14555 11682 14078
22620 14478 7540 8178 15985 20425 20154 3659 12309 19112 13202 21804 19394 17641 24707 8451 14518 13286 21923 22090 23776 12134 18874 6548 18040 12669
18757 11053 28066 9491 12239 18842 17071 21357 16409 13855 13508 7113 3964 20526 9741 10451 17439 11577 5805 26357 9352 25503 14471 5585 14819 8703
16371 11991 21057 17499 7822 14590 20094 24400 23485 17823 14214 19340 17110 14088 16832 8312 16544 14625 11075 12995 18002 18114 14629 6706 10906 11185
15790 10076 16560 12103 9062 21527 24199 11359 8046 11112 13417 16448 11265 25099 22685 9373 14555 12187 15712 5421 13095 18425 23848 15525 7971 15339
17876 12079 17410 12307 16720 18345 17348 10973 11919 7073 13123 24832 21594 22348 10209 15805 16563 10194 12474 19852 14990 18011 22572 8329 15132 8102
19147 10420 26533 0 18013 16785 15302 23504 11583 8390 12533 21759 0 19039 16866 11711 15208 11421 12696 21380 11508 13608 23124 18845 9613 9649
12926 9563 25372 7359 10943 12715 24378 9614 15713 20032 13670 27015 9878 16754 22105 11859 13820 13488 14545 20422 16843 20435 17317 19564 12326 10290
25450 7625 18756 9771 9026 19910 13733 20294 14044 18901 13510 15679 0 16674 9523 6921 17120 9745 19120 13012 7663 7967 17905 3337 12267 10019
13504 11140 29936 5700 13933 17526 17945 24721 18177 25874 11074 18255 3918 17382 9715 13845 14854 6334 6869 19101 10831 16170 15060 8839 19318 16242
19614 11574 20292 20188 14718 14572 22047 25233 14406 23849 11442 20772 14973 19677 11830 9531 13340 15612 3358 24208 0 15599 13211 6437 18491 15825
27224 12047 26830 12029 11257 21764 12464 19118 14750 12696 15483 26939 21314 15438 22335 6330 13651 11104 1577 22674 9632 21001 17870 21603 19201 9672
7929 12325 15719 16212 12384 17005 6500 19733 7796 17081 13308 18666 20930 21626 20116 6397 16880 9893 14171 11996 6760 25478 23233 17173 22995 12548
18720 9414 32505 11256 21286 18736 14995 20448 17251 14839 15373 21093 23476 21311 21772 10636 11494 9727 14398 9652 22577 4863 9384 15382 17646 10270
27689 6043 12929 4843 12784 14211 20478 19924 9447 10177 11621 11111 16132 20508 21778 11952 14744 13279 8574 14838 17096 14799 16164 6448 20083 9881
20660 15666 20608 11344 18916 17182 17744 21435 13611 11535 12657 20354 15151 14250 25207 15355 10942 12149 13006 6567 12440 12855 14338 5218 18164 9729
14822 8677 17808 13496 2177 17477 27010 21838 15954 25806 16590 19871 3270 18220 10560 8951 11356 12360 11665 18515 14682 0 12063 11868 12823 6907
28556 11372 17907 6839 1982 14951 19491 24499 17022 3199 13322 15044 6890 20563 11042 7184 8615 12306 11735 11644 11203 9389 14045 7697 25453 7511
25798 13004 10359 6187 20493 14807 21216 21808 10509 20123 19670 26890 4753 16930 12779 8934 19087 13258 8910 30026 17272 16736 17491 16131 12291 9211
14375 9202 18484 12954 14569 18419 23321 406 11458 13837 14914 14209 4753 20427 16154 10770 14274 13394 13589 17945 21410 16434 10771 7736 16410 12731
17829 12303 16621 8022 12272 18749 17787 12669 15678 17728 13956 20738 25697 17908 14749 12698 16827 9755 7028 11505 6698 4333 12983 8364 16539 9695
18908 9905 20634 6096 19613 17669 13556 13871 13658 29482 11985 19502 5413 18779 17552 10961 14877 13888 3947 19466 14759 22129 14412 7459 12991 10481
9603 9294 21787 2503 12426 15102 18436 18730 17922 24678 11876 16536 19420 15438 21387 13124 11355 8467 0 12997 14970 22896 17001 4452 8272 8436
8289 8581 31525 5927 7271 14371 17935 23993 13968 33120 15382 22157 4379 15142 12770 9735 15874 13776 14116 20582 10335 23267 12099 10192 11595 13166
15396 8888 24697 14188 11529 23809 17532 13082 14527 11082 18423 17466 2574 18004 12532 9230 8482 12405 370 19959 15728 24468 11167 12572 23325 17203
13988 8751 34293 14726 2162 17523 21814 12850 20412 21817 15086 22021 13197 20230 16840 8316 20978 5919 12446 21531 18017 16295 20411 22741 17934 11049
11296 7909 21434 10720 15921 18291 20679 27713 9198 10748 10988 22147 6318 21624 20232 8295 12156 7947 8362 19511 9451 25762 18916 9679 17700 13456
23745 10034 0 10963 18542 19333 17322 35434 16778 9117 14629 18664 15038 15024 5795 12949 14972 10434 10761 10262 15533 14447 16402 12079 9223 11575
16397 7814 24596 11762 6641 20163 15905 13102 14488 15603 15089 23367 9737 12016 11307 7843 11164 11597 6588 22315 12237 13473 17921 4476 17886 12476
23486 5569 13731 8566 9688 18924 13117 10553 9768 9748 16674 18647 19348 17097 24519 13143 15583 11179 6132 14707 20547 22476 15788 12307 11062 13695
22728 13350 17872 5938 19622 19840 16867 24784 7042 14356 13402 15938 14419 21675 9191 14048 16906 10605 1799 17159 11734 15420 12188 11444 7166 13542
14432 10517 9986 11165 0 14835 18107 19191 11311 2824 15008 17965 10494 18944 9082 11489 6791 12066 12508 13279 14691 21065 16397 6595 16756 9988
10030 9657 10673 15744 27209 22898 11723 23862 14583 12819 14015 14396 2859 19050 14158 5821 10037 10013 11614 20913 15503 8635 19141 11418 2718 9386
8223 12355 14548 15256 14250 16155 16638 9769 16752 4953 13259 19244 12235 19917 11987 9989 7268 13810 10726 10004 10020 14212 21004 18796 27135 12144
13263 13726 18108 16940 17119 16984 17880 13401 17391 18773 13023 23879 16594 19325 21384 10645 15703 9472 15459 12100 28719 18893 17017 18446 13858 15009
16576 9085 25424 8787 3688 20855 14089 23939 10691 7749 17740 24356 7959 15245 18084 9473 14545 9716 14527 19506 12420 23383 15308 14309 11242 8660
19103 9545 5827 14105 20842 18585 14154 14677 17406 4083 10479 14653 21073 18147 10086 6374 13468 11208 8543 13328 11503 20085 17651 11626 685 12674
23874 8750 20188 15252 24062 20695 16252 15909 10918 13819 14847 16089 9077 16752 21202 9176 13751 12299 21429 10364 18007 10211 22487 14945 19751 11913
19075 12029 24805 5847 15199 14634 23979 22714 16013 15384 15149 15981 16405 19535 8693 12085 13592 15670 5086 22120 13419 22859 17184 9202 14949 10713
15085 10596 25327 10800 8744 20171 12592 16443 13648 8842 13497 13421 10145 14733 19042 10800 22554 13431 13347 13791 3077 12221 12787 19027 24541 8282
14914 11969 32221 11372 14916 19995 18480 18853 11533 6642 14679 23784 2682 16987 19398 7839 6177 11124 11181 19207 17427 18443 14959 21813 4724 11789
26808 8574 13407 11208 12137 16560 23986 17975 21031 25480 13912 19471 24767 20254 17578 9875 15712 14663 7246 24059 11523 16022 15911 11052 21627 10522
17468 8898 9394 9221 14799 15515 15289 14997 9615 8363 9976 7099 22735 17098 18305 11706 11223 13305 2936 15230 16348 10498 22478 17226 9508 8114
16440 6399 15914 12408 20339 18083 20187 19144 13891 27271 12254 21718 1801 18904 12841 12909 8979 11968 7402 18126 10238 19291 12594 3701 13776 8688
16231 11448 21449 16867 17017 19063 16835 18196 18221 9129 15593 16327 5789 18483 19043 7323 13864 13162 5589 12130 15829 23952 22480 3994 13051 12821
21974 10533 6448 8173 7382 17727 17028 16264 8403 8337 11033 26277 2756 17719 10780 9139 13572 15414 13686 21237 20842 14878 15325 9605 12935 10323
8592 9815 38285 14011 19042 18018 10546 9376 12449 14838 14307 20892 0 19275 25864 8507 15815 8035 4930 23954 20801 21083 25380 16801 21365 14952
11567 12113 23971 14923 20209 16975 14219 20511 14738 20178 15735 15566 7648 16250 12711 8645 11466 9989 12117 24438 20883 13875 18755 16848 8936 11606
20588 9798 15240 14681 19557 20278 23671 9616 12330 13753 15865 19639 9707 16745 16525 11754 18109 14587 14249 24910 12941 27397 23209 11647 7452 11905
21511 11767 26846 0 1483 16188 16857 9895 16444 16421 14060 22764 6655 16978 9777 9080 10992 12178 14036 14943 9290 14787 21438 12969 18259 10841
14455 9279 2979 14972 673 15995 7042 11243 13493 25461 11715 22906 16694 16899 21586 8977 13542 12859 9049 23308 11115 12633 21880 5752 8693 14511
7944 9259 11427 5941 15259 17894 19995 8819 17479 13204 13762 13511 16167 18885 19197 12840 7728 12924 11385 23300 12798 5163 22553 5151 9932 11413
14326 10534 26535 13980 14080 18090 13215 8630 23571 16995 13880 16110 5635 18742 13223 10173 16592 12750 11392 16254 9149 25392 16501 5856 19309 9052
18310 9155 19821 11123 4255 17952 12004 16912 9520 6839 16578 21049 3644 18535 15157 8164 9091 8240 10279 14622 8701 32092 17046 5325 18287 10011
6710 6759 25468 9241 4094 16887 10874 20403 11021 13629 14543 21400 23783 18141 16119 11059 15805 19029 8525 12373 15138 27554 14834 12925 252 12565
19452 8173 16049 10457 12791 20715 21121 24439 19887 16742 11647 19366 17791 17519 4206 13282 19176 13760 6567 25750 11357 17886 14355 11247 13522 12592
13419 9941 15527 10073 5882 16296 18605 13193 10465 27055 11040 21800 20699 16684 23180 7302 11623 12787 6508 7978 17642 11981 18338 19257 7590 11655
13309 9112 8469 14820 10037 13989 22173 12232 11386 19752 11095 16975 9426 17687 11599 11041 7510 11221 0 22997 27841 14139 16811 7843 15813 11456
18817 9809 5042 11540 13289 13624 15733 27874 11159 18972 15779 25220 10265 21577 19743 7415 17617 9977 10086 17954 5447 16506 20154 21465 7704 11888
9895 8785 26196 14345 15010 15208 15362 19713 10335 15296 14725 12253 2444 20189 5928 10705 14324 11987 6008 16563 18689 6801 19885 21254 18508 8719
19445 9026 19783 10685 15788 17430 19080 22751 12815 20856 13731 24962 14996 19543 12340 13362 14123 12206 5817 22116 6544 20771 16319 15043 20316 12440
17258 11976 18071 15566 4111 17735 14327 12458 15085 17679 15143 13284 1102 20762 16534 8853 16564 7605 7406 21343 9287 15495 23880 12397 6554 12458
20483 11940 21050 10737 10055 19052 21630 19807 9505 18736 12340 23989 10656 15242 8772 10589 15359 10500 11340 11662 9774 19667 12201 14334 16977 12253
20072 10199 18552 2490 15179 16632 25357 4917 21161 16885 12632 14891 18406 16749 16462 5536 19301 15524 2486 16761 0 30442 18720 7963 6236 12348
16649 7518 22446 10906 8882 15982 16267 17215 16122 13242 15093 18413 6793 21800 11572 8168 16958 13504 10283 17930 17921 6550 19541 2927 14179 12475
13600 9408 19776 9707 8258 18707 11878 12610 9063 13990 13765 21916 12190 17712 27357 11822 19082 10500 3587 20984 7169 10207 21514 3533 9325 9838
8516 6833 19597 10836 15666 14350 15548 8800 17120 16847 16083 28109 15056 18677 18529 12368 23851 12227 14388 26389 18068 19018 19423 21586 7815 13463
17131 13946 30053 13993 1687 14967 12432 23530 10689 19001 14025 16429 17653 21449 15359 11021 10325 11331 15900 14828 24579 14608 16640 7078 26740 12016
24554 12666 14254 14785 7119 18070 14844 15741 12138 24281 13043 17743 9710 16679 19011 12315 13948 11482 9317 17450 7421 28763 19112 13617 8954 14314
15213 10249 36875 14597 10865 19776 18863 21757 9841 15138 13064 20075 4758 20930 19477 7852 14712 13948 7906 15128 21276 16550 17364 14151 17687 13459
27285 8882 8798 11576 14150 23058 15838 24279 14149 18800 15625 20746 7343 18397 9280 8893 14726 9738 7467 19601 19196 16267 9228 12854 22146 11929
16736 7950 24603 10893 14155 19211 23569 23562 14289 24032 10333 17023 18615 16116 14160 12066 11292 14464 10369 21164 16869 21623 18000 3651 12314 13095
27876 9648 18775 15444 6459 14377 21737 17454 14360 19642 11345 9437 12186 19203 22490 12826 12146 17306 13908 17535 14104 12760 12938 13713 13823 11540
10971 10307 23867 7366 63 18807 15591 17789 18094 13702 13754 20135 10790 19346 14809 11230 15933 12096 4921 18790 17846 26746 20160 5037 19276 13006
9348 10122 42042 15286 22379 23326 13610 20901 17785 14417 18903 18093 11683 17013 17100 8639 11285 7725 6418 10800 11604 29006 20880 12617 19252 15605
7395 8979 15018 7241 23979 20523 20626 19743 21184 21925 18441 12427 8036 16698 16022 8284 12411 12873 12194 32941 24948 17297 21690 19867 7946 10542
17396 14945 31172 11147 22110 17778 8135 11325 15120 5684 16328 19140 14309 12926 19175 12365 13151 15339 14707 15964 5248 19196 12480 4284 6940 9363
8689 13551 7709 10392 6999 19685 21079 12500 18521 18230 15418 11974 8485 16208 21394 8700 13015 10101 13114 17351 4740 12100 17051 12899 13587 13392
12421 12780 25184 20236 13762 20543 18993 12697 13195 23681 13251 21216 11787 19353 13369 12377 15270 9874 7436 17792 9513 13422 16903 2648 19100 8343
17451 15268 32153 7059 22186 20892 18782 20471 19528 30088 15802 17750 9029 17575 15574 12476 14747 11674 2970 22266 17389 17853 19349 11119 19002 12841
12336 10463 15716 14170 10342 14619 19546 16078 13999 21449 16272 17362 14987 17782 27363 11285 19985 12355 10238 16857 22800 19035 17054 3118 6372 12994
10675 9399 11510 15216 6609 19871 19945 17647 15041 18035 18431 18372 12562 20041 10602 12388 12246 13188 10392 13432 21081 16700 11713 10360 16403 9617
22145 11554 20942 9892 14971 18375 8784 26223 11697 9840 14810 18524 15687 17170 19935 7635 8495 13150 8212 21246 23788 10265 20123 4715 9969 11237
16430 6495 17329 17790 1250 15004 20354 26738 12862 13216 13527 21032 10598 14174 16721 13035 13792 11955 8557 18537 15994 20943 21121 20747 15774 10923
7369 7023 23078 11937 25670 18879 17850 10042 17813 12783 17502 21779 8097 16604 17283 15173 14083 11545 11321 15054 12466 27711 20678 11025 12923 12557
18218 7707 15842 12180 14174 15481 24960 15893 14398 25900 14553 20192 17506 20474 8935 8995 14029 12049 13208 17743 18749 23008 19647 493 11856 11631
20493 8790 8460 2915 19584 11702 10345 24717 21637 9264 13041 21123 18240 16612 13744 7789 22255 11169 6999 26045 20678 12400 24641 0 3978 10060
8547 11525 10433 15990 9836 11627 21822 16724 17628 23240 13139 18379 23742 14800 13627 6047 14109 14929 14297 17175 12555 13508 13784 13434 11350 14140
13951 10858 12950 15247 23097 18282 9735 30989 11948 22513 15732 22449 13514 17448 17425 8105 20623 11946 10460 7577 21463 20612 18300 6818 26832 13250
16674 11429 21918 13267 4375 19631 16918 23143 13600 15426 15845 23529 3707 16062 12955 10016 16087 12451 6460 17963 1404 19725 13474 10487 15170 12625
15869 6885 15658 14824 22996 19204 16024 10610 16957 24010 12559 13164 20559 21663 22729 12776 10974 14087 12766 14358 16347 12641 22194 2868 12135 11483
13129 13946 26522 9638 21894 17274 18081 10438 12212 15469 15713 22055 22075 18882 20599 6628 12719 12276 4494 6982 12603 14285 25499 10736 12705 13193
15230 12461 20435 17632 16439 19315 19722 28667 21460 18311 13458 16886 23269 14730 9744 8218 20703 12464 9722 22855 8574 26932 15615 12286 14172 10830
23241 6798 6937 13053 7045 22963 18632 17573 15085 8830 15709 16223 15985 19307 17704 10456 16874 13125 14602 23684 11307 12362 18918 0 20667 11112
27156 9885 11396 9387 13130 18284 22327 13420 18720 20237 14565 12367 6956 18029 11491 5280 13540 11018 8494 12760 6590 11969 23457 12074 20004 13887
16226 11532 3389 16805 16212 13334 14547 18210 5116 20007 14063 16783 7064 18052 19575 12388 16005 9565 5264 12757 8855 10027 15683 17780 21476 13283
20842 9332 26640 12517 15592 20505 12290 17741 16500 5807 14686 13887 5711 13096 18382 8460 13341 12201 4432 23423 33516 21467 11787 16887 10257 12891
18026 11419 25065 6310 9004 17332 17320 10309 16611 14860 14505 18060 0 19049 15987 6688 14992 13536 4197 14838 1144 16597 20668 18583 18235 12685
10772 9033 7579 14462 26198 17628 8439 24007 17736 16481 14256 16101 5502 14114 0 11544 13311 12699 10522 17178 10607 15409 16969 6367 18412 10641
18303 12765 21079 13567 12226 19060 15870 19402 13979 14975 15471 18294 3052 19251 14248 6939 16377 9889 17677 28316 24960 11293 13901 12299 28685 10533
16533 8630 27082 6099 16217 16909 12046 31150 14442 26547 12991 23910 8995 18232 14423 7679 11504 16617 4719 12840 17841 15188 21759 10592 9999 11413
18119 7030 24852 5266 19600 17858 14421 10130 13151 15908 14384 18139 5699 19013 19908 6126 7410 6356 1678 10291 16486 14153 21216 14528 22013 11426
7143 11829 29667 12344 1577 19790 15681 171 15445 16142 15176 19330 21395 15961 20636 9393 17274 4560 22142 9178 16097 19048 18084 9836 12689 15564
2908 10042 21441 6446 8091 13290 17938 10868 12210 22698 13873 16169 15008 15944 18822 9099 20410 13030 9411 5567 15011 16449 12387 10307 3016 14087
13021 13229 5395 8108 0 18174 15711 13629 9169 19983 17490 25654 1618 18384 19840 11192 17470 8801 4595 20402 12973 20459 19981 11870 15185 13058
15535 11069 19332 4715 31738 19412 22441 16640 13608 15773 17439 22486 20584 14890 14804 9777 21619 9186 11372 6799 20737 10522 20634 8852 13525 13884
18895 10727 25227 6175 23171 17958 16447 28977 17139 21409 20717 18665 16963 18326 33345 10032 13729 13994 10887 11172 4171 11889 12769 20626 14001 8610
19750 9041 20739 11983 9605 18092 14501 29712 18754 22467 16016 22587 23657 18800 12415 10355 16344 12801 10724 19247 16257 21292 13972 20975 10173 9506
13444 8117 13746 17574 20726 15570 18736 20432 12514 4638 12094 17616 15352 17170 8412 9282 19209 11828 7327 17160 14876 8256 21977 15834 19584 11990
31192 12146 32071 9276 9114 22844 14290 23837 16172 12832 14211 23939 10626 18881 9671 12158 11356 9068 4196 14346 8531 8238 19978 6270 10027 10736
21625 8748 17200 14835 11609 18376 15691 21777 17685 15666 16502 24333 0 19389 12681 11346 13580 13041 3279 24060 24310 21216 14699 1535 13108 13098
17949 10596 13349 15761 19350 20910 21369 8563 16308 15755 14281 22787 11900 22011 14880 9365 15975 10274 5957 3826 15636 23286 20554 18903 12842 12316
2214 9103 24809 11175 16493 18869 13451 17402 9012 13609 16376 14574 16084 20693 12701 10337 11886 15029 11679 9193 8703 10606 16960 13946 13774 9971
8120 10658 32540 11527 0 14327 18909 25465 20851 7462 11614 20295 10280 19228 13713 14218 9271 11071 14907 8272 5267 12651 20746 313 14511 12108
1040 9654 7714 6231 15824 20280 18192 8319 18987 7274 17105 24269 4530 14295 16697 16264 11116 12387 7821 8940 2992 10851 23321 21320 8436 13413
27873 9703 16123 6288 17583 18452 13042 12121 11830 19376 8846 19409 8378 18078 12124 5538 12466 14397 6829 13297 16934 11874 20070 599 14804 11287
21060 9854 17391 13458 15536 16543 17014 12832 15801 7166 17905 18023 16675 18740 12664 9899 18867 8082 12106 13919 10725 20059 19896 18357 16375 11377
12608 11611 26018 8604 22912 12983 17477 11028 21906 16060 19880 13736 18591 20760 14665 9842 13147 9273 7858 26603 22627 10006 23189 14097 12092 12359
17646 6169 26863 13025 4287 17426 12403 26379 14748 15434 16306 17823 12607 17087 9370 8057 15284 6915 7097 22815 10380 28613 18815 195 9357 14811
29386 8964 13329 10615 0 18135 27597 16274 9935 11577 15115 21052 7255 17420 13149 8030 19485 11082 7782 20796 16833 18210 21074 7699 14745 15424
12182 10665 36213 9875 10248 17071 14196 21039 20080 7996 12809 19820 19634 19108 11557 14568 14129 8948 914 23213 4701 17634 24359 4962 10092 14823
24684 7299 21385 15820 21417 21868 19986 28116 10288 7840 12561 20820 16815 11071 23196 9015 11945 12807 12582 13784 7633 17545 15331 5285 10301 13414
17705 8658 14524 10453 12770 19687 12915 24915 12244 24372 15615 14836 18763 18439 20421 8577 18892 9152 4139 8818 18562 13674 19557 14161 16085 11570
26036 10286 33547 8505 16823 19598 20190 25258 21822 19453 13574 21969 9226 15252 5260 11981 9844 16175 16799 22240 8989 17768 15321 5002 8607 14442
27579 10359 22894 14683 3948 17062 12311 26440 12295 13839 16738 18790 8836 14371 22185 10609 15288 11895 6455 25364 15763 20813 21531 10925 19639 14415
15044 11643 14894 5846 7424 16652 18799 24685 13394 26394 13986 16617 15830 20140 12341 13955 15349 11217 12901 11916 14904 35703 19512 5739 7783 12204
26382 7283 29684 17145 5092 15939 22662 23794 16760 17220 16628 20123 6075 21935 11633 9817 7390 10727 9615 19645 13743 8247 14739 5432 12603 6749
17068 10715 23306 8103 17309 14669 22309 9812 9490 6919 17885 26456 13633 14578 7071 8971 12874 8672 12719 20743 16125 22607 13130 7584 17966 13636
15960 9678 13414 15132 17999 14318 27594 22300 13074 19442 15162 13336 5287 19301 23511 7566 11183 10319 10227 7854 17882 10898 22439 8784 11972 14787
21648 10264 17341 15441 12646 17968 15316 16598 13986 28585 15159 22723 6069 15582 18598 7993 13905 14239 14373 19004 12978 22979 15432 12283 10694 13236
19733 15729 23175 10720 17710 14893 15648 10774 14814 15448 16931 21894 14438 16765 16108 13374 10847 10723 7567 13910 9232 22997 13777 7098 6979 12668
19103 14602 23798 9339 456 11310 16894 16159 7951 15854 16758 12607 0 19080 5045 6905 11035 10465 15946 15943 11402 26346 17247 14689 13381 12001
26813 11009 17569 13901 16027 16623 17151 15079 16782 14264 13176 23920 10874 17166 17199 4512 16917 11246 4036 5942 27027 19632 15787 9451 20747 16277
19125 9092 17712 5289 15500 20082 8632 14470 11720 15099 10299 21062 6584 18433 13015 7653 16423 13904 15956 27301 18269 19926 19703 7260 9099 13540
10254 11588 24419 13405 14609 18352 24532 16503 14599 19395 13495 18714 16279 17844 19200 16367 16914 11113 18560 20211 16010 19461 14003 10253 4829 11405
22047 11540 26182 7162 0 15681 15777 6879 16320 4213 14213 21214 0 22234 14942 10126 17148 11567 9342 14783 11072 13063 16804 793 20609 13194
13008 9131 16082 536 16064 15553 9380 27917 9919 20782 13043 20461 10033 22759 17328 6831 13757 12657 12941 30407 13885 16421 16462 16723 21657 13677
14087 9799 0 21877 5073 12137 21689 17850 14672 18186 13995 15360 20862 19818 18686 11357 13979 12294 11985 19040 21143 12963 14727 6271 8624 3445
7422 11536 11278 6119 13235 19969 13890 23384 5954 13279 15174 11998 11224 14004 14105 10822 17441 10768 6585 28780 14633 18772 17368 15744 4917 9638
15835 11379 13339 11419 6412 19224 9920 22176 18834 28024 15173 25832 8773 17509 19491 14144 16211 16400 11938 21590 9683 15457 16969 21015 19918 8722
11788 7867 8152 10388 12782 20229 13983 20451 11544 19534 18084 24170 12968 19581 16643 5795 14003 12202 3607 18592 8450 16323 22936 9017 23056 9733
15529 12986 34276 17682 8383 19389 18027 12014 17099 26254 14530 20361 17134 18055 21009 11267 8634 10941 9528 17606 13497 14262 15623 13491 8657 8020
12062 8305 31802 10328 0 16933 9536 22151 9154 8884 14229 19406 10815 18137 8714 12604 14038 7538 16543 15062 16771 17960 19103 9432 17501 8311
19879 7749 10391 10071 10867 16686 20397 12260 14998 16277 12533 15358 25043 18046 12660 10763 12318 14895 11773 20596 17331 21689 9616 18121 22850 10204
11810 8905 33741 13127 13579 18711 17609 10503 17282 19793 14551 24246 18138 21945 25886 12265 12988 8122 6273 9622 20552 16554 19675 11838 10579 8394
14256 12156 25658 6654 14551 19114 16085 8310 12977 24364 13873 18271 22654 17120 24134 8282 16318 9322 7433 19466 15150 12244 25925 25612 16221 9326
16427 8905 30787 15281 0 14290 21859 12575 14366 26532 15127 23057 7648 17328 11391 16477 19263 11103 6305 5814 6587 20080 20834 13567 18319 9936
23696 9291 33671 10765 25371 18241 21683 14870 19310 23116 16465 16938 13074 17898 14593 7047 16438 9519 11811 16581 17179 10134 26640 10360 26568 11203
11468 14770 15451 8951 5658 22720 13799 27510 15676 2414 15088 14990 20829 18895 14026 12513 15408 11378 6424 23142 22448 18639 19764 1362 22923 9413
17528 7637 23893 10895 11234 17669 20165 12475 17614 11304 15207 23687 10445 17424 10398 11441 10179 11709 6504 13405 10767 15256 14501 16126 15943 13024
18940 6074 27932 10522 7489 18562 23624 22721 12482 21115 14548 14474 11502 19241 12008 8380 16866 11144 10227 27350 23111 18004 16767 2214 9997 13436
13520 4311 17270 12732 9881 18479 18394 14491 9808 22455 15021 14588 12715 16777 11961 8771 12305 13990 9368 12772 20012 19612 16401 3645 16431 9411
10917 13041 11556 16604 12988 17527 20957 22903 15894 11998 14505 21965 8419 16026 17720 5016 16656 13255 8449 21210 19519 17225 18850 10565 13669 7369
15102 11128 8562 7798 5461 21134 19494 13556 11599 20695 19987 21515 10350 17824 10487 15264 12360 10760 6239 25549 21043 12047 20132 1724 14028 8866
8581 9357 20256 12246 14437 12577 25872 20178 13440 15576 15170 14179 6985 17605 12148 8168 14271 12403 10172 13140 16383 7648 23904 5930 11291 12017
19058 8564 11493 6324 30061 20437 19448 12216 9594 18413 14786 22255 9864 17383 18038 8603 11098 7819 5754 20935 11982 16545 17231 9862 12697 12366
11035 8576 31490 14230 19088 14896 16148 4697 13568 7896 15463 20435 9429 20058 24197 11957 16354 13877 6315 8196 15541 12681 17690 6304 13732 14170
11474 9452 26588 6551 22984 19213 18768 19605 16290 22798 17321 20442 27642 18322 11722 11557 12199 9428 4515 16776 3040 24394 16886 10781 16958 11299
16831 17552 12116 4201 18916 21291 14734 15893 16789 24242 13509 20258 11980 19891 18930 9915 18841 11224 15418 20394 6982 18570 21811 7389 13409 7301
13104 7571 15628 11811 3122 16358 12614 22891 9880 22861 14876 21497 6914 21341 24191 10065 14784 13506 8870 16325 12295 21059 10393 2344 19990 11535
15977 9906 23315 11949 15326 19248 9066 18974 13750 4390 13148 21416 20581 17902 19109 11818 10358 10148 15148 21513 4717 19304 10749 8371 16516 13916
10363 9619 33042 4817 24211 12893 18839 24292 9863 21445 15357 21770 21255 18585 13878 6946 18412 19592 9856 21084 10130 24698 11962 15964 14212 12450
17435 11791 22363 4335 14874 15263 22133 5001 16506 9099 15329 24183 15804 21150 29796 8895 17482 8420 9889 23068 16359 15972 19473 14274 7870 15236
13065 9791 16986 8200 14876 13741 23358 24668 9492 25271 14706 20719 9116 16753 12931 10062 15983 8148 5647 11258 8374 11523 21923 11858 18891 10126
16546 11287 17725 7273 10712 17335 16123 11148 21022 23820 15311 20900 3395 19302 16063 7951 16259 14874 6717 10876 15803 17469 21977 6952 8229 11326
17942 12511 17078 3999 6520 13354 17582 19026 18232 7311 14710 21303 17306 21248 13399 7738 16056 10794 7258 18832 16560 2213 17401 14565 12395 13916
20699 9380 23940 7193 6312 20979 13225 10640 9385 14499 16232 20866 10038 18000 18322 9310 15427 10563 7593 17247 15086 12220 16172 12033 13653 10122
13348 10167 18127 12590 22548 19520 17471 17972 5598 26713 16239 12135 17970 19111 18991 7768 17035 9463 9174 19179 19907 23642 16877 10487 24285 13258
17530 4083 15493 14482 14088 20280 12735 12873 17599 18631 14331 12993 6194 20048 6506 9638 12854 13480 9147 16305 21975 17521 15482 3658 3876 10196
24826 8074 8968 11217 11865 13572 9598 14147 10571 15493 14979 16304 7964 22015 14930 6633 16387 8226 14056 21153 24108 17490 18137 8101 19816 10334
7916 8892 10650 19511 0 17845 24066 27923 10480 5459 16221 16819 11445 18563 10676 12307 14843 13017 8668 22785 11602 16522 23215 0 16616 9845
10514 8116 19259 20483 8481 19422 15300 14238 19182 16283 11064 28651 12939 17003 15936 14689 15224 10052 13104 20062 16408 18987 16925 0 11243 14002
15732 10574 20893 12238 30064 17388 17831 21795 17583 8978 13754 17074 12452 17999 8698 9922 13223 11116 11792 16836 12765 25113 20857 1927 11127 13720
18133 8102 22025 11702 8164 20922 26052 27174 22323 8793 13126 18758 22405 20127 13155 12359 11653 9070 16670 19452 6049 20293 15826 2592 18707 10049
11340 6859 16858 14857 10225 20074 10491 20141 11211 19012 15496 16912 9834 21351 22519 6577 16399 12080 12747 4743 7297 18054 19171 12216 16492 16094
6419 11100 23884 15521 25120 19078 18034 26235 13061 13241 14737 23873 2516 17104 6306 11026 14247 14747 1422 23174 10688 17424 12581 9247 12388 9873
10862 10713 17910 11348 8469 15246 14284 19863 11256 13006 18016 21615 30940 17534 14373 7700 6801 11382 9738 10500 15892 21400 14317 13812 23063 13470
18437 9941 24344 21791 13547 18356 16175 21029 12647 23888 13980 20609 13865 15778 19331 10213 12192 16884 25044 20977 4610 23103 17542 18325 12049 12090
7927 6416 33268 7000 9661 18332 16167 17010 14774 6586 15716 25664 13114 24558 9592 10499 13381 8550 13847 22185 8041 4046 20748 15573 17281 12107
18707 9054 36626 6234 17606 12811 21505 8146 19933 11983 17190 16999 19122 21400 13626 9740 18241 16345 6873 27910 3603 11772 18459 6330 3156 9670
9141 10092 27131 12303 8670 20339 20980 27862 11726 10567 14497 17211 1257 13214 8546 13511 10675 16028 16899 12222 8746 26572 15909 9919 6598 15264
21187 10159 28789 13024 701 18293 11134 4306 12149 11968 14497 17190 4211 15032 13551 11689 12445 9840 10586 19374 7679 16783 14776 8699 9044 17722
21070 8332 5523 10038 17470 22460 15664 6239 25331 4962 18350 18642 7805 12632 13128 9887 14420 18227 14128 11554 20073 17838 17299 18023 11307 16756
25106 12494 15505 6818 0 18080 24410 20996 12225 12896 14629 15817 6753 18734 19514 6987 18783 8453 16231 18364 15205 6822 23584 9415 15771 11666
14296 9312 29699 9683 23135 14445 25345 31990 13600 24125 16893 19179 18956 16433 14690 10972 11511 5963 10596 18439 22994 19362 24342 16060 19309 13760
30830 9196 19018 10028 22450 19312 17970 21098 19726 17612 14409 18893 885 18028 12579 17175 10350 8568 10724 18338 13758 13739 11876 16509 15960 12503
18219 12991 30490 17259 16056 21231 9655 12657 18016 10343 12382 26688 21305 15331 16009 14334 12103 14863 8696 13592 22590 15366 22695 10967 14850 15067
12496 13912 16177 17889 15767 13648 19001 21807 13882 20082 11227 19148 0 23617 21215 11893 17597 12395 9075 4643 9079 17900 23495 2768 16513 11717
11356 10809 8065 6009 12817 16191 21052 13376 17466 12913 10981 17315 0 17719 18995 11820 14312 12792 16566 22558 24247 12251 21774 18168 19062 11475
6725 14740 23260 11200 12255 19704 18287 16307 11095 19731 17837 21173 9272 22317 9175 9427 12669 6418 5771 34528 6001 25490 21943 14404 16819 13193
19201 9013 16979 11280 21192 17081 11715 16363 25851 16687 14390 28307 5793 21677 18332 9546 17942 11710 1144 14521 7725 23331 16731 13168 7087 14668
13962 10002 34405 12562 27194 16933 12644 12618 17273 21891 15426 15737 13759 19205 6816 10467 14331 11045 9239 17353 15699 10444 18868 5118 13686 14362
24439 8536 9806 8301 19362 15076 18356 11437 18677 17373 13039 16063 12203 18525 14725 11452 5652 12543 11761 23874 18169 19373 22458 13476 12306 13485
14319 12190 14833 17923 9903 18185 26237 11882 15467 18123 15912 12006 14094 22491 18671 11485 18639 10811 5673 20613 15538 8364 17845 11290 9328 13130
8554 7683 17051 13598 18578 13242 19135 16538 11510 14539 15215 14614 788 16025 14946 6256 11060 9143 8273 24735 27269 3188 23775 11947 13556 12184
10019 9158 17097 7381 12538 17805 22955 15644 13876 21834 15059 20392 1802 17443 19502 13315 13875 16566 13425 18596 14248 8902 13180 23262 15592 12557
15579 6528 20125 18160 0 17292 11225 27742 12187 0 12043 15290 9889 20155 21145 7674 15955 11490 14040 18991 28491 19769 19351 14631 12011 10407
13317 9281 14998 6985 11038 16900 18166 15199 16222 12387 14756 25353 10122 18318 27196 8488 12357 11023 15627 8367 15360 8529 21707 22018 10937 9473
7250 9157 23227 16003 31771 19395 13357 12775 15488 6386 14498 17092 19831 20459 9369 7566 18331 18084 10210 15659 18901 13621 21186 15982 14657 8756
12764 11412 20376 13968 7964 14289 11150 27441 13898 21044 13810 17154 5824 15174 9915 8510 8447 10295 8924 19117 6965 9311 19492 2294 7935 12557
14702 8267 22701 16858 10520 18488 16695 14513 14660 1403 14854 17169 22015 17754 15442 13349 7827 10065 11581 19970 9670 21098 18177 5890 13555 10792
21698 8201 16930 18871 3566 19115 20192 28852 9505 12573 16059 22044 0 19708 16272 10450 10485 13786 15112 6116 14482 17310 17346 8810 12356 16091
12732 7129 23060 4907 10249 17908 17775 17385 16376 11521 16594 22619 23425 12053 14682 10743 12906 12196 8547 18434 12609 9122 11982 496 13801 11391
25058 13152 14276 12770 14710 18065 10817 12948 9920 13838 18444 23657 8460 17703 12210 8975 20285 13855 16377 13724 770 19751 13298 13926 13844 10887
24945 7704 13478 12726 18407 15825 20070 6242 14753 30902 13804 18838 13959 19857 18726 7773 11713 8446 7135 20905 17914 16540 21904 1925 18357 9824
18530 7605 24735 0 23622 14279 18685 10658 13514 18608 11643 17989 12138 17168 14936 6050 17772 8662 9908 15895 8043 17810 18396 16233 7768 10498
26963 10053 21837 14059 22358 12958 22104 18745 15838 24194 13312 21944 1420 12325 14109 12723 18460 12852 13407 10011 5271 20760 17158 11162 6932 12609
23208 11842 22665 575 16280 14152 14804 13414 10338 31948 10542 24455 24393 17775 22545 4506 12222 12880 6684 20213 0 15587 22392 14388 17819 11873
30922 13166 16889 13353 9003 12991 16037 4756 18064 17996 15958 19597 13042 13349 12312 13450 9250 11524 12026 13796 11718 15568 16812 14005 15481 12620
13870 10162 20960 13299 2480 17349 21634 11986 9499 14159 14537 10754 12792 14742 6742 5871 12769 11880 14174 13869 6744 16008 18245 8822 15860 9825
18213 10603 9347 2361 15067 15358 15887 18203 14340 22191 18198 24107 18413 18545 11589 10573 10316 15709 15069 24968 17596 23213 11210 21932 5960 9521
17198 7437 16644 13690 4444 22765 14416 1467 16622 18649 13042 21652 1170 21812 15996 10802 19952 11591 5584 28471 26649 16460 24453 9549 11483 12583
17265 9824 26688 11890 19149 19415 16765 23455 12710 26987 16964 15310 1403 14621 13943 12469 12320 16820 13217 19561 931 18063 12610 9176 8871 12291
15020 14108 26628 3957 23105 16728 11988 12201 16739 4716 13882 18878 17975 15063 13086 5918 16272 7452 3888 18600 19629 15477 16105 16096 12445 13706
8836 9949 18579 7585 6015 15784 22091 5115 17176 8893 13241 15349 11355 18851 15534 11200 20353 12104 12529 29846 11498 14724 19046 11632 25010 13361
9111 13983 12931 6244 38803 19459 13186 23310 18752 16193 14807 21247 11194 20308 25571 9248 20564 5397 12996 10438 2641 7702 16009 9620 14372 12674
11541 15516 21842 11820 20594 17917 13554 4705 16533 17097 13539 22333 11249 17224 13734 12770 21214 13265 10239 25513 9438 10936 23154 10368 13853 12583
9753 7856 12611 3916 14258 18006 15580 20970 17408 22489 13914 22843 12655 19851 17918 16098 11033 12644 19003 14072 10525 11930 16476 15619 12359 10729
