365
21 48 32 41 43 55 94 89 54 95 7 80 73 12 39 33 90 8 79 95 14 3 74 74 29 38
13763 9644 13496 15090 12755 14565 7375 20560 3792 16820 15568 21683 17032 24525 9298 15593 4229 10022 19780 16586 28309 11294 13568 10350 15882 19691
16247 13713 9382 17226 10446 0 13114 14734 9580 20767 11534 23695 20282 5925 13569 16287 14171 3043 17690 16476 25145 16217 12347 19186 14435 16254
15014 8936 4159 4883 2318 10453 6731 16334 9973 17421 9412 18369 12137 13681 16221 13941 9083 9008 20805 14284 22749 12205 25896 101 15450 21249
13302 15982 9712 5902 14065 8094 19728 12420 16913 16989 18751 20972 15410 8740 12473 11767 13417 7888 26104 27509 16319 19056 17136 13650 17892 21452
16958 3811 14041 1885 11480 21424 28954 4654 14050 15545 18147 18420 12753 10825 13361 14810 11586 5382 19219 18833 12580 9849 6519 12510 12924 18633
14133 15494 11545 21781 11661 14437 22807 25679 22931 17118 14432 17828 26056 15485 9875 14596 13920 13583 22198 19766 26675 16885 18754 10822 18634 20015
9833 8509 11238 27471 15714 19752 24066 17175 16506 19499 12887 33875 25875 5591 13034 18821 16729 18395 20380 25970 22594 16474 10189 9670 17042 17002
16297 12376 17563 2985 26983 12040 28111 7414 15160 12629 8891 22256 13240 11443 6607 16953 16337 11686 18334 11571 19804 12584 8187 8528 13632 20519
10231 24335 9770 10124 20620 6843 11541 12080 13334 19895 12421 15759 20385 17601 895 10930 19282 10225 19527 25830 24179 21014 12757 6009 20795 18087
19793 17367 9559 16856 26483 9278 26954 26884 10495 15732 13924 8524 17012 20434 14609 14246 9509 13360 18750 15438 21333 15652 11571 10918 15515 21954
14669 21209 11185 11997 17979 10378 12971 15931 14549 21301 12803 13910 14658 13149 7639 10607 12111 6060 18020 29355 20014 17225 10039 6365 18514 15338
17187 11855 15883 335 19871 8656 20542 21498 15072 14656 12583 25879 20402 23757 15370 15072 17508 28380 15394 10350 18331 15292 5866 11059 12143 15603
13250 10699 19910 15569 11892 0 15757 18490 14347 13057 12482 14280 12993 17028 13219 15099 19611 5727 23053 19082 4726 17540 9622 0 21005 20986
11459 8424 22607 198 14143 16241 21416 22467 14153 19669 12837 11629 22178 6676 9472 13465 8023 2855 20537 20208 23601 13647 612 18203 10657 20284
15461 13438 8380 2663 27463 10133 21156 13305 7800 22108 13398 17664 19065 10613 8078 16909 16150 17745 16729 27109 25107 16270 10980 14637 16649 19755
13411 15484 4365 12864 17841 22315 17987 29363 8364 14810 12079 17150 15228 10752 17631 18129 4915 13555 18104 21599 28148 17516 11230 5263 14011 19002
14933 11294 10033 24379 5835 18413 351 21289 12547 22113 14878 23223 10439 14385 17570 13967 17669 13792 20893 20263 14061 15320 17398 278 12274 19008
16739 15876 11717 18343 11055 13630 30973 6081 11494 15830 13748 21428 22679 8607 21524 16533 7632 4991 16166 21936 21418 14567 7043 15339 13056 19315
13902 8142 15185 3887 12286 10221 24880 19070 10786 15706 12009 20847 17335 9681 9873 15857 17365 15820 23385 15166 28368 13890 3978 12656 12152 17941
11584 5302 25843 16985 28782 12150 8623 7507 18087 19510 12028 14868 28953 20452 19468 15394 15980 14750 19260 10687 22589 13657 9392 0 16055 19758
15219 16337 11538 15013 10848 11375 20455 7215 8026 17889 18359 25572 17472 17553 741 11060 9763 0 15483 22128 12070 18234 0 9857 15941 16689
9868 10747 18451 2617 20951 7155 12206 15075 12197 19154 15948 23411 20979 18654 11348 11481 20276 15859 15745 6912 21197 15544 23955 3646 15482 18446
15888 6893 0 16611 4337 12021 0 10381 18048 21512 16411 10105 21909 12020 19604 12778 9244 20419 20498 19627 22414 12333 1474 17253 17542 17234
11715 9355 17144 12415 1045 8822 26275 22662 13430 27656 14303 27292 26965 13229 8787 16310 13716 16796 24766 18010 23087 18747 12799 9514 13838 15683
10113 10615 17198 15646 24327 10984 21142 24685 15245 23880 13242 21081 15258 13045 15636 13303 11910 16933 19151 9979 18601 18942 10440 18732 14656 17982
14492 20064 24015 11041 7722 65 15736 15898 8066 17648 12900 15849 23836 17399 16873 12075 12310 15532 18072 18685 23894 19087 2456 12587 17250 19876
17977 17084 14831 19274 25277 5859 12432 9156 16621 14302 11409 24745 17050 15463 13532 15807 13542 7817 21352 13895 20376 13133 7815 16276 14084 17605
14206 10185 8625 11885 19071 16044 16201 17483 6518 19315 11124 16985 10489 15890 9430 7425 20376 7346 17169 24087 24575 15090 14988 11898 17600 20673
12811 10745 22171 11342 21738 11458 4122 22097 14871 18382 14361 30533 10478 19953 13031 11834 9547 6117 18650 22799 28853 16608 17218 8180 18688 19240
18634 11912 7463 16120 14938 18448 19547 20660 10480 18208 12512 21779 20948 17850 18948 15834 8331 17527 22209 16336 17976 16745 18211 11555 16269 18462
16653 14629 19584 1655 6334 22683 12715 10287 10581 10604 8812 21327 10586 7837 9857 14662 14412 18122 16016 20967 15627 12170 0 5383 14618 16617
18467 15245 12023 9995 15714 7217 19735 25212 12337 12882 15022 20516 15792 12624 16785 15549 18609 2934 17954 18976 5640 17665 26226 9430 15114 16483
13390 10741 11445 27340 2607 23282 12567 1085 8401 18506 14641 0 19616 8113 6824 17125 13003 2484 18887 16510 18989 9353 7621 3088 11482 19152
13755 20149 15770 19670 9949 17016 12502 16622 16539 15839 10517 18640 11231 13061 10240 13817 18725 11120 16611 12959 9334 18305 17149 16926 17134 21377
13142 13621 14147 5710 9688 11043 11717 12938 14993 10713 15373 7069 14407 25558 20056 10527 16981 13257 19512 31610 21333 10714 12917 16221 21078 17496
15331 17358 9899 7871 18645 2579 20283 16268 13666 13298 11528 12966 12841 23895 18110 15023 14640 8850 26004 17175 24179 15276 5443 25355 11716 18483
10086 13886 10070 5717 13209 4782 20859 348 15316 15325 14711 6774 12784 17294 11548 12768 19265 8111 20670 23473 14882 17399 21842 3486 15562 22032
13178 4549 17602 7903 3556 21042 20146 18216 9784 17639 14762 14820 18097 10420 6651 12093 19392 11320 18736 19181 18643 8882 17814 8165 18353 16302
19792 11908 15845 16212 17496 28643 16222 23615 16171 17647 13948 15988 17311 8630 7941 13187 11801 15204 21465 14364 23957 13594 10146 8668 11989 20281
10591 11821 23970 7712 14092 10210 12195 25317 11019 20644 16818 28780 23376 18171 2925 14699 11072 13793 18869 23249 19491 15678 17579 3900 16478 20977
4958 11097 15058 17397 4900 11779 26413 12664 20298 21792 11581 40883 26898 17231 11526 14157 19826 9378 20426 23131 29695 17406 7196 13415 20021 21154
17628 10829 16348 10712 18843 8118 11536 11544 11792 18855 15037 12221 19480 15299 14597 10436 6579 7580 18005 22747 27612 11660 10109 1111 12941 15254
15729 8593 16840 22159 15538 15358 24115 15333 14259 14406 13458 26418 18541 4166 12076 12974 11283 13367 21619 20079 18277 15711 10267 17546 18868 19827
8386 16887 16432 17502 9455 10431 13170 4680 8362 19821 11986 8266 19392 16806 22902 12592 18918 1867 21033 19950 25791 11220 24227 11700 15078 19190
15668 12410 17996 3976 16686 17990 15239 25225 17941 25679 10602 23538 17347 14908 5251 14719 23042 14884 21889 18908 8575 17862 7269 8580 17258 21023
12431 16411 3754 18022 20114 10748 16358 16473 13575 16274 11621 16991 16389 16316 27524 11664 16543 225 18882 10302 27473 20479 25682 13893 20553 16824
8874 16651 15551 12320 15296 5829 16838 10200 4869 17030 13112 3713 18197 15772 16890 14374 16446 7856 24661 16232 14094 7919 17782 16303 17342 17107
13249 14157 6068 22209 25294 21083 16594 19006 4136 15182 9457 26254 10420 21086 15495 12043 9697 6984 16942 15965 21196 12590 0 5336 21462 21831
10485 18691 15762 14097 24557 15738 14268 13746 13430 14527 13684 14708 18658 16341 21386 12723 16110 77 19995 19684 18300 12784 21647 19429 19184 25030
12833 11295 20124 12708 14004 10139 14902 17689 8293 19011 15980 24821 15415 9467 11337 16187 10278 12662 18580 22967 17929 16529 4977 10379 12913 18899
11175 4694 15778 7852 10801 16396 14902 19449 16608 15652 15749 21276 19387 15731 13206 9181 15034 5558 19681 10642 24776 14167 15924 17955 13523 17162
16791 17344 27799 12832 19480 8877 9486 6227 14733 19030 14057 21328 23532 7151 8062 16534 24452 7839 18038 19877 23632 14153 16964 1530 17363 19794
19232 19229 15615 16199 15972 11713 25012 11266 16659 20681 12828 13041 17389 16651 19809 14881 13876 18337 15710 24251 10433 12941 2894 10625 17501 18587
15096 7543 5355 2284 6631 9177 24157 22269 6671 19745 15702 19042 27462 27769 20931 15385 12665 22813 22952 20990 17103 11535 10062 8847 17194 14686
11453 20800 24921 14405 7862 18359 11781 21229 18525 11997 16581 18969 15954 6684 15063 16151 15605 13439 15695 15672 17548 13046 15510 6574 17769 17986
4406 17616 930 18405 18567 15835 32312 20621 9052 14050 16666 16218 12293 19301 15468 14803 13956 22669 21383 26999 19452 16460 17705 12703 18096 16758
13288 11079 35741 15691 11465 14061 10846 10127 13661 16956 14173 12312 17664 9688 14431 8812 10112 12429 22743 17760 13028 13058 11037 9980 16259 19216
15897 22410 20277 20416 17864 9250 14495 9432 6412 11830 18030 14988 21137 11237 13467 15443 17361 19238 18421 14326 13987 11868 6843 15619 13058 20250
10212 14487 14972 12809 19725 16021 17213 9374 12784 21684 15126 21380 17559 16723 8878 13900 17344 14513 19424 24315 24562 13530 15543 12920 13960 15854
15674 8101 6623 16484 13224 8574 17310 15235 17325 13967 11625 34513 19814 18978 18684 13852 23251 20607 16379 21479 18112 20231 11599 16382 11895 18415
9537 4473 37274 8875 5649 18088 8124 16595 11178 23896 17356 16509 23023 14650 19115 16588 22314 9837 19038 16903 20161 11246 14785 16741 20212 22931
16054 11936 11061 14551 20944 9660 27017 8742 8637 17783 17471 8854 12240 13772 4118 13619 20704 14628 20352 23356 28082 14371 14123 7395 11632 20554
16687 17079 22945 7340 16905 14933 28574 15650 8650 21719 12577 9202 8717 11030 5661 12623 14870 17068 20098 8683 15080 16475 11136 12804 14987 16690
10126 23266 7132 11645 3556 8272 24210 9791 12876 12165 15639 19748 13354 18379 8047 15866 17508 10117 21478 21779 15990 11932 2644 9255 16350 19117
11544 14359 14762 18693 16165 0 12299 14264 15418 14361 14229 18090 17102 13973 15203 14927 13312 2658 17371 11595 17301 13007 10783 6042 17774 18117
14168 13777 11737 13929 34903 12310 8619 1508 5136 17988 14042 14578 17111 9622 11380 15778 7721 6537 21370 14227 27520 13342 18997 2811 10718 18122
13375 15864 17030 19628 22277 13950 10908 16224 16240 16261 12653 19132 30858 20210 21243 15932 17010 13998 22698 5134 12484 12518 6067 1299 14784 23773
12374 13869 23042 11828 9965 5218 3878 22904 14647 18683 13616 19419 17603 15278 19509 15729 6960 17656 19800 17128 17079 15214 7873 6462 18814 19558
11926 11599 12031 18112 14795 15638 22633 19996 2672 22286 13718 8303 23777 15071 17343 12004 15160 18512 18848 18995 24443 13621 16871 14257 18074 15528
5449 13035 7256 2603 6742 15751 22702 6541 16331 14106 13452 14766 17271 13889 13674 17670 10674 14092 19839 23510 8385 14794 10836 9795 17627 20837
11212 11753 21310 10927 18643 19659 19074 17670 7405 19617 10800 4339 22515 15134 10118 19326 10109 25725 23731 13730 19442 9314 14157 15882 13374 20389
12860 18943 9349 9823 18230 4790 17986 19469 13935 24400 12668 19863 15430 15705 15508 11291 7991 13925 19773 14941 28809 15662 11012 10701 14533 16331
12574 14051 21267 9248 16726 11078 17588 15373 12876 11807 17841 21950 22144 18354 16647 15602 12811 16230 23676 14911 20360 21399 16478 16788 19107 19705
14232 13363 6396 10228 12790 11327 19612 16846 9127 8090 11931 21725 13420 18020 11659 16688 9260 9229 19102 15440 25639 15327 1861 14364 15932 20364
15859 13992 14602 12304 13085 4017 16242 11037 0 14661 12118 9738 15803 15839 16863 17868 17130 9100 20781 8053 23531 6808 3713 11956 13121 20587
11536 11925 12681 3937 9345 7684 24534 23980 20338 15949 13927 19087 19107 9670 21405 13228 16904 12125 14801 30165 25539 17829 6315 16312 14705 18525
14187 14247 9653 21779 27503 1747 15573 6507 4315 15901 18052 14336 20255 10110 18381 15970 12842 24191 22496 23969 20440 15739 12815 18473 11948 14306
16817 4632 19446 17328 17777 13042 3518 21394 17951 22341 16863 28306 15205 17032 13877 13144 13697 21847 18072 11230 17764 15355 16522 10691 9968 17115
10907 13131 19390 22482 5191 1531 21615 31231 7325 11359 14261 15480 15932 13726 8445 13973 20499 16721 22629 24104 24209 14542 17747 10888 17564 21479
11867 5192 6999 26704 25974 1202 16036 10874 5408 17751 17320 26236 11057 14439 18208 10688 16845 14829 24667 10390 25040 14709 7270 18071 12791 15231
16137 8924 13727 17268 19271 0 0 9676 8574 18398 16420 26140 21581 13379 19719 12613 15080 16560 20131 20245 23052 15376 15916 9905 16771 17940
15632 16872 12482 15262 20423 3703 19696 11776 15997 21859 12147 15728 14563 9881 18617 14300 11911 12376 17011 24821 20108 20114 10565 11085 18958 16278
9292 7974 17065 6910 15761 0 4309 4648 14333 14246 11549 28171 9924 19745 22584 14959 10402 15312 17854 25732 21760 20044 24085 2241 15791 17588
20163 3492 21633 16409 19522 440 16981 13939 13582 13603 13247 17247 24993 22174 17838 14308 19485 17667 23918 17235 24275 15945 9543 5292 16458 18418
13845 11844 13389 10022 16182 10329 18553 14678 10842 21019 14881 28108 15250 17246 10041 14557 23676 17744 20985 18870 22736 17754 16975 9802 14914 16615
17575 5241 31673 10770 13939 5382 15654 19066 4970 14850 10966 3331 23154 14103 15525 13801 6784 2126 21583 14086 12272 14896 7731 6135 14855 20353
14379 11555 22491 21914 15507 21201 24301 2355 7843 17750 12673 18837 23439 20670 12208 13889 15839 19167 18667 21756 26983 13678 12461 14324 13561 19451
14544 10274 21925 17429 11612 26456 7060 13002 10415 17878 14861 21224 18632 11119 15903 17846 17257 8696 21594 14659 23664 12344 7943 11321 15243 16402
13083 7099 17843 8700 13555 9392 22976 24457 10839 14606 14506 25227 19327 13537 7520 13976 8842 20909 17160 9959 23449 20364 17846 15426 19902 23413
10120 11066 13778 22870 7410 14286 28426 4678 10402 16703 10999 14425 14187 12336 7554 15764 16507 13553 23149 16471 14689 10131 9590 1849 14196 21090
13259 12310 11120 9655 19640 23556 14412 21911 5580 14890 14870 18835 11381 10031 20350 12094 23188 13069 18535 7838 17219 17664 5196 18601 21364 19845
13974 9467 7876 12040 9240 18801 9694 20191 12969 21292 12703 26529 16520 8899 8679 18927 11022 7323 23259 21714 8990 10794 18841 15081 16979 13602
12588 10620 23536 12370 12559 9793 12370 14084 9408 15458 17831 25796 18764 13107 11359 15782 16518 11126 16854 17601 21418 21619 4788 1835 19496 17545
12957 10250 4890 18919 21321 7035 20198 4496 12712 17237 17230 19087 9195 19089 14916 11298 18416 15767 21179 19797 18494 18132 12543 7501 16720 18046
13790 11824 26129 22639 14015 14414 17602 11751 14103 13307 6357 11252 24450 26167 20676 11506 12515 23948 21089 17897 11427 14414 9761 6244 17186 17897
16385 9461 11170 15125 11253 19187 0 13541 15309 25182 14195 17362 20086 12737 12486 12121 16528 17485 21970 17382 16443 9657 4851 9607 17967 17379
10557 25279 17418 11923 13548 8503 21325 23617 13958 18525 12593 33400 22295 12762 8345 13237 18280 15422 20134 11945 19550 13305 7537 11740 18484 21796
12855 8896 15799 14868 15513 14895 16426 8222 17271 22002 16164 8196 10336 8418 13198 15891 20345 13399 17542 5390 12564 13237 12336 17720 17869 18147
13864 16073 16859 7500 24042 16639 21496 8055 6798 17764 14658 21959 17394 14751 18340 15335 18554 15200 20365 14935 20851 22088 8182 6867 20838 21712
20441 9876 28948 19491 24776 1993 3980 23210 13890 12867 16538 29985 23879 12158 12395 17627 28609 5236 23196 17441 19169 12762 11304 15554 8376 17784
15200 16182 5549 9910 13624 13925 3443 11176 12472 20488 18188 17086 19833 19204 20892 11063 18651 7602 23898 19985 18127 14136 18263 9114 19379 20414
14241 16871 20528 7124 19221 5226 30870 5191 7522 18054 13099 8987 17580 18661 13445 13496 18426 4787 26454 14354 17994 7970 18703 6830 14772 17825
13700 14707 15335 12668 4596 14390 25717 19467 12925 14678 14318 18240 15833 13312 6836 15298 18375 0 20324 12684 17761 24013 13542 9352 13554 22197
14109 19323 7952 12787 12422 6788 13430 18281 16870 16417 10738 13970 19937 12508 16776 16787 18028 18451 16861 24726 15686 15937 11633 14364 16676 20985
17177 10448 15096 19060 14220 7403 15330 10226 8505 20607 14228 15721 16897 10899 13628 15196 8261 21007 22941 18396 21136 9646 7102 14854 15759 21187
16329 13767 8878 9388 30875 12214 33606 22281 11830 15246 18798 14175 17741 19416 8891 16309 20815 8901 20466 23102 22290 12316 8339 1726 12784 19059
13801 21223 16080 18921 13945 9183 16257 9811 10675 18845 16601 14667 19186 11204 21245 14474 7881 26154 23892 14556 20684 18660 12350 8546 17677 22148
16272 17107 32370 13904 15113 14800 6584 30403 12810 17130 15353 32973 14169 18133 13364 11607 11400 7805 23531 14159 21321 20475 0 7210 12522 22612
18992 1991 6618 13214 21867 6686 17491 10056 8634 13047 13475 19224 28204 18375 16227 14105 5751 9327 24419 19732 16528 13175 5753 13326 12184 20319
16108 11675 18018 10276 13816 6969 4088 23602 7481 15971 7307 16033 15491 15423 14874 15246 16817 7320 21701 13452 18577 17553 13202 7593 14836 18967
13530 7561 14868 13342 20362 20674 20709 5412 10944 11922 17390 30172 17559 15788 11651 16026 18148 4320 15661 22833 22642 15876 5438 8632 17185 20143
17099 2967 21126 17083 11429 4030 11431 15924 21112 12311 10121 390 21044 14166 11377 13150 6827 6455 22510 16815 22979 8737 5959 14579 10850 20715
13958 394 11786 19045 21513 5217 10604 3613 9635 6631 17116 12916 21076 12095 14222 8770 22597 0 21305 13252 25469 15271 12521 4322 16803 18618
9200 17977 6752 17685 8995 24060 7486 18533 11620 19091 16612 24558 17555 5051 16598 13562 8224 7460 23999 8855 14753 13604 15490 8040 12260 19265
9786 17756 20516 6703 19201 7519 31064 17740 1886 22583 11551 27437 20127 16899 16741 11252 4743 5271 17501 22100 25775 13727 0 14102 11182 19758
9947 13342 14826 15426 12591 17855 14918 14585 9313 24360 13298 21955 15878 14647 14053 17097 20909 14671 22641 18846 23662 13966 15840 3505 20412 20674
11392 14668 8599 17519 17793 22572 17522 17017 17065 11404 17061 12524 30659 11332 12145 12628 10237 0 15532 19063 24682 10533 9627 11288 15291 17192
15884 15061 17791 12373 6716 9181 3607 13995 13860 21342 19779 11394 22571 15737 26267 17642 19009 13565 21624 12259 21655 9985 10350 8952 15085 18822
14558 12412 11915 8913 15142 15339 23462 17704 5988 20502 13095 12589 15221 9995 12415 14997 14261 12981 19078 10669 18478 18239 2480 11211 14139 18916
12107 6302 390 11840 18712 12122 14931 14306 12437 24186 14434 24590 23116 11589 10093 14783 12552 17845 19860 26710 27308 17333 14195 12733 16434 20675
16676 16920 20863 14023 8426 13004 22146 20426 8664 15667 17251 24426 14646 23129 21700 16664 19315 9631 20099 21748 22367 11625 7788 18874 15583 14605
13357 16189 11328 10976 19118 11434 12627 7899 16293 12382 17088 4110 19702 9076 14248 13564 12892 3649 27768 13154 12852 14987 7216 17064 17200 18421
14519 11138 19270 22923 10292 14861 28307 16640 16540 18819 15955 14112 21663 12578 9445 11861 18954 19690 21884 26072 14479 19886 8048 9695 16149 17505
14117 11123 10542 14429 15327 11683 22643 15254 2746 18197 13720 32823 16696 18303 17279 13082 16836 7888 20146 12564 13961 23009 13723 14683 14994 20202
12113 14542 6351 7273 21085 4047 14061 9297 6531 21150 9644 11032 18986 7037 5913 11515 9231 13688 18328 18708 22783 16923 7872 566 17869 18010
13631 19395 15697 12219 15038 0 21339 20388 5740 12105 15676 19045 16420 16143 9530 16437 18049 22029 25109 19917 20542 12526 10746 10885 18316 20172
8364 12251 18713 12755 29124 14816 23420 14607 8366 10151 11957 14195 20263 14553 13834 11905 13958 10065 22963 21223 19058 15235 8913 15084 14785 19898
13415 11312 11700 4620 23476 6722 19859 9480 11910 18376 15941 18947 26376 15831 11798 14834 19055 12218 22660 16359 24232 9794 12086 10451 17345 20890
12981 11368 8007 10414 5095 9746 17579 17204 12307 15533 12078 13067 18484 10483 9965 11488 9477 12283 21589 19483 15007 14646 18288 19757 14301 14678
10395 7035 12875 16286 13499 10849 20106 14433 15321 18657 13583 30073 14336 14405 16010 9018 17822 18580 19583 22590 23869 12746 12074 1938 17062 21812
17396 15790 17089 3105 27124 8157 21185 14303 13407 9351 12940 15934 24681 11105 12496 11128 15371 19616 20642 12342 24839 17492 0 5262 11977 18772
14281 15200 20519 8295 13393 16293 19817 8730 17498 23416 11687 14510 26682 20030 19051 13542 15566 17844 16050 20474 23158 14571 10112 7904 19977 22202
13781 11323 21475 12233 5125 19227 15695 13559 17459 19811 17134 16668 11058 20592 22079 12080 14925 20478 18405 11850 26295 9247 4725 6096 22620 17931
15598 16672 16806 19789 21011 9501 15102 22824 11866 14629 11661 0 21845 10647 21341 13684 11087 0 17460 16874 22592 15974 8005 14557 16615 16903
15345 17303 15851 11195 273 11609 2384 18770 16741 11971 19562 20742 14073 20495 2691 14640 16885 2896 18959 29099 12973 15666 9451 5901 20155 18444
16400 18655 23043 4065 14772 5594 19494 17405 19508 11721 14481 14133 21683 14074 8516 15314 7309 8594 25614 12507 24202 16238 12546 10585 18862 19053
12963 10930 12183 19922 14797 4350 25932 14344 5010 23865 13533 18343 22024 12002 14036 16393 13486 20646 15374 13445 18770 16253 10694 1535 14250 22505
14339 14030 15186 20476 18470 3219 16055 8012 16236 20411 15777 13069 14268 27357 13084 15121 14174 18192 19407 17312 18802 16408 8531 13020 14966 18548
11420 9695 7733 15682 15510 8161 21372 19945 10971 11635 12516 19178 23873 10333 9683 9393 9986 26019 21175 18751 27291 17542 14965 11796 16440 20604
10103 20061 7201 12751 22985 15076 23663 13233 7197 15211 12501 14751 21915 15149 15386 15680 15866 17365 18328 20291 25184 13017 5087 10528 13780 23773
19132 15691 15730 12183 16154 6024 13804 26261 4443 10755 8755 23341 16336 16060 8390 14948 9239 14365 21176 22920 19925 15716 13544 9113 16825 20952
10750 4388 10567 15353 21011 3105 19647 27810 9159 24427 18537 11294 12668 15814 13970 11179 17747 8870 19809 11327 20919 10809 15897 5444 17142 21786
8548 14764 22078 15336 27979 12596 30997 6860 21863 15018 12337 16785 27316 20610 15274 15455 13525 9509 23981 19343 20806 19205 13164 14645 14575 17821
17090 11348 11199 9376 16504 10900 16778 17453 9359 16338 15654 28870 19246 12811 14655 15973 8927 14905 18799 21735 25217 16115 4506 13182 16078 20125
23239 16516 17354 20456 18977 14132 17617 11650 18026 10544 16092 5721 28333 24470 13215 13606 19567 13735 21872 12281 17437 4751 975 9595 18269 15901
17523 7254 1335 17448 13397 17541 18509 20247 6390 11440 16072 19533 20766 14556 8052 12638 9373 17580 24128 10641 18441 10135 4618 27782 14360 19161
16773 11181 20151 13609 2358 19760 20914 18850 11352 17650 16079 32091 16460 16325 11092 16446 15501 14538 23569 21626 23452 17083 12023 9431 20177 17471
17065 12238 19419 11870 25334 13389 7012 16909 8366 18369 12935 21961 12949 11020 10626 16768 11918 18947 18846 16820 16171 12405 13538 14534 18962 18125
8334 20660 12539 0 13207 17371 8847 19844 8929 17587 11113 18154 24984 20498 8272 15825 12967 10061 20201 16008 12973 15460 0 8607 15825 20961
11592 15790 15949 20253 12518 14718 3514 23189 7015 18471 15703 9956 15794 15805 4822 13655 16219 9483 15072 20613 18122 16394 8722 2917 21696 21104
7109 13279 19027 22645 6246 11183 0 13166 13887 18077 17559 18942 28578 16335 1838 13558 19891 7117 22411 21878 17836 10408 0 16349 14489 17051
12455 15533 8457 13308 10034 11828 14026 30532 10363 16623 14386 11030 21133 18750 13668 16506 11272 18696 20400 12667 22808 13096 7709 11760 18318 16552
11036 9387 10101 15615 18974 11486 16981 19294 17076 16417 17275 34273 22873 12998 14169 15443 14115 8660 20542 4115 13943 15842 13557 3654 15699 18339
12728 12068 7547 14483 18557 8738 17690 13064 14914 25230 17700 16742 19377 12769 12228 8726 16483 21813 25188 16519 18501 16255 13352 8025 16006 20832
9512 14255 8134 11558 21119 15576 29519 8307 14425 16374 17620 36692 20162 24488 14375 15623 11930 10323 23300 12714 26183 16961 13625 0 14239 18132
21582 13598 12405 10050 14182 10756 6858 28828 14257 18700 14989 20268 12902 14944 19054 15780 14875 8925 19844 17628 21276 18986 14683 2167 21583 19016
16774 1675 12411 2044 18607 6712 19927 6201 4869 17115 12408 35847 17645 21728 2646 16858 9224 949 20003 6350 24213 11386 10757 18312 18504 20146
20530 6534 61 12854 12518 11511 19299 11694 12063 19074 14410 13295 21638 19512 16810 15066 15110 8316 23386 18475 23260 12400 8975 14783 12812 20214
16702 9093 19076 10588 25732 14070 11915 20987 6670 19400 17114 31585 17376 14088 14201 14073 16265 4327 15112 21743 24453 19550 1135 0 11703 15772
13068 15286 11679 21624 16271 3693 24126 8471 0 14678 13945 12931 12153 12995 14619 15848 17068 17725 20070 13761 19166 14839 18252 7996 14661 18783
11610 6226 7058 13224 20510 13978 18026 14906 20810 26129 10083 22842 17537 17910 11608 13330 9309 14030 21422 11274 24941 15877 9545 12324 18693 15493
15047 9566 10253 657 28576 0 14755 8015 12579 13915 14129 19425 22166 14743 12574 13343 13045 12328 19907 26026 20458 13443 19102 13463 16464 20406
9735 9464 9470 13540 13184 1868 15873 14278 14797 10460 8982 31084 13284 14497 18213 14644 14407 9332 22543 18807 21585 15668 7977 8244 17512 18106
17231 16222 16583 16076 0 5685 12764 9262 10977 20987 13899 15556 14594 18044 17853 12573 4206 28003 22258 18003 23980 16245 14709 7442 11457 14450
11854 8235 28343 17030 17287 8452 16540 28630 6741 19562 15822 19840 16495 12602 10888 15905 13857 5581 17265 15582 8510 14965 7275 7787 16251 18142
13891 22906 9024 9359 8168 0 21441 26580 11625 17860 10934 16127 14050 18704 10543 13862 17359 0 23626 16028 19145 21034 11524 11257 14498 20506
15981 4725 27684 14679 1752 5850 14392 10830 14307 18145 17642 26555 23200 13994 11751 16295 10787 18305 21760 19424 28815 16152 8993 11051 17459 17546
17741 14742 15552 11795 11941 13038 8445 15648 19296 17968 14398 17927 23808 16447 27028 13448 11962 8031 23632 14749 28268 13020 11413 14827 13627 19712
15650 11531 21961 14540 1794 23395 29131 15438 14056 17319 12871 7191 19694 11479 14159 17855 13729 6683 20242 11805 21437 14332 12230 6883 15901 14043
15924 9420 17424 10779 7290 13892 13144 25881 18131 23350 16802 6416 21993 14843 6554 14469 7506 11821 18975 18707 17014 19056 20818 7511 11171 17222
16133 10258 17406 0 12477 5902 20263 22235 26427 14089 16261 10385 14149 14119 14243 14191 3928 21143 21643 28109 19107 12715 0 13584 21902 16880
14892 7787 16249 16351 10154 7841 1261 10485 21725 18243 13217 13450 30802 10922 8475 16110 17263 7949 18965 13975 21286 11065 6170 17367 15722 22776
19789 3724 11928 21631 22801 15810 28291 9603 9839 13537 17153 13714 19178 14456 19608 16082 13966 10008 16358 11953 13797 9833 3424 10975 16049 19870
12672 4663 8545 19366 13859 6718 30541 0 15763 18748 16049 11922 18651 17191 22126 10167 15520 11942 18676 10443 14421 8151 13742 10287 12759 18515
16269 5025 15316 25723 21976 16558 27355 14646 17994 15646 8742 21148 12076 19660 14224 10399 13612 15617 22163 22969 17286 11202 14072 12324 15376 22190
14882 15822 14803 14680 19950 20018 19631 18147 16066 25454 16821 12549 18142 13766 17967 12636 13942 5843 18797 21573 17368 14376 2179 10887 16532 22390
12493 11930 18503 12758 8928 7312 12692 16871 4917 17124 14451 12220 18462 10154 14241 17252 22110 0 18743 7867 25641 21964 11733 13873 16071 22527
14598 21570 20053 10394 25851 4459 8199 27354 8872 18257 12361 3676 9392 7691 19701 13003 17932 19394 15893 22629 11179 18223 22573 16264 18634 21498
15215 13686 19547 3400 0 22383 3665 3720 8013 16318 15512 10473 10456 23891 10716 14971 15717 19263 20028 17304 17858 18311 18056 5685 21970 19971
14381 19845 12825 24982 3313 10419 18884 12955 12680 19881 14671 18219 16677 10274 12752 15185 15776 6321 17072 23260 17091 9840 0 16925 12923 21215
17169 15862 20932 14812 7816 6397 18976 20276 11716 15817 15829 4439 12380 17681 17003 18283 19449 6733 18673 14919 20543 14774 16900 9514 11969 19347
20106 12171 14190 3878 18404 8163 31962 9758 10187 15403 16468 28361 15490 17299 18483 13504 19805 6959 10832 14402 27361 15235 11286 7805 18802 16563
16178 14320 2290 8929 14452 5439 9338 11764 5350 11240 17059 24702 22627 17351 11545 15667 21142 11973 16982 19142 20603 14962 11453 3193 18776 18039
12804 12465 21177 15191 7 14822 16733 9721 15924 15646 13387 20648 17588 12721 12981 15044 11467 13929 19752 16865 16754 12692 2814 11911 16802 19082
15558 21227 12145 7329 24999 18724 18388 12608 12417 16489 10472 18687 17756 15736 10590 11916 13153 3606 14719 22280 17693 16569 11655 9600 19664 15679
12789 11545 0 5899 0 9412 26011 28282 8256 24877 15453 18212 12615 19949 18861 11236 20048 4956 16421 23448 23636 17041 11538 13052 15935 20195
12342 3445 31110 11753 14704 17919 16276 26544 6547 19878 19049 30955 30240 14464 9114 14960 11925 10517 23952 10775 21355 17684 7150 6269 16936 18912
15800 17785 14990 10120 19235 3030 7105 23395 14003 14527 18396 25402 9761 17796 13745 15472 12901 11223 20376 14399 15674 22760 9611 7380 13894 18445
15621 7564 8032 9629 15393 20888 20068 18028 13472 11541 15454 22252 12839 17518 22855 12605 19021 0 19089 25702 23750 16888 13218 16591 12456 17670
11190 13854 24119 18896 12436 2695 12896 29350 10856 10510 15038 13426 16854 15909 7996 17210 17745 10713 20780 18428 21993 29932 7091 10346 11087 22075
18729 17279 7823 14290 13747 12614 20304 184 6538 18519 15511 27250 9548 20567 8736 12139 5050 11420 20010 11357 21108 15659 17468 12718 20233 19631
16372 25376 21628 15716 23245 7273 9342 10725 16771 26959 15625 20165 20186 18334 13899 14025 14745 12850 16263 19984 17415 13213 15690 10635 14896 18623
14539 7136 14751 4482 13769 4795 18590 31110 12882 14794 15766 14829 21677 17026 19562 13392 3879 6 17611 22694 16839 11158 8937 15067 15210 19464
13204 7095 18705 13281 17416 12500 14400 7475 9310 19252 12738 18377 17476 19408 11486 12373 15668 0 21963 22199 23005 20898 2451 12453 10347 19552
11405 12108 13608 8139 17532 19236 14972 11584 12362 21167 18017 17545 11348 17423 5627 15574 18430 20738 19993 17762 25379 15621 11930 7388 14715 20197
21196 24196 18291 13556 21961 12490 27640 21480 10935 15922 17862 28238 11205 25347 9841 13207 18173 0 20027 14662 30438 18605 4528 10886 15434 18997
20175 6989 12815 7288 6451 15372 19480 25443 11995 15591 18181 15561 17822 17875 8456 12615 13586 15308 18798 9016 16004 12509 15352 3744 13631 17945
13999 8463 11430 15395 0 11085 8497 0 15324 18997 8908 17554 11227 12411 33341 13143 24078 17203 17804 19914 18827 13799 3047 10562 21525 20403
14040 7449 25647 13629 21233 5408 8455 0 17702 17541 12222 12036 22901 16463 21245 15028 26726 11476 19109 20797 6258 13496 9772 0 16932 20626
12921 10753 12710 8033 21278 12982 12803 23286 10618 25947 13122 15488 21027 14940 6580 12070 12990 19346 22743 9282 16284 17392 3061 7485 13952 17434
16269 19082 14665 24561 15948 14995 21124 10709 14185 13639 11878 18030 26428 9496 9657 15692 18015 6377 14705 23520 14766 13433 14600 15980 14629 19954
16505 13541 13306 13191 27331 11580 15091 18546 14788 16991 9096 26747 23492 22477 14079 14310 11174 6078 19036 12346 19274 17092 7692 15394 13295 18497
13280 10220 12464 7614 12617 13303 24486 15074 6847 24428 15289 19731 14726 18813 6547 13491 12608 18803 16634 21164 17927 12431 0 13150 14918 22068
14014 14281 16420 13188 15383 8197 24040 24105 17171 13981 13253 31330 19241 7580 14592 14255 27011 5351 23064 22122 32421 11772 7820 13657 15143 24495
8443 12597 4565 12930 3971 10956 20303 20898 11266 12421 17962 19533 8325 18377 7851 14514 12491 12423 21339 24955 18826 17076 17266 8910 18347 16673
11706 13516 15714 19028 14588 4726 18103 9439 16227 16397 18236 29532 11727 13422 8873 13907 15624 21623 23029 19132 18782 8282 573 6591 18463 21306
15202 9911 21770 23182 19790 7986 26222 16766 11458 11836 13790 14410 23846 14310 23310 11455 11808 7732 20859 9343 16360 14991 25096 16293 14047 19497
11387 9935 11981 11371 17944 10478 16834 15716 11661 19530 10887 18186 24020 15304 12596 14130 14823 13628 19849 30248 12750 22635 1990 5667 17443 22388
11315 3750 20872 7830 9476 6659 7471 14985 3551 18048 14570 17646 8082 12011 11907 17381 11990 14662 15751 19570 17171 7899 7165 12095 15816 18387
11460 8333 6902 12287 15850 13710 15697 4565 14173 16888 14410 13988 19616 25343 15619 12126 20187 19739 20884 12131 17965 12390 6096 5925 15230 18082
13728 2950 18843 12862 25711 16110 24167 7086 12345 23886 13664 21625 7197 10035 18378 13640 10446 2545 19704 15951 8575 18410 5184 15172 20420 21778
14048 16048 17058 8216 22523 19336 12825 16508 9089 15782 18882 27089 22887 14243 21783 12549 7647 5352 20397 12688 20419 16700 8367 13256 10692 18567
18415 18646 13704 7622 22457 8422 18019 7859 12122 19517 11563 15528 18994 23008 10420 14128 10527 12649 22303 19430 31478 10422 0 10884 12268 20628
19394 22205 19565 12471 10880 21470 24434 10889 2268 11328 16044 23763 23933 17077 8762 10336 13931 15724 23489 25851 16258 19328 3581 17705 12439 19750
19744 11934 7826 8322 9745 11020 5279 10683 11048 12407 18689 30220 12958 10999 14333 14263 17186 3668 19967 17682 20900 18629 2095 21380 17341 18134
15065 17640 13630 8920 14217 15107 13199 6030 5587 22870 9711 21072 22884 8830 13712 16171 16083 5633 21000 15955 9798 11010 11470 13119 15960 18405
16728 14978 25283 19155 23477 7372 14166 21620 6958 16342 14427 19887 23454 16236 16343 11770 9882 10581 17749 17289 14908 19535 7552 12170 13905 22048
9582 6352 20398 23057 13714 3937 19491 16945 13693 19907 16092 33613 18707 15988 16375 16472 11423 12866 20431 19570 16564 11787 11098 17315 15573 18840
8344 11763 15206 17994 22659 13907 20520 16225 11413 24503 18667 22676 18056 16327 20101 13949 17029 1093 17938 20235 16830 23064 591 4652 12691 17324
19036 18196 16578 13823 12768 23849 20706 23755 12555 19176 12885 19798 21247 14415 14169 15978 14555 14875 14491 15885 12881 14672 18481 15922 18459 16226
16912 18426 25301 13646 7220 17490 19053 16768 5811 15910 13939 23450 5816 11904 199 13062 8085 4201 22497 15115 11898 12310 8298 15787 16832 19776
16001 12359 10609 8251 29553 11923 23861 13313 2150 17531 12524 0 15877 16368 10360 12372 18580 18244 22498 21369 20827 13925 14329 4711 13009 27694
12342 11827 8789 16729 12223 12070 10105 11753 13126 21778 15757 24804 17024 13174 18632 10435 11861 19342 21161 17451 15106 12571 11391 12613 18402 19015
15958 14162 19851 16506 16072 13193 7445 23061 12917 15388 14804 8410 21024 11648 12269 18369 17797 0 15220 26124 21738 10573 7227 8399 16481 16140
15489 13853 8101 16061 20153 16452 16212 14965 7036 20389 16348 6169 24180 15183 13878 13690 15142 13502 20947 24257 21231 14726 3562 15444 18319 20505
18114 12479 22845 4286 17677 9443 18327 18326 9379 18613 16859 19054 15033 12744 15756 14269 11396 9568 21476 17910 19085 12300 4151 17324 16553 16549
10614 15193 20407 0 8108 4804 24631 26274 18099 26002 19557 29096 16004 8656 8804 13976 15873 13085 27800 21038 19998 11658 15488 5129 13489 15796
16100 12493 18744 18528 1539 8295 9401 15564 15009 22261 12815 11285 17562 19646 23553 13859 24034 12902 21681 10112 14639 19902 0 3126 13482 18491
18790 12440 18452 5187 20984 13633 19817 8765 11507 13169 13293 8261 20577 21316 14643 14121 17248 10631 17949 28217 6921 17126 5786 14686 15441 19768
12685 13761 18884 25038 17568 11691 10493 28340 11861 22474 13486 5716 14488 7352 20509 17954 4022 17445 21273 15217 21522 10928 5451 9826 17870 17097
20079 7857 19993 26906 18350 21061 8789 24863 7462 23965 16913 21659 18820 11004 9881 10049 13196 11698 16265 16417 17866 13151 12523 8480 17580 18875
14963 14007 12590 12442 2960 7294 27631 24256 18069 19132 16091 12285 17471 19451 12658 19623 15316 6932 19343 19066 15142 12048 0 3748 13000 20947
11974 14749 9755 10572 16570 0 15325 18310 10268 16612 11767 25291 21857 12013 15761 9870 11968 10493 19634 27398 13947 12666 9751 2242 11363 22248
15898 12644 5687 13526 16011 847 12929 16300 14170 11718 18708 12453 21689 17510 13092 12709 11164 10797 19134 20608 16053 20158 169 10850 16191 20021
11165 4729 21278 6394 3978 0 18127 11480 15849 19596 15896 34401 27800 16395 16595 13795 6347 9232 22821 19914 18709 14713 10095 0 17992 15078
18708 17385 585 16346 18524 12381 16990 4999 8349 19901 15832 33779 21979 9046 14698 10723 19762 5237 21144 19000 13098 16012 6891 10244 16399 16417
17079 8839 6442 11315 23162 14674 14752 24181 13599 18651 10066 21012 23440 11044 11817 13134 6070 0 17790 19010 14866 18418 3974 10824 18386 19357
17050 16492 15786 11870 14897 52 23540 19230 14083 13025 17135 31894 22988 15963 22766 11218 15577 0 19655 14844 19025 19550 13165 6790 21016 16242
14216 13454 8917 6495 16188 8885 14516 8685 11458 14155 15366 19640 15273 18815 17953 13401 15055 15447 19703 16432 15802 17750 1794 8376 14157 19516
17186 11078 23758 18128 16921 9525 20573 29931 11675 16949 14522 9704 18314 18950 20603 15539 17471 19740 17814 16668 17003 14660 1717 7088 11790 17949
16882 7519 14002 13995 17219 15305 9741 15415 9153 14080 10672 17550 18232 14931 12907 18030 13169 6145 20581 26182 15161 12321 11372 8642 20336 19933
16119 14402 24394 2597 22087 24997 17382 17810 13894 8017 11661 15474 18127 16423 13145 14472 14868 8118 15952 15735 17438 13015 7345 11005 15561 18950
11996 14028 25777 6162 12749 7331 15189 10725 15460 18176 12066 20632 19485 13941 14036 13291 13054 10629 21040 22654 16741 12375 23825 9358 17314 19421
16786 14106 5140 14605 3313 9352 30543 20976 9881 18225 13107 26803 16502 18137 10253 11203 17375 21345 14496 17918 24825 14168 16987 18898 20880 17004
15014 13892 18190 17061 12816 704 7507 18235 6737 15769 16067 29766 13949 15681 7572 13757 10330 2954 14095 7104 22850 16726 9437 15459 18352 20079
13171 12743 1657 8274 11747 13824 11010 28016 8697 13664 12070 22412 15007 20081 16585 15063 10264 12657 23490 15338 9895 17083 5947 14387 14799 18164
12198 6729 11424 13112 28146 5755 14652 11961 7483 17811 12077 0 23631 12400 24769 13538 18971 15101 19975 14158 25216 12925 16936 1585 19214 19170
14259 6672 3986 10491 16983 11810 23954 14993 6082 17477 13399 16680 25397 15788 15533 11459 9638 17356 17727 15866 23771 16109 14701 12827 8485 20365
13051 10141 17921 6865 10503 5828 24539 4461 8456 20086 12078 13018 15653 15673 11901 14184 15142 3842 20953 25398 11368 11563 16336 12836 14282 21024
14861 10379 9267 6275 0 14715 26906 14702 20825 22586 12346 16309 21607 13398 13886 11475 17457 9549 16440 15580 13280 13411 14592 15434 16514 19532
9323 20860 15887 18044 24393 9155 19064 18623 3274 23698 15379 34530 25118 18149 11189 12887 10893 2459 23587 27548 17660 13215 20802 13854 15393 15889
17030 18644 15501 14125 16087 22061 30618 15416 18350 20402 13184 19464 26783 21904 17802 14965 5926 2031 17181 22524 14966 10355 16328 7773 9240 17443
15349 2393 15212 8347 4874 17605 6292 9741 13912 15970 15083 16573 19109 18866 19981 10286 18851 14362 21632 14853 28347 17483 18245 7633 12302 20532
13497 8652 19579 12333 19800 17409 21004 17083 12106 15234 12210 18810 17254 14313 7564 11350 11112 12787 21612 23811 21443 19322 14435 12852 18171 15207
16421 15278 26740 14835 18575 4367 16018 16088 5734 22656 12663 16681 21283 15352 12910 10250 14471 7646 25050 4947 17319 19031 10657 19533 20832 17174
13936 20474 13642 13986 19327 10581 21029 24038 5241 13997 12171 14005 25192 11563 19733 16021 14798 2503 21059 25198 16085 13209 14033 5445 13516 16701
13754 11504 0 8271 20142 0 15972 28944 17058 21855 8104 16809 22210 16990 12919 10055 17356 6357 17084 15030 25316 18931 6163 23299 15302 17823
13108 6786 20648 13916 21561 1257 9784 19678 10812 13544 14395 26810 15467 17081 23334 12456 12929 8986 25860 19148 23845 10554 10200 9528 18740 15594
14475 7291 0 9135 16540 7041 14888 15420 9496 14993 15832 19830 19484 13493 18066 11639 15414 7201 20626 9203 25300 15305 12882 18852 19991 17762
14986 13958 18911 12257 19317 0 20533 28805 11174 14192 13792 2430 20362 16196 20414 14163 7602 15048 17256 27194 23714 21222 11887 0 16611 17171
16909 8861 14710 14454 18088 4071 19495 20968 7247 19626 16851 31241 10740 15739 11716 13257 15786 8154 17324 10805 22751 18715 9236 12279 8038 20846
21503 12903 24729 5918 10313 10740 14991 11892 15125 19601 16297 20638 19938 15664 17478 16509 18966 14885 21047 19592 23859 11993 13615 6909 13164 18492
18887 13624 6537 23279 4773 14411 19223 19050 17729 17660 16432 23817 18073 15413 14946 13395 19282 0 17712 21722 17341 13128 1562 18111 18320 17465
12730 15550 18230 18783 8899 19999 17034 12284 16803 10703 14763 37152 15036 17050 13331 17087 12356 20643 19791 12212 19549 12922 3641 0 15488 18076
16155 11650 29715 22617 20682 2710 17753 4973 18483 23925 16641 7073 18213 6904 20787 11062 13648 9481 22106 6744 23699 13686 7918 0 15580 12199
16503 19998 19651 11403 25390 8109 25958 25415 14544 15633 12459 18260 6333 20699 13167 11975 14918 12091 20804 21857 17813 17268 11536 14452 15911 20860
12291 15115 20164 15114 16814 13331 25953 12719 8087 15141 17353 32802 12013 15616 3055 14768 9218 16911 17680 18119 26284 18203 13377 4984 16678 15763
17268 13970 14523 9536 8166 0 24726 14812 6690 17463 14361 23783 8375 9732 22195 12242 13561 22193 19965 19627 11496 13820 8587 7551 8927 20518
14376 11411 20636 22093 5587 19770 13707 10267 15442 19829 15234 23798 22997 10930 4400 10197 7401 13659 20815 21703 16984 14241 13752 6876 14433 16377
12954 11132 19712 8499 23910 13623 11586 14036 12399 16721 12861 16756 29814 20114 19416 12769 15378 6086 18495 17603 26086 17372 8429 4462 16097 18163
14946 11288 4859 5863 8061 11262 28660 22789 17671 13327 18233 12822 21130 23826 14606 12306 14876 9225 19051 17436 23253 14267 9143 6303 18520 21513
13199 2569 0 25854 12162 16169 0 24109 18543 23443 15653 33791 11965 23979 14788 15447 8972 22606 17648 9181 24865 16974 3438 9063 13509 18531
12856 10066 12326 19030 10586 18249 21213 12398 12387 14375 17282 17764 17327 15773 18234 11525 8650 14060 23112 14482 22846 15622 14269 17628 16991 19183
15960 6345 10170 8888 16568 0 5771 18743 19864 13349 10281 29608 25707 9284 13712 12256 15174 0 18418 7730 13452 21229 12957 7670 14476 17510
9871 18668 21746 12135 18929 21232 18146 17724 8824 22614 12376 17312 20356 21663 17236 16353 10680 0 16952 19848 20508 17488 11791 9068 14866 19740
17359 10775 8634 10540 7279 13936 17992 14976 12853 16159 10727 14361 19170 13989 3776 9876 15736 17655 21693 14713 21459 12015 8784 12763 18059 21222
14051 16125 12817 18564 3409 14036 15528 7678 11760 20076 12970 17548 17084 21977 15407 16693 12083 20406 18847 16933 23937 13177 12677 15701 19894 17679
7680 13464 7638 15963 19276 20886 18433 20504 19187 19243 11805 18093 20980 21098 17536 14445 18102 11129 17097 17590 20120 18620 10769 11990 16143 19578
13245 16842 15936 6793 14725 14025 20073 20494 11464 14971 10051 15967 14546 15157 13667 11628 14290 16258 16658 13278 21516 16369 5223 5140 16881 19136
15362 13607 13147 26807 16160 0 9910 26853 5770 16011 16052 26826 25034 15558 8708 15041 16259 19265 19985 23352 12538 11273 20300 4184 16206 18494
16440 9902 14062 1768 24092 7605 14433 11099 9615 26300 13650 15341 14834 15620 10054 10636 18283 14959 14648 17849 21772 10849 17893 18835 17197 18999
12712 11299 12322 15379 19967 14679 9615 23300 16368 25475 11288 8015 18066 12062 8447 17473 11858 7703 21164 14588 22562 16195 0 8218 16341 21132
11987 13433 7466 14953 9311 18709 9583 4800 6981 21438 13584 20094 14819 11776 19601 15451 16861 10451 20788 17841 15356 12667 8446 18495 17816 18414
12740 15830 19224 23101 22281 8197 17749 11793 4691 23740 16598 23401 13120 25278 26278 14340 12378 12300 24435 4151 13092 21163 954 8054 13537 23422
11236 6912 28849 13956 13086 2879 23350 34308 15698 14573 16814 31262 26422 13812 20207 14607 17468 9923 24568 30528 14220 17313 10126 12454 14367 22650
9579 13922 9390 9083 7605 11471 15615 21041 14880 15515 7428 18752 2437 19163 20220 16289 3455 12419 21206 14342 33479 18077 11025 7591 18798 22706
21847 17555 17805 22784 21238 20172 23980 7973 5524 19576 12725 26139 10026 12430 16994 18123 16245 19111 16487 21073 26306 13065 8850 11214 15455 19450
13747 6950 21672 14628 23545 14885 20357 17667 16058 20863 15403 18189 15161 21698 7856 9937 7963 9550 21006 11079 19832 12823 14940 16535 16298 17344
16370 11860 15053 21962 17529 9635 18716 15832 11415 11581 10952 13980 26965 15001 4018 12489 13052 6060 21539 14264 14274 13793 12143 8583 14393 16123
10876 32106 7003 14803 19488 11120 14017 9063 10604 20050 12948 31827 23995 14792 10638 13111 15696 11365 25845 22910 22407 7632 3516 14465 16544 17857
15522 9533 12806 10223 1063 8484 20052 12350 17523 22479 14525 33707 22618 13500 12032 14589 8550 8776 23346 15856 22495 13093 12484 20027 13278 16898
12372 19519 11543 2832 12254 17897 15412 6107 4322 24270 15832 20969 22515 19407 9696 18034 19415 9657 19239 10875 23038 6698 5877 5894 20054 20256
12587 14407 29249 12053 26373 11321 3893 16679 15336 23341 12916 21609 14821 11116 6794 13785 8228 12697 23736 15732 14826 12438 23464 14566 15520 20924
16231 13411 16912 10671 9970 17168 23280 15940 16109 16686 13245 18700 10075 14674 8176 13359 21822 14686 16928 18311 23606 19381 11493 8733 15653 18290
16778 7131 24064 10706 21903 11012 23665 13459 7345 13275 15139 9425 23983 8426 6220 13126 13486 14384 21245 18858 22226 11565 16882 13017 10462 20147
8553 17083 16457 18029 18603 9978 13956 16235 10665 21636 17448 21853 23131 15630 3297 14654 8156 20236 22459 23871 17528 13166 3168 7403 18484 18943
12351 11164 11203 17744 14552 17393 29133 14520 5387 22103 15640 11571 15149 10866 11174 10640 10330 11073 18522 19972 14312 12544 12031 10275 11031 23295
16856 18905 19303 17355 24227 14691 14237 27393 16331 20755 14245 16497 14344 16381 21260 15823 9588 19308 17819 20698 17180 18460 0 15327 10638 13788
16483 20965 20007 19935 3765 6843 16251 827 10522 14468 15428 17802 13371 12317 20020 16297 19176 19763 20415 20525 24235 19801 10317 17847 13047 20531
15942 7760 3817 7874 2832 4623 19173 20722 17897 22925 12851 26753 16178 15057 6556 13050 10668 21288 23759 17965 16369 5827 6710 13524 15016 17315
14924 15549 6018 23840 23618 15387 12144 10245 10248 18437 13284 32952 22608 13854 17167 12742 6613 13063 17000 26428 33688 19956 6083 15290 20767 16612
10338 6428 14951 9270 13695 11806 20705 9124 18289 16154 13437 24841 25826 13785 6347 15068 12892 0 17837 23905 23013 11985 19357 11147 11024 18785
8405 8348 5793 16739 2624 11899 18387 20021 8249 12166 13127 32218 8928 17844 14845 11267 14331 17340 20705 22669 16038 13369 14749 5457 13494 19468
16416 11280 18755 15549 7732 12476 13222 12323 7205 10846 15143 9677 20090 8455 17685 10505 12342 9861 17648 25727 23428 17501 15564 15091 17328 17839
11129 11972 9505 15129 21615 21291 30073 5685 10712 22401 10065 6792 8152 13133 21758 13067 20927 9585 19892 18819 20104 13470 17713 4648 14997 16671
12612 19954 25533 1830 21237 13940 31136 19289 12068 26238 14811 10692 7147 22778 7362 12090 8721 21325 24866 19380 20917 18072 0 10367 13650 20425
11894 16127 26415 16527 3448 1224 7118 13940 14566 13810 14227 30585 12828 11469 7866 12948 17450 15402 22573 10869 24715 5662 10027 10782 15709 19909
13556 10808 11927 8475 19830 17247 13270 23724 14323 18735 14467 12112 26036 15118 3808 17124 13910 9291 15925 16069 18964 10754 15895 16189 18670 20577
14964 6514 17876 8885 19673 11295 25295 9853 15416 17438 17702 23388 18255 20677 22024 19936 15740 8669 19249 16852 13002 15530 11147 16153 15448 19433
9586 11001 14049 15001 17647 7021 19320 19786 11800 10295 16632 18267 16082 15796 14512 16742 15179 12341 17142 20498 11799 17849 0 10040 14623 17566
9969 10713 23415 8352 14855 10593 24455 4296 12953 13738 13625 8349 4612 17340 15905 14936 14007 12626 24433 18656 18139 19148 16158 14275 12412 19128
18656 14807 10710 10474 4100 5440 22402 2480 20883 19214 12096 9635 21390 12412 17793 16203 13368 0 17606 19408 11325 14611 3652 14764 16444 18814
12961 6707 14393 4768 10757 15641 9365 15281 9213 24467 13097 20601 21163 15964 11432 14223 4926 7724 18878 11754 32743 23803 0 17372 17908 19188
14411 14253 21532 7896 14627 24225 16026 8739 12416 16879 18246 21466 21891 11950 4364 14847 15934 0 23589 22122 26441 10214 10246 3213 16320 18241
12902 5886 18943 10487 4157 0 21273 0 6681 18711 11592 10051 18831 17556 7069 13423 17729 8014 21001 15574 22771 13301 0 20596 13641 16372
13506 11218 16408 15064 18681 3836 18027 15985 17835 13015 16287 5748 5098 15732 8875 17221 10599 16853 19474 20651 26258 16954 11887 13396 18609 20994
10281 6901 21223 7691 9716 5788 16123 2713 2111 17227 11514 20503 18932 12656 13203 16302 18043 10333 20596 21399 19644 11895 9980 17686 15144 14439
16081 11664 12735 9138 12943 16724 29069 3327 10174 10437 12672 16862 21769 18155 17338 16188 11276 1408 19082 23549 10663 14710 5241 22577 19315 21803
19795 22469 7121 17533 18599 15791 13587 10166 8370 18768 9252 6865 22473 10610 17041 7264 11152 10088 17714 18157 20788 11305 2804 12766 16581 23029
16354 15120 7834 14375 21209 11110 11046 20302 11930 7698 12320 17978 12225 13639 16030 11166 6882 10971 21379 18726 25347 19060 6912 4010 17567 17297
15944 18859 10652 8164 13986 22649 30558 18294 10702 23729 15814 35293 22548 15908 10086 13833 15766 1504 19577 18227 12897 16170 17522 10328 18718 24043
14122 15743 19547 3057 9522 9108 13837 15042 16348 12027 13356 40023 14525 18128 7121 11700 13219 16258 22622 20850 26052 13044 18290 10834 16854 18743
13325 12216 11642 11258 23538 13597 19539 7174 15154 15903 14320 16483 11247 20421 7472 14436 18702 10602 17540 11918 19097 13645 16233 15292 14888 14904
19187 22600 8261 6085 23951 16529 25305 5704 6345 12416 15145 22186 11167 18422 19761 16522 12153 9867 21047 14193 23237 15771 3732 9189 16480 18158
13328 21182 8300 0 18402 18416 25162 11067 7527 15348 13597 21066 13921 12369 10758 16363 20403 8459 22013 9575 29284 16811 18568 16918 19277 17023
14283 13379 9914 26697 17380 14790 27683 6791 569 10918 15550 12071 19677 16389 8609 14532 4591 9888 22763 17391 15315 13978 7414 0 18646 20533
14849 8398 17707 16604 22120 21543 24399 5895 10551 17605 14785 33907 11532 14573 19668 13300 17835 13628 18530 17385 11818 13763 19117 0 16328 18109
11038 18977 13693 12549 12909 9416 12120 13986 10780 16792 17739 12188 20620 16012 17687 13393 14450 116 21685 13064 26388 19000 17604 16973 11255 22503
12489 8663 12123 14565 9436 2039 15095 18681 12978 26131 16946 30314 16016 12582 16845 9112 22090 15418 15502 10545 25222 15210 2994 16382 8764 21173
11482 13971 12623 19685 6560 7281 8142 21563 12597 24213 13084 9522 10996 22202 19593 15015 19892 10839 20242 20643 19063 13424 7825 8690 13505 19196
18984 14817 18388 14892 16693 6786 15733 17143 9262 16253 15435 16219 22115 18745 16207 13497 11594 15528 21497 15896 16282 14632 17776 15300 13501 18741
6147 14515 18311 11246 12715 4975 19222 16718 13864 13415 20939 18034 21377 13010 17752 13225 9443 5399 21464 13225 22457 13392 286 10507 17324 18632
9895 13318 22799 10654 5268 10303 31922 11866 14910 15223 11003 18647 28115 12459 16872 15559 11658 5879 17937 16267 27471 11692 7103 13914 17270 20382
16273 16397 16767 9167 11676 9040 23715 19231 23238 16131 14657 16695 10811 11580 10401 11292 14804 15867 20647 23947 22124 12930 19631 5480 15817 17790
21122 19700 16994 8769 6997 23391 15158 4514 8612 12770 15245 28136 22816 19018 2373 12844 19163 14035 20353 25968 18292 16070 10084 15860 19058 16303
14712 6531 19527 15205 17150 13928 14750 13671 5597 17014 18616 31304 13119 11332 16189 13397 9902 23159 22774 13339 15983 13381 18798 10712 15511 17964
20001 12497 24892 9001 15771 15256 22153 11775 8311 20560 11439 38842 25742 6861 16879 13667 6819 14973 23393 24544 21306 15415 19029 9825 15560 18938
12864 12627 27238 8093 0 9252 10066 21110 11636 19655 11542 17289 19689 15527 16261 10110 14073 7050 23555 24573 17402 14625 10726 11240 16778 17345
10683 7701 10289 10313 12937 9740 17941 12516 10070 17826 11359 13694 13879 18782 13816 8966 17422 11221 21003 11910 15938 16679 15184 7689 17154 17376
10128 10253 22671 17487 26720 11775 12515 15534 12320 19612 10949 20252 19718 14672 14985 17904 19494 7907 15232 17295 25368 11547 16120 4781 10512 18106
14506 9815 19202 11777 7662 21187 19780 1432 16436 10641 13548 20761 14992 18966 14017 15897 6944 16234 24480 24651 21071 17154 7671 11023 15968 18065
16414 17604 13291 2036 23781 15559 8511 12371 10880 9333 17694 18827 24723 6407 6885 15105 18099 5369 19713 22015 17246 21018 16649 2731 14846 17717
12952 16160 15709 10566 15971 14188 9098 12123 19304 19004 15521 13794 17100 20289 22101 14536 17709 5332 23245 17030 25661 19145 11999 5469 13525 15228
11301 16236 24138 16241 7847 23573 6120 17900 12509 25300 15444 24312 7279 9952 14834 16176 15851 1844 17202 15451 26066 8821 12460 10108 19618 18565
19792 16378 21194 13121 9578 2191 26401 15491 13910 12406 12379 12534 24141 14448 7427 7816 20343 17063 18863 24159 14978 11345 6600 7476 18703 20268
14312 20676 8227 20149 6455 8747 19466 1704 19709 12264 10000 15131 10015 14844 10194 13155 7384 0 19686 16558 18069 11848 15139 13183 16602 17593
12986 12065 20462 12961 16267 14666 23897 0 10814 18974 10798 4446 12171 9094 9487 10452 8782 9206 26536 22627 25224 14172 11835 6859 14351 18215
13590 8916 26970 21999 12752 29810 14628 17093 15558 16476 16740 14736 8906 14622 12533 11241 19290 19562 25201 14050 20483 14569 11862 12372 15756 19343
10931 12875 18426 22871 26634 8377 30295 11616 14557 17778 14906 22517 22122 16104 13109 9833 17525 17950 19319 15703 12287 14144 1649 5596 16461 22225
17528 10102 21552 11097 8416 17127 29733 34443 12774 18178 14385 23917 18738 9355 15409 12997 16870 13370 20219 16257 21343 16008 6140 15606 17058 17815
15579 19323 10442 20009 28921 20566 16200 6717 22095 13841 10830 26876 13924 15863 15840 9655 16495 16219 20752 12511 25605 20103 4125 8895 9690 18152
13469 19716 15582 12381 18065 11391 15809 8083 247 20368 11757 9485 22252 17430 17438 12435 11527 7795 15155 10475 25219 19508 6242 1429 18901 21774
18246 13792 9196 14034 19191 15975 8900 26153 9316 19534 13945 5273 26647 9176 10629 14100 11360 10060 21496 9979 26202 15505 19259 17089 15262 19863
15474 24894 11283 10590 17365 3305 25605 18120 11335 18657 13067 19803 15653 24852 19295 15481 16928 16801 22673 18076 6901 12897 11021 6195 18545 18943
14995 7476 5222 17039 2885 20090 17271 21858 12396 21214 12662 31513 15109 15811 6755 11090 15402 21001 22135 16137 27747 7044 13191 14347 17108 20076
12112 25799 12404 19206 8273 16180 14245 33297 8479 18340 14495 27234 15015 10870 3356 10957 15592 14770 17524 14585 17881 16185 19333 13215 14959 19773
11981 4461 24329 6356 23592 7587 8959 16702 18494 10286 11653 17433 14829 15367 8718 14267 10116 12478 15639 32198 8793 17424 13367 10287 13802 17495
16875 12037 16189 12806 14789 11505 17812 27278 5399 15816 15987 17010 27269 20357 14210 14181 15136 11823 20681 22707 14974 10845 10852 17166 15452 14126
13515 20373 19216 10388 21945 10778 16592 9081 19866 14073 15990 19237 14285 19847 13223 14292 17190 13654 18191 14903 8148 11046 15762 6780 12074 15792
8315 13334 11421 9948 0 10740 9688 15947 16646 12860 8713 35123 14529 8516 6857 14717 10466 16705 16297 22211 26411 8865 18788 2412 16789 17813
14459 18825 5887 12556 17756 20983 15272 20859 6874 20168 13893 26265 12224 11723 11521 13025 16838 10573 17209 24228 28197 18840 7019 8740 16579 18376
9265 13886 19663 18548 11922 10870 25508 31985 15337 16287 17638 27104 11925 10727 2707 13442 17330 6720 14971 20323 13039 21761 18184 8162 12155 19095
16645 14084 13987 428 24630 7579 13631 3505 19645 22417 13168 22989 22883 18096 17213 13418 17010 19313 22648 22737 23738 10550 0 15177 11698 16753
19039 21622 5981 19857 25168 12896 20573 14817 12320 18492 19129 33193 21587 17490 21626 16787 3618 6708 18763 17693 22584 14949 19795 12650 18972 20000
15880 9570 19439 18680 14335 1827 31219 14912 23348 15642 14637 13513 24982 20459 13529 10867 14206 0 18224 18111 21855 14863 14570 9185 14696 21370
