365
71 23 62 78 22 86 25 98 82 93 68 5 70 69 31 42 37 99 64 51 38 25 16 3 71 33
14133 22071 18050 7847 18201 3197 0 31597 16537 17404 9241 20055 0 15832 14018 17705 14945 9520 12617 16654 12518 20771 18395 21056 17792 26187
17247 12736 22784 19727 4637 18890 6985 9376 14994 5829 16245 22887 17543 15700 17779 15016 4283 14898 14510 24814 14157 19351 8582 15124 12698 19432
16600 20120 24554 8629 14234 16153 14711 21106 17620 4686 19841 15549 15133 16717 19866 12921 24399 17673 12456 16438 15163 24057 26554 10821 12574 14928
16512 15631 0 20175 14148 23809 10653 15081 19702 15968 22549 18599 18918 15179 18241 12790 8096 0 10274 11917 16954 14085 23577 15273 19560 21311
17627 15422 948 9175 7900 8508 6916 17117 17828 19750 19281 21058 8148 14255 17112 15089 16444 17449 18680 17352 9021 16223 37136 21497 13294 14126
18777 13158 19018 13247 15010 22891 7606 26735 17271 7255 14059 28096 10573 14504 19250 14140 14712 13709 18445 20758 18059 25940 26496 5310 16734 19827
16780 15836 9361 15227 6091 12940 10081 15877 17388 21 21396 21887 0 13046 16380 20863 9565 10777 15668 20714 15609 14296 18519 16726 16693 6747
16966 14685 11705 30053 17405 14977 28422 13071 23024 8737 26812 25874 4924 12678 15434 17492 11574 9728 15368 19393 15039 16719 13805 15966 16975 21738
20890 16588 0 18590 11928 15008 10223 20352 25213 21805 18123 22003 4561 14711 13898 16281 8881 5141 15731 32377 14305 10888 20944 19106 17346 37056
20563 9482 13793 11679 16257 6916 8841 11502 15384 6198 12529 17083 23246 13065 14926 13704 16811 11811 14326 20740 20608 19806 9903 13564 15761 18776
16298 19428 16111 14115 13303 0 22908 12617 17442 8716 27211 19170 17320 10625 16692 12389 22529 10849 15680 12826 15291 13049 23359 14071 8792 23390
16947 16501 17107 4578 10630 8367 6341 17529 21055 6202 12262 30296 14801 16731 19119 12448 0 13293 20164 20675 12245 8146 15094 17161 17291 16308
17660 13787 13619 27268 12052 14534 13803 25607 19794 20043 26511 24030 18516 16250 16114 13106 20465 17297 12329 15587 12490 18146 17551 7650 15364 21917
16736 16495 6559 19695 8261 13168 20850 31671 23836 2194 9753 23024 5537 11746 18562 17482 12170 5398 10464 19600 20415 22737 16892 2927 16261 6462
19218 14581 28171 11302 11407 2812 14631 23573 22724 21757 23491 18348 3020 15626 15399 17322 15430 4998 10485 18361 19431 19887 24351 19337 10533 12942
16022 16191 22704 15177 3838 17695 20681 33847 20096 21181 13420 19686 26442 14566 14862 16735 16012 11053 13800 18299 16827 20713 24485 15310 14081 21023
17719 17393 6986 8796 18052 8124 10917 20940 15936 14448 19648 21982 13866 18648 15436 10346 4978 23480 14305 21148 16537 13343 6361 20703 20055 24631
17537 12316 2728 31 15994 14353 13274 4748 16978 22300 26106 13128 0 13313 16496 13812 25835 9956 10428 13426 13211 22639 12500 6643 14816 12646
19218 14724 27691 15091 14298 13681 22162 7946 17531 0 22983 19006 11428 15398 17170 13389 8113 0 13464 23185 13758 20155 32227 8377 15560 24198
16710 11865 7250 28030 12997 10026 8989 31864 18171 11450 14775 17318 20245 17152 17836 14809 14166 11006 18476 13742 17209 12641 20344 17299 15805 0
14334 15032 18354 8133 14329 16190 15914 30230 19306 14038 16049 19233 7740 12929 16153 16692 13477 12237 15981 27661 19580 20645 26930 13877 11524 18268
16685 18063 17937 29849 12610 10786 20610 20225 13195 2678 19952 28982 18321 17106 17543 14443 11756 4429 16670 30987 15643 5628 19998 19333 16556 16217
12671 15215 2422 10727 21369 8322 16630 25617 15778 1788 29458 17786 9451 15822 17358 14772 9700 9618 17743 22368 13695 18895 12414 11981 15093 6256
18237 19546 23869 16444 6799 23160 24237 14940 17726 17053 17699 19468 18446 16624 20157 16061 6181 15593 13501 22053 14082 19352 29420 6530 16703 7878
18799 12867 25078 22058 20275 9079 15344 23897 22771 15021 23842 17779 7704 14917 17064 14634 17235 0 19694 19343 13579 26936 25001 20001 20952 17078
13934 12510 13106 5857 17646 4696 10262 23608 19548 6723 24722 22939 3857 15850 16554 16820 12184 21228 15905 17935 12736 14927 20606 17399 11664 27502
17834 14141 23773 9961 3737 353 17996 23594 19745 267 20453 17255 8747 15244 19148 15604 13279 14814 14388 18559 17920 13619 15386 18045 17257 20081
9802 18841 10075 20564 8763 14755 9731 7065 21766 9059 24405 24261 16947 14784 12305 15193 18927 13592 14220 17716 13535 17660 19546 12788 20208 20303
17351 14518 23815 23461 14064 12834 22505 17584 16583 17552 24150 20983 8452 15616 11893 14249 9747 22334 12491 23409 8830 13140 16028 0 16557 18451
19677 12557 4817 13113 6559 14862 20143 19202 20802 2687 15737 17332 16974 15285 9580 13031 17586 6701 14801 15917 12385 14442 14124 22075 15120 15192
13516 18028 25639 8523 16172 13859 20389 12192 17445 7138 28260 23005 15562 16385 16605 13512 19055 18416 13284 18192 14867 21009 19522 13181 13395 21421
16337 12918 16718 17924 11935 2989 14591 23389 21158 11185 17898 17255 14883 17299 16208 18868 9440 16253 12322 22349 16045 14643 14919 2198 19150 11085
17352 12052 19984 19657 6067 14372 13332 18170 19334 19478 24519 23819 22218 15876 15477 14250 10002 3668 11953 16967 15555 16013 17390 19670 17739 23276
16613 19457 16823 6225 15287 12208 19605 15273 16820 9804 25900 25826 2202 17930 18395 14088 19106 0 14561 23169 18269 15239 28166 21856 15793 28889
16537 13823 21480 16574 6703 20992 13476 21234 19845 16869 16389 18822 9395 18186 16044 11043 8155 0 15478 15496 5255 32445 29565 15364 14513 21077
18477 19276 22902 16153 14523 16437 23462 22530 20951 10790 36378 13320 21348 17668 17601 16223 20615 0 12706 18837 15143 22283 23779 21467 14912 28716
17605 20637 13347 22048 13899 10757 18906 10812 17009 19989 17950 17160 22767 13121 18127 15553 3902 4812 17341 20172 16111 11701 16103 7864 7854 17527
14988 14495 2821 9240 13527 11246 17292 13330 18835 7860 11599 24053 10595 14524 19998 17201 12038 7275 13734 20570 10436 16054 26971 27341 14475 10646
16078 14573 12882 15975 15348 10138 15069 19373 19730 20170 31224 19345 15965 10512 13759 14392 15106 17754 16725 19668 11420 14298 20623 19215 12937 30391
14902 14217 31581 15586 8307 9422 20397 14436 20053 0 17129 16970 12377 13797 14355 14661 15208 12922 13043 15067 11650 16765 18542 16902 14007 13063
14730 14674 28845 16357 10586 14953 14318 16302 21367 9755 13775 13810 10896 16159 20468 17527 10577 11410 15670 18693 13588 18848 24330 25760 11807 35143
15274 12493 21170 11158 4079 16946 15918 15845 16334 8134 17780 21076 8194 15475 12886 15702 11501 6154 15669 25235 20167 19479 20648 20028 16100 27577
15704 16542 6404 8025 13118 17601 22169 21540 19723 19121 19161 19628 20486 17957 15116 16537 14887 7013 14279 20782 10420 28050 13680 15118 14121 18113
15113 16409 12102 13619 15732 13405 14759 7934 20315 10317 14799 20329 14565 17348 17051 13938 17307 14807 15265 15831 18987 14144 18342 23899 11202 19125
16028 14508 15941 13797 11979 11874 16470 24308 21033 11650 19774 14979 10655 17166 14444 16599 15710 9404 19234 18448 15924 17908 23962 6840 12855 25648
16392 18973 35973 20738 15862 12239 16750 23069 21051 11555 21885 25438 18818 11307 13227 18333 12691 21141 16426 18252 20537 10760 11404 29713 13547 19501
20264 17150 15671 13496 9667 25572 10031 18857 21489 5982 16155 17386 23427 15343 10903 16022 13324 14717 12878 21943 16690 20214 3990 10986 17495 19866
19702 14438 8159 22776 8452 15298 10988 19830 18826 10135 16129 17706 20899 16205 13049 15518 15371 13560 15751 27406 12559 21347 11228 12482 17105 42773
15674 14196 22957 18317 17256 16762 24036 22561 20182 14952 32692 21159 20277 15342 18178 18145 12531 12584 13658 17563 18846 14766 4746 8662 15693 1627
16570 13504 4427 15043 10200 8229 12124 17261 19604 15870 25471 19971 16526 15920 14164 14432 22315 9759 14302 15507 14702 3404 4735 9166 14216 15830
15995 15596 7710 21368 15547 16026 21036 10490 20235 15121 23272 22021 7301 12951 15155 14562 12217 0 11259 23580 11546 23434 32382 17580 14143 20898
17120 21026 5260 9668 12192 2494 12872 15987 18068 10872 17900 19715 23503 19570 19713 16718 13554 3893 16081 21468 19161 17918 24367 18793 16296 17314
17317 16841 19065 19432 12671 0 16244 16714 19788 29937 23643 22878 6960 16736 11862 18904 0 13496 15531 18816 17146 12495 20360 17106 10793 28477
12837 20931 8754 25006 13557 13951 21253 12488 17362 18551 21739 17066 13644 16591 20293 16408 10292 9445 16738 24001 17055 21453 22400 14340 15065 6606
20163 15430 16790 19605 16089 16016 14373 18761 19825 13161 11723 13218 24595 14066 13527 16202 17247 16661 13434 17005 14925 24322 27497 9417 13739 19866
16376 17509 24229 19602 19619 16065 32204 13627 16332 6550 22555 20850 11085 14526 14162 16082 5820 134 12583 16673 17582 15653 18105 26905 16223 15976
16978 21375 24867 20053 9970 20210 7803 18042 20124 21347 27559 17682 11346 14939 17397 17926 22396 8026 15023 16911 12399 24226 29409 16998 15306 5536
20154 16053 0 19791 11954 13639 8792 16062 19281 26659 23921 7170 29902 13564 13046 13016 13825 3533 18762 25981 13831 10279 15148 21547 14547 16374
17580 17170 19289 241 20749 9196 15841 20300 14006 6101 7253 24478 12522 14011 13465 19018 18530 6456 11301 24669 15154 19837 20056 17612 16252 0
15680 13786 14349 16800 18161 16689 18190 16599 21443 18901 22368 21318 13132 13899 13692 19318 4462 13992 14837 23890 13926 20719 22165 18967 14314 17680
15954 13603 16920 23508 9968 2182 18552 25489 20301 26657 19984 17844 11898 15133 15613 19200 14007 4857 15391 21047 16596 11773 14777 5068 17924 19018
15800 15317 9601 24142 12020 11059 16469 17939 19178 4720 16082 22462 8250 12763 15149 16738 0 3271 12469 19235 14503 15769 14820 24578 11888 12515
19066 17930 20452 0 14150 8687 23441 23123 21229 4401 14598 26301 6715 13537 14003 14742 13419 17983 15582 27008 16135 12590 18664 11474 17048 1382
17704 13050 0 7310 12934 11243 10998 13793 21718 16438 28508 20999 6172 15318 18605 17135 20988 3648 17789 26665 19704 16830 17921 18437 15334 17040
18466 13402 22177 16564 11828 6250 14061 13207 19065 17212 26560 18052 6425 16926 16080 11978 15916 9407 13641 16983 15339 25220 35382 7797 14866 22686
17403 19319 3674 17537 5427 9953 8068 16108 18683 8050 37059 23371 8198 14942 17012 17539 3346 13333 13134 18612 13158 16311 8656 22152 13672 21297
17716 19037 20001 18420 12968 5680 29797 22614 20591 29909 11409 15348 17675 14853 19817 14272 2563 22647 17304 12351 19362 17167 16748 2213 15824 18466
17175 17776 18119 10752 20786 2188 21711 10263 17593 8550 20276 23059 13926 17163 13567 12821 17153 11079 17470 20258 17075 18959 20331 7195 14473 16181
15088 10471 14158 14275 12132 22314 22255 13839 21044 15265 20693 21730 17670 14125 13563 20651 6473 0 19418 15860 19559 24359 26377 19822 12771 6702
18493 16822 4865 4080 10729 16233 12691 9409 19299 8008 20097 17476 5588 12367 16747 16078 13963 21050 14091 20437 16417 14015 30743 14445 14202 19486
20246 21685 23090 10862 9401 21519 9675 19973 17556 15407 15748 24563 4603 14122 15810 15859 13822 10173 16231 22619 13309 14750 13498 10455 14525 34672
19381 11973 22506 16155 6274 20134 10894 6373 16141 8002 7496 13226 2460 12166 14545 14998 22671 5527 13389 15893 15591 21196 13676 15204 9116 19852
17770 19689 8337 9882 18595 17129 11099 17103 20566 9156 18374 18355 8127 10726 16293 16889 16036 7451 14945 16566 12930 23324 20664 14622 11682 28274
15847 20212 15926 13241 3814 10899 12859 21584 18088 9147 25701 26739 18656 18343 17935 13270 24905 15471 11008 18968 18372 22069 15872 8848 13969 28337
17708 18400 14799 18220 13141 13579 17315 20393 21567 9508 26775 20730 12260 15666 15062 16926 4510 13208 16273 13571 19126 17953 19333 16979 18649 11866
15448 8184 10276 20230 9973 12523 13886 18491 17479 68 9800 18981 24317 16993 12132 15793 22340 12210 19225 23481 15476 11952 8840 21839 6863 21765
15605 12068 16125 18087 6085 4097 14468 10413 19603 24903 8247 23070 29724 14818 18103 13173 17759 11388 14227 21248 17729 23014 18580 10786 13716 12032
19232 13598 23062 15675 12510 21023 3279 18279 14833 17910 22119 15871 12546 14459 17951 15091 14325 9382 15046 11920 15739 21743 17384 21581 18331 31544
19246 15558 21689 17318 11378 11684 18777 17699 16716 17208 24762 16761 6689 15985 12537 17877 10800 3300 16969 14218 15374 12744 20445 19188 18215 19921
20585 17813 1657 2016 17194 9503 31450 16993 20393 24509 11629 18025 24737 15293 15998 22534 11811 29620 17027 23560 12318 12111 14758 24936 12937 20625
16425 13775 12759 23889 15166 11587 24323 14192 17296 13352 23616 18443 0 14367 17882 13881 12063 19279 12082 20427 14938 14925 11954 22491 18776 7829
13970 16859 19841 9031 22075 6953 13879 26237 19207 17459 27387 25871 5105 20641 16683 17369 7468 0 13762 15974 15599 14619 22418 0 8537 17881
19875 11390 11144 7174 13867 10729 30569 28052 19263 4548 19833 29277 3112 13082 12458 15810 9390 28634 12479 25673 15994 16358 17972 6460 12921 23048
19046 19057 22204 19121 10938 19193 14901 20963 17117 14676 19374 22097 19741 15945 13832 14875 12849 9340 14256 19330 11535 14859 34489 888 15138 11414
17891 11878 3914 10679 11741 13970 13645 26923 21435 5176 10879 16435 13152 18810 15688 11427 24083 6293 11622 21898 14251 21369 21682 7973 17369 16754
13057 13533 16045 6914 14390 6365 20164 15914 18685 10797 22408 18863 0 15627 18146 13349 15234 0 16434 14350 17107 12878 31233 25590 17919 19900
16487 12548 26102 29340 15910 20860 15351 20523 15758 0 24709 20619 0 16092 21640 18801 16348 2728 11586 27660 16416 19074 11476 24344 18248 33057
12147 12430 13781 22263 9720 3488 13745 22425 16384 7069 12367 13514 22500 15913 14802 17662 25064 3811 13128 19748 11197 6997 17741 21639 20626 8995
20491 12205 24842 25033 10103 8394 12131 12849 19989 20454 15775 23812 14982 13006 14020 12386 27478 5072 17173 15375 12387 18567 19592 10193 14788 12930
15269 13474 5232 21526 14227 7774 18804 22347 19546 6721 26522 20141 12327 15210 15686 13823 558 22386 15659 22840 14093 13587 24596 8654 12799 13058
16986 16230 22873 16938 8535 15978 12110 11964 20612 29784 37603 27098 23931 12874 15914 17178 18798 10695 13066 18968 18206 20513 28719 18648 9670 20410
17503 15688 22287 19569 15653 7784 25757 20681 20547 959 18558 21823 25355 16355 15733 14275 19397 15831 14028 21755 11035 12313 13150 15072 18172 16811
14390 16762 15515 25496 13379 8717 16190 22201 16398 20777 17413 23078 15839 15564 14856 14543 8718 15715 15963 16732 15134 20393 23513 18616 14161 23502
20333 16692 25056 22506 12305 6964 13825 7528 18091 19291 20086 27351 6214 12783 17045 15643 22404 22588 14686 25946 13866 24023 19666 10715 11144 23674
14736 17608 20408 6403 12892 4114 24997 20983 18601 17881 5982 18292 7232 13117 12216 16060 23157 22632 16265 22699 18661 22459 15290 20856 13152 16934
19492 13715 30447 14106 2126 3352 24179 35922 18510 13473 14990 28130 4162 16675 14153 19320 2186 14747 15261 18220 11341 20010 26529 14936 11043 13069
20659 12927 17169 12518 19579 24554 14090 22262 21615 0 25726 21191 0 14509 15257 10015 22126 1488 14196 14390 14368 27461 15916 11255 18246 15625
17983 16610 21456 25666 9271 9820 4995 21471 20891 16774 10915 13640 15017 16598 12638 18119 13863 12325 13448 14474 15600 18793 22020 20610 17321 25832
14659 21334 12214 9888 15296 14582 18223 33484 18842 8612 18795 18438 0 12721 15067 16992 4627 14265 15986 18413 15446 21132 16001 17906 16677 5138
17451 14018 15290 10284 9272 9639 7779 13046 23171 27071 23837 22809 7497 14483 18705 14223 10664 4865 13217 22239 17404 20962 27791 29714 14284 14543
12202 18992 21169 20146 15924 16134 10999 5698 18324 401 13275 11646 6529 17682 15401 8566 19198 13753 13514 19533 13889 19393 22686 18932 12514 20275
13292 12089 12239 8306 17478 16528 21652 15874 23513 14087 22712 17640 79 12085 17212 18331 20653 8262 15833 20395 16094 23386 13924 6918 13401 32260
13771 14607 18251 9194 12507 12257 19821 12692 20026 20770 20522 18184 8474 14510 16169 17936 15257 9654 13267 18372 16245 15249 15339 4235 10902 25568
16105 14203 11982 15506 9070 8930 12406 19450 21297 10866 13805 15268 17035 16689 12201 13481 0 19976 17785 26836 16660 9288 17358 6515 17419 21899
16456 13259 4586 15539 18227 1206 16097 8299 18458 3244 17874 17837 0 10847 16903 14583 12026 21516 9404 21403 18297 13151 27254 3408 13772 34007
17648 15987 15137 14131 12466 4275 31174 23947 18894 12966 17610 11884 12118 14958 19151 13201 0 2727 15852 14786 18206 20643 17684 15778 14358 23400
18950 16898 22563 17045 19345 15039 19679 20934 21822 15177 31990 11992 11876 14527 19009 18109 28198 16396 13316 18298 13255 23064 15972 16960 16028 14170
20070 17838 18531 24751 9018 10926 18776 10521 18457 15613 13607 20234 14649 18753 15843 17698 5816 14890 14411 12756 10755 20597 31260 13346 18435 17570
13609 17804 10571 17592 12924 9763 15999 25533 18779 7314 24456 24984 12012 17134 18091 13341 4061 6233 17059 19943 16996 10635 19504 24381 13943 22552
16254 16475 8382 25892 8165 7355 11682 16937 21757 17124 22461 25510 6168 13149 16409 17335 4409 17206 10014 27513 22194 6502 22597 12131 13066 5474
15744 17081 11245 7912 12523 14375 5302 12722 16399 20551 20017 17637 13490 14220 19167 14799 15898 19447 18801 17273 16438 12737 13922 28095 18032 14890
18054 10686 26748 9550 11195 12185 14092 20329 18451 3862 23310 20981 19061 16039 17110 13773 7354 15492 16223 19080 17167 27663 19861 19353 18824 20070
17917 13002 14770 18655 17256 7222 1454 16365 18586 17209 11057 12703 16960 14257 18198 17950 27664 4587 17407 19211 14954 14096 26030 25277 11745 20481
19760 17456 29408 16934 6249 10435 16415 19197 19132 12619 21802 11946 12193 12088 21123 14058 9863 7043 14955 16870 9091 19619 25371 10805 8637 24606
15360 18024 24889 23630 16506 12194 19434 18382 18722 329 28455 22975 9726 14338 16423 17442 12079 13528 15214 24706 13934 19030 27133 12100 17380 28357
17324 16719 6512 19578 14744 12957 18680 16214 17381 28701 18270 18960 8952 11991 18280 14388 3275 6030 12532 17505 20286 10589 17039 18045 16192 34120
17459 19547 17939 10356 19984 17081 22053 22128 20376 2628 22978 24376 9052 17316 13240 17630 10171 3148 16992 21350 13176 16022 4212 15439 15521 8652
19101 16966 15010 17437 10101 16935 19988 19565 24490 14038 22762 23076 14446 18314 14058 16938 9652 15514 14789 18402 18114 10528 17283 15942 11020 20832
15472 14433 9493 23969 13842 13134 10993 15520 17758 9083 27740 22638 18646 15650 11666 8902 1035 7452 11976 19774 18102 20470 15081 17754 13556 2309
15195 13391 20628 9340 10557 14785 12937 18481 19762 6768 14493 18527 20845 9916 13799 11992 22800 8354 15497 16495 14641 12085 33766 26092 15146 27661
18114 16125 11766 25980 17629 11368 13845 7294 17387 18369 11855 22656 17188 11791 13963 15335 10181 10341 10839 15479 17152 20493 24647 22517 19944 17038
17511 18425 20725 24936 9773 14082 24451 19827 19356 14521 19511 16858 12376 17435 18589 12287 6689 9407 15730 17960 18805 9794 12900 12699 14215 23008
16963 15487 10894 1075 7046 12746 10168 11079 18689 14638 11612 15985 3681 16947 15766 15555 21517 12878 11177 18510 14625 20889 22226 13646 13800 18061
17490 15629 15743 25701 8671 8870 17593 22031 24162 16150 19960 21213 16982 14367 12468 15451 14213 360 14500 18366 17105 13227 22175 22531 9970 11996
16279 14034 17202 10803 17202 12164 18082 9083 19791 14906 11364 23469 7199 15797 16515 14698 0 6692 18138 26046 14930 12517 21829 21562 13054 21466
17512 17472 12033 1460 6769 16985 22229 25896 19007 11518 15121 23066 10192 15000 16283 17088 14545 7691 12744 15293 15058 5090 22853 29130 11327 7184
21602 11348 12511 11688 12935 5343 13255 12282 23120 4583 6224 16556 18170 17389 11376 18474 10624 14506 12274 14405 20609 13984 24903 15311 9795 22242
14160 18451 23127 25523 12836 1808 16780 18740 18477 3859 21465 20417 1326 17148 16040 16896 0 19282 12616 19042 15608 30956 14381 18898 16435 16351
20176 21276 19314 17349 17668 18882 19612 18201 21208 15395 23039 19673 0 15257 13581 12874 8301 19451 10549 26350 20679 16865 13534 9372 15363 16177
15637 18141 22559 21529 19620 8757 16723 19941 20828 13495 27912 17005 5729 12272 18223 12266 15465 21287 16286 23087 18022 15045 24825 15053 10694 6813
15219 13726 9570 9252 9843 14905 22331 23271 20141 24301 21519 27169 5814 12560 17749 15605 21071 14170 17790 18270 17811 14925 17998 33278 15028 32893
13964 14105 18010 22263 9611 17953 23819 23485 20331 0 29733 21921 21454 12772 14376 15689 6942 12795 14273 22257 18194 22095 7329 6084 14201 23892
12921 19548 12550 23188 12726 14774 2170 24892 18971 4712 16192 15924 25228 15043 15681 16883 7093 8484 15797 17150 16412 24489 17299 17422 20445 27912
19380 20384 7455 15190 14644 13127 15770 19674 17503 24993 25242 21883 12230 16654 18401 14787 19617 5643 15185 30045 14387 10661 9725 9620 12464 17040
17371 18222 2145 27224 17546 11986 8540 18943 19117 15217 17497 21484 3731 13293 15103 16603 37692 8927 13908 22204 18250 18215 7535 19213 16452 24466
14052 14426 3100 22739 4031 9034 13834 15262 22440 19401 33447 18633 394 15615 16576 15355 14487 7462 15543 21259 21242 25610 24956 21408 18852 35260
19964 14883 15023 16354 12925 14456 17325 20381 20451 9254 15899 22661 15049 12244 17892 12918 19867 15181 16140 21623 15647 14215 21131 23125 12655 30114
14530 18424 5863 12033 7646 13347 18216 31024 13966 34665 11649 16152 13598 14520 15235 13414 9759 20118 15187 15745 13701 23613 20749 10883 12279 23242
15294 14955 5376 22995 19034 15332 17699 23390 18890 17028 22730 29472 9945 16258 18714 14994 3789 7279 14039 14954 8565 29044 27029 13136 13519 25444
13955 16173 6582 21684 13109 8258 8683 24549 21456 12280 27804 29068 15053 13644 14772 16578 16213 16053 14326 28318 21068 15246 13359 16415 13709 13427
17167 18408 15547 21718 15774 9870 22762 20867 21302 6075 10904 26466 15733 14338 16525 14721 18376 10437 16037 24219 13691 6481 30099 12542 15606 13960
17840 14793 28675 16132 13361 17701 27777 20468 20316 10747 25967 23882 33307 14733 17787 19315 14758 2871 18130 18335 11365 19321 16572 19698 15696 14874
16316 14120 19540 21025 15145 7662 17169 16411 20298 29011 23637 11814 11968 14506 12796 13030 11900 12824 15074 20878 15190 15631 11341 17143 11045 19506
21398 14631 3849 7868 13557 7482 11679 5405 17808 18447 27475 16715 9251 14640 14890 16291 21728 0 13509 22597 20103 30871 16251 25963 11737 8487
16248 15258 19713 20082 11657 284 17261 16423 17796 10902 17438 22884 6912 14020 15752 11773 12709 4573 14787 27588 14629 17208 11122 7429 14993 35225
15392 20303 19289 18559 20685 10965 7615 15298 18618 27120 21186 29634 2868 17813 14931 15741 27779 17660 16742 19184 18779 14940 24910 29672 12458 20798
19195 16796 14320 12061 20677 20483 17024 20092 19848 7248 21500 13444 23994 12762 17568 12228 20323 5350 15231 21229 15889 15055 31649 21856 13316 11544
16064 15545 12115 13905 8391 10291 14234 15840 18107 29485 17247 13923 7147 15780 12048 16967 17970 12763 16312 18018 11924 20371 31705 27129 19694 19119
18765 16512 13655 29270 13840 11034 15714 23477 20271 24978 19086 26466 17898 11860 21690 14070 4708 7135 12365 14982 14551 11395 13614 15978 12281 26436
20819 15719 13295 18110 16298 14737 26870 10596 16999 13412 22242 22477 10389 12920 16196 16000 15774 15270 12422 18940 16350 17010 23443 18256 12369 8814
15101 15788 23671 31890 12946 14263 18747 23727 21072 18235 17472 19349 14292 16512 15441 16725 24114 17846 15295 16017 17854 16868 23991 9579 13378 14387
17161 15958 3821 21915 6872 9707 19618 16486 17344 18934 21231 17515 778 11013 17094 16466 10771 0 14346 15653 10918 10876 27816 23202 9545 11341
19132 15789 16073 17142 8074 8084 30061 17864 17935 16765 23997 23601 3830 17685 15861 13893 2159 1766 14012 8540 16696 14651 22912 21856 13550 19057
19017 15136 20796 9096 13995 15877 24330 19621 15328 21066 20497 22098 0 13229 15621 19836 20490 7743 10779 20760 16760 22659 29829 1263 13164 28124
19125 13763 336 19499 11548 16165 13001 15575 22237 10219 23793 14660 5437 13619 13437 16842 9392 0 17670 17232 13778 17640 22927 16254 11199 25393
10372 15464 11676 14589 15559 8692 16077 8808 17428 13245 14462 29812 20072 20210 14177 14780 16698 8491 13184 21415 9041 26404 22107 17093 15343 18163
19647 17795 10326 16455 12455 14146 13789 19230 20515 14266 13915 22916 12657 12505 10934 13209 0 12940 15591 17346 12057 22012 14395 18685 12587 18824
13459 12303 14263 23756 18026 9208 18663 18439 20197 10807 16112 23357 1517 16784 16316 19081 5618 11400 13415 18720 13448 13100 0 21499 18548 23542
13997 14930 14292 16476 14851 12219 21507 18858 20455 13702 13347 21471 0 14386 15830 19289 17232 21469 18010 18970 14416 14028 21727 10518 16045 6155
12825 17472 31806 12649 14312 11679 12128 23278 18210 27576 16662 15356 28436 14775 15796 15054 15909 13782 14274 17371 20022 17126 19423 8291 11050 20024
18361 15097 6085 349 16734 14017 12292 15126 19671 10678 16786 21168 3092 17750 18429 16452 6262 5974 18054 18699 16985 19168 18484 12968 11784 10789
15908 15019 6029 4757 13572 4483 19083 17745 22175 3300 17744 15147 18108 15158 20248 13468 16518 9723 13686 14276 18888 18290 23855 24970 15348 18509
24759 16040 13187 5328 11043 8913 6983 21299 17075 16860 27778 16547 9200 13554 16239 15093 15831 13437 11536 13163 11152 15884 20524 7081 14964 18746
16043 13509 7525 783 0 19733 15104 11633 16487 12071 20135 25888 10481 14860 17874 15855 12046 18521 12226 22856 14294 32400 13224 13287 13348 12436
17269 18478 16674 15904 5508 22133 15939 22196 22195 0 34471 13097 2416 13266 17035 18244 25912 12709 15711 18509 13707 14798 13528 11397 11633 9379
16185 13423 21685 13027 6874 11301 21558 14265 15846 11350 23526 23024 2984 14315 13723 13788 19860 16123 15483 14809 16493 16423 20379 0 17723 23769
14999 13787 10949 14122 20465 16081 3064 17715 18961 14639 21311 18728 15744 14761 17201 15091 12496 5946 17997 16993 10813 14706 4609 20302 14414 5890
15663 14186 15183 15727 12446 6157 5342 16118 20548 14390 23266 23377 11457 15969 16704 14229 15672 8138 15967 14901 17813 12304 14057 26372 19828 8713
21906 15626 3495 17695 10719 11985 18549 26915 16790 16082 13417 21617 9168 14375 17900 15258 27243 10218 14087 20542 19590 20068 28240 15747 15845 9750
16856 11266 13650 12461 9354 4504 14240 16440 20486 15682 15449 21874 7895 15553 16622 15035 1890 11312 10064 22257 17165 19346 12163 10348 22953 13973
14995 15643 9892 17120 7644 18724 24221 22966 23797 1837 22859 15173 9678 12502 12514 16986 15761 18235 13983 18727 15218 16741 28769 13203 17112 18594
15592 17826 25684 17002 12614 15773 13251 16810 20830 6860 26274 19268 20854 14197 18760 18314 13421 12990 17129 22731 17427 13854 22163 12087 13453 27153
18232 18052 1510 19977 11339 9322 18512 21480 16383 4111 21991 18750 10857 17802 19489 12813 16285 4168 14404 16832 17979 20586 26647 17404 9428 24530
15901 14811 17930 20437 15140 16173 22788 17326 17476 9294 24327 12506 24024 15574 12811 15567 24061 11783 15406 22991 19671 9004 14152 16476 16710 13349
15785 17890 14716 14517 13946 17273 7994 17899 17453 26710 27915 16410 7562 15442 13203 13050 10114 1980 14734 24365 12722 16434 25199 16396 15582 24093
15128 19172 4587 6010 8771 7332 16252 14970 19173 5857 22011 11268 18475 15107 16886 18287 6326 16737 18716 13835 13735 19552 17458 11271 12670 177
20114 15084 9445 263 8502 7213 18945 11493 19548 6047 19471 15946 18356 13065 10950 15860 2471 24729 16790 16998 17180 13156 30039 15703 18284 10120
19622 15884 12691 18629 14055 20333 25831 11686 18981 5906 27756 20656 23564 14656 14935 17859 23856 5021 16630 13763 16848 26028 8425 21409 11961 22459
18687 13680 17949 20950 9833 15459 30314 16625 20058 22013 17942 18936 16504 13634 16584 16221 9363 4987 15047 19918 18302 22322 9202 5916 11260 20422
17420 16505 13747 13268 16025 12877 18536 20590 22797 19326 6742 22666 9619 15051 13025 14969 20428 0 14047 20398 16418 14032 20159 11396 10500 24993
15530 13856 24641 18252 7997 6402 9136 18499 20962 10350 22628 23271 31377 15340 13162 13414 7404 15922 16235 14134 14753 20813 16734 8393 12169 7278
15538 15540 19927 16713 23202 13793 23660 30330 20766 14800 17269 19821 9583 14722 12166 16849 13127 14183 14523 15222 13587 20493 13168 14098 13177 6084
16640 18365 25401 17309 10549 13880 11711 20019 16663 17351 7413 27428 14070 15305 14262 15067 7609 18056 14440 19865 15666 15167 24659 10566 16006 5972
17422 14258 2698 8576 10317 6100 19292 25451 21698 21869 14589 17081 19898 16870 15663 15566 33450 0 14054 21119 12417 18063 25723 9360 11609 21277
15207 15554 11624 15335 11610 14108 27053 18230 18279 16712 12504 15535 12330 12356 12153 15931 2948 5681 12307 14429 18322 20875 17492 14087 11703 23702
15147 8568 22941 0 15239 12614 17678 12978 19214 17327 24978 17977 12907 13064 18072 15454 14625 9638 12391 17061 17205 19854 24185 23256 17509 17472
13659 14798 10077 7650 20762 14379 19093 28702 18059 13236 22452 30109 13615 14253 15697 17749 24796 14365 16449 22279 16228 22668 21890 13399 12896 11529
17153 12941 16946 24373 15096 10388 0 23013 22563 16051 19318 13764 10510 14031 13803 13007 6178 10403 15196 24346 21057 22858 13188 23006 10094 8242
17566 19326 11794 25856 10783 16780 27514 16882 16930 12672 15927 25020 13915 16367 19843 14546 17030 20381 11561 19478 14205 18964 13624 21835 15096 32800
16078 15413 18712 18374 11842 21416 20808 20508 25165 10863 13311 19322 12421 10542 16670 16556 9582 0 17418 20338 17418 17203 10400 18512 11263 27903
18965 15845 27570 12911 9843 17919 19621 19988 19723 28530 16659 14562 13923 11039 19834 13701 18715 13783 14944 21665 15480 23544 34486 18032 19887 20846
17985 12803 0 20758 19188 14051 29604 12525 24001 12547 18841 22046 1618 20545 16768 13581 24565 19343 17809 10705 15918 22435 6778 15193 16731 22365
16411 17881 20685 4604 3808 19583 3821 21440 17531 17396 15592 15996 5207 14829 10734 16472 22003 10148 17424 19567 19117 20211 26920 17333 14496 28443
18587 16739 19782 7210 11962 16813 21684 22551 20291 23865 22169 21036 6908 15002 13686 14556 19700 17429 13787 19538 17891 17436 17836 14522 15145 30223
18237 15444 22831 17446 16022 20540 14971 23092 16613 19565 25205 19773 14870 16116 15757 14929 19668 15449 17727 25899 16068 21450 27907 15714 14102 28414
14000 19773 10412 9689 18953 8075 25523 17964 19309 9308 20251 22079 11371 16290 7768 10269 1513 8024 14818 20286 14222 24961 26966 30490 16524 13661
17872 18522 25548 19940 7526 13937 18151 18870 19293 12921 19012 19753 21950 15422 18108 17404 20140 15143 17959 7867 16356 21704 30157 15818 14866 4423
19611 17241 18230 23551 4910 12550 16816 12042 17697 17130 34237 21548 10832 17293 17882 16864 20069 10582 16021 23404 18752 13094 17264 10114 17216 28846
15747 19312 29711 14476 9430 18846 17238 16547 19704 13668 27910 19712 17554 20973 13755 19053 17570 5002 15373 27053 14349 13608 13863 13770 11666 24669
14307 15670 12392 17356 12953 13488 17199 24144 20748 19394 23320 25222 514 15940 18356 16820 2797 17664 20206 17299 13013 14366 26553 23783 17814 29245
16105 21353 9471 19269 13276 12736 18449 20738 19667 26853 27181 21446 12390 17820 15033 11192 22648 9207 12264 24858 14304 25146 17277 10912 13728 11850
15376 15685 13083 10985 14158 13502 9861 18052 22977 32385 16679 17234 13992 14459 17708 11609 6540 0 14855 19709 15726 6763 16868 12823 12045 18672
13892 13424 14937 11540 17894 8680 19111 21017 21351 8082 29806 21870 24513 14386 16023 13674 7907 1912 15659 24414 18041 24411 17249 21371 6710 13871
16347 16924 19662 24932 13303 5488 10790 22142 19134 11512 12516 17138 14336 13978 13951 12630 9599 14736 17906 19913 16612 17074 16974 16308 12875 16496
13293 18383 13345 1843 14954 13016 6679 22963 19109 18901 28009 25004 13141 13241 16409 20263 8085 10047 13824 25193 11047 12668 11472 11981 11028 17440
20122 16410 7872 4249 10024 13206 15882 14447 20094 14938 5798 21445 16594 17737 12086 16349 4747 0 14683 17576 14092 12665 30289 1713 15595 25893
16528 14172 14650 0 11587 8752 18198 17152 14266 4219 11810 11060 13297 15716 13766 16736 25599 10840 10768 14352 13714 20206 24246 18057 15685 28309
18380 19282 19442 0 8646 6290 22627 16251 20189 15040 13974 14161 4888 14693 12117 16788 18278 6506 11852 14885 18509 19581 9253 18362 20383 12786
16229 17447 16728 13636 13002 5436 23680 25649 17717 2629 22946 22834 15597 18022 16529 10861 11992 8058 15959 20679 11855 21312 18434 8596 11711 12288
15346 14545 16493 32093 11766 3836 0 5632 21182 9270 24119 17339 20800 20103 14622 13277 3152 19395 17554 18644 16930 11544 25876 13098 14601 13251
17029 22594 4157 17376 7766 7810 21667 22599 19704 9402 22404 20417 14927 14978 13597 15304 18498 9211 15399 19307 11571 18484 18751 26497 16761 18616
15584 14539 22656 10102 8963 2160 26832 18776 17735 12250 22605 25829 18002 13548 10693 15363 13382 14616 15790 12650 15132 13029 6585 15551 16883 15433
16170 19671 7922 17045 15625 16316 17896 16827 13924 10449 23399 23140 16300 13796 12709 14821 10939 7780 14854 22320 13088 19038 12582 32535 18283 14319
11523 12115 14119 10914 15532 19455 12651 18864 16213 23038 17769 23014 9889 14407 17796 17097 9919 13230 16034 19892 17084 28687 25227 6902 16584 12639
16384 17426 20218 1151 13753 14820 17626 21036 21447 15792 16450 27502 11377 13175 14241 15917 7742 17751 18544 16606 15364 14468 23522 25117 14322 19926
12321 15116 15682 2036 16509 13445 20273 18835 18620 17878 23283 19511 17454 18166 13202 18116 14771 12695 15518 25091 14839 13738 23929 13952 8720 25160
19112 13931 19414 22647 12151 4518 27760 10578 22147 4470 15215 21406 15557 15388 20293 14234 24689 23252 16265 26238 11308 23813 20735 9203 18213 23439
14558 17206 25730 9160 9311 15640 10281 17497 21687 15157 19405 19125 10894 17707 15562 14410 11590 12327 13577 19187 11525 11728 31215 7302 18400 10874
15032 19785 5104 5039 7795 1601 10551 14110 17493 0 21317 22623 1784 18559 15683 16811 1193 13801 15381 21550 14214 17853 23953 23854 17161 17685
15722 13958 8615 24481 9535 15059 16400 7556 14916 15397 17907 16739 12952 14389 21353 17449 12238 17311 16770 23847 16485 18008 17126 23941 9771 17325
20340 13933 13252 20659 10026 20381 18857 17962 22006 10775 11361 21638 8364 13117 16968 15215 20742 3431 18180 19311 16325 16468 13972 16435 16736 27958
19450 17820 11156 13400 13748 12708 32244 18049 19139 27539 20198 13673 12409 15407 12631 17082 22412 2925 12823 12144 15366 17690 12905 23648 14745 15577
18363 13411 16508 12478 16228 12475 19254 22137 22214 9568 23855 24664 14452 16331 15613 11630 14860 23639 12866 20265 20101 22437 36452 13736 11507 7302
17819 13380 10255 22355 12932 12918 20118 14373 18412 10542 25893 21146 3468 17243 17173 13530 14210 15751 16534 21348 17173 16142 22314 16326 17239 19177
18045 19549 18851 2795 11480 5859 12376 26896 20477 22661 21894 21252 0 15863 18023 12226 15007 0 17279 26134 9662 20574 22811 18197 14332 25819
14475 17761 7893 15002 18682 8814 22259 23235 18435 23349 33763 26471 13640 13725 17570 16818 14428 0 16825 11593 19288 19150 5661 8751 18243 10626
15213 13876 13181 13398 14114 21725 8898 30906 20600 8390 15291 18460 12617 16976 13624 12963 9113 10471 18416 21756 16884 10460 12316 25575 15367 14899
16808 14200 9000 13791 13587 7186 19436 17588 22719 28088 17255 28730 5558 16031 11847 15519 11168 0 13188 23349 13895 24455 15377 17663 11109 10157
15984 19279 21542 18770 11796 7969 15084 16946 20239 9256 21316 22406 6906 12707 14196 16908 19433 16785 14748 21784 23104 18264 18675 20700 17920 33803
18095 19988 14906 18764 13491 10415 16169 21885 19765 11146 12276 25231 20593 13882 16654 16006 0 13989 12781 24287 15955 18987 22101 23511 18290 17383
13475 16214 5875 32897 17667 9441 19808 11721 17999 15250 28471 16670 10137 13340 12198 14363 21065 7624 19234 19831 13752 10916 16684 3280 13163 25741
14803 17105 7990 9077 6853 11788 9394 14281 19592 15226 20183 20543 5070 14732 16663 15297 29249 10452 15059 12583 17860 14550 12962 10107 9051 17458
12385 13095 13045 8260 8219 11986 12255 15680 22452 7257 20308 19287 6723 13913 20705 11580 15189 3412 15860 22695 18435 15954 11571 13401 13686 30086
16957 13669 19160 14527 7866 7413 25174 25999 21118 23223 7152 21739 12720 13918 13485 14342 12645 9474 15315 20936 15444 13012 25644 20214 19636 18354
17407 13094 18615 26174 13726 15438 17687 25733 18994 18746 16828 22611 13030 15544 17567 16086 6690 11882 11884 23688 12371 17515 24705 19585 18146 11486
16132 21823 10100 10117 11740 6821 9034 17497 18121 24869 13700 15944 3112 13451 17789 12857 23186 23974 14968 15451 15116 19419 11205 12093 14438 17016
13391 17323 4552 20607 10322 9336 13492 24063 22264 16412 19581 17359 14580 14017 17022 15896 731 10713 13877 23472 16409 19562 32315 16396 15556 21825
19668 17315 1063 17101 12842 12563 26780 11521 17079 16071 25350 28169 25270 16214 12754 17613 5162 9995 16215 24370 15416 26696 18917 9777 11838 19778
16889 17777 6436 24713 11073 9920 17285 8648 24071 1544 20128 21966 6171 17592 8244 13306 17443 6600 12286 15876 13625 22980 17893 25233 15945 18213
17633 15772 13714 8223 14568 14722 14831 23997 24229 2653 28620 18795 17750 15338 19992 16425 10783 13836 16460 26525 10664 19753 23498 20688 11502 15491
16247 13723 27426 5993 8736 10785 18448 29335 21248 26759 13206 18933 8682 12376 15079 17601 11829 0 14821 22360 20154 25077 13778 16304 10594 27181
16264 18736 12176 27671 9600 19884 22721 25803 20021 18149 27910 18804 2536 14518 18196 15218 1559 8189 15036 25289 21102 11847 13902 15946 16797 17970
17325 9039 21615 18395 20115 9162 18324 6709 18436 5784 22574 17477 8247 13040 13925 11336 15981 6693 13518 20828 15805 26463 31370 25044 14787 20347
16644 16822 18210 18081 12888 12596 15625 15380 19317 20128 22947 23592 14714 13824 15613 13079 10791 7152 12709 25788 17566 21263 19115 6760 12615 18461
24708 17336 18820 8864 7452 6492 18202 32209 14734 12468 26241 17443 0 12047 16619 18571 11363 5170 15814 19598 23906 13345 19224 26605 10711 27784
15167 13644 10086 10918 16440 6061 10499 12492 19560 5821 27866 16017 2987 11992 16774 15737 15320 17668 15185 23578 16823 20946 26656 20719 21215 23494
15163 17722 7730 17042 11180 23055 12768 25336 17410 18135 35487 16054 24775 12168 15696 11543 4356 10410 20134 23304 12682 16124 21990 14877 17275 16076
14845 16788 9612 26366 13361 10143 24071 9563 21038 7431 24348 13990 15566 13344 14578 14892 9589 8776 11585 21741 11777 19832 16917 7535 16269 16849
20632 15113 10642 10554 16153 8101 5334 23985 16769 16377 16113 22643 23431 14625 16528 15805 1547 6615 9802 16291 12126 16867 11784 23672 13810 24251
12919 12644 11487 15055 23542 11327 24040 13422 18415 13744 13212 19443 5782 13423 16518 21010 10333 10263 15536 15326 10137 18894 19193 25487 11040 4699
16166 15042 10238 8179 6968 22407 19987 28043 16872 13651 25049 11754 28935 13914 12533 20020 20069 2341 16733 24837 15731 14107 25310 13125 24934 29004
13811 19454 17209 14340 15866 9879 13072 19368 19483 7668 27011 21953 23011 16672 14317 17146 28777 8410 13988 26325 16396 22886 17925 15494 16954 8332
13601 14923 6683 0 14175 12561 10857 11212 20921 0 18853 20216 17205 18192 14626 13749 18592 3738 14477 18025 16505 17405 10026 1746 14255 15235
16567 15012 15394 22420 11333 8010 19331 18906 21863 14568 34685 16043 11399 13998 17009 12576 17851 13783 14222 10247 15022 23283 20465 12675 12678 21298
15733 14702 25904 24814 17378 21670 22631 18196 19514 13100 17992 13475 4297 13176 20858 15525 11006 27934 14075 21618 11522 9739 26187 25307 6334 25691
17479 17121 3251 23879 10449 11960 24752 13581 22307 24543 21064 15186 9892 8554 9753 16062 4688 7370 17597 21738 14121 22394 14109 17224 12865 24157
18997 18313 13310 21286 10164 10145 23462 17765 20200 17883 12951 18241 28244 14606 10381 15049 14400 8385 12554 15131 12760 20272 28752 21469 16830 12984
16846 16957 13661 9553 13667 10333 17570 32001 22669 13353 22677 25432 961 16751 15824 9664 26006 10753 17075 22847 15951 20472 33749 17028 16421 6645
18268 14292 1852 20151 10437 14607 16096 20489 19569 6418 17634 18955 14246 13812 12599 17166 4826 6710 16073 15403 15649 14873 14707 36741 17968 10222
13240 13378 6733 19643 16052 15771 21914 18574 18053 15337 9237 18326 9700 12415 16644 13799 12463 15418 13864 17471 17613 26223 15230 18225 17792 26627
20233 13300 20030 19015 13095 1535 19498 8343 20425 7864 25537 21352 2030 14434 14834 16146 11871 15249 11455 17275 15412 5268 12677 13947 18406 19560
15346 18125 18573 10133 11494 10494 17135 21447 15948 13530 16417 29336 26527 13362 18598 17099 20723 3058 9236 33338 15503 23125 25965 10664 18841 21884
19530 12766 16806 13787 11139 12877 10252 13611 17222 3524 9379 24401 1892 16532 15629 14570 18838 2010 17345 23178 14628 20823 17335 25714 12597 20458
14915 16613 0 13666 13003 23053 9858 21198 17180 480 15263 26732 7141 12945 16424 19723 13480 7350 16929 24706 13605 9423 27672 14196 17084 24966
21154 12122 13156 16785 4831 8299 842 24708 19569 14095 28819 27093 14189 9307 15127 12443 21920 13203 11873 26713 12093 11129 17505 19906 17058 12636
14800 14652 3056 26450 9854 10662 23403 25376 16493 15182 23087 19454 15871 13176 16295 14444 15715 11593 13182 22522 16808 10648 19442 11756 12148 17425
17417 19463 23241 24208 11371 12025 11181 8941 18596 13939 24195 21482 12885 13739 10382 17398 9905 7705 11847 22448 16838 18750 18507 1634 20219 4777
15542 13824 9955 19993 5360 13525 12925 19471 21131 4868 29377 24714 19059 16582 12223 17325 3974 11712 12341 16751 17487 13506 28119 12379 13205 13144
16963 17183 20470 23452 15184 20614 24935 10213 22575 13890 12334 17267 13088 13680 13098 15233 20946 0 16190 17531 14970 12005 16841 22495 16188 18254
15451 14576 32830 16519 11024 14071 12437 25105 20217 8040 22635 10802 11083 13715 13979 17208 27237 25073 9466 18698 15010 16143 24097 31563 13255 18354
14615 15768 11737 20450 10912 7316 22774 29020 19315 9623 17403 23237 13985 11846 17092 12861 11205 7616 15773 18646 17584 16338 14760 15626 16257 19738
16928 18167 29130 12873 10217 8041 18983 19327 20788 2138 20061 25313 9253 14522 16182 13514 29580 2200 20737 18231 11859 9856 24021 18320 13006 27973
12812 14920 13620 18889 20628 13768 14470 16849 18009 12441 14071 21298 12389 17684 12835 14954 12322 14349 15531 17931 14668 23317 17010 12861 17969 13163
16148 14725 12824 24248 2529 2608 21006 14803 21606 11235 13010 21494 8959 17387 15963 16969 13034 30029 14913 11071 7534 15503 10608 8027 12296 17355
19683 10075 16981 25495 12892 12935 22861 26151 15179 10485 23917 24013 7841 12835 18560 16730 19622 12896 13771 16129 12738 11813 15214 16865 17236 23219
17274 20007 13154 5935 13347 4779 9629 20551 20106 13788 19273 20549 20307 12989 13065 15878 2676 743 15757 20269 15512 16597 12910 16248 13570 25107
18644 16350 24601 5087 11099 2466 10216 22324 15596 15486 21566 26442 16065 12865 12144 13877 15845 5112 9396 20626 14124 14605 8068 34274 19347 6395
19097 13031 22904 15499 11583 13238 18102 26589 17855 7662 24554 20279 7666 15277 16237 13864 18556 732 16005 14958 19903 18503 21858 11953 15295 11969
15094 15796 18536 16250 8310 4130 25995 16890 16785 14057 18197 16408 12134 13926 16912 16289 15511 10419 11573 14542 14303 17358 23592 21892 13544 32467
17413 11955 6440 14985 9286 17566 22867 10430 19871 10317 27302 23064 25666 9581 16067 19399 26082 5956 12217 19122 18308 24732 27880 16556 14769 21395
15185 16675 6586 15516 12290 17215 17152 23912 24259 10625 6349 20856 12418 17501 12046 14244 18693 16862 16389 19400 16797 20816 20239 14057 9361 16784
17813 18488 16503 4204 16618 7152 14457 16549 21953 5577 20511 17306 10440 18222 19548 13224 16680 15595 16764 19849 10827 13918 11346 16738 15398 25256
14453 16345 15288 10863 8575 16546 33296 15953 22900 11130 24152 16029 9485 16728 18225 15829 10877 9454 15103 21983 11838 11267 21821 15278 14921 24395
13780 17674 25325 27210 8869 10008 15326 21928 19904 22210 23252 22235 13874 13064 14842 14862 28888 5316 16312 22476 13142 14203 16257 6256 13645 24616
15273 17704 21615 24359 12714 11126 20472 26135 18439 19236 19814 20171 9994 16803 17285 18738 12710 4591 18749 10186 11065 9463 17055 18684 8301 28721
17003 17930 15396 19674 16723 2201 9731 14212 21744 9176 32381 15048 1718 16306 11360 15662 20175 17727 14709 14662 15178 8441 19855 10609 13000 31101
15922 16356 16982 25018 15729 11282 16524 21195 18483 20730 23643 20314 4560 16058 13816 12155 23260 0 10443 26131 13947 10243 23954 14140 10351 13058
15355 15634 6009 17046 15184 17077 27870 13048 19081 18157 20813 28119 30641 14875 17298 10076 11252 2485 13661 19580 19233 12886 20619 19512 16122 21761
18004 15648 4302 14269 9895 7708 17944 21656 17776 22016 28749 12956 11765 11233 15917 12988 13480 16710 12936 20208 15140 21619 40983 19460 14696 17214
18096 15287 30863 19687 15907 17994 22733 15012 17381 6613 17538 14859 0 15711 19203 17644 24072 8796 14552 28046 7485 20932 7362 8767 15350 6361
15529 15430 6166 8799 7899 13492 13609 17504 20457 12340 23209 29834 10995 15148 16459 16103 11828 1260 12008 19913 18064 14997 16899 20621 16956 19026
14757 16600 14862 14439 9612 14051 21180 11500 21259 17562 8278 18851 10186 13992 12919 16287 5682 0 13647 20262 14513 19885 22191 18478 20959 9153
15646 14345 27880 13788 17553 7645 11618 17303 16070 12371 19562 21367 4683 14534 14276 15732 13529 3206 15654 17249 13621 23632 36223 5440 14050 21349
16278 13478 11878 17744 10827 10426 12527 16692 19887 5151 9323 19070 7886 12900 18520 16619 19780 17630 13217 20924 7730 17303 25950 640 14372 22081
14297 16976 19029 18572 14597 9134 28516 18444 20826 12266 27730 26748 19150 18292 15217 14928 25331 6820 12764 17281 16223 8424 8481 8439 16013 16591
15482 17618 14756 24308 11284 7341 24562 17734 15809 17750 17790 24902 28313 12306 12683 14385 20759 4816 18566 23261 15637 15506 19753 28293 14311 18409
16052 12131 4098 27839 17365 6030 7848 17999 18278 14461 1444 23245 9415 14873 17362 18010 5099 7893 15618 15958 13114 13310 31906 20476 10819 7144
15321 14788 11261 11754 13831 10939 27911 11174 21359 14461 23170 20907 9124 13411 16221 15342 14790 0 20201 17811 14866 8113 13863 18973 18540 16841
15400 19534 10115 25676 18728 21866 10012 21807 19107 23821 17307 26088 4639 17021 9762 16620 11311 12723 13027 22370 13161 13669 19605 22637 16995 18509
17936 16150 13852 12027 12354 8548 6911 7482 22996 7855 27999 25268 14941 14162 15467 15951 21491 9571 15747 16658 12375 13780 19686 28311 12745 27469
13485 14709 18083 2204 10400 8103 10572 19512 18402 26446 23981 19028 8143 14646 19545 10416 16171 11712 11622 8748 18992 11316 26734 9829 15179 22205
18033 14403 14818 22180 13444 16159 19936 16153 20596 21340 29408 22731 3477 13414 16633 14171 10547 19326 11876 11380 18543 14823 13730 7060 18498 14202
16594 12632 25196 14844 6778 9021 11645 18740 21849 5031 19642 22555 6758 14270 17073 16178 373 4063 17113 28972 15747 12357 24603 21876 10959 9041
14759 22851 8804 17915 15838 14472 6859 7798 18928 9976 20416 16927 12370 14906 11962 13851 16967 8357 14545 17980 11732 26438 23425 1302 12357 26683
12970 14586 20811 14087 18212 11573 18596 19072 18968 17288 13211 17517 0 13243 13499 16566 9208 12006 14515 22603 16925 20103 16981 5841 9974 19918
18416 16932 9940 11837 13468 15414 19631 17307 18595 15128 26688 16548 12539 13229 12932 15347 13175 25608 14994 14830 14299 18312 28498 13700 17822 18898
16574 16027 13804 7924 13579 11195 18195 16238 18950 17300 18031 20391 22871 13659 14635 19174 15776 19146 13763 20626 19080 21405 22978 12090 13685 19314
15254 13806 15358 11642 12318 9005 28841 12173 18585 10014 32575 17042 11735 14957 17125 15227 17939 17331 12989 22947 12593 17592 15418 19834 11570 26156
20644 14433 5390 0 16423 11141 22609 22951 19487 9468 19073 15848 6250 15013 18784 16130 3100 1926 12800 21492 12952 19563 20129 21986 16621 11945
15283 11889 3522 10675 10699 3564 4706 22178 16762 12561 12982 19429 11865 13052 19386 9401 15910 12203 16572 23054 16428 21078 25198 23767 12703 23751
16804 14928 17421 16718 12781 5900 11015 15956 22226 13484 23487 15881 8942 14697 18552 17067 13077 9743 16998 15954 16858 5756 16417 15226 18390 7915
13662 18996 17622 13755 8657 5646 15652 12262 17706 19161 7339 24275 24910 15919 13253 16342 19584 14301 17021 17819 14694 20550 22948 18715 14830 23608
17643 15405 6784 8917 13942 7064 16779 23473 20456 7774 21901 24580 21070 13273 11889 17353 19537 20613 11870 27410 14076 22255 18431 12024 17152 7177
18402 15473 13685 26647 15875 12177 14953 22483 20588 17997 23968 23502 12217 13172 17994 14208 19553 5150 15177 19572 18466 20438 34835 9431 15968 11610
16417 12521 18727 16274 11447 11155 22009 18254 19612 2255 12097 19230 2916 18006 17829 18256 27571 12982 14721 19179 16555 21150 16666 6899 15821 24891
19460 18446 15612 12667 14908 12123 11066 22558 14448 12575 20129 25686 21290 13039 18151 17153 9919 6682 17037 18845 13242 10907 17128 17952 13343 25004
17642 17581 8743 2495 5860 12419 4408 22090 19778 12203 16301 16454 21072 11568 15959 17431 17023 11004 13622 23682 12692 18259 7843 12429 14919 24645
19261 15944 25446 8322 14084 10988 7030 12891 21373 12641 18921 13941 860 18724 17079 16336 4203 6379 13410 20982 14550 22359 20272 11535 14423 21088
14055 12983 22308 8465 13506 14606 24278 20652 20863 15168 31952 19761 7765 13686 14347 13681 5811 0 10355 22833 13599 22226 15745 16592 19195 27670
15673 17292 15241 14603 21906 6487 28826 24905 19382 8965 20599 23410 13447 12823 17382 13503 4605 12769 13461 17888 14790 17356 19371 10464 16901 33569
17863 14811 20527 1665 13722 17457 4981 6786 15739 24892 22300 17203 587 11225 16528 17319 12691 0 14867 13635 20159 17593 26475 27295 17349 17977
16143 14025 7847 37281 8414 19161 13454 14327 17136 19398 21863 16400 4908 15578 17873 11604 12830 9843 10119 22266 11517 16705 27038 22912 16715 13697
15237 17505 9277 2607 17697 10080 18338 16548 18246 9541 29444 15203 1859 12563 17201 14697 11661 14287 16147 24670 14879 20913 14624 13264 11762 17667
15261 11905 11262 22732 9523 14039 21247 13237 19110 12450 23167 15718 11223 11318 13387 15946 23320 16531 14960 15128 14665 14857 5102 10141 11657 8968
16428 19966 10993 11080 13874 17756 5409 21016 18342 26314 12587 9959 8713 14775 10351 10227 19021 15196 14474 17844 14172 17012 13835 27416 16068 23672
18646 19331 15109 7027 14753 7712 8714 15448 17770 14560 16080 22670 16002 18012 13643 16705 21495 8549 16295 19307 19216 18792 15246 18554 13097 14602
13086 17446 12583 15433 19408 6510 17410 19489 18310 0 17917 22120 22349 15074 14632 12331 15874 20699 16803 16087 12109 13401 25743 267 15377 0
18626 16289 22516 29140 9520 2024 14672 8447 21260 7399 18363 19628 5630 12392 14123 14422 12106 22767 16836 13198 9926 27090 18478 16694 9816 20075
18976 12867 13060 25234 11060 9735 18570 21935 15179 2045 14035 18499 27707 9706 14307 15226 23485 3962 12920 10446 11297 20005 35774 19977 20973 30358
17875 13846 9867 11054 8131 19289 23021 17183 19987 7197 16035 19393 0 12525 14888 13554 7600 6729 15402 19112 14212 25043 28359 17350 11292 3966
14575 13302 7790 934 12111 19141 15765 7143 17837 12028 26515 18679 17148 13563 13942 17930 27771 6215 13551 11628 10709 9315 22197 8088 11246 12226
14107 12960 24302 27362 9236 6290 15837 9238 21735 24239 24492 27595 18761 15889 18325 20279 23810 7922 13062 12400 13903 14455 26891 19559 14279 24762
17680 17985 15057 21299 9009 8481 24322 18335 18940 6729 19423 19154 13285 15074 12635 12311 10738 18330 12543 19294 16627 11708 28111 13757 18752 25757
14606 15226 15690 10570 13712 2693 22264 17051 19734 16112 13961 23440 9046 16805 17003 15140 11905 10827 14123 18451 18098 19524 20119 3888 12447 12361
14914 13357 10023 13685 10206 12937 21310 10884 20436 19782 22660 21557 18353 11684 15895 12691 0 13041 16478 16702 16844 22589 17663 15312 18411 9330
16109 16487 1418 12999 7673 13522 3109 16653 19840 3936 24377 18259 11657 12938 13439 13916 19459 14641 12833 17928 19443 15749 16957 24998 19268 19084
13790 18114 22478 30845 6675 6219 18960 21186 20481 17142 14181 13667 3140 15521 16376 14477 20607 13778 18876 22195 14473 18292 26896 20567 14978 15230
14948 15926 18252 16719 10882 7484 21368 20014 17410 15185 30800 23289 10699 17228 14048 15499 17346 5807 18602 26635 16655 12109 7809 12067 12477 26171
12710 13030 20741 15748 14868 14885 7469 17076 18206 17884 16424 15906 14330 16604 13500 18611 19368 1029 14988 13160 12656 16086 20088 20795 8128 18830
15403 18370 19588 25853 13056 7881 21351 14448 18398 12706 13438 17768 11498 14795 14999 14002 30142 0 18118 18595 13422 14317 28729 16330 10431 13892
23783 14872 10221 13128 8816 2778 11050 16640 22937 20461 30121 26029 14040 14787 11488 12339 19027 2962 16029 20649 15987 18817 17247 15501 19974 19598
16053 19512 30678 7262 12928 26465 8963 13577 21769 10188 23183 22240 10914 13016 22042 16341 2219 7708 16595 27952 18044 13134 12392 5375 14037 19848
15924 17345 27301 6493 10001 12226 20298 30459 18273 16662 18062 11597 8280 14170 15281 12503 23388 2432 14513 26481 14011 17805 23308 12440 16264 30758
17915 15353 20922 14824 11419 6730 12604 13938 18016 17832 17531 22478 13671 16329 8323 12314 19714 16637 12297 20424 6588 12104 22109 3659 17923 19361
14933 16249 9458 9277 9130 15904 13780 13658 18131 22622 21688 14020 21588 13068 16152 11609 20683 1781 12436 20053 13632 9561 12503 15028 11110 13973
19221 14989 21144 8142 10297 17086 10337 19684 14439 12599 30627 22963 6412 10406 12107 17238 24961 4967 15018 20486 14828 11351 9828 13627 17046 16247
14342 12108 10014 11768 12019 12908 12131 11854 24454 13690 25767 24770 9552 13525 18002 14429 16710 10407 12010 16106 11768 21794 22604 13826 14732 6129
17597 14819 16311 1801 12505 7024 19602 9613 20457 13526 18324 16514 17741 11473 17519 15834 17475 18494 12740 23936 16527 26870 29654 25334 13208 30893
16054 15356 22449 13718 6042 11763 21459 13442 21322 15236 33667 22799 9496 15586 13758 17447 4651 5747 12346 22114 17139 25397 10960 22365 12640 10112
16416 19339 19478 17364 14294 3248 17168 25145 18703 3045 24378 15405 24433 13806 15173 19886 23776 23106 13600 20603 15856 8861 18504 9626 14082 21392
19369 13654 21515 8659 15962 24185 14401 27625 16893 11459 17286 21674 1999 8244 19282 18976 1555 13011 15666 16601 13893 15588 14060 10947 7694 9392
16292 16030 20561 17297 10051 16778 18978 19869 23014 4277 18084 17141 3351 17587 18991 14530 15180 12462 17403 16835 15055 5487 11470 10226 18486 16126
16999 18483 5281 18549 16389 11354 14612 18412 16768 0 19954 11438 7703 15926 17581 15894 21457 13098 12687 23442 16853 12297 29654 13070 14469 13686
13170 17546 5433 15681 11261 9166 25348 25713 17824 8480 6397 26840 10441 17175 14166 15283 12564 20676 15292 25546 15234 11190 23752 19454 15028 25288
13346 17983 12069 12520 14353 15830 18291 20471 19266 21478 21768 15901 17057 15183 15992 18575 11611 11338 13032 24906 13202 9679 18083 1122 20855 21450
18100 18939 16095 11042 12335 11297 13503 27966 18547 16096 17701 18338 7115 15263 12344 16658 12837 3014 15408 15734 12607 21195 28959 212 13949 7100
17090 14431 20608 23527 6691 15132 27551 9825 19399 14944 23022 20447 15750 12835 20140 13530 24827 5977 16410 18589 14041 8958 18470 15441 11085 10052
15726 19183 15768 7299 10302 16360 18183 21161 19982 219 19764 14154 2319 20852 18228 14116 22418 11264 13107 10052 17339 13333 25206 6557 14553 20114
17475 17567 19049 14186 16097 11031 14871 14887 20633 2712 0 18338 13617 11665 14698 11660 18599 9507 13748 19355 15859 16026 19813 1496 13793 6132
15147 11920 12856 3733 8741 11407 19815 22938 15041 12012 21160 25716 9477 15823 13730 18138 16216 5197 15271 11000 11634 20771 27199 22712 18399 23502
17393 18292 16602 13777 9767 19589 26407 19544 20723 21586 17198 13324 10299 12268 16435 13776 12981 11472 16594 25322 15147 16283 19285 23616 17914 15588
14602 12835 19100 10278 16813 11456 1283 31362 19916 13616 19497 30227 14317 17652 13203 12473 485 7729 13848 13665 10415 22723 23950 9463 8989 11214
12666 15507 22444 1361 12200 14304 17578 26659 21067 13943 26406 14888 620 14561 17975 16798 6695 15140 16306 25999 18030 17891 20373 22140 10735 3189
18545 18607 1857 11106 11602 3340 18307 12870 19379 5632 22107 16396 10596 15311 13218 15448 9143 16447 13077 14543 11443 13526 7679 13896 16625 31682
17683 15584 20965 20513 15634 17452 16751 14752 17371 8906 19224 14077 21136 18469 9383 14206 24796 1303 12705 23760 10256 25824 15728 5489 15743 25841
