365
2 26 89 25 90 39 43 16 81 44 27 33 88 31 0 92 52 56 88 15 31 70 26 54 48 73
26985 13758 8584 20396 29220 8571 9153 13007 15099 12989 13547 17516 8462 14565 7557 133 18054 8287 11883 4387 16214 13655 14115 20436 22686 17477
20391 29759 8593 17260 15298 7358 8288 12196 22906 16268 15631 18932 18590 21441 18828 14538 13819 29777 0 11151 2408 19674 20224 27564 19200 16838
21018 17130 16070 14910 14123 20401 7892 8126 11808 16310 12186 21621 13393 10644 18743 7889 13333 16987 9057 0 7485 14720 9368 15904 12372 15766
23791 16003 12352 16104 8862 20894 12020 9981 13047 19317 15694 15431 17988 10309 7514 4801 19736 5531 11324 0 10035 23410 14387 28564 14862 10625
16185 19006 10850 19833 19307 13916 3672 3984 13897 12604 11695 24471 15990 8920 13267 0 9674 23083 13398 0 15185 0 13618 16210 15507 25333
17512 13737 11822 9428 29611 33317 15771 7215 13715 17066 16342 18325 13210 18353 10965 3290 13667 12691 13036 11752 11562 2018 0 12690 16976 22255
29227 18350 9694 17464 26772 30432 15917 9233 24248 14698 18636 21205 13040 12868 15737 10493 18926 10610 16384 15484 10957 13087 15819 17547 18437 20975
13445 14699 8665 16410 17701 15337 25594 14817 16306 15084 18807 16878 26782 17366 27515 4131 17941 20236 8716 8914 14721 16479 2927 10151 12475 20087
25237 23009 10194 21760 13575 28986 10428 8902 20117 14174 15849 16730 18876 15641 8927 13343 19965 37039 1616 14919 16927 7128 12237 11971 12166 16563
14614 23376 11313 16283 26566 20748 21154 11272 17170 21743 15099 22429 14432 19286 8348 10810 17127 3487 24766 12728 16137 7657 22845 10942 21717 23520
24400 22545 12565 13589 30147 12542 0 15995 9854 18143 17775 19908 13161 13612 7089 10581 15197 26593 13901 13025 12256 21632 15687 8864 18725 13769
17502 16580 11492 17968 23388 2518 26176 8667 13808 16877 13131 18459 22121 14890 7404 15638 17593 6223 15866 12982 20539 27154 22086 4048 20813 22525
17314 21017 13625 19916 10712 32371 15409 10200 22262 14916 16010 18397 14068 12642 18789 12521 11944 19026 701 7414 9364 1322 7740 15069 19177 9108
15382 22370 12231 18588 23983 28977 13966 11611 18122 17943 19351 22062 14320 10673 21898 16764 10276 15370 23289 14240 16414 8926 10692 5404 23534 20061
23688 16251 9431 15284 24117 16498 6776 17900 25827 17815 22708 13188 5454 16615 10442 10836 15852 7301 16800 17934 8891 7987 18621 12394 13038 20509
22452 20315 13647 23881 20976 4430 15196 15487 17903 15333 17607 16879 7866 8894 14231 7812 15093 13784 1579 10577 5667 27394 14690 15061 13328 18653
12277 23275 11334 16370 24817 18637 9083 13884 14865 20123 21557 19967 17889 13755 19159 18104 12617 15436 1140 4832 16461 28296 20358 12624 18465 21573
21782 11554 9202 20438 18372 19745 18702 16089 13583 19844 21401 18257 14765 17160 18565 13135 16583 19773 22792 4653 13581 15890 6606 9383 14277 26428
20907 15746 7243 19017 26461 29029 20612 12252 16001 18797 13318 20758 22292 14877 15874 10632 13958 7244 0 2956 11503 19558 4043 16879 15446 23407
18754 11555 9033 18934 37109 6072 0 12924 7697 18428 17718 20900 10709 11989 21902 22086 13826 11665 12739 0 12019 4774 21064 7300 13863 21368
15981 20895 13873 23757 26715 18023 6636 11273 19218 15454 22235 12895 24316 15518 10993 19921 8850 6961 25212 9120 3725 15827 10827 12060 27441 26381
12146 12466 11789 20346 26964 25862 0 16141 13619 21000 21760 16897 15335 9053 15194 19490 11619 19543 23860 14721 13493 13555 2799 14870 9674 21245
14508 22761 16219 16097 30802 18378 0 11131 20513 20763 17365 18028 325 12263 14432 14078 7140 12606 13142 26637 4340 30135 1048 14623 20176 22860
19213 17931 11403 18509 23279 16807 22093 18991 22887 20705 17011 18979 13205 13160 16084 21555 11269 12633 8344 12631 20136 14097 3926 17450 16470 26391
20690 25011 9818 7997 23718 6363 15189 14709 5698 15259 19718 14683 12449 17067 20245 7732 19418 7227 9992 7619 15557 10556 15326 5280 23160 26164
21687 10509 12453 10758 19740 17925 10831 12259 13904 18887 12697 22642 10644 15025 11282 7349 19990 6028 2344 0 21207 21317 13568 6581 10421 13910
24381 14993 13694 10502 14270 18971 13258 12116 22558 14356 22979 22792 10291 15063 12849 2660 4194 23731 34220 13473 15144 5758 13530 14435 13635 10715
13172 17815 16351 18336 16765 15867 17606 14389 14326 16001 14243 12692 15263 19965 18119 9667 12846 26354 0 15795 10069 26376 12783 17890 21217 22663
19549 12933 11574 18931 27770 11464 11666 8886 11675 17025 16137 22388 16591 11103 16438 7516 25899 27217 16776 4181 15366 9961 22697 4823 13733 19967
21003 15354 11354 23854 23326 16096 20554 7469 19954 15952 11435 19560 20494 11354 22216 9964 10513 24014 12617 5647 9168 22466 16137 18465 15744 18982
18240 20345 12133 9396 18621 16520 21282 14775 17760 20215 13973 23051 22031 17476 9571 17305 24303 16776 19352 14890 10245 16699 15599 12967 14264 15186
16843 15382 9159 12110 27089 12182 7659 13890 26916 18886 9004 23248 11519 12801 13360 13073 16485 24350 16519 12916 14032 15808 25894 23135 16089 17410
21816 19620 13033 26380 21701 22479 3989 11233 10881 18081 19010 26520 15547 10754 19595 5192 13179 18791 21806 31459 6818 17075 14924 20187 12804 24778
21527 21858 17603 17484 14788 6760 9665 10208 13991 15834 15495 21872 13791 12087 19924 16028 20814 7993 16262 416 15568 10448 10583 16889 15387 6864
18573 21746 11949 13084 21483 20302 10049 10982 16800 20115 20622 17041 11651 13344 20161 11885 22003 25972 26461 6660 7467 14403 18733 10098 14623 24672
25099 18617 15053 11836 19227 26402 17099 7832 18631 17789 24583 21281 18983 11610 12740 11752 10983 20519 15646 6673 12676 19268 12821 18661 19271 26201
13095 18379 4271 11568 22799 19469 4705 17480 18219 16683 13560 15952 20875 14340 14476 12857 15964 16159 1208 16631 11907 27956 6054 18578 10423 14219
22946 23297 12623 19629 23994 26589 0 14716 7391 16735 14184 20427 17316 17190 15369 12886 7579 5248 10487 0 15876 8971 2777 14149 21577 26374
17748 18203 12539 17278 23843 23224 6575 11017 5839 20107 19784 16858 17140 13840 5929 16980 15533 11334 12675 14003 11780 22373 386 12342 19458 20499
7051 21953 16455 15053 25893 10165 7287 13443 18688 17484 18724 23565 7177 13795 9748 6956 12566 14652 12389 10864 14962 17695 20448 16469 18674 15555
4274 20247 9964 12644 18612 26532 7951 10797 8304 19856 14972 15613 23590 18970 10614 16884 14315 20611 22989 6211 16041 180 13476 17581 25838 29576
26535 15976 12890 22618 7214 20826 8212 16634 17259 15703 23756 18044 11278 11911 18130 12791 11109 22746 8424 13543 19874 20589 17188 15754 20210 20818
17947 22727 11231 14654 19525 32881 2286 8768 18776 20064 14542 19412 7998 13150 9787 3352 8342 25885 11855 22828 9127 20683 30946 10962 7900 20566
19028 15404 11857 18907 16861 17780 1035 5345 6798 17088 14368 10611 14878 14202 18629 6824 13526 6379 15921 5412 14964 25701 3901 6150 17506 15617
14102 15452 10419 14095 18877 21821 12072 5122 28038 17639 18055 14537 19255 13740 14841 12482 24002 22597 2942 18347 6001 24690 13102 14283 12953 16855
14584 21895 12510 21091 13202 15103 28832 13503 5863 19663 15810 21835 11539 11978 13711 15144 18240 14333 34489 10641 16684 20924 3081 28052 18556 20578
17126 14944 13016 16711 23691 17543 15008 13034 21418 22966 20401 11719 12363 11462 16154 14540 12667 19079 4891 3242 15342 16815 8073 12198 21700 16536
21832 23971 6854 17245 15750 17028 13347 15863 23064 14968 19705 17271 11941 13759 21041 22530 19634 17093 4695 5962 10047 13275 9450 20545 10109 12532
24168 13085 18544 21958 19980 12614 16924 15813 12081 20561 9871 19677 13743 11387 11893 11531 11883 10911 19419 11148 8538 11682 15184 11520 22625 15743
20383 17252 12511 14697 23867 28542 13406 7347 8108 17783 16634 13279 7587 11855 14964 14173 18566 25109 9311 19036 22346 16357 9268 21321 11449 23867
21595 18571 13033 26018 24308 25354 13506 15322 22079 16840 12700 19533 5522 8529 11837 13121 21167 31533 17096 12844 18087 24016 12444 20673 15302 30169
18300 18388 11511 19393 27044 12932 3937 5000 13626 20238 15331 14955 20031 11407 15154 9787 17595 13594 29982 0 18474 15725 12482 15704 17158 29346
24041 13468 11570 17342 24564 21568 12067 12987 22241 14342 20419 20039 13836 12919 21618 20795 15017 13883 13130 18705 5115 19436 2616 22963 22965 23066
19272 15320 7844 18886 18263 16987 3938 14412 15317 13234 18703 17947 19087 15770 25611 9337 15718 6875 9788 16091 11400 11006 2481 19696 20765 18206
20654 18522 7485 12278 16454 18099 4769 10957 12353 17331 16858 17582 11199 12722 19115 13010 19522 416 20632 13351 2959 24392 15572 20408 17249 17787
12141 12772 12248 19782 18368 20847 20416 9882 18707 17225 13459 12595 16464 16407 5680 13332 12051 9652 7399 10385 17118 25596 15713 22760 13984 13062
14232 20997 12892 25093 14568 11427 4666 7075 9523 16644 13234 13182 19758 13316 26190 14842 11715 12290 10891 6517 12526 27703 17939 5092 12578 23939
23244 24521 10783 10244 26977 15454 19248 9967 13599 18610 19413 17608 12689 14671 18168 18745 16449 1957 0 10815 18438 22978 8895 29950 27311 17734
28992 17332 10388 18685 19306 10857 516 10768 17861 20546 14183 11896 16427 10827 15004 4782 26033 1803 9672 10806 13159 26833 10578 9219 11558 13467
15702 20858 7986 20134 16855 23984 18258 13852 19415 20182 15249 17759 10620 12655 12974 7012 18699 4699 7894 2617 17976 15801 5159 14275 20148 13453
12881 19773 14870 12322 17065 20638 8448 5983 13100 17684 18468 20555 5535 12735 17591 8518 18372 14293 10641 12002 14943 13181 4503 17725 14158 29750
14559 27313 9374 22537 29440 15616 19293 8621 12681 16318 14018 16866 20227 8241 12802 16064 13977 13965 12532 15512 17176 14736 1386 12318 14898 19627
16955 16793 9338 17799 31454 19939 16397 11694 12644 18288 15027 14810 0 14262 7389 11742 12989 25530 16076 0 9480 39786 6915 15401 23554 13471
19451 24013 10368 22753 7401 13958 12212 9975 13655 17573 12896 17183 6725 18889 20478 11141 7373 17379 14681 15670 15856 14275 15194 16142 14783 12702
13122 16700 14337 26626 16662 17804 7 10967 17511 15392 17765 18661 21471 17989 18841 13770 23728 5107 10179 3819 15681 6143 2205 16532 18793 25296
7332 21928 13698 12832 17718 17043 8399 12555 10489 14805 17521 17630 20165 10675 13264 11041 9368 14415 11346 5928 4022 34502 11954 8893 16805 19404
14014 20090 14878 17134 21905 11127 8956 10103 19244 18312 16177 13030 19062 18757 5676 4538 11058 24109 10655 18851 18591 10657 12546 10223 14530 21322
25775 23525 10041 17409 17652 12276 10767 7402 24367 16596 14279 20070 13041 12902 16478 7619 8827 21943 3610 18418 18606 19416 22526 15008 17817 29831
27054 20805 9992 21956 19807 11553 2186 13754 18133 19485 17275 21977 17788 18182 12099 3845 17373 4890 11277 5954 12524 17874 8228 18776 17715 12742
16535 12780 8969 26519 20108 15879 17620 10828 17738 15897 14400 15263 13256 10536 7766 5963 13569 11179 8582 8551 0 9733 18522 20823 8588 26458
17590 9014 7761 25734 17996 21786 15547 7054 10223 19406 13642 19874 11603 15151 9352 9346 12356 12857 26669 4796 19187 13643 24291 0 10457 25627
19767 22754 7637 22623 13452 20565 6800 5870 0 17609 10658 17602 5038 13613 17454 15406 15092 10686 9642 3111 13371 14164 14115 14497 16023 18765
21828 14243 11246 19120 17088 19951 19637 11613 21497 16442 9880 15225 9166 18822 10705 11654 18590 22549 7876 8675 12145 18585 10544 18793 18296 24994
16707 26725 12734 13425 18756 11857 12895 10367 24197 18284 18936 18302 14394 16618 13070 8812 9700 10056 11150 12118 0 6581 4810 22303 24833 13527
20681 22811 7183 13560 37527 21675 2501 4921 13481 16705 12648 13579 20871 17612 11679 12043 14928 22378 14740 15205 3357 2995 9023 15114 25428 20140
14862 20564 3549 17185 26506 28525 9175 8201 17417 14686 14300 11816 12194 13097 8488 20805 23128 23384 20325 13159 10133 14751 9199 31008 15747 21764
19416 21301 11802 9824 22715 1290 8445 12657 25545 15777 20543 16923 12598 17637 23281 19683 14009 25450 6862 15091 17319 15700 9661 14122 12827 12354
20696 14739 10198 22498 16700 19601 0 10740 8558 17130 16573 19114 13933 12216 15980 10176 16661 9516 33229 9908 7315 22959 10954 9992 12468 26596
18411 20638 15844 9009 13724 21470 16483 13206 17031 17810 17277 15522 16526 13825 3143 9897 13378 10933 12687 8615 13757 16163 19047 25004 19911 17915
13999 24742 8932 15294 19367 20635 9368 13557 7624 19807 17003 14690 16144 14698 16801 19531 19134 512 0 0 12752 14264 12034 22644 10861 13480
17504 16814 15690 22339 19818 22432 9033 14092 26022 15302 15787 22736 10149 16446 12882 17790 10954 0 14470 15841 2622 15514 13345 10319 19700 16971
19405 13988 14728 14887 16204 8399 8014 7566 6413 17670 16527 20072 15593 14990 6238 10836 22763 17529 4741 6270 15543 37462 13158 14033 21964 6695
22145 20032 11543 21602 13878 12436 8518 2891 21089 14156 16723 14502 20653 19298 17982 16010 14777 8531 22530 15097 6296 12211 14154 22669 13217 12303
26114 22268 15519 9615 12099 17318 11571 3477 9464 17374 17672 15421 6555 11349 25430 13710 17235 18096 21764 15416 5881 13084 9857 24042 14447 14860
10698 20782 9311 22530 18485 22369 10630 8442 15808 14228 14047 14647 10249 13741 13455 7502 12122 18141 12103 5920 14322 8588 11499 7402 17683 14888
17372 18922 11016 14680 26015 18384 12292 9183 14066 20447 15701 17677 17867 13987 14599 7227 17851 6585 0 6558 9773 15242 21666 11861 15391 21806
23070 13742 12551 9402 21266 19883 5475 16937 17016 15672 20903 19842 17601 13313 20061 11765 12023 17144 27746 15716 15546 24839 10346 8143 9380 19586
16920 31104 7425 16246 14111 33222 16983 14749 13547 17119 17229 17453 16809 15374 7434 16228 5145 22587 13173 0 6069 14540 13976 7282 14978 24404
17630 18892 8528 12616 21732 21033 11882 13900 18009 16080 13505 18383 15593 13576 15342 7648 21199 19219 6916 13554 8937 8048 15992 15620 20447 24258
7926 20790 12275 24202 23358 18214 5708 15664 12231 15634 17310 19892 19860 10062 12677 13832 20893 13877 9841 18059 17113 8066 10525 14864 8313 27013
12751 20961 9586 19082 13930 20480 0 8877 6462 17725 13575 20867 12178 15591 10333 4566 9150 9967 8267 9916 13328 14516 7241 10050 18418 17661
21976 14919 8779 17933 6911 16604 11640 12785 11308 15526 14889 17545 15963 15321 18048 19306 22487 9693 21638 8616 9405 25065 16719 24783 19970 19083
15122 14188 11165 8561 8435 23727 4900 8721 6303 19612 25334 19253 21139 12106 12039 13643 16725 20652 7014 12947 8691 11748 3673 11528 8841 12432
23842 17597 13093 18928 16950 10616 3976 14946 9790 20781 18435 18273 11083 12395 16472 17193 14922 24852 14362 1447 13205 4809 5903 10514 19023 22682
26889 20631 10850 22243 28719 15499 0 11524 9120 15518 15654 12135 12109 16561 10812 20102 8886 0 17761 8722 11460 5779 4842 11099 20005 18661
21739 17334 17520 18431 27333 21971 9247 17289 9829 14595 16229 17570 18077 11190 7170 18307 12198 15874 10913 19366 15757 25446 11217 19362 12512 14273
25422 10355 9648 18131 26478 24648 1708 15697 25461 16211 18865 15533 15263 11571 19111 16805 14889 24843 5696 0 12592 24173 19621 9700 17193 21090
17148 21686 8661 15931 27329 22066 9404 17359 25659 17221 17110 11858 19806 10692 22455 11192 10114 8820 2138 9242 15799 28659 9561 19998 13571 23959
15288 16760 7123 13370 14529 25200 13393 13410 12885 21358 15396 19536 24156 12165 21627 12878 18128 4919 20837 8721 7727 15852 0 8491 13947 16621
8286 17677 11613 27062 19009 16043 8982 8288 23459 17959 16283 21853 28113 16673 15873 7612 8794 16132 21360 11970 15836 38931 9831 23159 13266 32302
15244 16347 10773 12717 37083 18237 7122 11180 16057 18809 18678 19052 18182 16531 11009 9744 9495 15739 1313 15648 8954 23295 8894 15885 13092 27057
18701 12827 10904 15906 15872 12532 20730 12778 12367 15727 17371 16425 27202 15918 14804 14813 15202 11917 8415 18854 8004 25152 14630 14669 22489 12932
16963 21061 3405 17937 29168 25901 16080 17910 12922 15685 20559 14140 12508 18659 9876 7423 11067 24877 14873 21216 4712 3405 14251 14396 22302 20558
18128 12954 8361 16891 15341 15425 22068 16485 19244 14300 16142 21252 11533 12951 16569 16327 17399 23447 6393 16722 8214 19899 10652 19502 13429 14213
21001 20745 12166 17486 18595 8107 11969 8289 7654 18227 26125 16295 22327 15811 14038 15544 17521 9639 12115 11649 19199 26618 9028 10286 11788 11443
15129 20151 6443 21220 21507 16635 18173 14815 13149 14212 15119 20946 10126 15576 19076 11292 20831 15941 8957 9592 9544 33289 9360 19361 13780 13060
23850 15762 12585 13837 6465 16156 5113 11695 17152 18458 19543 21064 6912 14176 18381 9529 16223 22799 0 11532 17061 23668 6740 11519 22514 22022
13653 17883 8324 16081 23541 25008 9895 13517 16704 14312 14554 20225 8446 17301 20390 15946 22424 16052 26237 8840 11891 9030 13994 14852 18579 21863
17117 18797 9139 9621 23339 20925 15464 14162 9057 14171 22106 19577 10242 14804 19932 13800 13032 20365 15979 0 4375 15267 2663 5832 16109 21684
17379 18216 14488 16206 12362 14508 16341 15613 16387 16760 16684 21401 15584 15690 14910 12616 16405 6674 8682 3893 13491 2601 2127 15521 15787 18319
22657 17695 10075 16681 17526 14553 10598 15764 27324 18421 15934 12269 16119 12280 10790 12486 25666 15420 22890 15668 12169 14517 12468 2360 14335 17139
19671 14007 12262 19117 29043 14655 10024 8191 17285 18691 18556 16783 24634 11600 13259 4821 12877 1541 14763 12944 16512 7045 7274 8239 15756 19241
12290 16261 11880 7725 23482 19262 1529 8166 11890 13218 16071 17824 16868 13568 21310 9240 15568 27816 13474 20729 9631 16093 13160 7744 18681 11080
21703 12737 9929 21443 12845 8104 2771 15729 7139 17526 17581 18720 31286 14749 9271 16704 20889 12279 19215 26239 8618 23419 16092 16920 18319 20737
20020 16303 14544 17642 18899 15112 13187 14335 10640 16115 13071 17753 17624 9946 13267 9216 6204 14869 9420 13212 14255 12787 14844 4904 14624 20582
15963 18284 13749 17892 22518 19961 17515 17917 14968 18594 16847 16351 10609 10836 11234 7479 19628 2949 5120 15090 11714 26043 9425 15740 24374 22360
17255 18846 3528 12670 33755 22510 5051 10735 10884 16802 20637 21600 24991 14754 20661 9695 16305 11353 22312 7045 18557 5748 23093 7197 7026 5763
20995 17269 9226 23779 20898 10182 0 8663 14661 20460 13832 19278 20307 12565 12791 7110 15600 19412 10097 27631 0 11053 11766 18737 28475 13254
12804 24938 7517 22146 28908 14513 1867 1122 15292 19062 19133 18951 12633 14828 11960 21095 17894 18592 18983 9537 19619 14278 9232 17782 15162 13708
16838 18945 6938 13716 17658 17653 15418 8278 22992 19089 13609 11097 14236 13028 14095 9476 8428 13616 13218 7443 10377 17379 10918 11817 24754 24332
19581 14689 7066 20565 25283 24825 15042 10655 8393 16304 11723 23519 4204 10504 8539 18240 20882 16820 7031 6486 7417 17496 5723 20014 16221 21812
18430 20172 12371 12066 14000 0 0 10170 18183 17437 17823 17821 13568 17468 17944 13887 19172 5300 1345 11294 17640 13252 13377 5418 10458 17627
19696 21523 14991 28673 20949 29458 3584 7444 20646 19903 20405 17681 11931 13863 18335 8884 9514 18941 10850 0 8364 14047 10923 16344 3934 23839
23377 19312 10338 16344 23424 22329 25994 8913 29922 16686 9259 15333 9714 12988 21060 16210 17187 12872 1708 4699 3687 17700 12333 18220 13359 21332
27738 14936 17207 14970 10814 16747 10947 14952 15924 18318 16966 11881 16756 14936 19063 15910 13222 11216 19606 12375 6453 9920 9070 19941 15314 20648
15677 22376 10260 17547 8443 16828 0 13279 19401 18648 9669 19837 19356 17816 19099 9668 18799 10738 6998 4052 9223 31975 5176 21583 17907 11854
26748 15307 7287 12970 19931 14396 8516 18181 15438 17728 10645 20875 19052 13473 22506 19339 13106 5776 25227 13378 7935 11470 2365 10870 12305 18368
20559 16173 10682 18760 20627 25558 14506 20297 7921 14819 20131 15160 9471 12008 13428 17430 18022 11964 18717 18539 15338 24373 10837 19298 17094 19864
18162 14885 13395 21863 26444 16624 3550 11114 20480 16339 15405 15930 9006 14649 26283 8968 12614 10381 1581 0 12920 23264 6772 0 10903 10685
13418 15293 6250 17845 20514 29746 13747 5924 12974 17168 22991 17297 5370 17018 8019 4006 16330 8803 16528 3680 7771 12085 23578 9312 15428 19604
21937 20572 14220 14272 19644 18314 18616 16227 19617 15983 14564 15320 6842 16801 14438 19302 24147 6521 16483 17912 11409 11453 0 11517 11859 15591
16731 22565 11048 26605 24959 24948 0 7702 12671 17174 10565 22820 8195 12508 15597 2089 26175 11048 2752 17340 13033 24239 23132 19090 11984 8783
14855 16918 13626 20543 19278 11364 16306 11520 29604 16639 16796 10275 14484 17174 15876 15590 4834 17046 2144 12348 10181 13611 15290 15856 26194 22352
11037 17737 6304 19356 29749 29905 16758 2786 10905 19171 17994 20671 2063 11307 12979 20638 16097 9813 1354 7903 22253 22926 12725 15874 13339 19241
23600 3996 13838 13816 19942 19523 9167 7835 17734 15401 19802 17640 13373 17742 18205 16049 12534 14023 13666 11568 16860 9966 1382 12847 18795 15670
22093 30977 12150 13007 11711 29301 2145 9098 12228 16570 21323 16550 14028 11176 19963 16073 20767 8049 3960 18499 9151 23799 8406 19300 12887 24403
21411 20745 6659 16008 16789 26775 20461 11044 14242 14501 17599 18763 21314 11523 15954 13195 20324 22343 19501 17556 10059 31122 13789 12108 17775 12114
23622 13215 9943 22266 22187 24835 10007 5626 18676 18626 16979 15943 17957 15371 17988 14435 15329 12307 18483 7279 14978 24970 11777 14181 19273 28009
13306 21883 7672 15540 24906 12803 13863 11685 11219 19268 14366 23680 24564 13305 16204 10512 14249 30883 12344 0 3619 20087 15766 8307 7648 14910
13803 25361 15600 16299 23878 23896 8577 10087 11266 14931 15033 22304 17847 13267 13385 9202 7240 8399 10027 12815 16446 11898 8969 16281 14488 27336
26599 21736 7054 19627 17554 19772 3083 6968 18795 17794 15619 14563 8732 15791 11510 17399 20750 9492 15128 24345 11819 18854 13558 17908 9286 16768
20818 20413 11637 16135 30071 16879 2120 13039 17610 13941 14775 15578 13057 13648 13724 7697 17035 16351 11147 2512 7104 12296 7987 13878 18450 19546
23827 26900 13021 14858 10310 20172 13815 5512 9163 23149 16455 14549 19133 15574 13962 18442 5577 4004 13420 21982 1486 20358 21962 5528 17749 18955
17948 15377 11227 14646 15173 17621 20926 8380 19292 18138 18641 24508 19820 12271 19120 11135 26946 15189 15713 11931 11269 21554 15943 22148 7898 23437
14148 20275 6639 16248 22724 31091 18081 7296 20087 17898 13208 15685 14793 16753 14501 14568 14399 22403 9558 4076 9797 20765 18803 18358 15543 19765
12224 11765 11744 15738 19852 16428 15645 15754 19769 17809 13410 16024 5231 12363 11788 8752 6109 15524 12437 10133 20032 26045 18834 8602 18965 19177
19240 17401 11083 6897 8050 7646 23279 10098 15556 16578 18895 18346 14389 9797 12915 23168 12314 18273 5263 16201 14960 17309 22035 17046 18751 11788
15918 16461 10083 18018 3182 24637 8775 10720 15669 18600 11543 16452 16188 16534 7599 17277 16730 17142 11548 24801 7518 7303 6177 18366 13368 15798
20602 14953 8177 16438 23218 9221 5251 14097 20984 19057 11912 21006 7200 8898 16366 18141 17463 11424 20081 8118 12634 11017 11883 15067 22498 27020
20231 20510 13971 15393 15430 18843 5885 9669 10906 18121 17898 15068 9690 14855 13204 15878 11383 24320 13481 17161 22382 18471 18907 1630 22414 25744
8692 22271 8383 14701 7506 22338 8483 16094 9359 16603 15146 20246 8953 12673 15111 16283 21850 12586 30455 6323 16666 19340 15730 18267 18956 17007
20600 15944 9698 11709 17423 10674 6499 13779 20899 16161 13274 22908 4231 16913 22024 13434 9425 12230 0 9124 9947 26710 19236 8628 12249 21145
29234 19514 9751 10441 17775 21343 14485 13942 14289 14497 18154 15754 24613 13480 11410 7832 23008 0 23515 5954 15745 23088 17787 15473 20019 27099
15210 14153 12355 17153 17956 15440 17899 10567 22903 15494 14484 19929 14318 12366 18230 11321 23068 24429 6311 0 10434 18043 4633 31437 20614 17097
16271 17735 5791 11709 32883 18573 15769 13961 14618 16438 16124 16916 15502 15203 10715 15482 21427 10613 11127 13861 13767 4688 10459 21142 16244 31626
19282 16830 12736 16551 24772 11649 9376 10708 11648 17582 13803 14518 10018 12272 9931 12296 17582 17894 26648 13221 13335 13715 3488 15107 24613 15392
10307 18352 10240 9566 6159 28356 239 12537 9078 20409 18974 18198 7204 15327 15275 18464 26696 12338 3319 12066 6491 31125 13157 21924 17481 22069
18370 20448 10484 17758 15339 9838 0 13719 4986 15021 16604 19283 4708 11691 11029 9289 17493 9340 13515 3548 11161 13223 24095 12280 20262 12999
23604 23964 7318 25901 25286 19080 27237 11207 12847 14800 23271 18893 25895 18473 23390 9321 9886 14158 14157 6700 12060 16721 15896 6982 14834 20737
22998 21114 13700 16826 18211 16474 0 8167 13239 21669 14763 14812 19004 10837 19625 19422 19552 16738 15825 8618 9263 7540 28822 13674 15471 23121
16308 20537 10961 17966 16668 25843 22356 19066 22411 20091 14868 13215 16851 16098 8720 16750 10548 11386 19649 3953 18277 22290 7989 3390 8227 22055
20108 18197 9689 15872 17438 40040 11283 9227 15603 16489 20591 14888 14596 13266 16311 8434 11303 16984 0 16229 10179 24421 4856 17404 22770 17969
23392 22180 10796 14452 26265 21739 10414 10462 13460 15542 16247 14695 6745 11809 7542 9489 11729 12579 7054 11539 19059 0 2684 9756 18442 19216
17389 21376 8103 18357 8729 25986 5349 13404 14727 17500 16230 22438 14063 15245 15273 9833 9783 15083 0 9159 15205 5164 0 12590 20745 38885
19331 27481 8092 9955 12266 15836 9852 13599 10019 20851 15766 20498 5390 12339 17170 12443 17219 5381 16623 1234 12918 19017 8068 15043 13183 10759
25067 24733 12817 14758 16524 20218 13364 16244 15364 20445 10401 16802 18789 15872 11700 14479 7613 6316 22406 9554 5935 29274 18060 26820 12119 16929
13278 13559 12720 15784 11403 17325 17178 10610 16771 15345 14582 24229 19563 10156 10241 16756 10683 10195 10818 13308 8955 17367 0 17086 15175 22406
23979 22017 12154 16608 16723 28116 7764 11104 10251 20765 10215 20207 11133 11914 13040 12215 23327 20277 4624 3339 16520 37112 27763 17663 7628 13933
17126 13616 15631 17001 25623 16335 30621 12873 15658 14746 19682 19190 10926 12542 16761 12390 20219 9352 2896 5212 10965 7380 18095 17383 16729 20663
13856 16862 8898 16430 15391 15072 5892 10510 11317 21426 15473 19305 12679 13201 9632 3891 20424 29168 16250 16803 22503 25373 14906 19745 14092 19923
19276 18695 10637 14848 26082 16272 9093 8007 13873 16651 17738 18299 13197 8820 13008 10457 14134 21405 0 9007 25110 34984 16503 13276 9954 16595
16135 12050 14324 13815 15589 16207 11473 14389 11933 19335 19100 13706 12915 16731 9504 18482 14771 19083 9407 21310 6970 20501 0 18603 19965 20378
18482 18591 12100 13981 20023 28022 27529 4288 13157 20599 16034 20609 14590 16293 13471 18715 7407 23621 16379 750 9548 11140 1548 13661 15527 20496
9814 15862 9605 20945 20237 13250 14120 15929 18262 18784 13297 18355 7999 17330 11856 18493 16382 10349 28816 15978 7337 34206 2036 11046 10578 15366
20098 20320 15820 22796 19698 14577 22413 10699 18808 20684 18034 21030 13572 17111 19686 19181 14275 10599 25303 4750 10350 12242 19390 22439 12977 16558
24584 25303 8173 21211 5382 18166 8510 10443 15520 16918 19385 15285 13613 13939 22035 16425 11554 2911 3322 24670 13418 4588 2220 16790 14210 10704
14691 18784 6088 23427 20656 20835 10101 15939 17465 16578 14787 16114 20257 13809 17207 24179 21433 10924 15426 11659 7264 20276 9282 15191 20976 17627
13612 20561 11644 13509 21950 19859 8261 15376 15409 17572 11932 24887 11644 14891 14103 18013 21599 7733 8605 0 8020 22961 5522 14918 10851 23836
18575 18412 12240 14925 12831 15637 19092 11433 10884 20115 21184 16525 16431 16463 15046 18528 15896 11415 18071 8113 16224 24318 29055 15213 8738 21757
24959 23543 8955 24643 14286 25490 7419 12165 14385 17575 16757 12587 18204 13909 17511 14312 18247 14275 9989 14584 15512 17266 17466 18794 10848 19897
16327 16947 13805 14522 13561 19188 9127 16839 17570 19228 18644 22567 19565 11944 17461 20418 14102 2647 0 23520 15017 6134 14025 13570 14842 20903
17139 15180 9785 16300 22812 21693 10893 10617 25366 16319 16693 12344 19081 15150 19046 14150 20003 20366 0 6838 10610 22501 12256 23860 15303 15382
11909 20914 13582 19503 11228 14544 16998 10778 3099 17982 14851 20993 24024 10242 11124 10681 19022 26160 10191 14145 12045 32504 9275 10780 9446 12440
15865 19336 10273 26463 26962 30991 18295 6464 22937 16806 23944 18244 6051 12285 15805 14049 13734 15536 9282 19636 10954 15153 15341 14007 17735 24561
18841 14970 8675 18731 21088 21921 3173 7865 8476 15383 22783 13500 7780 15720 17892 7791 15055 34051 15862 7401 15621 17796 8654 3275 8719 17893
13802 20129 7649 19570 24844 28089 11291 11559 8083 19177 17308 25839 10390 15358 19293 6924 9970 20695 0 9209 12796 22356 16985 12860 14651 14789
15252 19503 11060 10723 22766 21759 7203 8189 14925 24521 12670 12814 12127 11632 25239 10449 7412 11431 20573 13912 11883 14816 8634 14886 13844 11744
20852 19203 9210 24875 15245 8156 9987 13328 11646 14105 26224 18492 20061 14279 26278 14820 13888 12454 3269 19209 16944 12831 12658 22654 16089 10302
22042 24022 10975 16477 28452 15048 11646 14181 6654 17858 11621 18040 14893 13635 11338 18335 11184 5771 15149 3394 7656 19884 25478 14420 15729 5516
24422 16678 13986 16485 28453 21486 15237 9191 12797 18499 19551 12446 16220 10222 4262 12178 21124 22174 0 13090 15470 16660 21174 15450 11382 16457
25346 17077 11598 9036 19837 16914 9228 9625 21080 17673 21526 11622 11007 16049 14599 15636 14306 17532 3992 0 9311 31858 8104 10978 10336 20894
17152 22332 10122 15779 26186 8840 3392 11640 15270 17829 18023 16569 2623 13990 9173 14194 22081 9160 23300 13059 10020 25462 4807 6802 19577 13664
16205 21154 9398 19736 18752 19812 4940 17813 17293 18999 16910 20443 17297 14397 16491 15526 10458 4433 10766 17117 9951 23039 5701 16394 18413 12189
20145 23042 13354 10749 14898 18059 4563 8260 17614 18902 25385 18855 21840 14006 23482 8884 21935 18324 15490 17565 14281 12039 18639 20232 15087 8942
9942 26024 15684 12690 24026 22627 8368 14093 20445 18536 19125 20105 8940 14096 11598 21402 22456 19484 1102 1689 10480 30453 7982 7857 10785 24740
20186 19455 9854 18752 17557 25557 7697 15560 17219 18897 13974 23629 9107 8433 12508 22613 18552 18494 6672 10887 9018 37264 15135 21021 9329 22893
14127 22341 7267 18468 27229 19815 19860 11948 14597 19460 13942 13954 17458 15973 11261 13033 11620 8757 21949 14961 13205 16829 14746 3857 14032 20680
25674 24985 11168 20520 17827 15496 14558 16296 25085 16721 19705 26887 7488 9237 21142 9191 22384 23818 20757 20814 14378 30274 2817 5777 16397 19131
14732 18683 12058 15000 34554 32384 5761 12285 5835 16483 19380 18038 5297 16355 21263 17268 17841 16688 14801 0 11340 13536 9814 11347 17823 22741
17234 17188 14493 22718 9896 21703 17448 17493 9811 14876 14091 20840 5564 18392 10019 12700 24318 354 15108 13792 14614 25136 9380 12876 22474 15096
11648 19159 7171 16590 22400 26250 8297 12541 12776 17251 15782 18025 17488 8733 19365 10313 20916 15807 0 10643 11610 22594 1716 25347 12914 14923
16337 21167 10416 15654 7238 20930 3385 12346 5349 18493 16108 12152 14789 17082 11574 6139 16807 14424 16981 22136 14773 23969 18313 17141 22493 13256
21145 14306 5077 23565 7449 16622 11769 7298 18096 18820 19737 16391 18276 15429 7741 9611 16587 4909 1079 5494 9942 24322 20309 20263 10764 9473
13937 17793 10936 12920 15619 17340 18200 10466 16569 19100 19262 16641 12143 14638 16275 6359 9536 26138 21502 20478 15217 5625 9544 12197 21868 23608
23548 23614 10691 12421 22939 26387 14953 14532 13545 11788 10861 14899 11695 14393 4818 6440 11477 7688 18737 11326 9536 13934 8353 11557 14977 8365
14442 18772 13492 14734 24899 29570 11624 7245 25306 17854 17948 20100 6674 16897 17821 7555 13200 14517 16128 18595 12064 32661 9221 20376 19048 19009
19255 17729 11808 4821 27359 20045 15218 12254 27199 19174 9746 20290 6126 11369 17440 15175 18999 0 13641 0 9967 3737 8917 16132 28344 17222
9033 22864 9086 17058 28383 15069 17379 10335 17103 14798 19940 16079 18518 10732 20999 12835 5223 26769 18506 14112 12325 11171 16413 10260 18416 15120
24630 18564 7523 17700 6700 15772 9805 9333 6740 17134 14175 15212 15909 12098 17830 10905 12041 18064 10316 9141 4229 23752 13397 9845 13281 19589
21575 14330 11744 16399 19131 11966 21309 10923 2928 16110 17494 21479 15198 12435 21839 17067 13098 16986 8628 20046 13029 32049 23101 16196 17594 14755
23387 19987 9548 26227 21772 13885 11154 7606 19061 17155 20692 17104 15637 14350 13773 3771 9432 6946 20811 15588 11363 14050 15508 13135 16281 20715
29780 26780 13936 23824 14712 18495 19168 6845 15602 20507 17452 13483 16333 12533 17007 10405 25373 14535 18336 17017 6846 14093 0 9719 11228 15725
11354 18260 15100 14642 24839 27788 10377 15943 9745 14226 17780 15127 14724 11491 19349 13381 18388 20956 30454 14954 5110 19862 12111 17141 20419 16995
17130 21493 13851 20704 8764 7744 9854 9968 21281 14051 13150 11963 10208 12435 25502 0 18455 15414 13226 18303 3836 26191 16236 14387 14755 19019
12698 21767 8755 14230 17248 11102 14387 5903 20734 20725 18681 19659 5583 13732 18350 10345 7161 14553 13529 15304 11857 12983 1456 25604 17613 15891
19780 17738 11217 17255 21188 20340 22001 15133 17256 19475 18717 23019 13036 17133 8166 14541 18923 24763 18311 1601 2537 16263 20559 18331 11837 18008
22159 21285 11421 24631 33856 17613 15845 12521 5464 12453 16578 19884 18474 12187 14631 15399 13774 13661 10153 7327 18068 24707 17386 15824 11185 23560
20253 15551 12194 20572 7329 22650 8456 4377 16233 14588 10216 15000 5959 16365 20011 15887 14356 14951 19913 10052 7484 18185 8380 210 13330 12821
15736 22407 10288 22254 22544 13147 9277 13883 9496 18081 12833 20297 11707 14856 9004 17216 27960 25619 34987 16168 15538 15775 6650 21808 12765 29233
26489 15447 11604 23933 26600 21822 26948 16014 12760 18664 13529 20906 20774 9469 14457 12730 18693 11884 6625 28149 1819 23512 31492 22561 17732 19878
20164 18586 9560 16891 13519 15474 13638 8105 17314 19312 17025 20131 17459 16919 28036 24057 24119 19816 10164 17324 8201 12589 27941 16953 14919 17545
15050 18634 9220 15528 17402 20702 8786 14076 15480 16587 20294 16895 5869 16609 10096 16658 15380 4800 12076 5085 5380 14492 8716 11718 14764 23269
13705 13158 14401 10010 25539 18248 24840 7422 4914 16364 14280 19523 11250 14500 21155 14177 7907 14928 3759 11816 10545 25824 10961 12927 23312 14497
19898 8680 14358 23029 23887 15645 10545 10139 701 17059 25284 19577 16675 11813 17969 15726 10558 23531 8173 18081 15642 18600 11206 15996 17079 16930
19956 20347 11665 18419 20213 30053 14120 9983 7909 15731 18054 15930 23761 9382 21243 13300 15194 18178 11375 16441 15581 10606 8808 9853 13968 28812
19309 21023 10080 14166 12190 26854 3560 11433 14308 17072 12878 18226 11782 9632 21640 15367 12104 21965 11535 9371 17114 15037 5857 11264 20735 22410
23904 15050 11144 13840 23319 14978 0 6652 15600 21810 18014 19521 23347 10545 18317 10714 22837 17856 22424 15507 20531 19161 7851 4639 27127 20835
20239 21186 5073 15370 15032 20600 24566 21923 29673 18646 16202 18432 8532 16488 17308 16831 21642 10351 6874 7 11896 21706 23026 21157 20382 16919
16795 17151 7891 11475 18937 24615 5360 11011 18154 17853 12081 17980 13890 16919 12394 10435 20941 19794 13878 1339 14813 13417 11234 24312 10431 26270
21110 16602 15016 19382 15898 34339 20793 9633 14535 17176 10853 18580 16037 11452 6243 13087 15741 19165 14342 14381 15210 18547 24432 28343 17863 23960
26035 11155 15117 15869 26824 29496 9169 17046 834 18004 17340 16178 12781 13374 14520 16209 9148 9696 6163 19295 8879 23656 12901 17142 13915 22475
16005 16589 11505 9341 9888 15944 3493 14956 19055 18414 13379 17198 18771 9611 11655 14070 22890 4438 5023 2586 18176 13699 26278 17466 25878 19148
19071 22118 10544 16164 32129 4299 19731 10962 7554 20544 17698 23036 16528 16157 6827 10516 21573 5956 21987 11067 13977 14170 15340 22529 18537 13742
25547 12609 11782 18087 25014 20575 27530 9910 32822 15882 18028 13005 13638 12866 17664 13397 12828 15870 19422 6090 4920 12000 28256 11814 21237 2951
15987 28406 8418 14539 21576 24724 7756 1070 21612 18409 12398 16913 8751 13707 12092 17027 13918 12683 15584 4365 14591 5907 0 12860 17070 25630
19235 11962 15464 11047 21881 12848 8365 11904 10065 18407 16300 21022 16983 12640 9856 13818 17582 12187 7556 14814 11385 28156 22139 17065 21443 26167
33886 19064 11599 19783 22803 9926 14872 20062 21705 16735 19638 21840 12833 15073 23417 12485 15305 9156 14535 1447 5944 31203 15361 2275 19527 15181
19798 26673 13368 18656 30267 13081 17693 12805 2940 22357 15506 17781 4015 15651 14498 14954 10259 19879 24142 14245 7320 12224 9876 9142 11308 22426
18030 12979 9812 10350 28561 9357 20667 11832 18365 18084 20108 19805 20338 15762 16478 9554 19767 20645 15533 12035 16895 9599 10451 8626 8070 20639
16313 18085 13552 11521 20778 18440 18317 13058 20740 14681 18338 13441 9610 12757 14291 13429 11529 20273 11873 15661 17010 15300 12460 0 24175 26531
22708 12414 12094 21644 21142 4157 10210 11372 12576 17965 14503 22262 11362 15789 19782 7830 17872 19555 7508 3054 17765 14602 10090 11184 16600 16069
14758 18156 5885 18858 19709 0 11093 18532 26124 15769 16856 20955 24114 13183 11580 10619 17047 15116 0 0 15611 24708 9163 18533 17142 26180
15235 12888 14452 18573 12865 13248 21520 10597 12221 17813 16609 16499 15055 7558 13525 13657 19034 27085 17002 26808 4197 20743 14030 16462 16017 12902
20434 18476 10718 18238 9714 14074 5783 16025 10215 16194 9053 23328 14017 16643 9195 15692 12318 16178 9397 18279 14411 27142 2095 18361 12402 27139
24226 14732 14124 21456 23249 8711 18526 19160 25240 20327 16795 22990 12186 17955 20050 11029 13212 4618 13714 21308 17643 25471 14286 24343 17808 25500
26817 17848 13604 16821 16261 14237 0 15053 10908 21279 16957 18172 12625 12363 12315 22501 17032 4916 24445 14629 19065 17327 12014 22386 22355 17103
18694 22588 10843 16618 10973 22374 19462 14955 15712 18615 18269 15422 15718 10611 18479 7488 12512 12766 5165 15925 2297 15827 12272 25098 18265 13851
17390 20120 15362 15605 37402 10998 14519 12735 11529 19092 15383 14185 7758 13523 17672 14709 26661 20616 21195 0 23851 17907 0 13324 13903 26720
14393 24312 11642 13321 14540 18582 5694 6152 7410 16561 16014 21627 20629 14918 5184 8054 19916 18254 5888 9116 13602 16805 23705 5352 16695 19644
29070 15547 13373 19968 20009 13672 287 6178 15367 20413 19717 17623 12231 16457 14917 20484 18782 22016 2755 14746 9241 8551 11059 9557 16789 27601
13178 16029 9913 11843 10868 26050 14201 12235 17892 15052 11765 23476 14346 12657 13645 11857 9693 12868 13067 17922 4658 2777 24823 18457 23719 16234
17224 11983 11253 16385 26129 19421 455 10341 13485 15298 16525 17330 1059 15403 9881 4334 11058 15861 7725 4560 12582 6166 4260 4676 10468 3978
15165 12102 12314 15387 25757 19866 9038 329 17012 18360 16852 21128 6071 11908 16804 4886 11449 17587 11111 5959 6824 19235 6049 19831 24293 27128
22651 18415 13460 12274 20446 15196 13949 16540 13626 16717 16912 17748 12658 19000 17450 12014 13647 3722 19537 26968 11123 14205 10869 7120 9665 19332
18571 17632 14882 21523 14745 7876 10577 6562 16346 21598 18788 12592 32768 16231 11374 6835 1160 1571 23796 346 15799 23880 27080 21067 19236 14944
21005 27621 12713 19941 13553 17892 14949 18651 24192 16541 17859 18485 11462 14694 13221 12797 18571 7411 2334 17361 12787 16897 9638 15797 17041 11557
18995 28831 12873 16145 10226 13869 16240 8634 25562 15776 11160 16390 14247 17355 15184 12940 17856 0 9859 12720 16525 19241 19404 8643 16004 23327
21787 18582 6508 15703 10974 23666 20723 4864 15482 15928 19934 14592 15115 16914 15110 5080 7294 8841 19775 5652 9551 15034 9117 12961 19337 13855
22143 17349 8985 22845 21257 13025 16590 15295 10171 17985 15695 21647 14960 10911 22944 14063 12810 15843 10348 15930 21564 7311 8545 7167 21534 13422
20027 18989 14203 16093 24716 34128 27551 7332 13794 21708 16183 20624 18847 14635 7636 9404 19777 17237 0 14302 8718 13975 8517 14074 18112 20145
18007 15995 10408 13433 22210 24757 5617 7659 7899 15769 12478 19993 17509 11665 10894 16237 18677 25467 16617 31783 4399 21737 2309 14090 10257 21272
16301 23168 12788 12440 18782 11970 5048 11768 20211 15824 17283 18036 4112 14262 13265 16878 10871 18993 0 4185 15657 24055 12303 12910 12707 21520
23519 13809 16313 19707 11971 19083 3896 9720 11573 18453 21968 15438 21052 14754 15944 13364 10658 5372 1641 13481 17893 15692 8440 19859 15941 16815
20964 10291 15527 19943 21591 17052 8806 12531 15438 21551 20975 11948 17887 11502 16676 11687 11633 24450 20627 5065 13901 17794 15743 26542 17773 13715
17612 16542 11317 15547 18411 20856 13647 8545 15675 16032 14593 19336 16335 11341 14033 5773 12318 6188 9677 5422 16740 13754 11964 18210 9072 23759
21726 20451 15206 17385 25258 13690 0 13137 16558 20709 13833 17711 13607 9103 12902 13979 23454 10588 10728 0 12992 7147 3183 9561 14915 24902
21737 15384 8441 10130 14775 15310 7037 7775 6976 20840 12369 16435 14618 11635 2779 18791 15716 11240 24323 9635 6027 9628 19174 21598 15980 19764
20415 23344 14038 9682 16346 18719 9221 6726 21620 16438 10794 18806 23680 15908 21081 16053 10301 11076 7546 11240 18079 21319 10151 23629 9218 25604
15080 25151 10719 22621 15218 24472 8998 10911 19045 21943 22509 14518 15433 12789 17945 14620 15725 20235 18580 15665 25056 20117 23466 8712 16770 18229
23070 17554 12664 20707 17481 25603 3162 15034 16887 17135 17114 21759 13455 14349 15774 10091 17084 0 18217 12000 14085 24139 16523 15298 18137 17049
22238 17616 13478 20309 13150 12845 1744 12266 17433 20528 18628 20716 23624 11098 13609 8881 20614 13228 27941 20216 8966 6849 16640 8642 15876 21375
19069 25438 9286 17055 14335 20241 4135 8031 20724 20537 21006 17342 14565 19818 9340 11610 16303 11516 15472 7177 9412 11177 10155 7531 9183 24337
16827 20296 11063 19422 19865 22623 10043 8811 19285 18840 18251 17236 9338 16447 10106 9432 22056 26118 0 18459 3677 10704 7477 20422 17708 10971
19867 13578 11810 15787 5810 24513 25277 8350 6839 19352 13691 16854 26242 14360 10124 13546 13763 17057 3238 13250 16343 14831 8773 29701 26859 29413
20422 17996 10864 16994 21029 22867 8961 10701 3652 17114 19927 18881 9919 14127 24048 11058 12866 7636 20278 12837 26817 29769 8336 19209 26732 20311
16044 22682 10619 19725 6374 22879 0 8617 13933 15175 15892 21456 13156 16858 10496 16475 19083 13801 19063 0 5540 13172 11700 8212 9674 22715
22609 19670 13289 15747 5938 11148 10428 8262 11266 15580 17130 24355 14879 11199 17432 15766 19477 4271 19779 8817 15138 27252 9431 13481 21560 17736
16445 16883 11291 15915 23552 22177 14420 9430 14166 19995 14279 12263 21682 13260 4931 16735 13224 15031 16044 11794 8748 26719 13422 0 12187 29596
25946 18763 12040 13958 20569 13614 0 14253 4205 18154 15142 17314 19722 14602 10757 12965 24359 12462 14739 26907 9775 6888 8981 16357 20718 25102
7312 23551 7210 22803 30160 13794 23123 11787 9325 17452 18655 16902 14509 16645 8174 14092 18391 22548 19564 25043 7758 17394 12734 27289 14054 20400
23801 23563 8659 12253 23535 9199 21896 7828 13583 20759 16826 12518 14850 9310 9473 5795 14138 10967 22939 8661 13351 21955 10370 6246 23096 16704
17176 18012 7844 17996 17769 19153 11507 12118 5685 18634 11386 16300 12243 16384 8147 9954 7705 9925 10079 24414 14255 17937 3806 6287 10114 20442
25246 14498 14346 19204 27298 14562 7585 10037 18975 16595 18487 23056 27397 13270 12929 12602 13314 31780 17859 4772 16270 26326 7604 18590 14354 25075
14940 17468 12910 15158 14331 17936 8413 16744 18205 15941 19993 16415 23411 17607 6644 11512 13762 9905 22722 14232 11266 6944 14861 8348 11090 11314
17620 11772 13412 16081 18894 9102 9238 9976 12560 15419 22582 19701 18546 12869 15224 10451 28536 17241 18977 12795 18283 10466 18289 15442 19100 21029
20319 25607 13137 19948 14557 14236 5578 4245 17066 18149 16238 13080 22511 15679 3644 14535 12648 30619 19811 16370 17936 17814 17105 24240 18606 10705
22904 23794 9717 14901 9087 27293 25042 9213 6781 15821 17543 13808 20231 11477 11288 8307 5948 15055 5036 18189 7719 25449 2457 14393 19262 19481
14944 25025 14229 11575 17244 20045 13566 14955 13866 18363 21927 16449 15154 8035 7916 14388 17745 9365 22822 0 12302 33218 20171 22083 11044 15122
19004 13294 14036 20740 15695 26432 4606 16001 16271 17872 14922 20134 13163 9250 14485 15034 16648 13435 12551 9498 22998 25092 3014 8612 5968 17081
23233 14946 9078 16666 15674 17209 12407 8996 12438 19416 10957 21982 20058 17934 14224 15128 14628 21133 9638 12946 13385 23245 16899 8812 12513 13407
14997 16299 14774 15568 12715 23573 26812 10923 22450 16952 15583 12239 15539 15517 15007 11595 13881 19335 0 9651 10251 22541 7545 20232 21199 18405
14821 22675 11099 14833 21231 20904 20793 10241 21171 18941 17910 20936 13310 14414 13787 10239 12487 27993 23839 2308 0 12521 19640 603 20520 18531
20561 21976 11705 12207 25374 24225 14029 13432 19613 20111 11537 15156 10468 14330 16289 3213 19895 11475 24786 24003 9510 26316 11389 14253 15613 12618
24452 14371 8760 15762 19007 18579 7616 8697 9401 17980 15420 14496 19715 16098 6891 12215 19022 14247 12685 14364 14878 16706 8892 17011 9948 18579
22395 9699 13146 17185 16872 10793 16698 17164 10843 20327 13640 15608 20979 15590 17301 7477 13711 22364 10743 12652 13659 22824 10098 14194 20489 26841
16457 18622 11893 10843 12458 13885 13022 9789 22511 16139 18707 17047 13761 8213 18590 11888 18891 20631 17481 2566 3272 31719 11131 13735 14518 12361
21006 22551 9078 15087 16247 13892 7610 16004 26089 21535 17994 19796 19722 13282 16017 8171 7333 15970 9353 6668 0 19548 14677 12402 10831 13946
10480 16633 13286 16958 25732 19464 2054 16645 19453 18767 12973 13262 12218 19634 11540 5210 11296 17098 1387 15225 1600 9256 4056 7125 12199 13872
15268 26259 16819 17100 19370 25849 19643 12554 26191 15277 17595 14156 7474 15324 18547 16613 18628 21520 22624 11382 15231 13143 8944 13626 19160 24886
22253 11415 13560 18838 13009 17455 16714 9976 18707 16837 20148 15597 11159 10434 937 11889 22075 13990 1261 4071 6942 17378 0 13413 4044 21337
22752 23868 10155 12143 18073 17132 16402 10229 15563 17941 19593 14865 23005 17410 7652 14305 15713 16282 17877 18497 16483 23550 0 15636 11293 30288
24639 9165 10212 13661 20830 14259 11892 9268 14497 17343 21558 17893 17951 10811 11346 13460 16728 0 0 22296 14129 25010 0 22281 12252 6408
20349 15824 9509 18775 14318 13977 16767 9736 7216 15444 18324 21440 22099 15456 3343 13499 9982 3517 3509 8396 17466 26409 16368 7222 12143 19510
11822 9485 13074 19139 21019 17707 22314 7816 16857 18726 14173 17659 18762 15546 19075 9643 4693 7018 17620 11953 9555 17713 8654 5438 10552 12715
30371 23575 8714 16298 11682 8180 4626 9253 14792 20912 9459 19366 20967 16035 22203 14414 7117 22204 6976 0 16265 19672 12894 22591 18559 24449
24618 7823 14440 13720 11359 13212 6223 19191 18885 11491 20010 11216 9663 8982 17816 7368 24131 9445 7470 8051 20559 30295 17213 18940 8943 10887
18086 19813 13201 25907 22964 19407 13755 12687 15635 19803 17003 15989 7249 19081 8377 9149 13502 7232 6429 11853 9591 19538 12422 26588 22480 31646
17917 23115 9548 21951 15721 26033 3717 9291 17337 17757 13639 22319 21923 13844 8375 18952 20123 9674 16164 5733 22491 25096 23523 19360 11175 13430
17526 19722 8058 13548 31675 22383 28419 11927 11680 18118 21304 21572 19686 14484 11378 13717 20572 14820 4484 15697 1704 7574 13159 15190 19699 4534
19113 11852 14478 19625 6895 9270 7777 12980 16806 16478 13968 18263 11782 16477 24202 12758 5406 12131 0 5482 12885 22928 6259 11867 9346 15161
19076 12729 11656 13756 23139 12118 23971 10724 25232 17860 10304 17361 12690 16839 10447 12970 10175 3241 21228 22364 6480 14353 29236 3128 18247 10652
22015 23405 10160 5702 29916 12813 724 16790 18331 18923 15616 17676 19574 13249 10912 12483 12728 10228 14909 8057 9768 16912 10175 10216 14008 14380
11306 19670 13323 14245 26369 26590 10700 9725 7878 20376 21031 21082 19300 12242 10530 7614 16606 22182 7652 6378 10853 14708 11264 9892 14518 24811
11963 19083 6752 2886 16961 11941 19806 3625 11741 21895 20724 13679 18525 14097 14872 14087 16755 13884 12621 10402 6566 13736 22340 14816 17684 16999
30095 18781 11552 14257 8421 27877 24630 9328 6105 13921 12790 16910 11010 9521 19005 10577 15985 21270 173 4918 9719 9636 2278 11176 4952 21810
19563 14621 12612 16015 10679 11396 19255 13086 15191 18648 12020 12228 19007 13690 16038 10778 10392 26258 25101 10848 8339 33661 12158 18143 19242 15137
4866 25049 11495 10678 11174 13703 32486 14012 14076 20128 18489 17258 12355 15048 15946 18197 16694 13466 17533 7305 16659 14942 2098 13901 9648 24012
23868 22067 12723 19287 20415 8111 3452 14432 22114 18558 22153 21560 13099 10313 9556 13636 18764 22458 12448 11314 18810 22290 11373 15595 6897 24456
13029 20426 9674 22721 24991 9374 10638 8691 7496 17394 13762 19835 2821 17616 14438 21327 14899 15638 11651 13948 17441 3805 22132 16350 13500 14529
21753 18322 6204 16763 19332 14807 4365 13130 15993 16278 14991 14971 16170 14222 19168 3210 11251 12316 4145 0 9728 23949 6895 13581 17322 23635
19922 22412 11032 17689 24903 22224 18913 12512 24165 14938 18155 19260 23877 15990 14680 3280 18616 21919 15590 5942 13904 13658 11490 15553 17921 10751
21377 24307 7730 22686 21885 16312 12164 13799 13996 14898 14860 20784 15184 8872 19305 13656 13337 21602 8876 14276 24468 16853 11283 13341 19964 25675
9804 20772 11834 8976 22009 23030 7493 10668 14523 21460 19972 13207 20161 12523 23267 10285 17880 25152 282 21151 18202 11497 7338 14453 11985 23737
26672 22375 10050 14528 10989 15372 17307 11486 12906 17651 18454 25178 15942 13966 16961 17866 8929 7710 8014 16116 12729 17422 12801 30099 17545 9179
23810 19685 11973 16004 19210 20063 0 6412 10387 21980 20765 20385 21157 12672 11016 4513 15546 20315 0 17679 15241 12567 7219 21692 16902 17989
21886 17121 5812 12663 20362 8452 2823 10134 18242 19675 17232 15819 15027 10502 9840 17054 16607 14960 18223 3439 19362 25093 23275 12214 13020 17152
9257 20829 14654 10863 13973 22266 12538 9678 9837 17140 16508 15382 11923 16606 12085 11987 17591 13983 110 16391 14476 22317 23029 16967 24346 7806
23280 14260 12200 15636 30037 21402 7483 9949 22162 18939 20546 10288 11223 15249 11707 6405 18311 11077 8456 15205 14062 10360 13912 16099 12087 22274
19143 16979 13172 17373 24821 11340 13071 10812 22446 18357 21024 15599 8885 13585 8414 14807 12831 18882 23649 8359 10605 20841 19864 20289 11085 15922
18008 16455 15077 15868 8755 2653 0 13870 21957 19664 16125 14528 11794 15688 18178 10807 19085 19718 1646 0 10546 3257 7490 14682 9024 20953
14122 21767 13017 17122 24739 10941 15914 10884 16302 22568 24402 14669 12900 11556 12200 12984 13938 24229 6609 4280 5506 30129 16989 22640 16410 22893
17330 15266 13336 20639 14486 19656 10706 11210 10033 18123 20040 17550 17646 14704 7123 9628 15131 12654 10195 21318 13875 30395 12335 14107 20682 19350
24060 19997 9342 18821 14051 14263 8059 10043 5973 20471 27278 21390 17211 13937 14508 7984 15508 7229 15795 15802 7131 7961 12942 14412 14360 25820
21625 18086 10751 18426 11761 24621 5540 13298 14147 14559 18984 16635 13663 10963 10228 11649 5291 14219 10681 3174 17184 35587 9531 7997 16818 27552
15339 27950 10438 15045 24739 15886 18683 10198 14417 17803 22248 13916 15129 12403 17057 13458 12154 18956 14875 13904 17951 2622 15683 26505 20963 21256
23865 22116 8525 14693 24923 22748 10284 13949 24941 15437 13089 16438 17212 18741 16961 7153 17895 28065 5314 8121 17921 22997 6729 20803 20108 23663
23009 23356 12690 0 23035 24384 12937 4587 14140 15558 18455 13946 9581 22030 10845 7831 25540 17560 26937 6759 2175 21400 15245 15378 8935 18048
19279 19726 12112 13648 7074 21372 8660 17415 9620 18242 16316 20240 27734 14187 15610 13796 20148 25456 19045 14529 3207 16063 16805 15348 16806 21351
25148 22849 10629 16605 22985 24607 2783 12307 15478 18420 16905 23231 24528 10329 10669 11948 10481 30007 23892 14057 7693 19970 13963 12450 21573 12876
21428 15661 13610 20733 20905 6022 11567 7978 15991 16522 9934 22741 16868 14448 3775 16424 22617 16468 25423 16020 16529 6367 17486 3955 8953 20447
21397 18259 7647 14189 15496 17149 18785 14823 12391 23131 8032 20350 10056 10338 13322 9526 16996 12641 9128 20348 0 36257 16167 21025 20519 11673
16940 15659 13922 18342 16035 16975 7084 14722 15838 15866 14358 15552 15958 10986 16513 711 16051 12896 20450 17903 23636 14578 14411 7568 13055 2967
22255 16322 12567 15814 16615 23136 9862 8816 13595 17364 14518 15884 18913 13979 13762 11931 19459 14769 3675 14835 10448 21085 5480 17133 12580 6758
25702 18384 12252 10819 25625 21486 9797 15531 6594 17706 18052 15540 17574 11771 18417 6630 15001 13965 1530 0 18216 15407 26274 10269 11571 25449
21109 14904 8185 21768 26305 19847 11012 8683 14977 19522 20710 13798 23727 15343 6462 7584 17614 6804 7974 27346 13522 14925 9958 18415 15884 18306
21660 15303 14422 9609 30001 20510 17504 8075 14815 17119 18498 19678 20419 16679 20435 15132 7223 11526 25147 9871 7632 4806 5481 14920 18247 27120
17911 14464 6635 19387 23372 21730 14000 14980 3696 17879 15331 22143 22116 18422 11169 13540 13486 22206 7363 5333 16233 8555 16013 12367 24741 21166
24883 23800 7214 11652 21387 25282 22026 13463 14455 14569 16541 20457 13453 15788 20110 12248 20134 18346 12798 13183 9883 24631 5541 13808 18100 28917
13215 22243 9649 23144 22003 14495 4322 11019 3448 21590 19637 24856 6182 15595 12059 19473 16738 8531 11893 13179 12003 21957 7623 12758 18074 13047
22254 22060 14690 17657 10402 17140 4723 10021 16126 16666 11681 19024 13048 14080 12021 7185 13946 26513 8047 9950 805 25731 19099 6180 17170 30806
16110 17627 12719 19594 15012 18538 16353 11772 18108 19373 17131 20068 20906 19058 9043 11403 15355 11995 3822 23965 13921 24540 11084 8516 21151 13543
15340 23251 11091 15624 11820 22782 9186 4908 6493 15279 17887 21585 13432 13261 11359 14495 10346 19391 10606 14369 8722 13865 564 8237 21572 24110
23934 11468 11858 13417 15042 9006 15911 2276 16608 17271 13200 22525 19200 15630 14446 7445 11079 7631 10763 3154 16834 12994 7342 13923 19419 12483
20243 23723 13284 17066 22705 16897 22860 15327 14161 16392 13277 17623 5894 18468 18867 14295 14455 19700 934 25214 14004 14116 25849 4598 16444 18014
23880 20186 9222 17592 15899 22304 5527 9271 10372 15237 18095 17834 9460 16508 15229 16392 12602 22251 12536 12120 13878 17962 5530 5774 19948 22461
25316 18761 12587 20471 17791 23104 25076 15758 3828 14211 15550 18205 22893 11752 11171 12135 9183 19994 7474 0 5946 18123 5940 15102 14400 31894
9027 19334 12207 13921 9038 13777 11022 13105 14127 17291 16399 17378 6685 16218 13147 15253 15370 12783 14705 10291 18346 15216 1381 20558 12064 28676
14252 16343 13454 23066 16045 14872 8274 8689 19812 16522 11646 21809 11196 10462 21711 20857 17673 12765 3553 13789 16146 27492 1881 5512 13417 19160
11432 19600 16044 19214 23117 13107 2613 13962 10015 17747 14958 13419 16055 17103 16357 10107 20560 12870 7049 9562 11912 16479 0 11593 26393 21013
21144 10263 12212 25142 17210 12827 21203 7193 17829 13256 20871 23237 13697 8880 19018 12713 16277 28949 0 11824 10923 13521 12857 21657 21688 11228
21224 21684 14166 21039 16347 22441 21536 7469 20907 14439 14765 21807 11539 15915 10088 14804 15925 20363 12140 10336 9751 16030 11604 1295 12433 13408
18776 18565 12663 24420 13494 25910 10228 19796 1728 21831 25412 16816 11126 16569 28156 16830 16163 14340 11657 9045 6938 22271 7686 17399 16886 18738
24689 17570 8130 13473 26503 9618 13476 14029 14655 20061 18240 21318 6152 13225 18329 10836 21516 24978 12342 4030 5387 16745 15080 3949 10604 17184
25717 18527 10032 13913 27650 12638 15512 10824 3904 18958 22123 20504 10477 14358 9433 9885 15854 21748 22180 9655 5678 26380 26248 9481 8926 17685
16261 23234 8471 14726 15678 9716 15502 2615 4723 14637 19844 15741 14707 18955 17728 12789 7636 6416 15686 26808 12756 23301 8730 13608 14627 16496
