365
33 47 98 91 99 2 34 80 78 52 62 61 24 86 48 33 56 37 93 15 16 53 66 69 92 61
18251 11853 11729 14090 23041 20125 8845 9083 17455 9082 13132 19006 16463 22999 18751 11746 20900 11487 11915 17111 20231 19175 14291 14905 8716 0
6968 17917 23939 15939 26204 10394 0 2349 23214 9580 23687 19475 0 23954 18387 12003 20017 17163 5617 19150 25923 14407 12246 17924 21159 7993
22277 20504 13381 14093 2192 9251 11912 13435 14364 16312 15101 10082 18652 20570 10574 7176 17451 17450 12059 18749 7059 17938 9980 19662 22591 17116
15614 20478 12930 12195 16604 13769 15521 9995 13900 7583 20639 6575 9702 15056 0 13946 13395 23639 10978 12319 13451 14117 10526 14952 13240 10158
10490 15274 7560 19502 2356 16674 15873 16509 18448 4959 32971 13519 15131 11493 22639 16235 20408 19266 10138 21149 11110 14597 12577 16658 13446 20044
19992 15882 13914 13727 16052 13918 21894 9802 17935 15429 20759 9295 24889 25353 4445 9385 17150 17662 8697 13019 20312 16932 7199 19274 23717 5033
15467 10775 19285 14402 10021 7907 6089 11058 18246 8610 18776 18182 24107 28348 13640 13671 18291 23619 10086 15225 24886 16627 7448 18316 24110 8692
20748 18050 18198 15978 14177 8445 10029 8579 27957 13029 15834 19998 3869 25563 16467 12497 19228 13380 14850 16108 14623 17947 9026 23710 16016 8941
14319 15634 20017 15078 11970 5073 16831 7271 20259 12981 25313 16913 22968 24447 15029 10538 15354 20470 12401 14108 15586 19879 6606 20687 18792 12844
9298 15722 2011 18917 23155 6388 18924 7833 22282 14757 16920 10017 7415 10802 12537 9428 17658 13740 3739 15311 13719 20799 6316 16785 12898 4945
11624 17041 12784 18092 7802 1717 387 3784 22626 8357 27898 14887 6813 19708 22140 13739 21117 23310 10069 13783 10767 13598 1505 17640 22352 13442
5433 16764 22512 15683 12910 10664 10999 9306 22573 8712 19156 13323 16433 19499 9144 7477 15313 16655 12612 13158 10273 20202 11571 14520 15303 15341
16694 11089 12041 11452 13694 2250 8979 11602 15184 9501 31616 11703 11582 202 7158 14027 20053 20276 9238 11592 1734 15192 10401 19543 10541 9258
10534 13350 12461 16875 6333 21915 4498 8375 17855 13758 18788 13596 9938 16207 2806 13136 20790 9095 12066 20794 18084 20356 11978 15024 18546 10581
12665 18039 9470 15539 18813 12277 10574 11922 16730 6842 20341 15887 21498 17549 13707 8997 20858 20285 8783 14936 18753 18012 15565 18301 21984 8030
9618 12872 22653 15285 26300 7923 14714 15125 23176 13795 21204 11943 12447 18126 17035 13333 19235 18597 10264 22115 3810 12413 15159 17502 16271 12263
12117 19926 16306 16355 14244 9971 9329 15532 21625 8393 18655 19319 4529 24622 13560 12621 17903 17615 10584 16034 8666 18812 9931 18278 23597 12986
2207 14220 0 17642 20744 15901 4929 18669 13795 11147 11832 9732 17438 11458 10068 12394 17293 20019 13606 20056 12492 18793 14759 18690 15113 7827
0 16272 16762 16523 12568 14006 5720 15515 19417 10286 22650 12843 6078 13616 11959 15401 17930 13566 10456 16459 17210 18353 7302 15987 25761 8649
0 18636 24436 14332 11520 1206 2250 17662 20642 7851 23809 18169 0 15907 1979 15293 17477 24033 16561 12056 17320 18231 5089 21632 27347 11381
14974 16494 13089 13214 18095 9694 2016 7676 16872 10535 12706 19684 16422 10140 19906 9852 17023 15794 14421 12289 18780 16035 5119 22054 18261 19708
17116 14349 6750 19118 4570 10425 10258 5028 14970 4243 21030 18014 35056 18384 22834 12381 20725 15202 8410 19212 9732 13585 12814 16351 20052 5839
10381 16840 8864 19079 10426 5455 17314 25533 19409 11182 18573 10476 20201 13711 13865 14372 18717 24035 8629 19829 20625 15621 11637 20600 27216 14938
5245 18125 5164 12422 17357 13474 10148 24740 16330 12181 14531 15067 16475 18267 15063 13877 19292 10151 10110 14691 24082 16006 9172 24525 14452 12750
19572 18455 16899 13255 15879 11818 2452 13569 10084 9089 28597 12136 18074 8631 10966 14247 18178 32042 6471 13096 20525 17981 10067 17937 19297 6356
25842 8879 0 13861 11148 17400 7149 12407 20164 11912 25448 21172 22194 16772 13416 15430 21625 8049 11162 18565 12130 15890 16339 18154 36647 15133
8360 12374 10376 18312 8923 9632 14590 11720 18485 14052 16228 13431 16888 11139 11998 12184 21858 33514 11043 10605 12757 13267 7309 17046 12926 23832
2832 19504 4590 16312 16433 15562 6708 20073 16951 11809 16035 21521 14477 17723 11814 7476 18094 29934 11146 19338 24824 19254 17750 18594 19942 9048
14027 15591 5084 16884 13862 9311 10625 24846 26023 13473 29930 16587 22288 20374 17224 10269 17674 24665 13869 18886 17835 22750 20368 18152 25952 0
11110 14661 12631 17497 15942 12233 17620 5214 18515 18682 12885 15827 8924 30952 17674 11341 19352 28655 8120 12807 9116 18798 13275 22755 18558 13978
2462 19299 16966 19290 17630 10794 4507 18588 16516 10939 26644 13651 10817 24800 5368 12512 20407 26294 12185 17169 18771 13918 13970 22496 21171 4774
19942 18714 20564 12446 15412 14068 6860 14903 27749 10749 6073 15954 6793 19352 16329 11514 14164 8950 9881 13903 21809 16396 13354 19004 22035 14602
16517 19184 19556 12565 13256 8998 2203 6892 16716 12945 21778 12465 10076 27346 13509 10024 18873 22165 11582 18742 19531 18319 13134 18921 22959 13428
21428 12815 16458 16103 25402 13528 1607 14779 17407 10436 13033 7916 9497 14078 26072 6931 23134 14461 13438 21047 13921 18345 21467 18213 13562 13540
14965 19315 8425 13994 17769 14321 6555 7649 14801 8963 8018 8757 19143 20069 9479 9898 17535 14364 8232 16565 10885 7741 15640 20066 27775 8153
8115 14100 1201 10972 15460 7625 14059 0 21318 11978 11724 10445 16851 17192 23379 13376 20413 23445 5194 11268 14193 19126 15757 21531 21583 13461
15342 20131 7836 12595 18620 4735 14167 13771 13450 18413 25183 15037 20015 17568 3054 14015 20275 17993 7192 15802 18977 18041 9538 20382 24980 14676
8317 9908 15958 11378 15743 22604 9667 9622 14270 11937 17058 19698 12453 9372 25418 15284 20975 33786 8330 16915 16581 11272 8720 18359 11035 5156
13423 15562 25630 19664 11963 21079 12671 18624 13676 6184 33313 8995 16484 21752 9347 9269 21087 25701 10505 14629 19923 17210 10034 17079 19464 0
17044 12896 11092 17345 18915 18993 14817 14559 18176 11328 11677 20329 17412 20254 12522 11875 19315 32448 7486 12308 21581 18999 12410 18724 15454 22194
15898 13248 13718 18007 17012 25560 1886 17062 25728 9766 18555 19025 12517 22701 14001 11886 21074 24693 9038 19991 26130 22324 6474 23574 17525 7711
16605 18031 23259 13600 30892 18288 5184 21682 26735 5690 15566 21517 10566 19455 19348 10928 18633 16580 8879 9936 20523 18817 11994 15185 10296 0
11781 20003 9474 12873 7842 1829 17516 8913 17791 10906 34125 8073 19520 17033 13996 10200 16506 21024 6254 17585 12805 16813 10491 14186 21291 8022
22466 23013 7132 11322 8799 12038 21385 10306 16676 10473 17252 15559 29729 21881 18945 9998 17438 13264 8954 16499 6606 18789 6180 17357 23135 8092
14315 19484 4716 18178 19569 10957 13374 14691 18736 13586 23578 14954 445 12738 7636 15080 18287 20994 6630 18506 19806 23600 13549 15959 20199 15919
24253 23416 7037 16677 13347 2687 16601 13143 25236 11165 16306 8307 8665 14707 3311 10665 17392 11769 16915 17569 6721 16855 2795 18336 21603 13895
16142 13406 15454 14995 14823 0 5635 13421 21024 10692 13750 13499 0 10410 8974 11163 17883 19565 14587 13850 13716 15840 16836 19109 27322 5702
24388 11877 9855 12079 7852 11795 1065 20122 18063 10573 21431 15045 5610 14851 12406 11157 18590 21000 7532 13794 10647 15381 16799 18024 19995 8709
1873 14315 12085 9664 8551 2356 10990 16780 18098 4388 17822 13365 7729 3492 24752 14339 20941 18015 10093 13328 14652 14519 5730 15196 26317 6211
8398 18821 14212 15437 13261 4909 11895 5615 22009 6867 35476 10696 3842 12253 20523 11188 22251 18920 9851 8891 18863 14779 19773 16272 12307 10276
19928 18344 15717 15400 11187 3617 12699 22166 16473 7036 20134 23732 13322 16381 21165 14821 18292 26688 13590 21797 14949 20342 11333 18350 16181 5514
12804 15497 20470 16864 18869 18897 17550 10806 15918 18452 20529 15856 15869 24613 24970 14496 17918 26287 14128 16615 28307 18846 11481 20006 12305 11643
3856 13915 11881 18930 26312 13607 26476 2669 14216 4800 23640 15919 16381 18178 15639 17595 17993 17509 8469 17026 22671 14171 20869 18045 23213 1648
11614 17333 6651 16880 16669 9471 17579 16714 18913 17405 12983 15043 9470 9339 13577 13629 20210 22189 11168 18178 21133 14672 8451 13486 18368 16055
18623 12864 16944 15873 19839 1971 4097 5058 26443 13231 25778 12518 17623 22892 10621 9874 16764 23012 8213 17444 14006 15067 19215 22875 25378 19122
18773 11394 16158 22864 19357 3831 17702 16294 20010 8140 22966 13931 14685 19375 15244 13727 16937 27708 8648 19146 26621 17765 11464 20637 15988 0
8760 20580 14504 9612 16826 3569 12647 12372 22906 9213 36552 16452 16317 17434 18427 10804 15572 11767 13255 13652 19602 18860 21360 15158 21422 23560
7240 14867 15221 15517 10231 13289 18829 9947 29102 6514 27737 17405 15752 19520 4027 11110 16973 27207 9697 13127 21517 16612 12232 17556 17973 10684
11991 18855 11595 16497 12038 22451 10636 9480 20117 12234 11664 4316 10440 10924 7485 11557 23524 13462 8023 19623 22428 15598 0 13170 13691 9970
1070 18069 10516 13816 14570 11808 8244 9016 23671 11021 17734 12005 873 19959 19685 10152 20701 20744 11167 15850 24773 18753 14559 19832 13697 5325
8824 21255 14942 11806 18748 20005 7183 18993 19450 11166 24878 12562 11359 23899 4755 12743 18972 19117 12472 19497 9039 15532 10147 21627 26580 13099
6407 18899 19324 12646 15788 16727 7322 14550 23939 13835 15704 10007 5626 25595 7627 11896 20218 25917 12625 17551 9223 13142 7061 18924 16376 16331
504 16823 13163 20763 6196 9138 10003 18349 19371 11660 20502 12877 18419 5269 10173 12934 17758 10985 6390 16778 21222 19295 10442 18329 22256 8437
9550 23979 14904 17022 17857 18172 15142 15147 23887 3081 18954 16729 14990 14952 18650 12021 16489 14410 12616 16878 18174 16402 12238 20364 21922 13985
17378 12852 11542 13925 27409 3631 6820 4543 12097 10112 22250 0 24065 24610 3408 7810 18120 5042 12824 18641 17345 19099 16246 16263 18438 22479
11120 16147 9422 12618 21669 26271 18939 10882 22453 10513 36983 10540 13903 10955 17584 10242 17136 20577 12793 16180 21100 17879 10350 19295 13664 0
11799 20296 12157 16573 18856 20202 6169 15617 9730 10606 12254 18523 5791 14197 13420 13368 19782 6580 7384 15209 25031 13507 16046 17416 13077 9734
14034 18060 16878 18572 8180 19149 7478 14125 21370 13914 5485 14706 26883 32868 9462 14798 16784 15097 9972 17536 14441 14939 16109 14244 25017 9497
6064 14213 10751 16764 16450 14860 21557 20384 13221 7613 12579 15690 28463 18301 21816 11186 17794 13433 11857 19177 14684 14251 7845 16907 22335 11203
11606 14166 12021 11446 14852 8593 10166 18448 21032 7474 6617 7580 15038 9096 12972 12581 19261 13363 11716 15351 21120 19484 14464 22098 24402 10758
1853 17107 21613 14029 12793 3978 4507 10825 19980 7170 15638 18877 8391 23468 7119 14217 14870 19500 14965 17226 17307 12544 8777 15586 16604 21750
0 17530 20568 17174 18404 14010 5466 8717 25943 15739 26346 14161 0 22717 17159 14757 15051 24393 8495 18315 16128 16159 19301 17817 19726 13513
13260 17756 20208 15146 21613 0 17192 23730 22257 7965 14912 7608 458 17017 8404 13448 16439 19181 11836 16873 14008 19120 9391 18181 13209 0
18885 19892 12555 14779 9577 9413 4461 7848 19429 8833 16617 19983 13208 29429 14947 8930 21914 24399 13142 19863 23532 18251 1370 15635 16723 20403
3934 19462 11982 13073 14485 15648 16164 11902 21474 7733 20001 25707 16613 28408 21933 11792 20669 17611 7898 15720 14038 16361 5579 13212 23643 12183
19489 18465 8852 14163 2893 16272 12653 16094 22002 8926 14894 11531 2057 10671 13568 11846 20002 10191 14005 11632 24477 16878 12996 20572 24373 10951
17601 15016 15677 14502 27821 17096 13171 12903 15307 2688 32155 17005 17843 12184 0 9831 18452 16571 13567 12313 17463 14929 14379 14203 19842 18679
17797 18678 6718 16342 9157 10996 24679 12599 28191 14328 17721 22260 12252 26039 24135 7164 16045 15686 14742 19474 16308 17568 5598 15375 21210 14139
1919 21178 9945 18779 9850 14715 6362 12980 15853 6248 25689 25671 26195 1766 10251 11161 21047 31396 15440 14354 18118 22564 8628 18584 11444 9759
19524 21904 16371 14371 13599 18636 18606 6818 20360 10805 22508 8821 21541 14617 14578 16760 22646 13052 12106 18475 18470 16541 16927 21558 20624 14561
12796 13842 16387 20179 15244 17328 14669 15196 15022 10118 18547 10254 16813 5923 24619 13906 21672 23684 9941 15893 18940 19472 16316 24384 15392 10043
10490 18759 21071 16782 15908 8948 775 9397 16107 9755 26043 14358 3523 17120 4602 10786 21176 21866 10371 15103 15483 19606 8062 13628 17401 5624
0 15210 11369 14059 20661 27662 12163 13834 18911 14191 14295 6193 11434 9326 12334 8510 18762 10943 9454 21194 16643 16818 17241 19355 21796 8448
2516 16312 10561 10771 13369 3613 10367 15000 10868 8651 8656 16069 8703 18467 17536 12641 19091 24834 12232 13419 11347 18185 16954 19363 16338 16132
15347 10965 16650 13157 17953 11640 13174 12494 9241 8505 29068 10527 17167 18291 12165 13566 19056 25339 11656 16060 13503 15828 17287 12923 17384 10178
5784 18592 12459 10645 13591 18976 9431 15354 20750 7798 26111 12495 10214 14006 15372 17338 17321 26918 10199 12789 6190 16104 9438 21438 25190 2161
15736 15239 13779 13029 9792 17967 13864 8876 27950 6171 27469 23435 14944 15224 17962 11417 19138 29155 11281 17399 15557 15259 15088 14352 16840 16245
11529 21483 15157 18859 6000 20664 6238 11830 14299 11072 20322 15444 0 28702 5395 12090 17638 20533 15307 18569 21884 13692 14273 15840 18603 22438
8541 14723 20594 14236 13822 0 6272 22274 18046 10860 33128 17246 1183 23145 4039 8242 20930 18885 11645 21075 23620 17543 10374 14915 15996 6291
11777 15434 21699 16759 19642 14613 15284 18626 16381 14759 21610 10334 9989 8536 10951 11063 18346 20837 12481 20701 14709 14428 6215 16243 19808 10551
10788 14339 20263 14781 22502 1508 0 6592 16044 14682 11658 17812 18793 25669 12173 15607 17274 13406 9357 18011 19272 15789 3272 20449 18997 14121
12644 21423 13290 14256 18242 15646 15981 22849 32509 21050 25314 12015 3213 3107 17371 13064 18375 23132 7138 13020 21709 17727 6370 19481 12079 10874
0 16152 20881 21079 23006 15195 5657 16566 20666 9628 14211 14107 13194 27172 4168 9831 17818 15903 6260 17144 15784 17432 4911 18506 23595 15294
13854 16577 23228 18447 19330 12764 8059 19362 18463 7555 17783 9633 20566 10054 13601 11692 16459 22470 12614 14008 21001 15749 16514 18118 18554 22121
4075 20219 18716 14922 16711 8542 8661 12249 26786 11642 23391 17183 13559 15987 3765 13080 16482 24589 14823 12549 13649 17765 16568 17504 19774 8215
19447 14124 17900 14970 16453 1147 2905 14044 11481 5206 7024 12023 6553 21677 7457 14036 16706 18914 10501 19904 23560 19914 8337 16657 15870 18629
6856 14155 16520 14195 20668 7093 16169 14010 28524 15033 19666 12877 18226 24271 969 8344 20916 16472 11817 13269 12459 18624 16169 19530 16982 12061
7437 18301 7785 11409 10283 13074 1937 19139 19772 9304 15372 9443 8515 20541 11388 13245 20901 25894 7732 16369 19691 17582 20400 20227 23505 12599
3468 9101 17952 13706 17240 20811 8366 11952 16792 8089 13410 10474 21842 17126 15506 12880 23903 11810 11130 16057 16380 14826 6843 18491 23855 15656
2201 20532 12279 17864 26922 18413 20604 15779 30120 11197 26203 7591 22102 20604 16332 18298 16760 13701 10593 16196 26437 21100 14497 20412 23904 7691
10678 20050 19405 17371 4878 7185 22428 21836 28298 12411 14186 18137 12723 8907 8641 16329 19368 17586 15013 19854 26601 15097 4331 11650 22222 10786
0 22229 13293 18683 8429 15138 2330 17442 14758 9513 26766 11489 11064 13683 6184 11807 20927 12030 12437 15668 8732 19795 6462 11407 25355 22908
18000 17124 11074 11608 12627 22822 16223 6138 15114 9556 34904 12144 22943 6123 685 13601 16970 21796 11895 16713 14899 14798 8079 15453 19926 11625
5373 14798 10538 17318 12960 10420 17692 13660 15003 8689 14841 14805 10267 15076 6586 10301 21215 13253 13315 15082 16145 21302 11998 13743 8991 6272
8730 9705 20500 14840 14987 3808 15317 12089 23011 6583 30735 15098 13228 16727 20566 13994 20127 17122 8895 17360 11969 18913 19258 15589 14886 432
2831 17028 16025 18204 6525 14499 5589 11999 13677 13054 21694 15540 0 15465 20750 11991 18556 27026 10179 16461 17946 13802 8784 16238 12297 9074
13794 19775 15737 13936 11197 9520 10410 9486 24556 9812 7421 10621 2528 14870 7672 15488 16967 15266 8849 18463 5737 18218 12067 19545 25063 0
18232 13189 14755 15413 12985 9836 12933 21825 24746 6546 20750 13908 12589 11153 4604 6506 20888 5282 8470 13712 19617 17435 8935 18786 17219 15780
11404 14032 10503 18972 14091 8519 12267 17916 17134 13110 10739 18998 11967 19772 17724 11784 15254 15002 14480 18592 13320 23664 8009 17862 19469 8684
14062 7927 8547 11394 11037 21312 12125 9804 22349 9657 27784 11945 19713 14169 7527 14161 23876 26649 13640 15487 13816 16526 6699 20696 28717 8058
19188 11942 17887 17867 12089 9487 19485 9248 25096 18626 24424 20165 9841 12020 3623 10867 19123 23329 12450 14128 10491 18236 8307 13975 23281 6320
4917 16208 14400 13227 8442 11836 3836 21332 22832 13803 18372 11131 9010 17151 15816 14021 16167 26548 7246 16430 17733 20960 11941 18048 21481 4762
9281 19385 17253 12195 11619 13248 22543 8128 21455 9970 25738 17918 12161 1660 21943 10581 20243 26966 10979 17096 13347 17437 10117 19138 24617 3034
14930 16172 20048 16930 7465 17663 9760 12577 20195 16239 21191 12891 9753 12770 17242 15163 22642 24029 11787 17896 22516 16563 5983 17244 19151 0
20669 15136 6323 13488 8509 9571 4297 7495 24860 14279 30021 13210 17057 4114 14891 10689 16568 18926 12078 11195 12993 21673 16670 24274 24776 7732
10614 16460 21818 21934 22057 19990 0 10282 21239 12165 20996 11599 5728 23842 11726 14006 20856 26526 8704 11144 16736 16739 15113 17939 13645 4771
52 20912 12223 13939 15326 18684 9882 16283 17286 14762 19236 6426 24012 17095 9827 14659 13023 8007 9896 21925 22579 17441 11665 19838 17727 12033
20671 13222 10310 14136 19788 8754 10774 13764 25235 18292 10330 22142 11154 18401 13465 13801 18858 2927 16225 17506 13908 13613 14291 18540 10869 3411
0 14302 17322 16865 23413 23474 8932 11645 15461 8446 12157 19052 26392 6767 11229 14542 18219 10940 14016 13022 13019 14505 10121 20628 24083 20062
15188 10839 13496 14070 13676 21868 14338 16884 22963 10603 16453 20566 13002 21075 15520 10476 17396 26828 15736 18605 16304 12230 13639 15039 21483 8948
13388 14729 17288 18347 9271 8849 11800 17296 19697 7742 39375 14459 11203 20588 14707 11217 19337 25038 9325 16985 26930 19106 14784 17632 14875 7655
6322 14789 12268 19986 21403 17707 12371 15192 14367 10618 17295 15290 27227 8506 6788 11250 20667 25120 6186 18466 11210 19868 11344 20556 26750 18797
5789 16416 10267 18469 9011 15566 18076 12408 23423 7797 25401 11615 18035 15653 10026 16010 17668 12359 9833 15269 15803 18962 12243 18739 19626 10572
18250 12018 19845 18166 16134 10834 8546 13076 15543 16039 33079 7625 5560 24730 496 9707 18640 17722 12827 17715 19888 19927 11248 21122 22895 18295
9506 11809 6003 11717 29316 15554 17198 15734 22087 13706 29813 11352 24900 17118 14646 5550 19229 24221 7409 16473 21539 17149 5991 14972 14003 16025
18448 12421 22703 12363 21379 9985 9620 11819 27262 17846 29578 22541 31383 21182 9222 11618 19876 10631 10078 15424 16008 18407 6235 15243 20759 15213
13429 18103 14522 16896 21015 5860 0 13395 15425 17243 11851 10435 8616 6140 12648 12514 19104 27268 10869 16874 14797 20260 6269 22190 16904 7693
6607 15877 13596 17744 18783 7209 9765 4944 21887 11261 29303 21251 1552 18518 22074 10028 17242 19730 13586 17904 21002 15810 5592 19109 18873 5458
15122 20295 11694 11538 14260 10561 6151 19987 15427 11682 14347 21373 9994 15910 16974 6060 23502 21869 8751 14125 16191 18963 22481 17601 22989 4286
13592 15700 14536 18375 18887 21833 9137 11073 14937 15778 20422 14346 0 7456 382 8267 19097 13319 11643 17083 14258 18947 9789 18131 19546 10555
10794 15653 20057 15513 20119 17970 7065 16131 21771 17459 13115 6538 15408 13043 17390 14382 17222 9993 11291 16094 19714 15838 12200 17593 19887 13206
11706 14091 11746 15970 20310 6131 14902 7380 22802 13780 26989 18989 1483 21675 18213 14303 17255 24614 9545 21047 14591 22203 3435 16200 23077 6877
19541 11038 2404 9485 15796 11885 9941 4777 17001 7592 19559 14578 22285 17862 9042 11437 18383 17491 12382 18540 21454 23101 4355 16478 22919 20008
13929 17550 13192 16995 15084 5099 19276 9856 21945 9401 26534 12911 7935 5940 3872 9100 22437 15418 9052 19135 11971 14640 7655 22847 17308 8958
16401 16334 17205 15514 17666 3122 9585 24076 19718 14054 23894 16627 7290 19187 6887 16127 17106 12745 11424 13225 21864 17869 2170 19321 20596 11316
12524 18335 18614 16940 16357 8311 5607 7317 15884 17452 11870 9377 17569 19579 8250 13896 19056 15855 13535 15652 17425 12224 4736 18219 18996 2058
11084 20944 15087 21279 16031 10249 10902 19014 10616 10540 37487 2040 17905 21883 19145 16344 23684 26137 14927 16800 14397 13471 11000 21947 22284 14367
6030 14729 16391 15199 18104 3126 18737 19563 9080 9908 7797 12234 13248 18690 19855 11280 19726 35101 11853 20935 14275 13680 0 11095 22937 7719
17385 12180 13812 11183 9166 3498 14325 15254 15809 12292 19765 18911 17895 17434 22614 13536 17383 8526 12631 16757 6690 13011 3528 17500 20782 7884
21766 17234 15962 14558 25557 11944 12968 17474 18262 15547 21211 4174 0 13442 15797 12456 19020 18599 13806 15318 26370 9440 12789 17900 13693 592
10564 17312 15305 14680 13232 8054 8243 13275 23052 12538 20358 19532 7329 25536 6486 12331 18506 9088 8653 17232 16165 18321 9499 18404 24336 19033
9225 17319 15959 13994 10577 9146 6131 15069 19203 5227 29305 8472 7469 16982 21160 15140 18473 15840 9730 15857 21821 18474 12202 21462 18070 7041
11142 11325 8415 18178 23198 13427 16383 19700 22337 12742 16159 11437 9833 14743 21555 13593 21221 15542 9915 17878 12078 17244 9139 19477 17528 0
7013 16988 18150 11911 16784 8833 18987 17290 15281 16457 29141 15552 14014 19100 11328 13995 22685 20411 9046 16650 17326 17121 0 13843 20514 4698
23556 17071 17892 14297 11979 11885 8934 17327 9246 9383 13477 10772 10840 20433 996 11347 23251 11587 11634 21304 21416 15231 15320 16507 24550 14518
12863 18447 13918 10122 9679 26266 6603 10858 23549 10984 23800 16410 5127 26726 21274 10556 19227 35655 9227 13632 10423 14128 4700 18196 23089 10585
5821 12003 11634 11408 23654 2826 12041 17821 17167 11391 13360 18437 14224 16171 21904 11458 18704 19246 9446 20468 22014 18178 21874 20393 19755 6977
16795 13163 18619 14209 13623 19168 11851 12765 15850 7860 12662 5156 6190 3685 19334 11447 17273 25276 14721 16589 7508 17646 7149 17469 16487 14042
10358 15361 8855 12524 14572 9965 8901 23848 15984 12207 29347 14424 8300 20718 13906 8113 25363 16413 12857 15801 15289 21003 8197 11583 12202 17505
2368 17225 10871 11816 18036 10876 14511 28316 19424 12502 15055 11359 16671 25713 11426 13340 14119 16230 8559 17400 15577 15378 6140 20528 28857 15276
16612 17201 19353 19888 10517 22348 16699 14939 18580 12540 32923 12888 4210 19365 4536 10682 23020 14390 10923 16412 14995 19593 6914 14101 14986 15757
0 13180 6762 13255 3972 8884 11438 13723 21561 14451 14060 11372 8074 23149 13897 12990 18230 12110 11178 15446 17533 15348 5626 19275 18508 9453
5529 18946 9589 20153 12341 14413 11543 8381 21304 17357 15280 3899 0 23262 3456 9732 17824 13653 13373 19020 15154 14629 13957 19450 16065 12361
10559 18705 16470 17555 14727 0 11957 8282 27725 10656 22901 14805 14911 24541 6251 8628 20774 19300 14240 19198 13928 21208 13533 16013 11581 22536
21828 15902 22405 11984 17541 14468 24862 13864 17990 10006 24310 6616 26197 24598 12547 12347 19453 22705 7648 11663 17124 16586 13621 20494 19499 5675
19936 18941 14980 14435 18596 12593 3225 14100 19756 7176 18739 19356 12667 18212 16600 15519 22931 16643 10822 14634 13928 14299 11212 13357 21277 14454
5393 24449 11122 21374 21982 3478 13695 21071 18894 11079 28921 5977 11377 23883 18947 9574 15290 1722 9841 17569 11216 19786 14579 19216 20031 12531
15241 16816 13189 17403 7982 2739 12562 2526 22389 15572 24833 23545 16985 16425 17825 9693 18043 24350 9335 14394 12567 19755 12675 22692 12833 13422
2975 14934 13101 13157 20117 13588 8650 17652 22500 8075 29446 10694 4850 12708 7678 10934 19732 13768 9570 17185 22824 22846 16319 19866 22977 22549
9768 15612 13778 15883 17153 13541 10275 13668 14520 12557 16075 15341 6313 23807 15472 14387 19021 18771 13564 14927 18597 23018 8645 13648 17154 5082
15198 12021 12641 15207 10054 204 11837 16648 24821 14593 13856 21591 19284 7485 9700 11597 21661 17376 9861 18428 16111 10047 7672 21078 13438 1858
12241 16917 6334 16455 966 7901 24274 15899 14902 12798 21702 11953 9501 13606 4139 13307 20675 21134 7769 17201 13360 23931 13935 15196 26277 0
8209 14372 0 15188 9347 7173 14586 10049 17557 11742 15105 10231 20014 19530 16072 13203 18246 25342 12598 13682 13716 19901 14143 20831 19029 15612
285 13444 22082 13200 7210 17572 7303 8592 17555 1899 27249 15789 17670 24681 0 12559 18610 15109 10581 14631 6258 14387 14997 21866 20971 10127
17353 14536 20699 15132 16463 3538 9588 15806 20308 12310 30140 16928 8581 17504 15703 12196 15854 20306 9123 13731 24959 19221 18231 16987 21313 10166
13748 21788 10255 18170 14991 20992 9367 9346 24788 10360 33641 7083 20965 12027 915 13576 17520 15001 7006 14705 19234 16217 15212 16342 18511 15795
552 13052 10964 12314 19913 5679 7072 9414 19691 9960 29695 17324 18162 9188 14273 15398 18888 12957 13187 14403 17509 17696 16367 11904 10073 14149
18524 21016 8741 15756 14459 21575 5591 16615 23031 14400 19553 8656 10003 18239 16913 13911 17852 15196 11948 16610 9578 21876 12490 18631 19787 18410
6144 15973 23453 13071 8195 16186 7121 23189 23919 6305 28432 18778 6891 28008 16835 9905 18738 34640 10173 12283 14762 15195 6459 18799 23663 0
16913 17560 13083 13400 18774 18025 22708 25190 17506 15910 23731 0 20281 24013 6683 16886 19344 24474 13990 17961 5530 20032 10248 13317 14271 20755
13068 14747 13493 13033 12385 13435 11847 19949 17950 9479 9048 7349 7028 12332 18004 10909 19353 11125 12203 15463 20240 17834 13208 21423 25372 10614
11808 16533 13029 15542 21888 15176 10263 12774 20562 13033 21967 19039 14743 23194 6659 8597 18898 32229 9986 13655 20603 19213 12098 21605 9899 10617
13764 24023 12937 14862 21781 16536 10324 9005 22258 14326 27319 17801 12778 12891 10875 14530 19492 18839 14048 12044 5324 18453 21924 18465 13222 8013
10582 16908 14846 14311 12686 11862 16329 11908 12410 9960 18320 10334 0 17591 17213 8452 21400 25431 7654 16029 19896 21385 8625 19717 18924 1548
0 10397 11411 17844 12264 8447 21431 9580 22103 5325 24865 17408 16233 14759 21066 15704 18353 31305 7682 13981 18837 18724 6211 17225 19251 6269
11077 24097 19503 15020 11416 7090 9499 14137 20920 5618 16550 12164 16330 19879 15792 14113 23188 16982 11500 23100 22273 16550 7122 13847 27750 10840
18738 19383 12611 13425 8993 23785 6922 12505 26458 9482 22952 11910 12583 22361 448 7325 21827 21748 13481 16942 19433 14015 9861 22468 26008 4609
22211 10030 16266 17587 20139 12975 10480 12186 22416 14187 19212 9225 0 14767 14748 11090 16311 19679 5534 17396 17328 13725 17735 23137 13841 6999
318 20589 22840 12938 25558 5586 24031 17861 27187 8484 17005 27926 19740 27186 18827 12135 18346 30696 12561 18654 11381 21484 6493 18934 21908 16201
15219 12171 10680 11865 5402 15246 5260 13866 20910 11413 16858 14773 18282 16132 10144 15943 18997 21744 4486 17869 14248 12681 1989 19045 20667 9764
10983 15133 6450 15626 15179 9604 13723 20399 20543 9526 18486 12594 9832 11653 19569 12058 19884 29145 13106 17242 8850 16756 4574 15507 25314 12850
18468 18450 14074 14229 13731 20319 10432 5542 13238 7891 23635 2311 13861 28260 17442 8373 17919 11720 8585 17826 13300 21357 9759 22863 21375 13423
17920 16373 21150 19573 7435 7188 19449 15123 18005 6703 11197 14468 23185 11568 19630 15587 16876 16571 11259 17657 14098 12681 8937 20564 17681 10646
18872 13077 14028 12974 7503 9182 16750 6653 25354 6545 32520 9202 8788 15676 23546 10777 20095 3110 7266 12326 18678 16303 8768 17235 26452 19785
7355 13230 8503 6267 19981 19098 7178 6038 27256 10399 25441 15947 8426 10633 2159 15527 14519 13337 10043 13919 22218 21253 7386 17932 17135 13537
13524 19397 16271 11599 14174 6983 7550 10771 15041 11554 30116 3775 28425 13730 12774 8889 21904 18308 16608 18970 17037 18493 10234 21506 19636 3815
2302 14828 8219 19432 5264 13003 13944 20435 24967 8867 21279 10407 13386 31266 17010 14833 20024 24996 11407 16418 7824 11662 15842 19278 22388 18349
7227 17308 5625 22484 23942 19835 2407 17228 19259 9506 15095 18874 10130 11057 10628 11617 18896 12606 12305 22594 23156 18711 13124 20736 12148 18073
2724 17289 7304 10470 11349 10890 9005 13768 12679 8494 7333 3062 6624 30338 12681 13582 19727 24114 12837 18120 13141 18234 2848 14146 14821 866
8395 15950 14351 15705 8975 16839 10287 7953 20301 10106 12010 14017 0 26472 14330 13113 21619 11914 11886 11956 21083 16742 12712 23003 23493 18743
11136 15909 13356 18497 7493 9150 9883 13562 17630 9705 30232 9516 23177 10431 13461 14643 20928 17201 11627 13384 23020 20892 12100 18192 24900 22387
11279 11734 13413 16177 24462 5965 7847 10256 17225 10202 21840 19806 2797 25212 3198 12853 20481 25198 6012 17290 14540 20644 3030 15679 13039 8917
2625 18660 12619 19732 10725 7516 18992 6135 20906 6372 7445 5144 14850 8139 18340 12441 18132 20555 12424 18297 15448 16990 16500 15947 20979 8962
18923 12684 12374 19147 20116 11749 7404 12525 23905 15181 25271 15895 12752 17242 0 13484 22193 15870 10550 18184 19219 19687 18328 21979 7898 9776
17278 8928 16278 10836 17238 12204 13828 14397 22445 9460 18366 10809 11628 17522 7153 11768 17229 20232 12175 12569 25230 18785 10307 14540 18343 14504
10944 19248 0 17157 19388 29081 17448 10808 22304 11064 18291 14133 16492 24447 11469 11348 15908 22028 14567 13063 15606 18474 9840 15162 10483 11097
21680 15003 6366 13097 7441 19920 13183 18385 24556 15595 9448 24419 10737 17201 22846 8638 17797 14923 9690 12313 17208 21597 11948 16704 18015 0
0 19619 11018 17039 16103 13162 6811 11491 15657 13303 18801 6205 5998 18203 14043 9666 15747 14639 15027 16007 14136 15149 17948 17445 9608 13207
18441 20149 14606 18667 4551 15437 11334 17858 23411 10955 22702 21460 9689 25226 12943 10404 19369 29620 9193 14126 4483 17145 13045 23012 21025 27308
12793 22295 9697 17141 15474 17696 10255 9170 24844 12809 27345 12777 16932 18541 4514 7957 19625 26593 11633 16578 15571 11741 14219 18572 10957 7679
5802 15727 14983 14670 17702 15002 16936 1198 16722 11784 16646 11215 2122 16675 14394 11674 25304 15525 9860 16657 17075 18943 13209 16596 16108 16165
12739 11168 16250 14829 17617 14185 13187 17586 17952 8894 20468 14384 24024 13187 9109 8209 17013 20587 11426 17029 19489 16215 5297 17204 26697 15320
25235 11465 17671 12653 23660 8610 13374 8463 14309 12986 15024 17661 1555 11278 9718 10481 18104 15808 10993 12371 23382 14060 0 21106 20064 7309
14080 12438 16091 13539 9482 25392 5680 8901 20423 10750 25997 19458 13513 15280 2079 12440 19341 20591 6156 14557 21525 18465 2759 10754 20279 4841
14199 16732 6519 16080 19377 15180 10996 19165 21625 11661 33836 22798 20166 23523 13063 12590 18675 21833 9472 12623 20348 11710 17623 15604 24218 5348
4073 12141 11550 15666 4152 12983 3788 20892 15374 13453 11693 21637 0 24905 32299 13324 22515 16212 7953 14807 12813 16893 5894 18745 22863 5514
11634 12745 9908 17777 11517 20833 4694 11856 18176 5972 27627 26511 9773 13759 19321 10515 21245 14269 7898 12763 17316 14825 1462 20603 6908 10503
10979 20783 18519 13635 10093 13674 15752 12848 26892 14202 28680 9670 21104 17548 16234 12788 20370 25200 11425 16229 17300 13609 17215 14582 17856 4774
19096 19866 5899 18060 7991 17763 4695 21883 20346 14077 31449 22545 16876 13228 10670 9909 19940 18460 12150 10725 18296 17848 12435 17622 17669 10930
12431 17234 12169 13906 17802 10220 5901 19356 18588 11426 21414 19941 13408 13945 1692 12473 19635 23592 7236 20835 17573 15956 10447 19077 20366 10347
18038 19819 11319 10541 9090 13889 13072 11319 22206 8081 7548 16123 11293 14129 12584 9414 20045 25766 10733 14666 15210 13013 13845 17300 18871 2240
14632 15320 14129 10051 11306 6714 19656 5946 20218 10384 16239 22885 29322 15016 15204 10662 20643 30047 11577 13013 18570 14247 12415 19922 16401 17908
15073 19122 5366 16538 18883 18171 9234 16901 17734 10736 29851 17917 12928 4575 11153 12955 20171 23354 17153 16196 18663 19965 11366 16980 18915 3387
16766 11831 20284 16245 7164 2699 20005 7901 12775 11613 15054 9042 20483 23672 8844 13943 16657 20226 9060 16095 18270 19918 10444 18180 17188 9979
15155 16862 19203 22582 16926 8767 10530 21214 18049 7430 26649 20492 20408 30336 0 13691 18233 19072 11490 16095 13183 16360 9988 19624 16676 19866
23857 12860 9950 15760 9462 18314 12046 13258 18563 11457 29384 19453 11934 21629 13507 12771 17136 18540 11075 17927 7380 17208 10063 18334 22132 10868
15168 20355 15445 17155 17526 4951 13281 11497 22416 11106 21211 20951 11469 36427 19784 12823 22836 15314 7988 19247 10448 17925 2506 18977 23574 7008
14758 11614 14074 17075 8687 7013 6199 8203 23264 11629 24414 17852 13092 19458 10230 10164 20546 21230 6111 15519 8474 20872 11492 14264 15979 3232
6293 19892 21596 18451 13175 3790 8915 16735 17828 17772 29482 13401 10378 21187 10995 11560 21187 21277 8918 18527 18042 19897 10406 20931 22031 13643
14579 15693 9534 10948 19237 14624 7697 16495 10948 5238 23506 18758 10127 18035 4292 13646 19964 7776 10099 12627 26331 24230 6738 18922 24345 14025
16551 15710 26856 19577 20559 17514 7205 12116 16279 5942 31174 15054 20162 15181 20461 10167 24610 17272 7671 14943 27466 25409 14393 15994 23923 17770
17532 16539 13453 13974 14015 28394 6458 15185 14860 9558 18367 19884 14213 13736 19456 7183 21128 26772 11630 12397 23721 19290 5177 18063 20629 17839
25658 12137 8359 12180 7552 2476 11346 14797 9515 10725 19930 14262 9085 12911 7663 10882 20876 7975 11624 14956 19650 14196 6527 16118 14314 13101
7324 15581 11440 14832 2829 20110 2260 9422 16698 9316 37654 9230 12894 16540 16402 11086 21071 12404 13499 17960 13395 14626 11517 18652 17166 13508
14923 12259 10746 19126 8111 8059 24152 10954 19517 10739 13429 14068 11401 15071 19490 14797 16822 10558 12766 14139 3419 20014 15474 14718 15923 13151
1175 17129 17012 11200 16313 5718 4486 16779 18986 9820 25775 19367 0 18299 251 15037 14195 11438 12623 16774 18222 16669 8890 14786 24354 19051
1685 21721 4788 17911 26231 9145 4434 11259 23263 15512 22195 19265 6774 9317 20514 10818 23539 19955 9390 14064 28526 19088 11484 18489 15926 10241
20988 16144 19393 16683 14466 629 19803 24923 10303 13443 12660 16023 6536 13832 17440 12982 16845 10764 12821 16825 27011 14335 13840 18191 14711 4803
24113 10098 8885 16036 1235 4333 3664 14708 20445 6525 26773 17094 19245 34892 7610 9184 18699 15913 8874 14853 14679 24156 14745 17323 14947 15774
10984 19644 18710 16335 11294 13300 9481 8023 11107 17574 24405 23015 1429 18518 24479 5371 17650 17130 14287 12422 24300 19210 13638 16515 19237 7779
11196 10320 11899 16192 9887 0 13665 16393 14011 10585 11731 11894 22348 29152 16690 11667 16452 8795 15088 19766 18232 14816 15040 21371 17273 14548
13245 12694 16966 16426 13613 21273 6630 11807 15840 7801 32987 20262 25483 6022 24895 10297 22707 25997 11436 19853 22053 16374 4195 11532 15974 0
3026 18262 16961 13926 16730 9372 5769 14818 18715 14177 13548 12911 12698 20435 26491 15411 15739 33276 10768 15434 20639 21093 21095 18732 18072 2946
16675 16029 6807 13877 24550 7321 20749 12937 20796 9872 22301 15694 4446 16880 16793 9789 21407 6532 7431 13188 19467 18242 8969 13538 18446 16704
19851 18831 15949 8364 22013 25196 18239 6238 11672 11481 20340 13018 22097 9434 14396 8078 18892 19285 5429 15910 12156 18812 14363 19778 19964 11850
9940 13760 15405 15894 16825 22375 12163 7498 15065 11486 21974 16043 22164 17538 7148 10190 18019 19497 8139 19045 14538 15291 12891 15739 19606 22736
0 17306 14259 16755 9051 3880 17809 12075 26974 10637 20195 14812 11671 18495 14319 12729 20323 4069 6731 13047 16037 20235 7363 13670 14777 12250
11020 21065 22687 16586 25726 0 0 26990 21828 12721 30769 22556 0 16167 13355 14741 16672 33351 11066 13341 19851 19207 3406 17303 15745 3214
10081 13863 15319 15437 10755 22466 13703 12358 11692 10318 26939 18548 11509 16405 13972 14165 21802 21215 6136 15733 26332 15235 15806 21391 26285 3295
27675 19292 19512 14943 7807 15847 14011 12610 20736 5145 23107 16190 18775 18507 1821 10811 20688 13480 12427 16699 9740 21645 18048 16951 22340 9062
9835 15099 4811 19678 21379 2778 5438 17126 19565 6147 20124 11577 13560 22905 0 15663 19877 8063 8752 15145 22617 16285 15083 18139 20582 12102
23062 13566 2246 14364 3860 7868 7315 19046 17385 8221 16423 17063 19772 11184 7299 13093 20439 25905 12441 14802 15447 16313 8336 14962 21083 11378
24180 16999 8993 14827 23497 10949 15537 10826 14090 13248 12123 13345 17134 15308 19125 10515 19391 18004 11703 18900 22670 21091 11430 20036 20532 1358
11235 16078 16645 18718 10506 5908 16318 16465 23212 12994 26074 6607 18886 16447 15800 13299 19250 31736 10219 14506 19519 18917 13768 15078 26018 22049
5076 14980 13957 16691 17623 13378 15000 24568 18422 8194 25238 15849 19089 26194 15215 13339 16640 15605 10416 14771 6949 12507 14442 21694 20351 949
16356 20977 7617 12250 12302 10282 9547 21362 8738 11239 15208 15516 15568 10906 0 15427 20623 27921 9535 17368 19907 12231 10774 16771 27680 3324
12398 10808 18634 17084 8293 15366 15524 15514 17848 13335 23054 17900 15776 19469 4022 12418 16777 12301 9396 16579 7079 17768 11088 18716 15217 16331
18468 16254 12025 14495 10040 16237 0 13748 12799 7901 19737 21300 8687 18003 25175 14940 18674 29605 9043 17730 11079 21381 8225 14334 20641 10212
14087 15852 1446 16032 16902 0 17015 9207 28402 6132 30049 13603 9728 18834 5811 12075 16214 27002 10414 14982 4660 15689 13606 17399 20535 0
6861 15237 15118 18838 9731 14316 14334 13955 22456 11640 18144 10816 12806 29485 7375 10772 14042 24584 11128 16626 15549 15426 18023 19131 12745 5253
22360 18839 15082 15687 17918 6137 7854 11064 20750 10908 34302 15500 19881 9465 21809 12566 17794 29473 4807 12672 9361 15132 9569 19826 25693 12976
6407 10735 15312 13659 12717 15656 17242 3809 19904 15485 11030 14298 13924 15787 15779 12583 22802 24502 11111 14371 16802 16898 13091 14987 18336 1846
17091 11933 20775 16154 29639 3945 23273 6494 18855 10244 16811 11237 24873 27227 27168 8592 17284 19222 11657 13444 16951 13694 8794 20988 20832 20289
1712 12580 8713 12564 21801 7574 2970 17289 20703 15588 3503 23909 2875 12125 20193 16085 20060 25672 12376 12248 27492 21874 7178 16199 23687 10344
10423 16015 8297 19668 17950 4918 7343 16439 18472 15139 27267 7438 23751 14551 2200 13940 18386 19810 8216 18633 12709 20966 15002 18646 17656 15440
934 21616 23661 14950 14736 10865 9773 15604 20843 8608 23671 9025 7688 17039 7568 12047 21863 10408 14660 13890 15243 21073 16103 20298 22453 2945
5857 19092 16020 14091 21340 20023 25778 15344 15422 8600 27875 13984 19497 16185 11469 11750 22799 15722 12117 16719 12346 14573 16924 20446 15255 8692
11583 18569 8757 14749 15377 4501 5386 11941 34168 8274 27884 22551 7611 33740 19987 13046 18394 25344 8253 15802 5065 22495 6683 18284 13898 23865
12232 20434 14190 12211 9221 11659 2918 8678 23876 10684 21830 19147 15051 17117 22703 10051 18454 19605 9794 16824 16696 23033 19131 15683 12658 9926
11285 15470 13937 16916 8006 15644 10324 14876 17896 11873 27086 10509 12636 17119 14730 10167 20507 28744 9679 15513 15120 16198 14510 19210 12450 10836
14052 12569 15896 15814 22352 15761 12974 992 20696 10621 7762 17150 22263 12396 3233 10455 19795 18414 15337 21140 19438 14960 9976 19915 14240 8390
14758 10028 17356 15940 13999 24068 654 21831 22227 10974 25253 19109 31729 30326 547 8288 20469 8178 13023 17577 23161 16567 5162 20601 20578 16895
8035 18774 20835 14004 14653 8631 9742 13323 19202 12200 22649 22205 1809 14929 5347 13717 21830 17535 13124 20128 18110 18873 10793 16065 27045 15424
12651 12281 8736 11999 9069 15494 3551 12323 18559 9736 13189 29825 17834 20801 5178 17178 19630 18388 6546 14285 18247 13168 11152 15673 20472 23716
12195 17227 19959 11804 19186 18828 4932 13420 24391 6994 25101 11642 17755 18087 8300 14858 19758 25361 9727 22441 20899 16361 8006 18531 20616 12792
1690 17685 13809 16485 16597 4546 7480 5143 14116 5819 11614 22065 11555 21952 11275 12368 21014 13775 12053 14689 17597 11716 15271 20978 18789 8750
9772 15694 14873 17435 11931 16947 10685 9474 22062 5358 12471 11161 9210 26555 0 12456 17760 19726 8564 11203 13852 16275 8809 15318 15880 1448
4038 12033 18721 16064 14784 9374 8721 12248 11503 9622 18176 18615 13880 10208 0 14310 18984 15725 11203 14399 25443 19694 12425 16652 22084 9673
15157 13320 8121 15128 10484 15115 14920 5264 24346 5458 21494 9462 4820 15207 14929 12819 22844 19785 11862 16431 18217 14208 12305 16938 25086 10637
0 16938 10460 18919 10976 7629 0 21396 14653 17804 19617 13625 15450 21231 15930 10996 14388 16969 9830 19712 14634 20247 11588 26057 21062 12489
9851 16372 10878 15333 8066 1687 14100 7996 21919 14220 20633 13667 15454 11671 18634 14655 20342 29940 11154 14713 9945 15439 12839 18874 13817 10117
17986 21674 14752 17202 14112 8139 13495 8906 24342 12640 10678 20895 18065 19149 1052 12968 20675 19393 10745 18736 19847 21607 12341 16795 7287 14636
13644 11579 20949 18889 13370 7027 8436 9768 18941 8273 14242 17585 16073 20359 1093 10441 18897 14128 15365 16197 11243 18286 15888 18612 15723 22738
12043 15753 1734 16377 15904 16485 6377 22004 23157 13039 19515 9130 11730 17705 0 10421 16593 25415 11555 16614 16359 14349 17064 18894 17397 11062
12172 20681 15757 12721 22764 19766 5451 11523 24685 7082 26912 12756 8272 21154 2859 10342 22649 23966 6236 14256 21143 15100 13867 16897 19445 6093
6409 17119 25073 15043 19451 18143 5977 7853 15063 7081 9548 13716 6360 24958 6440 15161 16745 20668 12130 13698 18037 19350 9892 11831 13451 9129
9511 16775 23652 11772 17229 11623 6817 18058 13507 7618 31632 9037 30331 12617 17040 12478 17680 10850 11120 16694 13819 15550 11354 18245 24599 14584
10991 18917 9826 14118 16144 11099 8160 7161 25836 6934 10790 15023 21298 16741 17628 11241 18298 6074 7574 15127 6579 20534 12982 24019 18767 995
20498 14585 11083 16129 11793 6781 1498 11307 22830 11440 22891 11417 23011 14882 22152 8270 22420 21771 9447 14000 22581 19893 6030 17529 14284 113
6542 16313 3750 19188 12480 8565 11756 8890 21143 21322 23881 5761 21244 14153 7238 13735 20105 23137 12648 15272 19415 17551 15347 16509 17994 5919
11574 11609 18354 10787 10866 10551 11904 10386 22839 6828 20053 20561 27500 19430 25016 9005 19426 20302 7272 8327 13315 11034 9394 18558 14087 10354
13106 15801 12438 17722 16329 10511 4810 8049 29252 6998 26422 13891 11736 10806 12909 13447 20970 13992 6668 18534 11305 19354 4920 20762 16976 4743
17379 14339 11177 17689 19252 22963 7845 25721 26937 10745 23665 20992 2310 18400 12621 11296 17239 17088 7243 17099 11254 14924 18842 15248 19000 11372
11505 16509 6130 18021 12364 16294 12402 13061 13712 13929 20926 10073 9023 28937 6839 9751 20233 27750 9463 19445 23083 23357 9254 17814 16659 13828
7634 19960 8805 13334 16133 13588 13082 14498 16773 14670 26908 18059 10320 7428 20987 12615 20077 17461 14868 18238 12650 22282 12732 11100 17916 13144
15827 16312 21680 15620 20160 443 8957 12289 17650 5465 15113 15797 13929 15281 11618 8784 18120 22816 9336 14050 15396 23090 13973 15494 25069 0
19370 15585 8766 14284 18379 16849 28811 4220 23715 6171 13342 13047 14196 17189 9731 13451 18750 11243 10339 15711 11411 13194 14702 17426 23121 7480
8299 20238 12145 13585 15371 14590 14728 8445 22439 11566 30592 18737 40534 14613 16665 14920 21796 19109 11539 13873 16643 15200 13953 15753 25802 11095
8423 16840 12048 15245 3102 14865 5231 13393 14729 10139 18959 14484 19898 22689 0 15532 20813 19428 9554 18586 19794 12303 12812 17026 19481 13956
10591 12057 11142 14750 15193 17216 0 14429 28657 17433 27815 14868 9261 26479 12145 13303 21425 22082 11707 18669 11531 20551 5832 24190 28762 4787
17456 19904 18798 14030 8993 14545 13939 14558 19396 9067 15515 12720 24008 18561 7589 7126 18298 21044 7866 12862 10010 12651 10980 16327 19844 8350
12269 12838 10000 21991 12837 11728 10002 13533 17587 8821 21409 14042 26138 10101 19382 13478 19300 17497 7848 17789 16334 15307 10535 17122 25666 6109
10723 20559 16548 7725 7167 21615 15631 12536 27333 9225 35231 12954 10321 20746 17878 12705 19637 22336 8556 15516 4076 21394 15095 15301 21286 16140
16249 16182 16572 16725 10022 0 14654 5967 18595 4912 20035 3286 25818 20743 14026 12967 17067 21589 4835 17094 16185 19121 6480 14523 23170 20413
9063 17727 13008 15578 11365 8142 11116 10594 20492 9870 17793 17658 11273 15321 22667 10208 19148 34438 8665 16839 12104 19617 12802 21988 24517 21337
1855 17421 19210 13777 11148 9752 17290 11606 22722 7879 10770 26367 2110 17527 5564 10693 17550 11515 10672 14323 24629 16003 9936 15328 18206 0
6639 12722 7500 20035 11994 5696 10291 10108 14728 9020 14897 19885 8049 29408 0 11542 18527 26898 5894 19132 12065 16349 22996 13110 16654 18370
5946 19015 15243 14641 9099 16748 15010 5425 15822 8430 32856 18825 8634 8164 11700 10868 20830 12656 8072 16622 10636 17118 10216 18149 24563 3752
0 22310 20310 20760 27923 6425 17377 15577 17730 9637 24086 20069 14736 16550 8973 9973 18359 21676 11920 15309 17882 14388 7954 17745 17763 2002
10292 11848 11963 12029 16702 15207 12705 12177 15853 12130 19455 9224 20645 14009 17688 11575 18075 14937 9623 21576 21865 17440 12709 14646 21153 10030
5165 17155 11309 18540 18097 14272 11145 13708 25597 11509 14456 16335 5136 19999 21275 15931 17231 14043 10283 14676 23836 13569 9329 20915 10186 6382
14673 17337 18324 17910 10653 17544 10100 14955 17741 15573 9231 15168 21692 15208 21400 13129 19797 11270 10720 16376 25949 17843 9476 18778 27146 6391
13676 16546 7214 13873 11618 13237 7942 6945 19383 16176 18946 22656 6950 10562 10104 12867 21460 19298 10101 14685 14424 18426 2918 11135 22915 4147
25208 14780 14654 18896 10506 11091 7778 8786 13243 11264 25413 13775 9130 16212 13475 10208 18953 22135 12216 18235 5812 21715 15719 17131 27317 2164
14612 9630 18809 16548 10963 0 20347 14509 16020 10621 22312 12078 22386 18144 8896 13404 19041 28511 8274 18885 12891 25485 15213 21186 19950 12300
17814 20802 21314 16720 24247 14409 2013 12633 16785 8660 14840 11812 11828 22310 20581 13932 20144 20090 11868 15770 14725 13702 12790 15955 14893 2992
16567 11084 2421 18126 12821 7437 13584 18317 19027 9548 20807 14448 12989 9655 26348 8924 16054 17864 12191 19010 22278 20140 14165 19152 27420 9113
23959 18151 9705 17035 18776 10315 8443 11622 11306 7395 24740 13327 5762 17701 25250 16398 19937 20030 10703 16204 16519 20884 7315 15099 17771 7419
16696 15446 19213 20629 23234 4675 11384 11856 17168 10694 16708 9866 18072 16727 15585 14984 18472 22359 12577 16225 18741 15966 12704 20687 18396 0
9832 10229 13440 12708 17038 13629 8239 18625 21952 14055 19058 12117 11530 2898 17092 12533 15425 25336 10218 12945 25526 18837 8251 20730 19154 14423
26892 13948 13779 17379 11728 4413 17550 24459 23712 9283 21111 12045 21297 26805 8369 12553 19631 12696 11189 21498 22170 16309 11312 16053 21485 0
16902 16493 4077 16111 15755 10802 12549 15998 13296 10130 15866 18686 14629 9585 11880 6921 21453 17360 11209 15521 13631 19430 11277 17948 18466 1613
12934 17070 15917 10180 6767 0 18267 15811 19245 5742 4309 24710 10371 20002 24244 12954 20411 21427 9534 17973 12200 24979 17250 15185 18115 10904
14787 12679 12722 16982 13356 25902 17233 15666 7631 15060 23176 7727 17783 12200 17778 11831 15793 31983 11328 16761 13290 16281 18719 24773 21096 8479
15158 20018 11295 17863 9857 9000 24885 19592 22369 13851 16357 15346 16842 22027 10401 8399 21429 12339 13030 18547 14367 18938 14118 12132 12675 4539
7848 19472 21474 15807 17226 15259 15259 16411 22886 13112 13469 21014 23337 25431 21759 11489 20601 23342 10318 12674 11782 18332 11731 16834 17872 0
10356 17368 14128 21791 15507 9817 5137 4422 9454 10745 11077 16013 5871 20541 13678 11199 17502 23327 11952 22570 21682 20183 13299 12029 27675 21918
14945 19603 14180 15212 14900 9412 18900 15426 15443 10722 20974 15348 14878 21821 10454 11952 20815 18897 11677 17788 16510 20152 9406 14893 21751 24077
18919 13781 12598 13272 12409 12502 6855 9156 18778 11693 26328 13159 24132 15451 18990 11421 20151 13136 12846 16703 20230 20142 3566 17797 10042 6996
410 22150 12131 18425 1881 12916 14054 11482 21150 8324 25542 23750 14762 14781 21282 12415 21706 28577 10125 18202 18228 16231 8758 15009 21134 9666
5726 16653 24570 15291 22291 8009 18199 19395 16332 10916 11448 6324 8298 14369 12371 7501 16774 12917 10705 16347 15493 16059 214 15328 22034 8331
6382 18456 11260 24495 22642 12406 11634 14006 25172 7377 12765 6823 17263 30750 10691 9747 16095 11496 12935 17217 13876 11070 13556 14501 7154 8769
3921 13154 23432 15599 17458 7199 2197 13662 20012 13049 13692 25727 26835 9854 12254 10081 22289 7152 6447 20605 11755 22047 13892 22947 12139 4637
13064 16561 16107 16988 15651 19946 17157 14087 23956 8107 16096 14391 13020 17145 20671 11995 21040 19099 11854 17587 22047 13410 11912 12622 21666 7126
11884 14629 15474 20130 8845 17480 278 13697 22273 9025 22201 18453 4312 13241 15232 9065 15959 20407 12476 14048 12069 19754 8057 15900 19050 6866
19004 18413 956 18505 25698 16857 9805 14629 15751 11116 16244 11242 8121 26423 0 14937 18537 14601 12719 17175 16716 20618 1320 16128 24815 8379
3210 13409 13859 18152 9533 12079 4666 18497 21366 11630 26591 17409 3744 19058 17570 15623 18911 21330 11437 16875 13688 20214 7840 18304 18868 7088
11108 16867 13530 17634 18783 12512 7145 21385 9471 7728 22252 15239 29203 10185 17286 12373 20796 21333 7773 15870 13008 16742 15830 18114 22860 4600
11578 19407 18612 14387 11249 13670 12330 17245 20103 4427 21741 14850 25663 20315 23808 11378 18114 22289 9035 16420 17810 16788 9613 18329 18610 2648
19527 15525 15337 18164 12329 15564 4109 15064 17271 17626 12288 22961 6549 12731 7261 9193 21952 21551 8877 13177 13743 22034 12516 15279 23335 7394
0 22357 23174 13830 11807 7175 16504 7840 17633 14428 30693 21151 28460 11780 9804 15954 16092 22057 7479 13878 17307 16701 3658 15390 12979 4593
4031 19429 8540 17942 14188 12251 9890 11974 13617 11151 21021 13797 0 20297 21150 12344 20270 20223 9813 15409 15044 16497 15137 15521 22937 13903
13694 14044 11157 18217 8204 18315 8812 16050 17393 5707 27887 5925 9818 29582 15172 10213 18421 26006 5257 16141 22337 17989 5023 17759 16824 23700
0 15715 13197 16746 23446 10495 15935 14217 19297 10775 25027 15521 19129 24946 24008 13109 19849 8844 11107 13836 31622 14591 9184 16671 19758 4688
16904 20717 17780 14402 13113 3962 9649 22034 16946 14706 19838 17190 19737 15257 20187 12490 15626 32623 9118 14235 19914 13477 15972 20179 15074 14220
2553 13546 14538 14826 14011 12661 8875 17415 16567 13838 16364 20830 7367 12203 14965 11700 20925 14828 11475 15123 12410 18777 8486 21354 16137 14863
2046 16264 13585 16964 16949 9280 11549 13421 18493 7765 29591 15472 9963 16766 19833 10585 20641 14629 5573 15827 9281 13917 10846 10594 21421 11007
4563 15557 10858 15480 18396 16613 4800 8561 12940 7977 24348 7724 11159 7787 11021 13715 18723 17109 12553 18783 19723 23747 15675 17507 15105 6974
18564 17242 4872 17688 15290 15411 10517 10404 20059 12026 15522 20038 5879 24699 0 7207 21576 13932 9976 15603 19121 18264 5964 13504 15820 5548
23096 15112 14607 14956 21477 19016 13616 3330 13419 10282 24926 6840 12354 22021 14461 10689 18418 22534 9266 11808 11771 20709 15530 14341 21787 8651
7983 16992 19619 18133 14693 9888 8770 17905 19782 10610 30191 16322 13340 11948 7809 15589 16949 15779 14768 13718 18377 11436 5845 15973 20106 7879
14852 24534 8905 15229 18496 12631 5108 16303 28886 10229 25104 14000 24414 11517 18751 15453 14180 6069 5799 19499 10289 13780 7844 18988 23311 2812
20481 14400 13504 15786 12730 12669 16332 8622 20259 7702 16581 10450 11080 8010 8640 14711 18187 21568 10439 15241 19626 17302 21903 16536 21679 11545
12473 12138 7339 15109 14985 293 10857 17255 24821 14318 22510 14568 10313 20792 5646 8835 19419 14128 9731 11665 18099 16521 15372 16422 19827 14519
8041 10393 19784 13665 17495 13426 8220 18178 20228 13604 10940 16353 6035 12793 192 10717 18203 21540 7222 20104 20740 16815 14430 14633 12696 3166
16032 17056 19511 17153 25577 19471 12765 20879 23591 9076 16033 15364 10288 19019 10525 11774 20710 21229 8930 20521 9565 12374 15460 18593 24583 0
6501 16569 8129 14245 2490 9157 9791 11399 30501 13921 12559 17723 16689 17327 7610 12170 17781 11190 7246 20744 18026 20635 20434 22368 20030 22299
14436 17847 1137 12033 11485 12318 6789 12608 14486 11904 27467 17191 2401 8634 23812 9574 15377 25295 8940 17555 27499 18805 11472 17284 21460 9996
6502 21608 9434 17575 20280 24080 13129 9548 18902 10401 16552 10362 10966 17605 21734 11181 18532 28115 10528 15478 11341 20649 15456 12899 20312 8712
28998 19031 11765 12623 7780 10290 9521 7914 20108 11013 19795 16606 17743 20875 16229 14805 18173 37421 12623 18839 15214 17975 12902 24281 23717 12557
6663 12080 13540 18022 10412 15794 7849 20762 23585 10189 21134 12454 20119 24055 18673 12123 20314 19492 10508 14697 6554 16386 13237 26184 18513 3785
22159 13851 17583 13385 19224 5739 9560 2158 25839 13898 44608 18935 22994 13445 26741 9925 13880 17759 11579 17911 21376 17814 6797 16043 11253 19210
16150 19165 9442 20480 18479 10362 12066 8126 16615 14063 17706 20093 465 6758 19415 13456 22135 19521 10633 19626 16197 20942 13444 18172 19222 7935
18239 17844 6993 17227 13770 14969 15313 6555 23103 6277 24780 15902 8061 17408 13653 8328 18554 18240 6273 15938 14951 17908 17653 19305 13317 12605
15785 16842 12328 20781 2128 11552 12618 16749 28012 17071 15140 17502 13144 16182 11151 16268 17574 13245 9226 16656 13900 20660 8376 16166 15010 7985
6181 10645 22544 15410 22755 7435 24375 18912 20971 14060 1398 21479 810 16440 30065 12504 18949 23464 13085 22196 18405 14920 16224 21095 16177 9766
10370 17224 7346 12097 7504 13153 0 12017 18209 13761 14503 10176 9249 22712 10942 13175 23319 11815 6038 18099 10947 16289 13707 17689 17483 3686
1349 17845 14204 14558 13695 18213 6293 12592 15969 13969 18183 11194 7340 25082 20265 11558 18479 15702 7626 15789 4044 21781 16774 17186 10122 7786
1005 13407 7200 16528 14988 8855 17059 13097 18709 11572 15923 20934 14966 13938 11948 14341 17838 23521 11676 14554 5569 16271 16324 20857 17687 18419
0 17979 22098 17596 18650 0 12505 11276 18707 9584 37479 25486 17385 19421 26564 14370 20730 22771 11216 22280 24189 21586 3132 16851 19318 2653
24697 21008 12849 16089 14586 7447 4544 22899 23889 6525 14936 10526 6083 18690 21024 14882 18605 15282 8842 17301 11447 17746 526 15715 21351 17706
14034 17044 10846 15274 12769 19555 11438 15395 24497 15520 31334 18027 12121 21547 8737 16969 19004 23872 8234 16724 14215 18426 11225 21309 13400 4088
1951 21040 7584 13113 9097 17328 15442 5563 15707 14275 14409 10968 6469 18290 18085 13168 18911 13590 9521 19551 23866 21665 681 16668 23411 4086
16641 18495 21227 16763 14286 13988 10179 19971 17756 7712 22289 13506 5252 21635 25140 14906 17929 16899 8798 18382 12615 16633 16636 15666 23690 9457
13763 17714 10246 10198 11442 11929 8220 13043 23978 13440 18425 6738 874 19117 11720 10465 21332 22002 10686 14370 20451 17500 22291 16469 23307 0
