365
39 34 14 30 98 58 72 55 91 100 54 82 88 30 5 31 69 21 14 61 19 85 97 7 22 29
9248 19408 13621 21620 21117 7613 12592 16784 16238 13375 12860 17438 25453 11279 21845 21359 3796 19130 0 0 20778 3067 14328 7386 5605 9580
10267 20851 13337 15255 19960 13232 16541 15517 16942 4162 5966 9803 15890 13723 15571 9814 13994 22853 0 2991 22570 3877 5534 9600 8792 10243
15270 21907 18496 28671 9341 8021 13163 23596 9120 19400 8592 15301 27193 10444 21205 20716 0 14226 2492 5109 20185 9767 11378 15404 6694 13467
9381 18689 18996 17013 24540 13535 12565 9962 9670 19530 12347 9343 14355 19334 13107 17250 5243 12246 10855 3412 20267 3878 12781 16564 11031 14003
8160 10659 25631 12762 18945 5267 12596 5472 8267 9514 7104 17470 20616 24419 9834 15186 10295 11198 16969 19941 21134 8388 18538 28880 4556 7744
10419 18541 21197 16063 12998 17324 17166 13253 10217 14761 8024 16084 16959 14400 22128 24225 5864 16179 7657 14300 22146 24760 15279 8251 10559 8990
9322 16348 23683 21583 17910 8262 18031 8496 15032 9261 11527 14690 8357 5962 25151 10975 9399 13405 9074 16826 15443 3881 9285 18256 10524 9945
5971 22301 18459 12338 18886 8583 11207 10851 13601 4003 9959 12367 26710 9982 12323 9443 12083 12679 5736 4147 14891 8269 12861 12663 17440 11065
16449 21008 8365 11894 23228 8816 15660 14027 13831 4963 13129 16264 20406 5206 33044 17687 14137 17203 4093 23038 21273 1184 17554 21086 12232 3347
9191 14992 14341 16224 20535 10440 17344 18976 7205 10081 7287 11718 18999 0 10357 12237 0 24516 9880 2123 18475 5270 17386 6495 10698 11290
11024 18783 23256 19770 20397 9861 15074 11228 10101 13820 9515 15690 21202 24226 30812 16304 13056 14396 8953 6984 15602 7427 14502 10406 10732 11238
8940 18223 11042 17978 11897 4765 19673 14446 10932 6371 16081 12936 18492 12343 18462 12096 10441 10677 6312 25462 17600 15195 3042 18910 14629 14745
6515 15427 21887 18556 16411 14376 12284 15126 10832 5061 8739 14251 21197 3504 20829 22064 11705 15255 12205 11140 22262 4475 15699 4344 17967 7812
8909 12889 20185 18865 15546 14767 15636 32275 2529 9725 8077 14586 22123 18006 18497 17636 1708 19607 10540 18426 21083 21056 0 16316 10699 9532
9162 20323 19685 27570 18450 0 13777 14926 2674 16672 15238 9345 18036 7183 20487 16210 6455 17807 19826 14348 19359 6614 10507 18143 10737 7604
5602 19741 18318 11523 1226 7959 16377 0 12597 8324 15073 18073 11649 16155 21709 113 11269 14515 12162 11168 16981 14137 14315 18324 8059 8994
15137 16871 22649 22835 21972 11268 12785 16258 11126 19073 11144 10280 10456 12926 32524 13049 4386 16075 4152 24004 21448 15990 14000 17957 3421 17210
15155 21041 8709 12614 10364 12247 13420 11864 12748 2341 20584 18987 25253 21259 12324 10813 10495 9118 7827 15086 24734 0 11647 19173 5896 12805
7915 5937 33703 13217 20319 5986 12647 14294 11862 18341 10889 11674 25121 13877 23032 21731 15038 20051 11712 4838 14262 18485 9542 11417 6531 15287
10269 23995 23237 18493 19716 11515 15832 3331 12792 10366 12396 20137 20139 0 14631 23517 15163 14985 15885 10598 19759 24192 8424 14456 12753 10898
8804 20747 36466 18998 9858 7347 17049 16415 16141 4250 11635 11239 17376 13811 7559 6731 10158 25820 8646 7479 16738 5615 5701 23251 13042 14076
8601 27695 25973 22559 15083 14789 16636 9497 8569 10042 10601 19012 20593 15749 27523 26368 10917 23303 16279 17257 17700 8067 17121 10694 5954 7588
11892 19094 10915 20048 12320 18135 20458 15502 13289 12198 15542 7753 24133 6069 26233 18720 18078 21010 422 0 17864 5345 9469 15390 9467 9639
13145 16817 21325 15721 9240 14482 20445 13372 11482 5061 10359 18527 22182 19754 17036 24887 7577 16380 15825 7267 16686 0 15268 21988 16449 13233
10541 19660 12160 26593 17533 12292 15403 15577 12508 12472 11594 17326 25145 2815 20977 21082 4914 17130 12402 11954 12287 8842 15883 20440 13679 15258
8917 18061 12819 17093 20627 18311 10282 21316 14381 6596 11713 14519 12445 14591 22474 23813 8917 19672 7787 24985 20376 0 22798 17453 15843 7003
17063 16487 24879 25855 20001 19934 12689 11719 10523 14547 10278 12089 18424 18629 17314 10060 10851 19770 18464 7239 18492 17958 13691 16679 11377 10304
10292 22731 24106 15553 11102 14691 17160 17599 11630 5098 9180 12931 26173 14998 29729 8638 20302 17999 236 18252 22787 12254 15961 16288 30 8864
8013 26346 15048 16685 19538 13334 20717 5729 14331 9025 11556 6580 17938 0 17112 11413 10255 15781 12503 0 22209 161 17406 7805 10282 15464
17429 20443 7908 23487 7236 0 18083 8381 11749 18953 16103 16696 13890 29545 0 7734 10537 23231 14267 2070 23756 5461 3117 12441 15296 7565
15117 21075 16843 17541 11308 6702 9856 13212 14248 8878 16220 13146 35137 11216 18139 18795 6010 19399 14737 10794 16170 9751 10894 26040 6317 14393
9871 17466 21753 19342 8987 9280 7254 7243 19734 6130 15140 16235 18960 10033 21979 25710 8223 12239 4810 20646 18925 1242 13278 19732 11947 14476
3386 18753 21022 13176 25241 9247 25544 20276 16003 7083 11798 18225 18978 15529 22142 0 10249 17987 4815 14018 19040 6826 12009 11123 6235 6724
9104 15783 5220 18921 18258 0 15335 13587 14491 16241 10670 6163 21053 20590 22305 7146 6280 21619 10316 12787 12725 5916 15119 12974 12300 8380
13336 20006 13943 32170 17025 15758 13276 23523 6363 14375 16433 13128 20403 12966 23542 24329 14376 14759 7088 27069 16386 9063 10482 15410 21200 12762
11611 20655 14081 15859 16624 10757 20480 11787 9949 7302 10174 17599 22817 13586 21819 12843 20406 17161 10060 0 19539 0 12997 18648 10169 9657
12630 15435 7301 18660 10022 20570 18575 7507 7450 16110 10405 8432 19235 19134 16758 22632 13294 10364 11025 12241 19572 1319 14804 16835 4538 13328
15452 16918 10002 32854 20400 11147 12041 14288 16821 4860 11224 15604 14293 17729 28136 17285 13068 14193 5236 17354 14579 25547 8064 20727 5630 20870
10581 15333 17163 16056 19376 3556 16106 3805 15949 16841 14060 12164 20722 14894 24173 7691 10423 13435 13915 1534 19776 9868 3125 13147 4021 10744
6369 15979 14336 18849 19805 17105 19575 10829 6451 13635 10574 13463 16659 25067 38393 14083 14375 17200 16157 2587 14592 9118 16456 15856 20382 10245
10526 22731 7441 12731 8086 0 10819 6871 12838 16205 9852 15037 20659 18095 23851 13392 6370 15987 20775 2723 23660 9688 16530 8047 15308 12631
12263 19304 18702 17683 18470 13891 8677 16220 11279 11036 11889 10927 12829 0 28630 14738 8694 12464 8484 14832 22435 398 14127 16156 661 8939
10642 25206 5536 15557 13425 13571 14061 19086 12336 10808 11495 14585 33426 17093 25822 7027 12754 11329 10656 9790 22146 7856 9085 21416 17710 13262
7508 14009 23702 13708 18972 3313 13567 13413 13464 12437 11627 13746 28520 789 12020 12331 12446 18436 11309 20373 22058 21987 12454 7192 17010 13496
8380 21065 22582 19019 18404 2699 18277 6978 12911 9240 10598 20111 13272 8262 37164 16512 13510 12667 12652 14133 20887 2383 17036 10944 17335 9446
9741 17202 22902 11944 4865 12647 14436 15185 19438 17466 8299 13561 23228 9951 29250 26923 15046 9736 6126 7689 20320 20527 18870 18918 8206 13070
13649 13437 24598 11776 22030 2616 11949 16607 0 25073 11655 10205 22284 5833 20812 13838 15461 10873 20830 802 14292 11689 11358 24775 7095 14146
10981 24631 12335 16940 16818 13496 5008 14067 11774 14126 2600 11216 17029 15907 29707 7735 10779 15128 10615 14950 20656 20306 15986 23459 15490 13930
11314 20732 17048 22438 9888 7520 21323 15825 11219 10603 15933 14785 9755 11700 24715 23415 5385 16476 14971 3508 16687 11919 11274 24583 10811 16748
11759 20829 24655 11921 21003 8714 14519 13100 9549 10951 11284 12259 30323 14499 21053 7271 12019 13694 1784 12878 18282 3891 10008 20722 6932 11999
14653 16042 18008 19756 7843 17395 16135 17345 7259 4533 14478 14081 25376 4347 16102 5990 8756 19234 12338 14019 17618 12031 11712 12589 10726 14317
15560 15892 16291 21639 18110 4058 14714 18259 9268 8482 7582 8610 26577 12585 3387 5491 13594 10335 19698 15139 17771 8001 14533 17184 4715 14051
7772 17885 20925 24637 9242 17000 13789 19983 8022 14001 11033 8163 17322 19257 20818 22500 11018 20996 5008 10077 18784 3729 13793 26002 8802 11552
16407 22932 19685 10912 15683 18339 6271 21065 5091 5782 5654 9884 18199 21455 29063 8889 11787 642 13869 0 17236 1148 9427 22231 5015 11619
8801 20430 19238 20741 24369 9444 16186 7779 15533 10778 12394 18039 12427 8220 10891 25064 0 10661 11861 0 18102 8681 14895 11471 17205 6587
11821 17335 13017 18498 14401 7327 16151 12087 15857 15239 16272 19864 14871 8134 18328 7776 2794 25970 11604 6373 15084 12270 2118 12395 13523 14714
11607 12465 21463 18395 18516 7747 16031 9032 10730 20015 15799 7250 21989 17899 14868 21139 11137 14383 22998 5956 22045 7462 6702 24046 7826 14974
9283 15127 4423 21850 16272 10128 11913 18175 7908 16219 9017 10740 14667 15779 8762 9692 5721 14355 14667 18658 16831 0 10547 12468 15787 11947
8455 8997 27665 14858 17039 14430 11411 9684 8494 10300 15450 15396 18839 1515 22865 22831 8603 23867 13347 7202 18080 7169 10050 16059 15012 14409
17446 14907 12251 17185 9434 17053 13615 18907 4645 16415 12198 12642 24198 9664 26130 13812 249 10138 12582 18572 14344 24179 9489 12653 14463 2292
6195 28919 6237 15645 21405 18202 11801 14045 10225 14051 11797 14562 6126 9588 11969 14834 15564 13562 15150 0 22902 6011 17554 8138 14361 9958
11707 21465 1364 24234 17524 12983 12558 15146 18523 8963 15074 7533 16924 5482 37691 17703 6395 23241 13459 6344 17819 17214 8742 15752 5373 14751
11967 18019 14525 23171 19869 18195 15324 3054 12560 2379 10556 13258 13794 15375 28526 17680 14757 10192 10684 13287 18411 14437 8211 13998 6553 8949
13698 18814 22827 24139 23841 8909 9702 16320 7012 8816 14093 12835 25285 3932 9148 14821 8152 21621 14736 7861 19974 8559 7933 27552 0 11497
6906 22291 16696 19200 9041 16114 12085 15209 8815 14628 5725 15250 13888 553 35942 27094 15575 12230 10015 4438 15922 18508 10211 20540 14980 16876
8191 24115 15055 19773 27301 13726 16115 9751 9101 14833 15749 12307 17778 19914 25507 25923 10587 14640 5245 8265 22052 4229 13115 11286 6541 9239
9836 17223 22109 16315 19534 14239 22063 15115 14462 14210 10236 10661 6991 34074 27982 14600 3281 18558 20313 7513 18872 6328 25120 27214 17727 7662
14297 18612 18054 23622 12501 5900 12073 13996 8070 11096 5391 12015 22407 7897 17765 17033 7769 15176 6251 12604 20980 7582 12226 17961 7086 15133
14447 14367 28761 23121 7186 16520 14999 11136 12566 9596 15828 15461 29648 8202 49884 12693 10221 11456 12150 13045 16531 14618 11206 15888 21446 7202
7395 10369 17568 23687 21402 16962 15681 11390 7307 8694 9284 10574 8413 26371 22057 21330 15765 10977 8406 680 22284 7980 2803 15023 13215 13619
11909 23772 16234 20152 8322 8969 11461 12763 10907 8983 11001 16730 12285 25836 4907 21832 3924 15077 16504 21054 22467 13221 11198 18762 7262 22384
10122 18360 4650 14742 17605 8110 15029 15929 10069 11752 8808 12340 11928 13087 18706 25690 17094 20805 1983 0 16431 17006 13624 17874 7340 10651
10008 15499 20429 15047 17573 20732 18785 18124 13539 13925 12212 16141 29898 22569 5553 18380 6477 20318 13506 14957 21545 13163 12792 19717 2872 14451
13961 14430 9596 11237 21877 7639 15017 7979 6137 15013 12273 5244 19594 17817 25404 12186 12017 16183 8610 13143 16301 0 14333 27657 3837 12730
14416 15594 17618 16854 26387 8980 14200 6828 10321 6452 12936 9628 21552 9686 20345 17091 9909 17554 9064 11011 16814 19240 12480 20678 13665 14214
11744 21120 22684 22798 21307 10602 14790 13903 6327 16956 10148 14018 17422 10504 12496 18301 6943 17491 21397 10352 16083 10398 9815 17872 13688 5581
11946 29489 29945 23454 13400 3190 15700 21414 18320 11711 6661 13043 15810 12877 26180 12618 8840 8815 14791 0 16741 14890 10472 18392 15461 4928
11806 22070 18098 24413 20873 15979 15591 10402 14105 16715 6454 15866 19745 4238 27727 13766 550 16247 13820 2989 14971 17254 14174 19952 3690 11325
14521 9269 18599 6402 8606 17444 17199 16197 15593 16040 9385 18057 22939 12330 8722 19865 12874 16694 20199 6324 14252 6784 11482 15399 11508 10636
19438 15392 20263 23632 18550 12076 13767 22696 8052 13468 3988 15394 25456 12397 20079 20732 0 18076 10620 0 19389 18285 4270 5724 11403 4635
11874 20064 8441 10954 17522 0 13055 10337 11454 11824 9970 14978 25845 20947 10255 13529 16262 10682 7898 160 17835 11168 6093 16342 4747 11862
11267 23510 25076 18814 10024 15423 7912 16501 10184 7957 14154 14078 18449 0 15991 34067 13171 9636 25820 0 16784 12806 9317 19982 11335 13822
10259 21047 21900 9122 15512 8975 18919 11307 13465 10210 8063 9709 20270 7628 20217 10381 9113 20692 6169 24389 21070 16828 14157 17013 17617 10863
9887 18788 21698 19190 10370 14807 13411 14516 12098 15483 10190 12329 11274 19183 23120 19123 10080 10236 11545 5574 17951 5615 14637 15174 5226 5475
303 20840 17445 12803 21701 13811 8970 5552 15181 6455 8655 15011 17967 16542 8210 10513 6141 23190 6433 14023 25160 7462 14307 13988 7032 14542
7494 22656 12122 20906 18012 12601 18919 8753 15391 15277 10522 11647 20973 11965 13331 12142 8135 13562 1802 8877 15006 7147 8226 16028 8059 11528
15562 11144 16576 18116 6259 5693 11849 10545 10789 8451 12594 16585 13926 19090 18905 13795 11140 18831 10102 8248 16694 12876 15229 23841 18862 12676
7790 26927 3677 16958 22129 12910 20706 14399 8014 2161 15116 8372 22574 9465 22852 24901 0 14498 12499 3883 23141 8419 7585 9002 9156 8754
9953 16200 10060 11779 10041 6973 16878 20503 11668 13070 12334 12268 22381 21995 18826 7730 10914 6328 12407 8489 12956 14811 14115 15812 7742 11665
11822 18752 9804 20872 8833 8274 18713 19206 13160 19339 13943 15105 14011 0 19232 11709 8177 20625 11091 16185 23412 5477 12192 14486 14244 9450
17136 19771 20256 21968 14211 7623 14417 21513 11803 11134 13554 19915 18435 13997 15714 11139 18392 10800 21833 16856 14114 19228 11988 25976 20083 5774
11466 15884 20139 19462 23675 6166 14542 15248 10985 15272 8595 14443 22970 10475 18498 7818 14229 26270 18423 15507 12465 4681 3726 14529 15028 9003
6743 15066 18764 26366 12761 6563 12431 12752 9362 10885 5403 10012 25168 16494 17973 15011 1338 8604 18560 12348 16397 7668 9503 21814 9448 10343
8656 12144 8870 19920 20301 0 20148 15036 9769 16670 10885 10796 19432 9553 16280 7513 10335 11922 6559 11441 20764 0 17592 19584 18481 15649
13500 19144 25964 22419 19061 5076 15027 9858 8470 7730 5272 15939 17897 7713 18036 13837 5271 19732 0 15977 16532 16109 16493 17179 26328 6920
9625 20530 18458 16668 13451 8558 9764 11838 6763 11445 8678 13358 20033 7577 19046 17245 11910 10938 7828 14761 18857 11222 15002 12556 9240 18275
8623 17817 21534 25452 16160 12843 12108 16047 10233 14465 11958 6470 19006 19877 19375 21579 12851 20795 11123 14133 19297 13552 13273 13666 591 13105
12803 23168 13794 15790 13916 1709 12549 14702 9564 9151 11051 17684 6441 12077 29914 14893 9214 16358 0 21697 21895 11780 14898 5348 7622 10232
8494 21895 27670 23863 20794 19447 7279 9607 11042 8509 14332 10580 9410 10357 26751 15149 12470 22679 12873 1516 18581 337 12761 8765 9685 13990
9918 13617 21971 23884 15894 13932 17519 11167 14261 11068 12030 6158 17089 23262 23326 10321 2108 16637 22189 7464 19267 5515 12134 9663 12601 13580
12718 16510 11243 23931 8620 10174 8383 7427 13927 9506 12137 16733 19570 20446 13530 21255 15514 15339 4998 14249 17267 6437 12809 22702 10721 7304
19885 20285 10316 12859 12249 13354 21340 19678 9322 14397 12481 11388 15295 0 29217 24424 2130 21611 9127 12620 21849 23681 13879 20254 8048 10373
10719 15429 21022 22186 7040 14293 14767 11534 16284 12928 8486 9206 26362 14972 3603 14185 7268 13519 16773 6508 19228 16714 18417 19479 16530 11640
6738 15811 17559 16092 21592 16056 13214 23040 13235 15974 4611 10539 19573 16936 15780 11309 16412 13474 965 8201 17998 8542 15888 13767 11352 6440
11202 16204 14060 20750 20112 10688 13529 16450 6498 15382 11139 12581 27160 16133 22584 17772 3802 27168 9346 8166 18045 4553 22118 16105 13761 6394
14309 14425 15569 14211 24729 20529 18230 20871 9751 1703 9729 8109 22314 5585 34692 0 10025 12672 1952 0 21287 22253 12075 10149 3410 10944
4273 20073 18728 19396 12081 14282 13002 18577 15387 16592 6572 9284 17398 16810 20786 17820 7901 17578 10982 16026 20292 8981 19217 8915 5725 8973
6254 13555 18747 8074 11602 5171 8284 16759 11996 17852 11902 14671 23087 4967 22896 7111 10314 6334 16425 12012 16008 9063 15694 12225 8079 8236
16301 18592 19302 15008 13319 16695 20261 16701 10044 10929 9221 12539 18554 0 25166 24099 12544 18385 11498 3560 18407 12821 19828 16613 9631 13437
18938 13307 27073 22462 15224 10985 15792 19837 7414 14473 10424 7363 19509 16700 22868 12532 11236 15170 15501 3816 22167 14257 13711 14055 9589 11323
13190 13312 5684 27210 22599 11283 18515 10592 10279 20872 12177 5520 11331 8815 16324 16218 8790 15381 12154 2531 16882 6640 10396 14034 11703 11708
19393 10955 10299 14352 22672 7359 17797 23298 15658 10093 13708 11751 21825 19166 18496 20063 0 14918 16407 11185 17841 3116 19482 17463 15428 7532
6187 21242 13532 24991 14136 11455 13007 8377 14787 9156 9296 19251 20971 1074 31080 8317 8177 12943 2947 11861 21668 6108 12447 22652 1901 9166
13695 14278 13481 16262 28080 12123 13552 17757 2525 10239 6050 10942 21121 1685 17337 7429 13840 16611 12992 20040 14756 10181 16809 9331 10357 13847
9135 19221 13933 22597 18801 3603 11819 20892 14743 11885 7961 14766 20795 22617 22563 16217 11516 19844 5684 6507 17590 10798 21945 8672 8469 14832
5450 15741 19197 26011 6407 12257 20958 14410 13703 15334 12014 12313 23521 6903 25489 9279 9410 13519 4348 14989 19634 16029 14071 17321 7624 13106
9317 20474 10314 19804 17785 13771 11565 17595 9865 15408 9481 11711 15770 4191 11969 7456 16302 12017 3165 22242 15833 5883 16677 22744 9271 10930
9802 15264 10874 17395 20636 10678 13014 9644 7104 21167 13181 11572 15292 2455 15566 17098 5167 17589 9707 7939 16374 13175 7457 20696 3892 12219
7751 22920 28499 24224 13813 15747 16901 8300 11489 12270 16531 16155 15996 18013 21016 13868 11677 10340 14298 5198 20347 22304 11305 18636 6787 7447
9104 17119 11823 12637 8988 14488 13481 2869 8934 7269 9298 15202 13484 9811 28745 7557 5230 14063 19542 11461 16472 0 12483 13156 5876 11869
15084 21672 21544 22247 12395 10734 7158 12938 13248 3760 9862 15269 28274 12181 18835 18954 15297 21602 6756 7510 13470 10115 10277 15840 11298 5562
7601 20143 12478 19455 15327 12372 22483 12166 12323 10545 15712 15964 29961 7085 10286 12395 16828 15136 8211 24945 20248 12066 12833 5867 9804 7830
12047 10990 18557 20952 13484 10902 11478 12261 7862 11436 9361 9186 12923 4091 14850 12242 11512 20622 19863 11412 19175 7495 15766 15570 12626 10676
13484 12929 14028 19097 17672 6573 13775 16922 11314 9724 12342 8910 14494 21371 33382 9789 13662 15731 10470 29596 19273 15410 21426 18731 7694 13271
16529 22656 20201 16736 21804 11432 11539 11858 19995 15131 7248 12500 22591 3204 26375 14500 14493 12462 13908 15568 18788 8832 12061 19290 5202 9266
15833 18850 15085 18714 9348 12268 11382 19274 11482 12894 8465 9851 17933 12526 19712 21016 0 13719 19457 2893 20576 3497 20853 13906 9601 10883
8097 14303 10875 19413 18464 14542 11993 12007 22808 15358 12804 10100 22262 283 21124 18579 8208 8157 7353 7897 14259 21779 14716 18864 7220 18864
13281 19776 22700 25163 15272 15698 17028 8405 13706 10972 12618 11623 30008 3130 5890 9708 14090 20503 3370 12680 20332 22793 18219 11770 14518 9341
9681 15847 22305 18553 17497 9694 10994 21488 11870 11220 10838 7028 27423 14011 16818 16584 21906 21403 2887 13783 13586 5574 12202 20684 1912 10837
20915 24046 13307 11126 22887 11935 6296 12199 13456 16034 12148 8107 21114 18737 19671 19687 1293 16531 4792 17646 14385 2360 9673 21005 9568 9783
8394 17693 15370 15408 9407 11981 26064 20385 16872 2352 8364 13887 27123 16962 15511 7475 7454 15421 3400 10641 18221 7065 16200 20570 19204 14390
16917 17488 15761 15443 25549 14721 23076 15325 9451 12597 6729 8779 10193 3398 19672 15477 10926 14632 11411 3995 20645 13713 7333 20808 0 8331
10308 18507 11979 24817 9191 18125 10051 15031 20218 18318 7015 13630 16038 6139 33276 2337 6577 19178 5442 0 21644 20522 10500 13784 7555 12226
9830 15393 29536 21961 20403 9301 19219 12874 7262 13036 6105 15474 19482 23804 6070 18117 8965 8847 4860 3727 13931 0 18888 13285 3268 8426
14136 21461 12042 13343 13573 9644 13246 1279 11026 5532 15849 13529 21334 14175 12922 6686 7087 17524 4690 6478 19838 4731 10636 10868 7922 12572
9661 18922 2394 21623 21754 9792 18704 25892 10630 13693 14086 9270 20736 8025 16939 15960 5148 13969 18061 10507 25459 13602 11058 14999 7390 11213
21512 15564 19420 9811 19285 15269 14125 21367 11538 10239 8643 6027 25327 1022 14548 21950 4232 16009 14359 0 15420 17107 13923 20234 12100 12248
5864 23122 18918 13091 18644 8147 8840 15096 10478 16206 11531 10651 21302 16431 24985 21571 14778 18058 7297 1900 13525 20211 9437 13412 10075 10722
4809 18539 15909 21139 18439 15612 20197 6682 17457 4012 10484 12174 25027 12493 8456 17229 9304 16122 6258 10445 16160 12149 14948 18484 12294 15640
16422 22645 9725 17780 10199 14691 14457 15790 8374 14513 11982 12754 21158 0 27584 21576 9815 12198 18243 0 25505 556 9167 17434 2567 5374
14569 18990 12610 22130 19623 2025 11408 12699 8941 10222 9334 6206 13654 27618 19352 20674 6277 15093 17100 7754 24461 12918 12082 18954 15984 11154
10659 11894 19587 20233 15955 9645 11353 22650 8322 9024 9950 5514 19197 16893 20137 3283 9468 5189 11569 10157 16319 20464 8587 5430 10802 10145
4251 18390 20344 20863 22941 11856 9626 14941 14552 11816 11444 9981 25332 15063 28149 15528 5473 13069 14932 9074 14855 1737 11190 21814 3583 10077
15779 4795 15732 18214 22711 16369 19825 1970 15708 14215 11858 14259 27806 3596 20202 21474 18382 16170 12251 13737 22727 11213 15223 22460 9650 14598
5654 16264 20165 8316 15168 19562 14200 10027 12659 6784 15059 17063 18485 855 17091 25494 17361 16301 8402 25759 18024 14338 8132 26700 14336 12893
18773 22331 26201 16527 15972 17159 25248 19560 11794 24101 7478 8042 22188 16154 8092 13289 13656 12800 6910 1531 14076 21194 3493 13535 4444 11881
15165 22807 20239 18150 3123 7995 20484 13118 8841 17478 15343 13977 16874 22307 12941 19972 8643 14191 17335 16327 23395 10113 10315 16610 8993 9668
15822 17340 2020 15242 21512 14682 10870 8992 13037 21226 14190 13101 8018 16697 15857 22955 12762 23728 4450 14018 16548 9586 14596 15915 4506 17985
10673 14725 24972 21838 29486 5677 15013 20833 14381 7496 16074 13239 16402 22867 18286 21116 18402 8098 15098 5986 18235 19153 13394 11272 8325 2135
11443 17543 13528 21998 16978 7859 19277 6297 10099 21602 14806 13428 14095 15473 16886 29642 12503 11303 13888 18709 15160 12899 23078 29720 1633 15239
7645 16611 9464 20264 18563 11690 15947 12997 7279 5381 12473 17396 13502 15107 11703 7194 7380 3645 21265 10153 16734 1236 16350 17812 13444 8224
10894 16690 19815 12915 16057 8582 7773 15579 11215 16477 7076 10678 22104 2935 22859 6619 13193 18774 5524 13160 18910 8180 18718 9574 12690 10936
8577 23253 12011 10932 23414 14574 20366 8121 15414 5515 11603 12340 20355 0 27325 22606 13782 11496 18686 13767 16260 21610 10323 9531 0 12879
16367 19956 9152 17416 15176 7221 15799 14081 1168 16979 13644 12451 15507 17655 12481 19437 7124 14571 2822 0 16682 14674 11829 18626 20119 17108
8858 17866 20377 15044 4424 2170 13089 1924 13726 15181 11757 20888 16404 24861 15051 0 8855 16415 7140 12751 16608 12667 15900 19004 7609 14885
10998 17659 21120 22328 15944 13819 17374 12167 9072 13670 12786 9656 22753 11343 26083 7728 10272 11503 8326 8967 21338 3004 9405 21302 5517 11110
14087 25682 18758 13488 26189 18077 8665 10243 6901 16441 6900 11670 19487 18323 21342 7625 8384 20834 21015 22540 22520 0 20335 30230 9316 13565
8554 18126 16248 20896 31306 0 15847 16913 12458 14025 3525 11790 16397 26995 18108 14154 12592 12222 20500 0 15270 17797 16483 14162 5632 12125
13254 18984 19824 20632 11387 23199 13911 11256 11568 7878 3518 11741 29602 2869 21222 14830 18129 19593 13764 21501 18595 10777 6033 11089 12986 6617
6302 15368 17119 17573 22653 17213 18144 10561 12925 7962 6833 11818 10455 7339 26166 19915 19306 13453 12400 24084 16518 13239 952 16396 13400 10401
16872 15090 11503 15476 21402 13776 18684 7891 13039 10999 12176 12083 11330 17070 25186 22102 10402 19622 8125 1411 20257 10235 15160 24958 4602 14096
6416 23040 12938 14973 16969 11710 12673 15593 12635 5058 7184 12947 8241 13193 28592 13781 10239 21673 15836 5701 19791 13469 17720 10749 18870 12432
10972 6753 20842 16107 12923 9399 19635 11767 12035 17986 14713 14894 11121 14370 13660 20913 16916 19901 7709 10029 16954 22731 17946 8468 15247 8639
10953 19249 19290 26643 5179 15469 10496 14322 9426 4063 12357 11379 20433 17564 16868 7355 12571 16715 11345 11786 18876 14537 14891 23638 14518 9366
11591 21820 24487 17528 4341 8647 21598 19692 8870 18432 15951 17110 5836 25027 10111 15584 15669 15131 10760 13662 12340 10849 19027 18653 14966 9899
16121 26035 7997 18261 13374 3596 15786 8509 10691 12982 9761 16137 7171 11897 28581 17517 4170 21418 6854 8198 20225 13343 6336 26393 11845 2532
13820 14620 23919 15730 20345 14639 17144 12268 6221 14952 10996 12906 18764 14553 16132 17706 9642 12057 10140 2045 15162 7860 17825 14801 11442 6498
17802 19061 11357 15703 18729 14343 13018 15660 15067 9477 9674 14761 27624 12244 19219 19467 18774 9038 12219 18953 17964 18184 12278 17401 4374 17440
17301 16051 24921 7812 20221 13344 17572 14732 14910 13361 15472 11328 16900 8524 21143 18666 6320 15280 6475 31475 16180 0 13132 14679 4534 9362
14425 14564 31772 15417 15986 22003 18210 11424 10433 3057 14315 20092 15258 7266 21962 14599 7030 17215 7858 7844 19386 809 10035 17728 10676 9499
18946 18844 19994 14530 22205 7228 15643 11676 9171 13822 10089 14379 17233 4825 19789 16825 9070 14327 17540 5158 20575 6237 11506 16374 15069 10226
11056 16769 22979 15932 22957 9673 17972 22019 5841 3069 8330 11645 25089 12371 15303 21597 18481 7969 14572 11884 15744 4905 10607 12649 12468 12869
9517 16649 18316 21483 18857 18826 13204 8335 9097 9368 10992 11791 20482 7547 36586 25061 5437 14178 10190 11345 9292 21039 19217 14207 11666 8508
17769 19584 19641 20553 13592 10316 7624 16584 11732 14238 18948 14257 3505 16922 22538 17236 1222 15564 6639 11251 23247 7798 16362 34258 17786 14212
14619 20336 19714 16342 7294 5879 13452 15282 10909 12536 13804 7729 14867 0 19310 17740 12639 15159 2017 3303 16778 13911 18189 16454 23673 10338
8077 14404 864 11372 13586 4890 14973 15528 20181 8109 15072 16670 21119 17318 28079 10028 10152 17340 20900 10701 24293 2326 14206 14248 4548 12206
11145 20972 17475 14652 23413 11105 18063 539 7530 15283 11248 10790 23323 14187 17574 9737 4195 22576 3152 27038 13886 16552 10212 15212 5270 4868
16295 17563 14429 20563 24966 11920 10120 20002 18051 9829 11767 10802 17593 13709 29684 10961 2229 15021 6608 15797 19933 1411 8322 14939 8180 8871
7182 20833 13711 21667 23311 8682 16188 9276 8887 20157 15739 19306 23054 14931 12828 17572 8571 9907 7371 10442 18708 17059 7274 15945 0 14296
15326 17584 10047 15976 18202 16819 22182 6751 13710 19557 15720 13076 25464 6963 11379 20053 6161 17548 10925 3005 22395 10910 17300 15179 9334 8934
8058 11668 10272 11975 27524 8205 21698 10339 10161 18275 5815 13415 23456 17825 25205 5731 9806 11802 17658 2766 19633 11040 12331 18806 1342 11632
13538 17874 20166 22167 21669 15816 6679 25239 8281 20323 17992 14036 13845 7557 28503 15464 7121 27597 17992 13238 14005 18984 11630 14774 17603 10260
17617 18089 17761 16469 12699 17567 20641 14062 15558 11727 6512 12248 15794 20675 15364 30072 6966 22296 19288 0 19756 14890 16370 17774 10756 12131
10448 23087 11987 28309 22501 6552 21633 17125 11985 16272 5720 7962 23185 12605 15547 24247 8967 15174 24757 13923 14987 6111 13147 22459 6344 14943
8890 21538 11435 21037 10237 8165 16766 10512 8822 20981 8571 15738 16513 9690 12294 15282 15843 8891 14182 19515 19440 7263 5831 17975 8142 13452
6790 19919 27906 23761 1958 11879 5184 14028 8765 14064 9919 13856 26493 0 14512 20493 5278 10978 14218 18265 15548 7178 14741 10461 11711 16707
8714 13438 7951 18879 17110 10135 19158 17500 9685 15398 10286 7627 14892 14085 18217 23020 8192 10455 14114 11777 18569 9001 7600 24969 7083 9219
17668 16568 17897 21796 16233 9870 10264 19187 7685 8075 9046 13232 24171 3467 14348 17547 10010 18340 19841 4906 21758 12821 9209 21115 16810 13019
14036 17887 4131 6118 14336 7204 16376 11251 15303 11833 16775 7732 21869 0 20656 18855 6333 14212 8014 8884 22029 7492 20350 9436 7522 16005
17429 20180 16075 19594 17413 7220 15419 0 5670 8690 3954 11646 22544 25941 16723 16628 11304 16162 18636 10507 15071 26650 6317 19011 10282 12574
9374 23110 10079 11393 24893 9047 14720 12754 18024 8790 12703 12870 30324 25177 20950 11780 19040 9407 20974 12513 23072 9687 4522 13491 14134 12417
8926 22715 13360 21864 13206 0 14332 15913 15338 13845 16973 15826 22214 20378 14481 11725 9596 17319 10101 7772 21838 9594 14231 10214 21058 6436
11959 12292 13519 19974 13407 15943 10625 11602 13240 12691 17550 13586 26124 13417 15657 13453 11639 22253 3509 18024 19498 5213 15792 19291 0 8093
6189 25259 9020 20441 10567 17323 18757 20474 6999 6041 8810 8202 23001 20548 35309 9160 525 16016 9406 26769 16418 2132 13290 20017 7954 17016
15781 17882 20976 18053 24414 9777 14186 13950 7203 11598 9771 14380 21963 2333 29434 7332 15437 16073 9535 14180 22228 8464 10023 9253 10026 9863
20224 15950 27445 21842 17245 17137 19471 9776 1284 12469 13952 10482 23018 15014 25278 30607 14765 21175 13965 6808 23664 8375 11525 4200 12032 11904
15429 9608 16953 18315 17891 20513 6991 7172 11022 9975 14352 9525 21901 20295 30473 19874 8742 24643 10373 15677 15956 12043 19088 20919 8936 14289
10291 11439 12044 20559 14749 6991 15115 10503 12591 9459 9581 15319 16197 227 20629 8938 10631 21427 9295 12109 14566 13049 7679 15182 3060 13060
7262 17090 9727 23147 18449 10348 17201 15320 10058 10940 10871 10826 10889 3782 25039 11279 17052 16185 20834 11472 22747 8242 9263 11917 21798 16660
15178 22206 27047 14057 11969 12080 18622 8739 10638 6714 6703 9668 16873 0 12120 22162 10099 7873 12391 1380 12090 13952 15477 10152 5562 11660
11440 18659 26227 16702 22796 996 7306 8227 15441 616 11533 10862 21161 7330 15451 8225 9598 10598 14837 931 18497 5158 18746 18720 54 13268
4626 23589 12001 17459 4602 18439 12592 16446 11085 11396 8880 8902 19986 11963 14356 8533 5080 22791 14589 16492 20258 25408 15157 12843 8433 16408
11082 21408 10472 11600 27281 11925 12929 10392 4260 12135 9669 6739 23819 17276 8760 13249 10452 8256 0 28213 25393 9605 15899 13895 16703 8453
10046 17037 13718 29790 24358 7517 12140 5317 14371 12790 10552 11903 18571 24079 25084 11964 15068 24577 5027 12432 14038 11163 16218 17489 4650 10626
14986 19328 16263 22265 16148 2393 11580 10144 7712 4289 6993 16321 21432 0 33013 10017 2363 11203 10553 9569 19738 22300 12349 5423 3361 14019
3743 19723 12630 13342 20804 14708 15508 13416 8494 21402 10315 12016 20139 16717 28773 9659 12183 12772 15165 9272 20305 4964 12253 8521 10076 9830
7792 18440 12048 18278 16301 8196 17586 12995 11564 23439 14548 12839 15817 12289 16585 12143 14448 20057 10879 2225 19854 14615 14409 17174 17022 10858
11384 20083 15438 15721 16081 11304 8002 13607 17243 20236 15952 16567 14574 0 22208 28523 19351 22857 18429 19915 17286 20253 9343 13741 16952 9971
17882 15394 16077 17015 21125 14276 8894 12770 14022 5149 10603 10988 15495 7262 22239 9013 0 15066 2732 10729 21587 22898 13148 16621 5678 12501
17260 17046 19392 13218 16225 11209 22463 18314 3826 3734 8186 8783 20679 1321 29342 19212 13478 15515 7003 3626 24700 0 18637 11664 5297 9884
12137 17578 11508 19214 25891 20734 12290 13894 10508 13618 10553 9094 17423 14599 19203 23350 17508 13503 9145 23433 16477 8720 7695 11167 13534 9845
15280 10425 22939 17085 16953 11353 24788 12450 13477 11167 7064 10294 19034 9316 3200 21307 14465 9712 16289 10655 23194 6847 16642 12869 11568 12941
11552 19428 18512 13145 19486 15047 12152 12202 18538 13448 12225 7406 22506 21275 33821 12690 9909 11482 9524 14818 16110 4444 4460 11280 2289 4818
8549 13750 13424 16170 16255 11586 10917 10867 16592 22362 10874 7733 16651 9402 13235 17237 16503 23175 3240 21318 16528 14384 19641 12747 17520 6891
9890 18299 10909 20789 16594 15985 8265 9848 9513 11522 7267 10638 30973 3430 31860 7680 13336 13253 0 7222 19609 7169 14525 22772 10748 10247
7557 21793 15269 19150 22560 9283 14341 13118 12991 3881 18611 7947 14661 0 32153 8843 11495 8192 15712 13105 19124 11963 7552 25412 8780 7881
0 23932 12236 17248 17145 1644 11469 12943 11059 0 14156 8573 32673 13180 5474 13678 0 16328 3291 1033 16109 9905 19865 8903 13792 5417
13789 13874 12274 23792 13334 16740 16193 5396 10466 14886 7821 12642 15705 15396 6042 6743 8855 15418 4109 7487 18290 12614 18119 20368 5027 9723
14191 22027 8992 19366 21413 10133 16781 9430 12067 11511 16737 9412 14857 23779 33806 19397 5144 14074 11329 9769 14595 26876 91 19352 15573 6154
2674 15124 8581 11862 9934 4769 16546 16027 5975 4930 4799 14985 19635 3959 16414 22626 8599 21408 11331 3804 22437 21254 13281 11816 7426 11520
7855 15144 10961 17035 18507 4714 12825 20310 12937 18467 9104 15707 24109 15113 23544 11153 10501 11538 12345 13384 15476 22896 10725 15219 12801 11948
11927 19344 26837 6947 20655 12190 18558 9101 17004 18380 10833 10770 9999 24170 14667 22397 18277 11957 6707 0 19092 6566 9822 18709 4482 7811
15275 26324 12158 15480 12502 2958 13808 10048 12268 11997 13736 11479 6300 10787 31440 17384 8375 18883 6539 3430 17910 13995 12180 20968 11781 14361
14053 18003 9569 18490 13042 19990 17483 9473 7731 9892 13611 12028 20823 15044 20428 22498 15250 11961 12802 4863 11418 10853 12267 15852 6454 10765
9074 10925 13335 22090 13211 14530 12989 7725 12560 17168 11990 13824 18392 17880 20885 15371 6728 12928 3146 15612 13514 17546 22483 21853 15173 13674
16393 12872 27747 23169 23460 12344 17068 12236 12868 18228 10251 15396 19554 9329 18447 16136 610 23306 0 8466 14216 15039 26811 18868 9699 11592
8403 23335 4468 18673 0 6639 20712 7435 11497 9717 16287 16432 28507 9064 15572 21694 11441 16322 9470 11866 22142 455 16528 15400 0 11084
19271 11560 22415 13549 12390 9018 6386 12488 18455 9573 9155 10019 17206 11836 17754 12151 8613 8629 18568 14666 24464 10683 8466 12192 12112 5910
6893 17288 20776 15300 8432 8833 17530 22608 11379 11098 10035 10599 26823 14491 13759 14585 12563 9301 11417 10818 12736 5757 9691 15146 9566 8648
8123 14686 15367 10809 19418 5121 10737 17203 8736 17558 12592 11325 19480 8556 16298 9379 14370 24548 6755 8206 22889 5967 11314 21776 9307 8096
13513 11934 15361 20248 20279 14513 20764 22301 13396 9115 11708 7095 9872 3803 24200 20705 11575 20026 19477 25691 19228 21438 9889 10664 11770 13097
9634 25235 12656 17225 16533 10569 7461 10569 8782 9632 11503 10634 6509 20733 14665 5876 16590 11751 9867 7486 23589 1840 19461 18404 8643 11628
10897 25121 21200 18441 6474 4884 17306 13885 14807 19916 5886 8540 16899 5815 21648 29407 15329 15404 14571 2980 22393 8862 11855 8366 6608 9776
14155 12985 20997 16674 22679 3813 20644 19237 16785 12553 9597 17026 24489 18296 18859 15312 5791 19233 13331 18428 18099 4876 12648 22659 13329 15827
12658 21519 7441 28047 18336 14189 13113 4673 13656 15419 13542 15598 19422 4441 27959 12124 1558 10085 13629 24659 18146 969 11573 16588 11235 4156
9559 19999 25427 17969 22353 6185 13136 11538 9970 8341 7836 15267 16748 18383 11727 18620 18380 17353 8830 9762 12080 20552 10718 14905 10511 9636
10222 10716 17273 15684 15682 2457 11176 13541 11295 7355 11635 10006 21833 15896 9463 22791 22215 11836 7660 4255 11071 14173 15395 30726 9703 11533
18465 17095 9663 13431 20681 7581 16261 12661 12932 5425 5633 7218 19376 6518 14815 3405 5639 9504 14478 0 14776 2793 15189 13428 11674 11512
14071 23857 26322 14202 15247 9522 12166 14701 17367 13158 14145 13791 21915 23086 28140 22286 11951 13204 21840 6343 21905 17182 9189 24698 4164 6304
12027 15092 10343 21029 16886 10987 16581 16063 8665 12617 17990 15208 16730 23251 18560 21579 4638 15004 6357 16067 11928 12486 18663 14386 4818 11582
15545 20329 6611 16546 17234 11124 20237 6216 15972 16454 9866 17535 28241 11250 24372 6695 17844 7562 6644 5815 14306 10175 7719 17746 1158 12537
12882 16191 16612 9001 18515 21193 10911 28976 10818 10257 6204 7311 17477 12135 24676 11184 13732 15381 0 17459 18324 20355 14050 15277 10083 14850
9196 20370 21347 18504 21982 6980 11718 10197 17500 14469 15245 15965 23393 706 16586 21871 2418 14206 15055 321 20512 18313 16226 23896 12265 12988
15793 18993 16825 9319 14920 17029 6399 7692 10427 11282 11820 9419 22173 447 26176 13099 8082 14137 4122 0 19440 8617 4802 18466 6433 17655
10916 16403 15721 23073 14278 14818 9270 18623 8857 15785 16879 15136 20097 7253 22875 10567 17872 8865 969 15255 18091 5891 8550 21614 14100 10035
14582 12760 21737 17157 14709 5733 18340 3609 16169 10731 7256 17816 9292 0 22888 8555 2526 11872 16808 19959 19741 15851 16538 11071 14906 15702
8575 16213 14484 23087 21570 4815 11252 10226 12430 17406 15049 9348 24656 14365 28880 17342 0 13850 8810 20785 20703 5538 8444 24476 7151 5684
11382 19239 14916 16202 15904 12227 18643 15929 17603 6442 9928 15847 19589 15307 14950 16720 10648 23659 14455 17599 20750 11388 11775 19777 988 9951
4559 17891 19788 10116 25912 3645 14761 17311 3334 12027 10286 13639 19290 18246 21417 11768 11773 22050 5121 11147 20666 13861 13586 11865 17232 13513
17053 10856 12523 11820 3878 21025 11042 14055 12218 14756 8953 10403 11337 3464 23205 12684 9879 9301 18397 10706 14514 2241 8666 20282 4235 12525
14564 14728 26421 11181 14444 12210 15609 15551 7876 21738 11090 12361 26971 10790 25302 16439 13488 12432 7058 3977 12721 0 17725 13440 15336 12716
10040 19304 19238 18182 21838 12084 16307 18546 8010 15853 4143 10658 26077 0 15580 18894 19546 9689 4361 15628 19349 16696 17622 24929 4814 9505
13827 23424 7223 21029 18984 15179 15005 3535 6382 13502 9772 16588 29653 16988 19670 10654 14429 27311 4362 17420 20637 3444 13435 20276 10069 12855
10572 25089 18295 15609 24870 10204 16142 18661 11575 11939 7030 15554 15669 25251 18065 4894 6587 7552 9532 8067 18955 17102 6767 20750 9844 7835
14424 22907 6879 11915 17111 8329 15097 14788 13858 7513 4979 12590 17887 6075 11952 21758 13313 19540 8660 4583 25611 2585 15744 12756 10636 11399
15427 14860 11197 16221 18696 11422 18030 15728 8313 19142 12082 3587 21388 23280 25706 19262 6671 17256 8616 11403 23271 11627 12679 22909 15224 15572
8630 29462 9058 17508 19759 4488 16072 13913 7351 14473 12816 8744 22609 1546 15959 14219 17033 14329 3639 17820 13462 13379 10947 10961 5261 10140
5412 18934 16771 19153 16905 9065 14642 11343 15498 14347 8694 13579 12009 21451 13574 25333 3592 17159 3688 11937 13640 15855 10221 20578 10169 8772
9179 21141 18333 16866 5679 9720 9199 12706 13193 6885 14874 10934 4039 14723 22960 15983 16628 10968 7975 16069 15670 12901 6549 18934 10518 15180
16797 18131 17907 18137 24860 7857 14449 15249 15040 0 9024 9977 18095 22739 13171 16418 8209 14198 11578 10120 17062 14853 15102 17652 5533 8618
11480 23866 17895 10696 15040 10568 13112 6152 14938 11837 12295 12945 21237 15159 25119 14618 19931 23003 16536 8041 21762 11874 21983 30258 9994 9191
5690 8407 10022 22872 22056 16877 9613 14221 2263 8977 8867 9860 19972 9889 21418 10416 16304 18943 11917 9749 20314 8267 19389 15572 0 14029
9383 8770 22117 9876 20695 12968 14884 15669 7912 17779 7010 11183 29132 17258 20909 11829 3572 26594 23684 4265 13859 0 5205 16141 13761 13474
7226 23908 15495 21059 11543 14182 11780 4583 2751 8066 13642 11107 19968 18613 4828 15570 10749 14560 15396 15705 18175 9199 15908 16683 12874 12317
7565 13156 7440 18312 9304 6471 15002 18679 10086 19557 9061 16362 11022 456 19266 8360 19376 15392 14266 27774 19650 14283 14510 27061 9632 12550
9689 17719 9634 25091 21031 15519 8889 21823 12926 9145 7365 17966 21819 12356 19243 16787 21760 9537 10192 11612 19995 9504 11695 22721 7824 7737
10306 19257 18239 21272 28589 8035 18146 15805 5536 9886 10345 15843 21236 8242 14105 22097 14914 21510 8753 14217 19391 0 8724 4894 9007 11921
20293 16567 21539 18317 21235 10961 23974 12419 17355 5692 7662 17545 15520 13313 13984 15777 8207 9423 13568 5708 15664 10174 16779 19768 4931 12922
12719 21828 20064 20029 16950 13625 13008 12725 3210 11262 11407 13242 15904 3770 27261 17719 9836 10535 13693 10908 19409 4884 21459 17092 14532 9987
10787 15995 17651 17612 14985 10928 4246 3791 12886 3160 11311 9566 18596 5698 9870 22338 8966 25067 9916 18660 18699 18482 12835 15165 10415 12749
16670 12379 20197 17477 12185 10128 13367 3997 7520 6999 9363 13378 14847 18366 14468 15838 4047 14988 3362 24240 24593 10840 3238 18673 24486 15594
9219 18340 11123 7028 12707 8804 21868 7000 15627 10411 10931 20954 11574 26505 14054 24584 3039 14310 4569 15542 22450 8821 19382 18600 12673 11883
17210 20771 13038 15734 17563 16746 17017 9448 13148 12278 10379 13425 21365 12804 20862 11018 723 17244 16145 19858 22569 11497 7880 15280 18461 7875
10042 17748 12861 10526 7812 9316 13912 7180 9111 8927 14070 10476 21839 11411 5448 4465 2040 18184 4727 19403 18732 5206 8166 16618 15055 10434
15406 13828 11265 18433 17890 4046 15979 9907 14945 18919 16549 8908 12746 9725 24723 19833 15399 22042 20577 18525 20123 6455 13126 9521 9511 13017
9429 23057 10958 9607 16837 11946 11447 18611 10895 9415 7474 9251 20729 18316 14540 7487 1756 13110 2147 4834 10141 9750 10549 12598 6906 13464
17330 26861 7420 14472 21759 16053 6974 8043 5562 8554 7043 11115 22427 17416 24396 20599 7012 14347 0 8991 13973 14076 19090 13797 11292 8754
14849 16013 17053 18884 27847 15988 12757 9196 14212 12991 11635 16635 19701 18092 27346 7896 3648 16586 5940 21866 20060 16426 15425 16979 12269 9839
9990 16107 12054 22070 19647 18294 21945 13308 13193 493 5579 10597 13526 13416 20281 10085 9031 7579 8256 13105 15863 28074 14674 19646 13998 11142
13756 21421 6083 18170 18177 17296 13021 19928 12031 6975 11053 12034 19211 10486 34612 6960 18920 21945 17463 9627 18668 10007 12759 7683 15019 12953
11148 19673 12991 27894 588 6517 21212 15025 12268 11920 16053 13800 20133 0 22615 22424 20817 12412 8552 0 23570 2263 7474 15839 10062 12327
14886 18020 25569 12217 20605 11478 10091 15129 16406 14011 8086 10515 26121 13265 12709 16677 9244 18509 5013 23671 16790 12287 8096 18003 8736 13183
4334 9943 14944 18144 16130 17593 23279 10411 4045 7996 10839 18622 18238 3690 22392 16288 10266 17118 6110 2482 19347 9402 15762 8183 13451 13690
5877 21190 15988 25390 8307 5056 12260 18056 15126 11865 10345 11272 9942 0 25109 15528 15946 14564 17339 2116 19640 18637 9042 12008 18284 7835
13957 19155 17909 19086 10182 10896 24994 13390 7739 5525 12870 14868 20194 23265 23260 10066 9846 22244 6012 3217 16795 8702 17069 25784 8000 10123
11965 16556 16654 18580 10166 26327 8435 11456 15773 10114 12184 9793 4084 9585 28531 21336 2583 18632 23252 23538 15413 20553 20844 19385 12657 13662
7983 15995 17648 24442 14126 13049 19372 16979 8209 2781 12174 11972 22977 6285 19457 16290 623 16659 11875 1039 16972 13325 16583 13950 19416 12013
9606 20796 28349 19290 12745 19022 6748 11655 9388 16968 12959 12425 18731 7741 23831 15719 7291 14336 7087 7738 21396 4052 5596 9328 14574 12725
13314 20009 23516 23729 17127 6824 14394 19467 8673 14350 14166 9628 17653 11725 15925 21300 9172 21760 9277 10165 17502 17725 12383 22486 10390 12465
10566 18972 16825 27277 13734 6426 18606 19052 14698 4846 6686 10777 29373 17390 17235 22689 6472 15487 12172 8080 22582 7701 15564 13460 3791 17314
18614 11253 17577 15293 15660 13000 12687 8669 11630 10836 1801 13752 33150 9930 26588 16308 17289 15043 4416 13808 16739 6965 12185 15687 22198 10101
6917 17972 4436 19834 24232 17145 12599 11300 11687 17755 13935 8758 21208 18426 12421 18824 1131 8206 5863 16367 22901 11467 11071 14858 4211 10846
5894 23259 13912 18523 13904 9855 14983 8718 10622 13974 9959 7042 25330 7561 6262 10043 11110 16917 4268 15148 18851 7470 15326 10645 6162 10562
15398 15507 18244 22103 12230 13089 23094 13940 7932 11611 9675 12474 17367 12411 29551 12690 9105 13914 12269 18371 20028 7563 12147 8199 7191 9497
8252 21414 15871 22624 9302 10108 15269 18853 12039 3682 5440 8349 23411 0 11557 8628 6300 18326 12709 14834 18117 12261 12318 12697 10026 13708
8718 14852 21681 17217 22905 9084 7095 25754 18512 16005 15704 16211 10298 17287 17019 12805 8033 11631 11025 0 17325 2175 10921 19394 1322 8681
10935 19516 13739 18610 9489 17652 9916 13839 4631 10550 5586 7485 19916 5867 22808 9606 7948 18768 22340 17879 19085 12428 11771 21218 3368 12562
13792 8474 8244 19768 16988 14120 8465 13789 10820 10449 11714 13253 23752 5327 28516 26135 14292 17335 5918 12446 22272 17341 21204 6312 18085 13974
7705 19265 12703 24760 18206 9730 19317 12968 13634 11413 14117 12399 25394 16623 32999 19965 14128 17229 14812 11775 20073 4164 15406 25096 4198 11577
10767 14630 9473 16724 19471 12117 5699 14047 11719 10012 3211 12243 14249 6779 19621 23249 14678 15569 10738 13414 27398 25504 8455 18170 16895 12250
10301 6293 12313 10521 9285 10939 5671 17307 8112 10262 12088 16341 27956 13244 16242 16066 15873 20360 13284 7481 22930 8259 7527 18654 5170 10238
17271 15871 15291 14338 17661 14388 11196 8449 15700 13392 8796 14655 17381 6333 20105 19711 12865 11228 0 17296 18781 0 11778 20106 16193 14899
15017 10994 14882 13778 28058 15547 13781 11900 7429 12715 8484 15307 18870 8315 13932 17058 18789 16585 24088 12392 16049 6483 8444 17459 13655 16276
10909 22347 25273 21126 4049 13650 16842 2208 4786 10341 11890 17352 20547 26285 19794 21435 14118 13544 7129 723 19250 10157 15701 13263 7967 8301
9748 24560 24635 17002 26026 11915 23132 15676 12773 17011 7957 12250 19579 11690 10870 7687 5017 16196 6674 14804 17260 19065 17111 16717 14573 8774
10517 19484 21513 21360 14408 8443 15361 17509 15867 27177 13341 17651 29297 28369 16367 6762 21706 21315 8340 17386 17632 4713 11333 20639 16954 9187
10044 16852 18479 22527 27571 17639 13784 15235 13082 5272 6090 14598 21923 14240 24582 17095 6665 14581 9811 0 18795 0 8236 23201 10311 12806
7542 20644 21076 19981 21807 9097 22100 14402 10547 11063 10780 11019 16967 6129 22612 13714 7615 15547 16901 626 22271 6775 9586 13112 7406 13272
7382 16276 18493 23450 26373 10752 23379 17172 10412 7176 11496 19861 18968 32488 17327 0 8848 8169 12475 10427 14230 6442 10073 6566 2655 6094
16800 24502 21139 8604 5448 7443 19854 12911 9659 14894 5218 19545 23218 8301 4272 26553 7828 15311 5149 25780 19573 4261 9016 9243 12935 11697
10389 20886 15898 24696 23118 7927 20162 9507 18355 10686 11810 9651 27650 12969 15284 11870 12007 11447 4074 5896 10741 4787 12945 18183 13917 12515
10419 18550 11928 21340 22374 8235 15871 11505 12494 15656 16103 19249 24857 13231 18578 26978 16761 13987 12581 14376 17555 10746 11403 20607 16236 11991
11213 8356 9522 22218 29704 7356 16995 4477 8444 13704 18830 15896 15768 19600 16178 23376 13480 14108 18872 9650 24150 15631 15717 17769 12282 22013
6486 13428 20449 20493 23739 20389 15911 12740 6524 15059 12449 14954 19105 13906 19416 17359 15294 16988 4428 2758 17343 21227 18360 17970 3349 6420
11102 17598 13061 19242 16193 15227 11474 10977 10044 1444 8763 16287 10174 16035 24184 17833 11424 6156 10768 2943 10655 0 7715 25680 17500 18118
12954 25987 20594 20645 13667 7950 13466 5736 6547 17943 10884 9018 23472 18864 11061 24162 10131 23376 3785 16122 15403 5495 10097 19013 21169 10885
12927 14672 25448 16189 16259 13877 4849 9575 15360 13530 12150 18471 22209 5209 19023 13171 9577 9891 19710 8322 21802 12008 14548 29404 10923 11528
10545 17460 22354 14487 11703 10347 17638 10377 7064 19126 10091 8499 21618 11661 22593 11338 14371 20593 11922 14114 23510 8796 15817 13019 21349 13288
12487 17878 23316 24280 9514 14919 18059 10024 11564 2633 10488 11622 14298 9244 16635 14853 4720 14403 10007 8013 12325 4501 6175 12023 12030 7318
11129 22826 25042 19205 14184 7326 11652 15559 15362 7530 14318 18239 15631 3708 14151 13955 5019 21045 20387 27786 20900 5932 18169 18705 1777 14670
17882 19627 16073 19698 24389 22931 17344 11413 12451 7446 13904 5301 21693 5128 24571 13522 13726 13675 5320 5836 16859 18485 9922 15891 13000 12518
10385 21851 16184 15271 20577 8355 16392 1881 10768 677 13921 14371 22866 8976 16069 23253 8569 18760 14005 0 20517 5157 9446 18291 9181 14110
11976 19983 1185 14325 5582 8161 13003 10876 11840 11500 8971 9588 24432 10148 21904 10302 10033 17901 12392 8191 19255 13625 11055 5076 13575 10553
12362 13138 9217 19574 21106 5840 14758 11072 10740 8750 12885 5498 22678 12064 21068 6800 12505 8033 17630 5115 22847 9445 12551 5103 8481 13343
14463 12196 10083 23021 10361 3462 16834 10289 7217 14035 14004 13931 20048 3593 17400 13302 12277 9637 8943 11348 18248 2510 2335 6356 16231 10672
10295 14795 24143 20313 21431 16799 12103 15922 11728 2525 12840 11186 18094 21836 17176 6802 15080 9408 10541 13794 22368 11134 23124 26005 7074 12015
9568 13994 16555 15324 7020 14846 12718 13311 13573 12531 13230 15798 17149 16968 22644 8031 14592 16304 16646 7008 24780 8900 6618 25872 3781 15063
11656 17805 18583 12802 15216 14906 14217 6825 9188 7031 11287 13897 26777 16634 24111 16990 828 19028 9732 5728 24532 10106 11457 3500 9884 11651
14093 17056 15935 21249 19921 9623 20754 16207 9171 1757 15689 15081 5894 18914 13670 13793 8316 20027 2837 6891 19214 3972 15850 21432 14602 5784
14720 13519 16291 21648 26598 22867 11010 13070 11885 11834 7697 10446 23856 31204 23275 28733 10935 23756 14952 18416 22529 14029 15927 15725 17154 11777
8219 17134 27820 17772 10306 11330 16456 17957 14245 11702 15444 10319 24305 11486 12472 20322 21625 21251 6527 9777 21038 6524 14339 21733 15511 5920
12002 9371 6178 19487 20467 9049 19646 14158 13047 14649 10410 13190 21103 11167 9221 10494 5520 17083 1912 15433 13314 16230 10803 11077 9141 14850
9100 14550 14252 22149 22734 12465 18383 5651 10543 8125 10576 17213 23427 9613 16984 22607 7728 15821 15224 20620 16355 8174 15907 16064 12717 7728
11577 17590 23562 21156 14207 3969 7058 13957 14593 15026 11940 10338 11207 27543 20898 11431 14028 24680 11753 15749 20098 15865 16418 22194 14750 13622
11304 14256 5892 28095 26053 3138 16024 8489 12612 19439 12364 20189 29335 17320 23808 1545 3655 12319 16148 7040 26575 0 10463 11760 10036 10677
4856 17554 8607 23512 21410 10752 8922 13338 5522 14550 4495 10462 15104 11422 24429 14607 0 18161 11183 6813 17123 16040 9264 16802 1310 9494
13061 22387 18720 22867 17625 761 19686 13258 8678 8411 15454 14684 19108 12146 25599 24152 12987 11120 9889 15430 18168 17323 13202 13558 11695 2351
10847 12264 6112 25457 31495 20850 9665 18181 11747 2758 7295 18082 25724 11264 28164 20101 12378 15536 14947 3460 18816 4678 7785 9565 0 11539
15399 20702 17413 10450 16175 10466 17222 13149 12521 15268 6367 13812 22137 8662 13233 9231 12380 9833 8998 20819 20712 26424 7228 15729 17687 10024
13231 16548 23319 13509 10064 816 20199 13576 16217 17976 15864 12302 25433 13581 21173 12992 10205 20633 12879 14752 20466 7515 11447 22846 14716 9064
8280 26837 17616 15793 17028 13372 17139 15425 19221 2429 9636 13828 11421 1955 19327 11166 16896 18627 0 16155 16061 12895 9894 17586 14475 12645
18797 16047 16591 14406 28225 10315 15605 7801 5358 6861 14519 11429 25678 16510 21470 0 23128 16787 11544 10442 15988 0 14682 15329 9531 11736
7171 15096 12557 22620 22002 7074 13824 6903 10258 12451 8838 11559 21867 11304 12604 22087 3534 5919 8451 7744 11948 11235 14690 24106 18494 4897
10896 17439 15376 16858 26598 7609 10360 7236 5383 14418 20115 9848 18923 7575 8822 12564 10451 24539 7036 23468 17890 5831 6127 14410 5778 8625
14767 14246 9300 15846 13462 7511 14309 19496 8616 11263 16538 14111 9438 14431 13860 29392 6570 15602 6334 6738 18337 8572 14287 17180 18270 11650
9144 12360 24211 21260 10917 17414 14330 17731 8432 12991 15083 9769 19425 16073 22849 17231 22701 14973 15422 8968 18458 16981 5108 11932 8176 13198
11597 22159 16541 14798 16204 14070 14320 8392 10776 8425 11431 7194 18874 14376 25587 17173 11931 25389 0 23984 12575 1978 18039 1009 9801 8610
9971 19709 21932 27221 15399 14989 12816 7975 6328 10397 5001 11997 15453 8534 30906 17005 2814 15075 7922 17080 21303 2023 14229 18209 16734 13788
13859 22007 19470 22162 21669 14814 15279 16934 9375 11134 10551 11710 24871 16220 11908 20465 11727 7500 10603 9481 20598 4068 13677 10719 10632 8560
5453 17633 22039 24457 15242 17810 17186 17914 11030 11751 6506 15048 21233 26066 14820 10953 5343 11608 14644 4128 18923 2417 6222 17384 10947 10617
14791 15800 10533 15829 11740 6643 14129 18280 12506 11951 9953 16419 18616 7268 7099 18123 13191 21561 14027 8185 18915 7561 12755 17250 7308 12217
12836 22699 9341 16168 13836 5833 13591 11834 14923 6642 13617 16573 23182 8636 13951 27512 7582 11498 15421 10339 20010 0 8437 9378 3205 9840
9051 14096 15606 14057 20511 8363 12237 7363 12228 13355 6162 13799 20758 14763 19989 20228 11563 11498 9081 0 12279 15631 11988 15932 5011 14372
12719 14878 14457 17444 11666 13508 21259 17365 7360 11503 8654 11258 18104 12486 34309 28208 6404 25950 14313 8994 13562 4019 9188 23292 12083 11851
12025 23271 9493 17865 12153 11785 18171 18215 5129 8591 10838 7839 19648 2914 7875 23392 8746 10468 8258 1951 15583 4206 12447 15126 17016 9816
6883 19732 23651 22117 14453 14719 6483 13482 8710 11181 11046 14279 18766 26291 6313 21281 9811 11028 15567 17426 19281 234 15165 13714 9298 11042
10813 25356 21324 7617 20949 15260 14225 7868 15140 14933 12901 17140 14412 0 28369 20007 8524 0 10063 21138 22257 5910 11930 8704 11987 10059
3581 21158 16501 23576 7300 14551 18993 6339 2297 3908 9308 9565 16680 10877 26861 10794 15995 4531 18236 13706 17274 11950 8842 21322 17923 10947
2633 21356 8196 8700 22069 10853 12392 15997 11148 14112 15343 11966 16977 10565 18098 25789 13454 18467 22353 9258 17134 3457 12439 11334 11340 15171
11646 18024 21344 23816 15783 6085 19962 6778 8471 9704 11292 7542 22328 17244 13212 15017 9079 12205 7927 1640 16645 10177 7876 11773 5575 12825
11208 25739 15691 25011 29605 15520 14277 15008 10427 18060 4524 10413 12454 9533 33323 22863 0 27448 6371 7760 20525 13978 15563 18590 9595 17903
10936 17305 16281 16941 24706 18157 12199 15575 19502 17011 9943 11144 16506 11009 8283 9081 18239 15537 10511 20770 19458 6175 13451 14274 6794 6980
8285 17651 6913 10792 23773 8725 14293 3962 18578 16556 8422 18887 22772 15988 25392 22078 1720 21992 10179 11494 14009 177 17540 8845 10522 16539
13311 14837 11037 16224 17360 15528 17294 8753 14614 5683 13327 12222 21053 16816 18150 18645 14036 6191 17404 5571 26040 7076 8397 26866 11642 11989
14607 16169 17876 1002 20176 15447 13475 8745 7769 10310 10146 10254 18899 5405 18561 22847 0 10995 12852 5850 19792 6242 13575 19081 17441 16628
