365
40 59 86 60 60 10 35 84 52 92 62 78 71 83 94 12 57 56 64 93 94 41 29 77 15 58
14102 21886 31435 8216 20542 20723 20515 16224 18856 8520 25307 26624 13990 18497 12388 10798 17101 13155 17182 22037 18947 22251 11521 14410 13944 17315
19846 18789 1880 14565 19123 26803 23959 17146 15681 9579 14526 32628 5025 12663 20820 21219 10677 18486 15040 10510 11469 21818 13721 11970 12354 9450
20491 16110 11550 6519 12420 21767 18836 14657 17623 5250 16748 13056 16924 13402 9016 13132 8586 10932 17329 12509 12940 12309 19440 17868 7843 12745
18607 17538 13838 9236 15365 24445 23913 16379 14242 13706 27324 5685 7188 19656 20147 16269 17235 11321 8120 9402 19937 18287 15760 14555 21092 6646
18940 15153 12452 3597 26950 27047 12073 13020 20390 16252 17690 15462 10802 10028 28404 17796 7729 3466 25100 11083 19231 22229 21943 19239 19545 5903
19820 18065 304 9217 11166 14533 16070 17532 13461 8822 12240 6345 14406 19126 15528 15905 15635 34459 21671 14392 14336 15617 18269 10367 27278 16540
18251 20336 5935 12980 12786 14676 15943 13270 15048 10673 18117 18227 11075 6799 22086 11261 11010 14129 15005 12726 6077 15258 14331 18196 11930 15586
15080 12131 7902 25802 19080 17083 24195 17044 12735 17381 3513 5297 19761 15593 4580 6069 14175 7718 22605 6794 10712 14541 8211 14597 15487 14692
21425 15452 20332 13562 17142 29808 23790 9929 24725 8063 15343 29728 11618 14182 7296 14555 7492 4268 13078 4977 18394 18395 16759 16104 19064 16018
17812 14235 12123 8348 15883 11505 20158 13320 17101 15088 0 19021 4849 15586 10418 20934 13841 16777 14758 19108 17345 16978 19599 16611 15959 7489
19679 17351 0 20228 10653 19773 24233 12173 14083 18756 19093 27857 13004 14450 31241 10249 8189 10733 13073 13270 11046 19609 15334 16423 19008 9954
17628 19216 8561 27472 18434 7724 19898 11384 16704 8778 8436 8307 21101 10405 10310 10658 13751 5813 24741 5 15107 10054 15853 16308 25780 14925
19367 14757 5974 21378 22230 16532 18554 16482 26135 13535 23713 27606 0 16129 23681 8989 9480 4757 3389 5938 18655 25581 17748 14379 9480 10927
16440 19397 6429 14597 16774 15203 17330 11045 15114 9676 20801 15483 3094 18728 6060 17837 15594 7098 11983 9080 20458 2004 17431 19036 15179 11793
20188 22384 16409 9130 14822 12492 20479 17005 13581 9428 12889 19926 24690 18988 8256 26577 16864 20348 28732 19596 9472 17613 15368 15120 22935 11857
13782 17348 15884 23312 15226 16522 18090 12695 11141 12844 19566 14721 16496 19770 21177 11515 18149 15096 18098 22997 21084 13449 10250 16340 8109 10122
20109 16015 8526 17384 23979 15055 19593 13807 26174 15166 5454 26150 5160 20637 8152 16757 7626 20950 16071 22193 18464 16638 17911 16247 15248 8020
19033 12765 17020 21622 20150 13635 20041 16188 16054 11864 23853 22775 5381 9716 0 18013 15067 30807 12024 10499 21454 20954 20244 17117 7267 5186
21398 13522 0 22049 13521 20749 19651 12074 11215 9100 24139 18445 0 18159 21898 10021 8576 7122 17660 9449 13017 13912 12499 16778 20713 10871
15832 15973 12925 22273 14931 17939 24911 14728 12820 14325 26805 28273 12044 14482 23207 15073 15603 20397 23576 21944 12976 16234 14613 18556 10312 12468
18648 20448 11314 18955 20786 12443 22743 14056 21170 4520 11443 27798 8249 11762 16823 18435 12811 22709 29774 8500 12929 18368 15215 18931 18220 14270
20432 21128 8779 14470 16982 15751 15904 12465 24187 11293 9849 32714 11105 12164 17841 16839 20915 3810 16568 25393 6981 10934 18698 17366 12409 15518
18452 14261 5166 23422 16057 19718 20730 12629 21109 16362 18538 31585 4475 14292 20243 6363 18614 16887 11652 16283 11820 14464 7468 8483 26252 13411
17486 15931 9705 17316 11471 10555 18406 21404 24519 13355 29208 23846 11380 18469 16555 14505 16337 0 513 15698 8454 22333 13085 19976 21755 14273
17821 21911 12123 15265 19504 19930 19961 10185 23056 9299 10301 13678 13989 14691 5849 13025 14506 2797 6367 25148 15798 5857 9152 11287 7523 4689
11342 17978 0 12994 15688 13057 18145 12394 20443 6715 20173 3022 0 20182 22123 18996 13528 15572 18703 16774 7633 16634 21083 14594 21446 10040
14940 17188 20009 16623 18773 24347 21397 13975 22828 4966 15071 18687 12544 12851 25028 11000 10816 15508 11113 12742 13942 22021 19996 16017 12623 19109
17249 18227 0 13237 11767 24591 15458 15136 13354 15062 23974 19047 11850 16811 9673 15540 10963 16743 22781 5136 10269 0 12242 15722 23222 13209
14074 15954 20741 13806 12750 20609 19086 9110 17581 3102 17959 19062 15047 15543 16371 14915 14433 9071 4147 13625 15984 14122 16967 18726 19761 15309
14687 16041 16369 5214 22518 14512 23772 13180 16240 15145 9873 29090 5250 19752 10133 13006 10256 117 17338 5235 12950 16526 15491 16234 21862 8625
21096 19641 6515 23172 19289 21445 16212 10103 16816 5576 12162 29324 5790 15955 11314 17189 17670 12372 22018 18372 15626 16341 14333 19617 7803 3518
20599 16934 12219 9112 19400 21495 25456 11506 20524 14089 17341 23551 7259 12678 25578 12706 16660 19147 24479 12024 16142 19511 11541 14435 13066 14900
18245 16089 13023 30012 18006 24215 16147 11938 18877 7786 17654 32109 24969 16338 12765 13442 9301 3697 11978 9958 14697 16805 17688 17784 7490 16566
16351 18629 12975 13207 12481 11148 20196 12825 15887 7134 10058 28033 16222 14693 22694 14826 13163 19036 17679 5647 13576 14768 12917 14861 20206 13227
17862 18504 17503 15888 23211 6935 15656 10637 13072 17839 16403 22452 7215 21943 18611 12674 12862 4874 15432 27928 20782 14958 14292 20284 22344 15265
11247 23036 18128 904 17726 22959 16779 15842 21686 10518 17192 19716 25282 14568 12439 18979 16416 23414 10038 7156 18773 24919 21061 17827 8609 12927
18608 19385 8980 16419 16944 27490 19599 13362 16737 12550 13518 11236 21160 19501 20044 7589 12130 17546 7190 11645 12079 15154 13729 18383 21888 8235
15733 18189 3248 18875 17234 4943 20460 15883 19138 13262 27409 13577 11706 18847 21578 19050 11941 7428 22204 24333 15700 13224 18311 17306 10439 9051
18337 19093 26553 6101 21917 21548 17978 12273 19613 14882 6624 23862 3954 13225 26038 14158 14192 9429 13101 6917 6188 15664 13189 18882 33665 8428
19064 18646 7882 12756 19370 20608 25499 14146 24392 12647 1693 19741 12181 12959 14739 13531 15025 7817 17375 11776 22489 23053 11530 14445 15253 7324
19870 21960 1177 7957 15147 18506 18292 16203 16874 16011 10574 23392 18928 13622 15355 18052 14465 20019 17995 16691 14093 28232 18283 14717 9051 11552
18830 15753 5952 22239 25452 2466 18575 12198 18717 12363 20414 24819 5410 19437 25739 23222 7247 20028 11920 12446 23756 1463 18189 16132 10386 10172
18382 17228 11776 11931 12901 26319 21711 12106 21993 8776 19440 26542 1131 16432 15488 11968 8278 13746 16770 6581 10772 21680 16905 17002 20180 10363
17724 22860 13274 17976 14609 13046 20567 13843 25198 9649 5667 24088 19862 18753 16948 13901 13709 11223 5153 9119 17901 2591 12232 17277 9511 13434
16192 21408 18371 17119 24406 18766 18117 10602 7600 11002 10503 21369 11071 13994 19707 13798 11272 7417 8791 7973 13010 10846 20286 11435 22525 11603
18867 11284 11051 11281 16572 8125 15638 17146 12796 8845 17186 32808 14113 19115 24033 11059 12335 15525 7187 11355 20226 16788 13065 9793 9748 14022
19272 15976 16061 22027 16627 26276 21136 14705 24806 15213 18873 13225 9329 14272 36732 8221 14178 23190 23713 12202 9987 7431 11888 14740 5955 10417
15875 14156 10334 9052 10080 20849 16119 15834 16097 10119 8532 40998 9693 9225 21040 13667 19995 3387 13585 12925 13273 15578 18243 19765 12626 9739
19053 20177 14402 23815 13822 13384 23568 13901 9852 6320 7114 29217 12990 15544 23127 17250 20906 10133 9130 9828 16529 20966 14928 18273 7824 9298
21527 13155 13378 24740 20633 22261 22161 9435 26965 7724 15565 18566 1812 20918 17129 16324 12250 7655 14251 15646 14142 2430 14541 15106 17819 8828
15580 17988 8081 7305 13480 12765 20298 11654 19981 8663 34134 8317 10295 24142 22129 25535 12892 17149 3779 20054 16403 15336 13890 16354 21580 9018
18791 20724 11954 15288 14807 13404 22201 11519 18593 10715 4430 13341 15935 13792 10452 20538 17324 10598 15353 12234 12333 10174 15994 15354 15183 6777
18256 20180 10702 25398 27123 8075 14958 11161 17955 11891 16624 18797 7230 15111 14869 8907 11976 30947 12885 9401 24079 11539 10302 17401 5814 6473
17297 12688 11908 36250 16117 13339 21519 12913 21110 14622 9705 10457 16064 19256 10309 18323 9390 16376 3359 5606 16869 11935 14623 11268 26360 3393
17793 21390 0 13056 18917 16655 12821 10336 10041 14986 11457 19897 18101 11874 21005 13682 9636 6238 18523 33776 18678 15303 16921 13214 17471 6367
16654 15067 4846 10040 11794 24261 23429 12605 16746 12007 8026 17459 360 8997 18908 13181 14362 6182 4257 7983 19284 27216 12628 13020 18239 7886
18084 16862 6335 9696 16746 19087 17980 13007 20832 14887 14925 29034 5455 19982 15277 10070 17033 19051 16581 12190 15498 12347 16385 21676 19773 6291
17197 16801 18989 3882 15683 18807 20080 14212 13048 14182 13468 13250 19889 17493 20936 19759 15614 18398 17038 8944 18388 13961 15034 12051 11622 1681
13780 17161 14307 11414 23074 10336 17944 8662 17696 15659 26706 14982 11256 19241 9189 11337 20052 5445 17999 16497 19105 5280 8960 15166 13181 11768
18570 15484 10962 5493 18645 21786 21986 14971 22233 11499 9732 27276 8027 12463 1915 14843 10829 15665 11870 13268 12966 29455 18795 20563 17458 14130
14528 21419 8877 17105 11469 22994 16512 14255 26188 7719 21285 12653 9939 19593 23729 11878 8608 13820 2111 10897 19302 16718 17955 19099 20202 16965
17435 20528 13354 23082 22524 19580 22011 17966 18745 13730 12669 15977 7274 15501 7711 22214 15814 9235 9969 21026 16218 26175 15052 15873 2802 12111
17317 21055 5374 12765 13148 20753 18816 15775 11623 10559 19115 12464 17864 12691 11111 8806 14633 0 5692 5608 11452 9425 12531 13125 12012 14797
18348 18958 11299 23468 17227 15350 18102 15298 12307 12681 0 23020 9598 18557 12932 13040 6999 6350 19554 14738 11848 28039 13971 14450 11755 10913
17519 18289 8061 17125 24652 16900 17486 18215 7320 6392 28105 20938 12789 15713 18212 5768 17585 12979 15299 15479 14486 22262 16646 15189 18059 9977
18586 24965 4291 14130 13149 20409 20220 10192 18116 12679 9434 25369 17068 11648 20275 13369 11275 10438 14406 24813 14698 33423 17596 14696 11715 11709
22249 20601 7692 7078 13217 14601 19328 14295 16212 16754 24989 18074 14950 16286 12949 12195 14689 23684 9154 7803 17654 24501 12277 14472 16951 0
19817 23219 3950 5478 22718 27596 18657 12217 16675 12644 9037 28811 0 9622 12936 9671 12924 9287 16747 3772 22447 14362 9938 18039 25780 15547
14884 18359 13670 6112 18554 10143 18527 17073 27135 8716 19704 22923 20230 17969 12134 18217 9756 7419 12274 15529 16609 20107 14294 19570 11045 6255
19039 15777 113 2212 18192 19321 18533 16866 23107 3531 3729 19992 19134 11264 24337 12861 20269 11880 12559 15478 13480 10550 18845 17243 10699 10510
18759 18159 11342 18447 19948 14576 16553 14754 22349 11637 19249 29272 15321 18935 21812 13765 15409 14005 22598 16469 21558 11363 16458 16058 15274 10413
21718 18613 2192 10828 13075 17781 22516 10432 18414 16935 12382 21801 5249 20689 21982 17120 5589 18045 17451 1048 16769 8043 13973 15167 26420 6126
20492 21986 8341 18797 16181 22501 21453 16483 19115 6244 16886 23904 4585 14278 18492 8202 15980 20433 11911 9276 18408 21846 19034 17183 18204 11574
15656 9105 12924 15621 17700 24224 23295 12978 15804 8681 25325 14932 14342 19107 16428 17305 12160 11561 931 8978 20106 10591 14080 15944 18461 14784
20800 31022 9392 16866 18587 18775 18943 12678 20176 13581 17216 23118 27119 13311 19465 14737 13412 8055 23428 19372 15547 15230 12955 20609 3752 8252
20985 19175 18644 3551 14476 10228 21784 11396 23138 17615 15206 26408 12242 15945 18233 18214 16887 15578 20806 21841 21039 25295 16533 16569 21546 16295
19859 16506 8976 23715 20226 20448 21037 12129 15346 12171 9120 12733 15785 13046 17941 7439 9998 13183 20002 10844 21399 10195 17843 14044 17687 15061
16492 20544 0 8275 17476 20385 18875 17407 24003 8329 12949 18563 14401 12524 26099 10201 13206 7060 13289 19285 17670 25723 11421 23393 9169 10544
15070 25135 7049 9387 25326 19015 21926 13567 21269 8782 16824 15150 22888 15727 0 8312 11819 19634 18714 13754 14093 11559 11963 14925 20303 9226
14736 22321 20425 12064 19168 25445 22421 4831 21690 11534 698 10876 17719 16501 29695 20926 13199 9973 15544 13064 12715 25906 18658 15166 11892 16916
16537 18940 7976 632 17035 19625 18939 13600 17221 10122 18279 19031 9802 17151 23776 19661 10523 17412 9581 17786 18680 17011 15263 16696 12477 11639
14142 20911 7464 12888 19940 7385 17974 18658 20523 10813 22874 13081 15499 9135 6724 17336 15266 6893 13519 18133 12023 18653 14306 15624 10089 9152
18385 17544 187 5157 14351 19227 17298 15483 22214 11048 27187 17028 7699 12015 19657 11148 14493 10398 8753 6605 16043 10630 9821 18764 17751 17486
21892 21923 14593 15793 18141 19296 17168 13818 16454 6667 1772 14092 0 10755 15286 7632 14319 2188 848 16587 18741 13188 10646 17260 10702 13250
15144 16669 14871 19280 17778 19537 16723 10920 22484 13538 8831 24685 22111 15132 4572 14611 14920 8773 11920 12308 2562 11096 15608 19358 19546 8692
15955 21651 0 20131 12980 14018 21137 17542 27301 12179 30476 21196 7827 17666 9189 21515 10387 13804 28622 9406 7228 11009 18985 20861 11607 15541
21640 27836 6467 24216 14739 16487 15129 11347 9495 11501 20557 23516 15555 19820 19588 19682 12857 13766 14173 9112 19403 14179 20456 20581 29293 10151
13824 18724 22926 19602 19950 18648 17625 13944 20291 8928 34936 10955 11426 14923 25048 8968 10423 17553 14192 9152 12893 13786 18123 12766 19432 8732
16996 18783 804 12107 10420 22003 19479 15085 23849 11137 17611 15671 9475 14837 21609 10741 5332 15984 17011 11962 12931 19935 20570 15272 21561 15022
20796 12598 10172 19142 16063 23318 19457 13069 20030 14156 1294 19042 17231 17086 15364 9018 12841 14420 19045 21100 9660 14402 15333 19338 7793 16942
16965 19113 17849 25798 15171 12923 17788 16307 15024 10616 30038 14754 6272 17659 27188 15190 9212 5194 17490 0 13947 9683 16421 15761 230 9992
16245 17664 12866 21103 20102 32185 16862 16579 16033 14143 1343 29698 20965 16199 10410 4522 14965 9899 15332 12509 8275 17775 15558 17194 9726 12416
19426 22331 8412 29714 10627 17202 23362 15335 15894 7402 14322 26495 16551 12782 29657 18988 11425 3030 16960 16472 10821 22099 14386 17702 23088 13500
13838 18616 6944 2580 15106 17062 18655 17691 16700 4411 20827 14940 15607 16252 7282 6977 10479 12960 19528 16771 11864 15691 17301 16692 9315 13442
18238 20399 22109 9630 9271 24210 24883 11727 18365 4301 22299 17115 12411 15381 17850 7607 16695 17827 12201 8352 16547 15118 12961 18399 18815 14181
22615 17816 4952 11321 21578 22944 19849 13864 20947 20729 15091 27430 9278 16306 0 17125 13612 11190 12734 17309 12541 14667 13344 16480 19470 10546
20463 20230 9151 10618 15432 13847 18245 11607 10287 10693 10527 21073 12153 15113 30926 10853 12482 11162 12231 7744 17429 14859 19296 18379 17212 15891
18157 17027 9077 16677 21018 15512 19308 12297 18031 6465 21869 7238 2363 18530 24688 15315 16609 8938 12745 4394 17739 22868 13986 18301 15341 10147
19081 19167 0 19305 23729 21111 22141 15323 24439 17107 9399 11486 13966 14689 25007 20799 13588 0 15480 26944 13833 13317 11452 11052 19201 7829
17786 20457 6414 23932 19201 18568 19006 17305 26419 12052 21088 20486 23124 16732 8604 14346 9925 12030 16072 19717 7824 19564 18194 14612 22145 13490
15721 15868 22917 22660 16920 34352 15466 13566 14897 7972 11555 4591 21681 13375 11890 14807 7510 0 17512 3426 15015 16097 18415 17154 18962 22401
18811 26725 21477 3046 21884 30427 20700 11743 22324 8736 18333 10056 14333 13836 26179 21784 12747 13250 25501 32137 16824 16158 12288 17203 16520 12192
18598 17098 15272 9654 12309 15912 21052 8009 13452 8284 14820 34109 9844 15233 19341 11297 9294 1365 3319 12285 12429 19750 11821 18568 8147 8055
12306 18848 19656 17379 23318 15372 17722 15432 24009 7222 14013 19468 1234 14344 23062 12476 17526 19532 13513 9910 15628 21428 16283 11742 27649 11194
16923 19085 0 11638 15875 21294 21305 16473 19988 7370 14181 15718 0 17420 31355 19033 11262 7753 19326 18599 16576 9324 16969 11493 16352 6038
16317 17978 6196 14327 19822 16726 20918 7049 17184 14991 16350 18868 20506 15956 34226 10297 13872 25179 14576 1072 18761 18401 15261 24691 2397 6871
16099 16577 16290 23131 17236 5486 18185 11028 22152 10988 3532 28014 21262 7886 20942 11811 18300 13443 15602 18958 22771 10702 16349 10946 18986 6355
14604 21179 9859 25288 15528 27831 21981 19897 12446 18278 4374 26291 19395 16140 24373 14909 13486 0 10373 954 14223 20425 16528 19493 20752 11398
20085 20277 26370 17018 23733 19609 17631 16575 13244 8093 11492 14035 20588 20000 23890 10996 7745 6236 14464 11548 21550 11738 18298 14906 16757 5499
18272 16955 8110 19571 19849 21458 19511 16397 27215 10675 4671 14319 8249 15856 19702 4719 14078 10283 3595 12527 17111 6466 13113 18259 28192 11189
18531 15968 17847 26419 21755 17782 18667 11012 18785 12489 16016 25863 6644 10542 16927 24432 15577 11493 5642 12282 8568 16451 15856 19855 6023 6260
14805 11257 1138 7169 7798 18963 17604 13520 16152 5983 18489 28728 12505 14384 11664 15933 20334 19287 25647 4815 17085 16746 19945 16695 20609 15716
15709 15780 14206 14316 11877 23804 18647 14882 14507 8034 9542 24888 7109 14171 5115 21359 12540 0 31108 16086 9184 17146 17462 17426 11555 12021
18762 16935 3531 22551 17947 13724 24072 12355 19780 13413 7819 27892 6236 14144 19257 632 11623 19763 13392 19895 20240 8005 14895 15121 16941 11421
21264 21120 11121 21504 19255 13309 21819 20735 19594 12732 17150 475 13696 8675 31719 13999 7430 3755 28323 17984 11864 13420 20582 15251 6157 14233
24511 22727 11794 0 24911 18342 17838 9077 21345 10502 22289 17262 19270 13770 9559 12804 13750 11823 15613 10287 18586 9345 9765 15419 7064 9608
16966 23233 2015 9417 14417 20029 18810 16760 20036 10354 18972 14757 17378 12348 18220 15782 17131 13526 14113 11219 17961 18292 10784 18427 20354 3614
14913 14789 10555 18107 13681 17881 21122 14417 17922 12869 17379 4629 6300 12512 14090 11926 9279 11589 14327 19223 10267 22706 22034 16937 18163 9129
18696 17838 6009 10002 17082 17400 22177 15578 14469 2644 20789 12920 0 8220 21136 11825 19129 19451 29141 3654 9225 30169 16657 12418 6041 13750
14810 21939 5258 12678 17452 22980 16199 11708 18980 7401 19599 16295 12526 13867 19998 12665 14108 15840 15746 15026 16519 5959 16334 19765 16699 10612
18152 20800 11621 19440 15091 25365 19452 12370 20702 12295 13743 19071 14115 18832 3013 17089 15661 8887 16047 22119 11438 5072 18459 14869 9554 4166
15966 17005 10522 11054 20869 18313 17337 9769 9840 9846 13358 29139 18807 20154 20918 5504 15756 15470 16512 12820 11191 16703 15597 15275 10999 9469
17370 17456 7769 29418 18136 8404 15697 15260 18887 7617 26154 13178 5242 20457 11613 14415 17909 12934 20204 16076 15190 23680 14275 20934 3898 5829
16910 17023 15338 17468 11436 16368 17994 9919 19424 10201 12399 27339 24137 10798 18542 16668 15620 19038 3342 26009 12564 9927 14536 18177 18447 9563
19018 23407 12332 6339 16810 17102 14455 16805 14257 8851 17865 14953 6335 12718 24658 13548 18747 17541 13493 9597 14884 11152 9747 15335 14921 11608
18958 22191 7158 12488 20553 31343 19404 13620 19518 14472 21728 26540 0 17569 23679 22442 17123 17157 15444 13800 20701 13584 19383 10088 19449 6714
18012 18207 15222 19983 27927 25749 19333 15201 15919 7979 19364 18269 15919 13239 16997 11099 14837 5980 10732 19784 14610 12796 16516 11621 17744 13186
17198 18911 10176 21366 16178 13977 19580 12944 20534 13944 13544 23340 3462 15579 20699 15123 10114 18428 18423 15508 13586 1896 14169 19983 1326 18206
18108 16536 23279 19694 15949 12990 18421 11713 22233 20186 31634 22742 20887 13308 10669 15120 15786 637 15526 16067 27765 11879 13723 24776 7989 13335
16724 15102 0 13031 18253 21870 20227 16918 27653 9271 12975 23456 21687 15458 14046 12217 13855 18179 19960 12435 17383 17893 16930 20225 7734 12697
18811 21513 0 15304 16544 28763 18053 9826 24333 8087 14271 14499 2914 9197 25376 12093 19109 17312 6561 17120 13533 4927 17141 17251 21668 8685
22198 17822 17436 12591 6977 30351 12628 16898 20045 9032 19115 21145 1520 12237 10571 20220 14406 6911 14286 16747 13665 9682 17925 11235 25021 10353
21489 19384 752 0 20693 18095 18195 10384 15566 13998 16574 10301 6647 17200 25358 12744 11412 7194 8913 6221 12346 21520 15200 13477 17431 17166
17032 20404 19762 14399 18556 18147 25681 19254 19117 16798 17182 13496 6075 20043 18913 11311 12652 22366 9992 20731 8908 14786 10901 16460 18321 12423
17093 21367 9330 17453 18344 14422 15805 10721 24636 14772 23859 22361 21765 14729 26842 6881 14100 4346 26749 0 12876 8813 17147 14555 13693 11794
18555 18584 6417 15474 8449 11660 19294 12165 15814 13165 26264 34041 19582 19992 30996 18589 18005 2407 4996 11724 18095 18295 12474 16350 7845 15173
15124 13770 0 17048 10806 20992 21446 11030 17482 16302 6086 24683 1695 16092 18115 8304 15916 20931 16997 11335 9696 17592 10101 17149 16144 13344
16793 21354 15694 5835 19238 11185 22635 13377 23684 16448 26048 24414 19970 15025 8339 15685 16270 13878 25451 28269 15082 3554 16847 11528 10881 11919
17907 19247 0 12156 10820 16963 21520 10479 18759 4880 15290 17676 8711 13976 25236 12829 21996 26972 17645 0 19006 19764 13000 16017 19090 13105
15072 20943 14300 19190 23550 27440 23704 9227 11734 8880 5609 22811 1827 10314 28581 15747 11889 2326 5150 2770 9425 11081 17386 14666 16721 15799
19276 15605 9370 20686 13173 19842 22095 17774 16947 1579 27196 19543 20596 15753 12973 17642 14808 9271 18846 0 13347 28392 22459 14817 21946 16021
13635 12480 12807 12781 16277 23287 18244 12957 20249 11403 23862 20730 19570 12713 14772 17344 15069 8797 8623 13967 18395 15487 11538 14345 21831 15140
15900 17824 6150 12518 7866 20015 18863 21653 14135 7825 23183 7547 18269 15600 16098 11409 18969 13447 10152 14475 14797 0 21507 14056 13276 10387
15217 18519 12366 14423 22703 24785 17685 10504 16774 13419 14146 18778 0 15968 23888 8941 14963 7168 14220 27805 19701 4816 14731 18142 14632 7565
17974 13288 20719 26181 18134 16007 22969 10362 20382 16996 8128 17766 14479 17578 25334 12742 14088 20416 12381 19432 24070 13360 10565 19184 10233 8740
17833 17784 0 19133 13764 13999 16014 12981 19872 5571 24705 23621 22369 15169 24017 15657 6377 4795 13243 13981 16950 22213 14661 16325 9483 8214
19466 19866 8363 2392 11928 18783 27387 17314 13051 15213 20201 16753 5165 15576 3312 13811 17904 22525 4885 21088 7618 12349 13590 12238 14510 12914
17104 19361 5690 11792 12177 13148 21355 11073 17923 11200 26679 22551 17051 19260 8815 15437 10292 4616 31947 22716 14052 17298 17312 17592 22246 18448
21903 15692 13193 28228 16330 21420 20587 18956 17684 16118 5901 9516 8936 20321 14602 17081 10016 10150 10411 8553 18153 11092 15814 16624 12768 14851
18006 15649 2351 7842 31168 23946 18398 14971 17934 8838 10597 24009 14293 12379 21153 21462 13608 9267 13201 15953 10237 19293 12518 15176 14912 4634
18256 21115 13103 14707 14236 20380 18735 12959 23598 10279 19479 21249 23379 14191 21003 13066 17412 0 21221 16411 24300 19389 11158 11940 16811 7837
17010 22130 13944 5600 14831 19644 16102 15847 19522 13478 10671 16711 15982 19375 15804 10854 9399 6578 16511 3787 8242 17645 18774 23580 12791 11524
21347 19197 20524 17228 13662 11840 21149 16674 12602 10676 19201 26312 26201 15565 15565 4615 11071 16105 17949 17054 19070 8054 6219 19441 25022 11776
16303 22613 0 11283 23525 21262 16990 15281 11927 10263 25688 16277 10624 18722 33475 15199 19002 18919 1565 17525 15473 6673 15505 20218 20089 12140
13498 20457 0 19938 16945 22904 16398 20260 19083 13270 4484 20840 17992 19954 19560 11095 15716 9673 9717 22571 20404 20455 12910 16791 7480 13738
17259 18142 8696 26572 14510 19351 19312 15309 18235 10413 15249 27979 18825 16074 21920 12419 9959 19938 17011 13799 22769 12485 12274 9928 16491 17225
14766 22796 11298 13747 17949 11186 17856 15424 19276 9375 5812 22659 27248 12424 21644 18585 16078 13132 25313 10833 21228 15141 15086 14130 14505 8669
17589 21442 28567 18548 20593 30506 20487 13973 19819 8525 21802 20598 18476 10020 1091 10223 15055 13473 15808 15007 13712 21790 17526 19591 20879 5820
16799 18493 12994 7127 7044 21885 16103 13985 20111 1124 11631 19027 14358 16004 0 15147 11745 20189 19809 14837 18831 17972 16420 17702 19019 13618
16080 15097 19783 11268 21859 18007 16900 11992 15240 19091 9578 38698 18170 12671 11269 16675 3768 14703 10318 21956 13236 17965 19624 14858 20525 9865
22872 24804 1127 12888 27058 23168 20643 10819 16486 18439 15591 15233 15586 18053 13270 11264 14633 15174 12566 7134 15584 14265 10342 12253 7449 15309
22784 17729 10895 17585 21515 11969 19300 21800 22387 15709 0 29163 17519 20693 19023 16310 13822 5811 12304 17646 15390 27935 19920 14593 16073 14909
20874 22424 10802 8995 14833 26431 15634 15280 22708 17283 20115 15135 15801 17651 21208 11996 13170 18393 22120 28603 17286 10796 12340 19250 20389 7625
19206 18764 0 7839 15319 13076 26177 12004 22496 10514 9563 5875 21367 13579 3067 9980 12874 12762 15303 18412 15935 15686 14324 18405 17348 12586
23463 18185 15348 14391 14645 20540 20954 14513 19369 10550 26926 30902 23985 16892 22341 14281 10412 1150 3671 15866 12695 19985 14771 20843 22482 12513
18786 17026 17082 8197 22158 15639 17174 14396 16909 11470 22596 18756 9817 10605 13098 15081 8446 8095 21664 14939 11859 24118 15492 11264 22966 12356
15566 14959 14419 9770 17697 20288 24582 9037 19979 16575 18691 12761 18569 14206 19217 18672 17165 5649 8909 11619 15532 28813 15857 15442 19407 7946
17535 18782 14204 4736 10446 20329 19182 15040 14897 12792 16732 10471 2871 19846 15018 12385 14906 23782 15236 0 8959 23018 18223 20994 18638 12797
16297 21554 0 10676 17588 25387 15837 13305 21572 8567 26540 20175 19400 14412 14323 14431 16839 4913 11792 19049 11959 21057 16041 14650 6994 7854
19033 19329 24732 5038 16662 17848 14700 22593 21214 11573 12869 23245 2619 12892 15407 13889 8795 14061 14138 6462 10674 24932 15525 18656 17350 8920
16479 19131 14451 10734 25436 17126 16864 19319 16115 12603 0 25221 13105 16905 9511 12018 13891 13871 13302 5375 24066 10754 19227 12938 9130 11762
13769 20291 8276 11769 12722 20997 19489 16075 20744 16244 14886 22519 10367 17341 16550 16671 21435 29737 20177 21253 14997 19573 13763 19318 14629 4891
17459 18012 7523 11230 13278 17563 20574 12275 14196 6992 18574 19278 22695 13032 7015 10593 14766 19064 11800 5129 14190 7217 11322 19323 18789 3064
17577 17589 13041 8580 16800 10102 22223 16469 15967 11351 16778 18889 13644 12895 11386 23894 12769 14070 14255 13502 10621 17852 14699 16016 17826 10990
18169 17860 1778 7131 17349 20253 19602 11040 13851 19594 8689 20784 0 19236 13487 13304 13455 12249 12038 13042 12878 8047 10705 16344 14434 12577
17425 18261 16757 4837 16178 20722 17919 16010 14718 8738 14763 10637 0 15996 19561 13767 10984 10262 9434 24906 16306 19633 19816 17290 18784 14991
19283 20592 5094 21445 13291 30433 17367 15397 20628 1833 16563 16530 1819 15094 18218 13927 11702 14791 2609 11068 8150 27506 19727 18660 8394 13353
19333 22158 21705 14554 14116 20842 21792 14758 12939 3226 27938 11301 19388 14168 16199 17534 10457 22610 9373 15321 11421 17623 12265 15800 6435 8286
18520 11430 13223 26160 15470 12823 22928 12388 23485 12176 0 19693 21208 15686 18815 14083 15615 15261 11188 14130 17323 18010 15964 14977 24889 17342
18605 18633 1755 13364 21629 23878 17793 14105 15365 9528 6828 15521 19058 9102 18579 17310 15093 23928 32264 0 16386 8988 13798 16322 17435 4266
16718 17110 12648 10131 22071 13361 21162 11143 8890 9572 12074 37981 16586 12732 15030 11605 4964 14839 22705 26651 10082 16588 13685 14366 22790 11529
18937 22165 16413 20105 19718 19998 18435 13558 21246 12976 15626 10618 8217 16147 13302 7761 15586 346 7752 8354 17342 10528 15488 17330 19269 14567
17039 25122 16942 13567 20851 27932 22465 17787 20070 3822 29457 27803 1698 7530 14381 12170 12141 15185 9010 19809 15374 21468 18610 18845 20987 4723
16634 17565 0 14186 13308 28107 16397 11377 10690 7047 19974 29809 19722 18669 8654 16903 13168 1036 16717 0 15752 0 18969 17380 17392 9533
17105 16325 7252 16229 20651 19986 20614 12482 23887 5089 6568 22688 9326 15239 8714 11562 11363 18973 17785 10575 17632 23693 10599 19171 14724 9409
19996 20303 9189 16288 20083 24178 20810 13435 18750 6236 12755 33750 3940 20193 11088 9804 11629 12573 18916 14698 13340 20048 15562 13894 12675 4138
14341 10210 4978 33063 9336 16778 17520 13396 29228 13926 7705 27173 19885 15652 33761 17760 12463 7872 14048 15440 8731 0 14241 13716 14242 15469
14323 15352 12228 5795 21006 22702 14306 10481 16035 5124 20203 17925 12803 10832 0 17701 13532 31071 9587 14169 20107 10890 16275 23457 15427 646
17016 13082 0 9722 12851 13551 19990 15094 16863 15052 11342 15995 8293 15786 16268 12512 16614 12506 20722 18920 16111 5851 14548 14475 8245 19766
21644 23465 17827 21289 15074 23395 21285 15066 14917 14419 11913 29083 3457 15573 12169 4436 11655 13318 5294 17242 18976 24966 12329 16627 8319 8358
17677 17467 14288 11412 15372 28771 22046 12382 23330 9833 25475 22281 17364 17693 19605 21552 13937 13601 32904 5562 17627 21148 18699 16644 13427 20503
17921 15113 12850 8313 14217 10815 21076 17465 19938 11117 19029 15098 26609 15912 22232 14979 7952 7032 25869 16973 18100 30314 18746 16401 15263 18466
16694 20619 14123 11813 17935 25254 17813 16568 17857 15817 12696 17755 11361 12381 4952 20940 13540 2543 20993 20007 23300 18275 10544 13355 18979 12358
17355 19389 0 12978 20159 15249 19673 14420 9262 8311 37365 21018 15834 13169 15488 21345 7029 15137 15597 5855 16499 6588 12668 17986 15299 12068
18588 19917 19768 12813 15111 28643 17943 14746 12318 8819 16694 22967 9992 18441 9961 13833 11140 4460 27700 18958 9914 10611 15947 18170 11077 11987
15775 19421 14484 4294 15532 16476 20923 13246 13864 8685 10116 24225 11555 20354 15938 12698 15580 19046 16673 15347 19069 7622 17936 17684 23680 17861
13682 16879 622 17714 18510 24617 20630 13917 18097 8159 17401 23794 5182 17988 15103 11487 12016 8983 6503 6504 12907 20081 17488 20238 12404 9004
16114 21565 7149 0 17286 23498 15078 13741 21604 9787 14654 10546 11971 19039 17884 14991 10136 13893 20763 9166 18752 10192 17850 18392 13512 8450
11984 13779 15157 10465 16957 24081 16951 10620 23198 10834 7880 24971 20617 6288 6266 16703 13309 0 10169 16934 19291 16007 13278 13543 6723 12623
17352 20927 10500 11920 22539 17949 14517 14341 18669 15940 4442 22881 11433 10256 1996 17629 11864 18176 12855 16530 12688 17469 17733 15834 16957 17221
14056 16481 12435 13298 5932 23793 15000 13682 19191 10851 31847 17589 0 13799 3023 12808 16255 14222 5765 19435 7377 2875 18185 17200 14354 9687
17587 17362 14417 5984 14661 19531 20765 18714 20138 15845 7050 15558 6891 14646 20835 12752 8838 18494 11271 14844 12503 17832 12305 17582 17806 11805
22153 15706 15366 7571 22289 21925 17406 9758 19614 12549 14289 12442 6280 18144 16338 12400 18302 13194 9188 13970 12204 21695 12294 22625 14677 13142
16560 21897 0 28312 9416 16318 23036 11819 20691 15100 16641 23175 10474 21343 23838 15632 9339 20617 16699 7458 10840 7460 13654 13962 3601 9224
19476 20887 19422 16606 17375 24743 17552 10989 15267 19406 17605 10788 17269 14815 9046 14616 5420 23069 21897 15750 17495 16519 14696 17763 15706 6547
20646 23733 0 5952 18378 27818 18866 12607 17117 8038 16666 10305 1428 18417 19971 17444 15364 6702 11861 14468 10367 18633 17701 19501 9606 8583
18783 15828 18416 20610 15940 10696 19964 13220 17581 7579 19043 32489 11275 13148 21188 10243 9359 0 5727 13115 24734 28892 16756 15567 10695 6404
20300 16589 1869 11435 21574 18906 17240 12298 19595 9581 3830 10469 4542 15012 11183 5675 10655 30552 21891 15274 14363 9514 16737 17109 17259 14963
16392 20637 5006 12962 22317 21242 13191 19893 19606 14649 5249 17008 11939 15728 23992 13204 13879 17377 14626 10863 12181 11720 13010 17495 12974 12185
17869 16598 24050 18055 14138 23513 18212 15176 12143 14629 20298 19340 18785 18079 19699 19747 14747 5000 9134 10524 8945 9690 13371 16191 21812 7762
16667 18895 1402 17706 17855 25017 21339 10519 18287 7667 11012 16309 22009 11569 23842 13922 16371 3892 18924 16409 19344 31263 17954 16371 4410 10650
15478 15718 11818 19017 20940 19982 15233 17658 17601 9291 17296 31767 19917 10515 23511 9935 16142 11814 6579 6019 11698 9050 12679 14374 10175 11017
20498 19874 2308 15364 22532 10846 14398 12984 19109 13837 14822 27676 21438 14469 18466 9558 13060 11515 13895 15621 17475 5925 13975 12895 19127 20590
19117 19486 5329 2039 19241 28645 19557 15701 13219 16193 16439 30607 6293 18115 26713 16241 11215 25913 15550 20486 10602 15069 18206 18704 21111 10183
14726 16934 5291 5100 14153 20133 16298 16481 16860 13683 12234 16285 7554 6147 24237 18549 16537 7150 16626 15838 11672 27766 13755 17443 24194 8676
19540 20228 27558 0 11283 14517 18992 14100 18333 9287 14920 13183 11652 15297 21783 10631 16035 13480 13041 23390 20493 18532 13804 16253 16477 9347
21185 19629 7012 24766 15729 22500 17270 17230 10868 11622 14412 11619 27987 16166 14277 16797 17406 15078 20723 15621 7396 17483 18042 13173 12436 9868
14555 15238 1737 20192 16023 13172 21312 15060 25963 12115 28566 16825 4488 16523 7332 5077 12665 12048 21470 17423 14782 18749 12869 13394 6781 14457
18265 18692 12030 18852 19211 15394 24283 11172 22740 2998 8087 0 7025 16304 15224 9155 9237 22241 29168 16374 13091 9678 18464 18570 16942 10765
18016 20792 17153 9583 20436 11055 17013 17189 20794 8374 16487 21980 8528 15042 18681 21133 7937 13870 16905 6800 18706 26070 13109 19204 18991 12304
21960 19844 22044 14978 12567 17723 23466 15729 14744 12700 26836 22613 28643 14560 16580 13429 11459 6552 17604 2848 10463 20183 14685 12852 22014 6621
19755 24541 2012 0 16407 20006 21482 9578 17883 9524 6131 24014 6113 13477 15527 12447 5407 18091 22439 15133 13682 10453 14596 19568 14165 9692
18284 16922 17507 18706 17331 21746 21944 10236 23483 9016 9437 24521 10269 11300 9461 8357 9864 17326 5459 18645 20709 9141 12927 11521 17529 16746
15897 23952 9794 9028 13301 21432 17090 11726 13956 8509 28786 19033 10892 13027 12438 16867 6463 16988 5689 9151 17931 7537 13338 15039 23697 14051
16964 16397 18487 10459 14027 21670 21444 12393 26426 9185 12647 30677 4237 13758 2824 19461 16311 10515 20268 17496 8101 19341 18151 19087 16524 10358
20381 13464 7977 31540 26602 12232 21917 6937 21283 12971 7242 9656 9723 10843 24836 15416 12871 18340 12336 18326 14897 24667 12162 14344 18644 13431
15267 20125 20260 14297 18698 13421 23943 18489 16002 9137 7497 20411 12533 13663 12919 11226 11359 13798 16952 19955 15380 17177 12144 18882 15936 5973
19663 18513 1663 25661 20181 24675 23961 18658 19764 10311 14983 19713 18094 16638 27633 12271 7756 18320 19446 9900 14269 18712 10633 13506 20458 12359
17824 18263 18459 8130 15922 11832 21367 7928 13921 17392 14557 15091 5872 15966 24932 7213 15546 8840 17897 14061 10189 17047 24748 16336 19494 7625
13237 15906 19151 8997 19630 22398 21327 16422 14174 9645 21358 20165 11435 18114 24589 14244 17787 17081 11279 0 22457 28554 10636 17748 19396 11857
18660 20721 0 6278 14426 23688 19545 9207 17179 9429 15407 23799 27988 15410 20760 8713 9043 159 14053 20551 17632 21587 11672 15473 7283 7620
20474 17206 3243 10019 18278 25520 18726 12693 20556 11599 9960 14936 9054 8155 5985 14169 15213 2267 23162 14788 17021 19023 21018 17920 18868 15790
20412 17407 8828 10404 24418 20950 21475 14081 19993 13306 25277 28366 10993 15956 25494 11986 12959 22759 19716 0 19192 11948 16389 14246 21121 14781
20482 21060 8666 21405 14351 25542 22468 15976 25425 11171 14040 19584 13487 17983 11808 18039 16859 20324 20350 5195 15967 17229 10196 13896 20958 3836
15100 23524 18572 14012 21893 22704 18749 13723 18929 13421 16333 26010 7116 16810 8545 16476 17964 20758 13704 203 19731 0 18235 21992 14094 11576
16146 23130 15619 23551 20902 13991 16541 14594 21430 12062 8552 8994 7321 14978 22409 14788 11410 20490 9536 7255 22027 12643 17741 18056 13294 5556
15177 19089 16157 27119 19982 19967 20274 14058 21847 6370 13609 34479 11975 11061 9095 5957 10199 898 13581 21377 10793 36431 15539 16731 10787 12078
16670 13731 18223 20177 22694 22132 16332 19554 14796 7887 0 20819 3416 14001 11036 11996 15220 21442 6239 17098 17401 13853 9143 15326 17185 12460
18218 21212 17873 23928 16022 25636 14559 17350 18163 16128 11193 24821 15638 20626 28420 15335 15335 14436 14480 10391 17584 13821 14450 14429 4756 11394
19512 17538 7337 22678 23890 17045 20563 12436 18954 10178 15461 16771 14293 18539 31152 17623 10027 14801 20949 13207 19607 11926 19719 15808 10157 6751
17934 19628 4966 8732 14113 23872 19176 9584 21777 10148 0 13041 5348 20663 8402 10665 9165 17203 11560 20482 2574 6837 13501 17439 20640 9392
18225 14872 14516 1371 9218 25051 17658 12411 16452 11957 23474 20163 25269 9134 25841 9842 5048 7905 15588 18720 22327 29071 9273 13575 26662 6395
15070 22814 0 14027 10551 21774 17823 14223 18148 10480 21658 9237 29778 12875 11828 9653 13426 24994 26163 9472 9159 24109 19925 11934 11979 12346
16125 22850 6023 18417 21411 26438 24483 4814 20867 9379 9250 13414 15078 14237 17030 12482 11480 3516 2171 12114 13026 15216 8314 13100 12197 11571
18272 18387 14493 12602 11753 24742 15029 10374 17089 16611 10027 20662 14473 19837 21370 17265 6715 8758 16610 21903 9900 0 17666 17212 18661 16766
19637 21741 0 18946 23536 18456 20837 11483 14487 8125 16795 23645 21940 18830 16498 19859 13564 12400 6630 22184 12158 10815 13967 17524 19077 18048
11456 11631 2387 6827 19545 27398 26074 8027 16687 14800 9536 15529 17579 15350 19731 19872 9175 15176 23615 15480 11801 20008 14487 16992 16793 12393
12514 17197 19965 5377 22427 14353 19888 14664 24102 7755 24584 0 1008 14132 15557 19686 11577 11753 18645 16106 7293 14777 15082 17723 16986 13676
17714 20463 12521 6893 8057 17256 17479 15369 15654 16574 24254 20620 9644 16498 35440 18141 14731 16576 11040 9339 25192 14009 23144 19009 17070 7991
18695 21149 9406 10769 18474 12037 15880 13092 12726 15372 28929 14163 446 21535 744 12321 14873 20331 15563 16787 11979 13916 18038 16341 15279 11675
16818 14440 7918 20333 14172 21980 19462 12337 21235 18389 22739 16811 22110 15661 6447 17522 13996 21186 9756 20109 12459 25021 10778 14393 15342 13487
14015 16161 3863 23093 12381 9618 20399 20463 16483 12946 23672 6642 7599 14861 24085 16731 7738 7749 23222 19271 17772 13245 20427 19223 9004 9214
16395 20805 18311 15514 22327 19578 18539 13225 17410 3795 25032 28079 15450 16581 21266 8951 13112 19037 10889 17793 13211 8471 15832 8540 20351 13937
16313 17090 22624 20500 20359 20585 14939 10122 15297 11980 8860 21811 0 10018 7123 13307 13828 9814 8795 10412 21727 23076 18857 19557 18613 7733
19380 15375 13931 12804 20722 20712 19195 8204 20882 5378 7796 9862 0 12677 17803 21137 10910 18363 16253 8334 11414 11420 14630 19777 4042 12625
15788 23238 11161 18664 15491 22944 14548 20491 20094 13404 16352 6664 2356 18155 21186 10672 12339 22401 13981 17283 19086 17120 16041 18258 18663 11774
19029 16132 13585 9378 12995 16462 24767 13158 23538 11153 25127 24112 10154 16533 17032 10857 12108 9746 23592 21007 8387 14457 14307 12144 18843 13554
15519 20063 21461 24536 13920 6933 20941 17251 14393 10286 30608 34863 5482 15698 13944 13240 10087 17420 25405 19788 10385 11275 17328 17351 19964 12973
15800 16932 9329 1299 7322 24597 20309 18464 19923 4011 19743 39303 8495 17619 28981 12568 8410 13892 14570 13474 9074 21206 19520 17131 16120 11964
17460 22388 6663 28164 11382 20817 21669 16612 16177 19753 18780 18425 17620 22418 19748 7936 8477 9134 10495 9370 19490 18140 14240 17620 17260 15219
17843 13134 12002 16794 20249 25968 18913 12343 22279 9367 12513 22881 29557 14154 14753 14927 13844 9887 28043 7024 29426 23712 17185 12837 9284 4999
20759 19032 5344 17699 15455 23567 21333 13282 19512 14600 27600 32749 16940 16825 22377 9905 12783 14185 6935 27549 7757 31777 15579 16357 12733 6376
24093 20747 6944 8717 15388 27105 20000 13760 8738 4985 8015 3189 17741 15942 9712 11673 15629 8324 20614 6687 19785 11340 16462 16363 12596 8679
22554 18598 21765 14970 11435 17544 18269 15007 23742 11912 2131 22152 18531 14326 8677 12720 11826 27760 17192 16253 15372 18108 15283 14435 6236 19407
12930 13711 4753 28380 9397 13684 20852 15309 22161 20205 18284 14464 13516 18859 15568 16448 12507 16334 13445 14433 16464 9145 19604 19314 18582 16568
14319 23715 7573 27780 15671 11962 19880 18106 17052 10038 21414 23659 20665 14489 21654 7856 16101 8643 19334 4107 12882 13961 18794 14425 28683 17370
17225 14073 11533 13551 9002 12786 21127 16837 17656 14766 15988 26473 16667 14808 24796 23339 11175 14776 6746 6328 17542 8825 16107 19890 9438 13142
16795 22837 29739 11657 20647 20222 22642 12836 22377 8682 21348 33097 4016 11467 22225 4850 14790 20179 9628 7092 19114 20383 9390 17352 9410 10365
17166 16061 0 6337 14301 20593 16436 12018 13774 9624 15876 16655 11188 15770 13413 20204 16990 10077 19096 9147 20515 1896 9763 17746 15681 7504
16841 21152 21094 11263 10835 27880 16311 18920 17780 13451 16159 28660 0 15694 26529 22330 15537 21931 18273 16545 18216 27830 13953 14588 25191 16693
16252 16156 10382 12396 17669 12535 17438 9200 16027 13273 13225 20497 11373 21258 25447 14937 15577 5603 20520 16705 14319 24130 14614 18044 14101 8719
15754 17541 24533 5235 19990 16581 15477 19171 12347 6895 15538 17536 0 20618 11515 6681 12802 12379 10939 10030 11905 26170 13326 15343 11360 9163
20019 23141 15295 9790 16084 28442 18786 8546 20152 17455 7347 9238 3402 13289 13371 9347 16056 7919 16847 0 20311 25329 18499 17706 16730 16514
21249 20546 13983 16435 13607 19696 17331 10944 14695 5561 19902 16587 12623 19671 15287 21720 9663 17866 23027 9054 11016 15644 11866 16975 21015 5563
17821 18266 20125 3164 16740 18493 12405 17364 20962 7949 12381 18035 0 13631 19912 20748 10599 20405 15373 0 24760 28640 18549 13264 18328 13584
16932 13658 9781 17367 18673 23339 19950 13585 24615 6678 2873 35000 11481 9653 20396 10862 9573 23672 8911 13776 15275 23184 13473 19514 15127 11799
19727 21709 13832 4176 15025 15441 24477 14631 21623 8969 20501 18848 6952 14144 20900 13868 10463 20190 15474 15639 17037 17932 16535 14040 11708 7222
18281 17944 5161 15417 16144 12088 20935 13963 16658 15417 19787 13826 5158 9123 13059 11618 7386 15603 20620 15015 14382 10112 13015 14708 6114 10963
16244 21978 10120 5653 20716 24139 19870 12166 22991 4306 22735 16403 3318 12309 17443 14361 14427 22354 22284 9985 21574 16829 17860 19458 4866 11752
17231 20089 10140 12856 21513 26440 17430 14271 22686 12461 22108 17464 24099 12028 24632 19890 16180 18466 22428 12615 15982 21480 9950 13398 16281 17261
19291 22621 24560 7390 17072 20539 14479 13242 9432 10996 9710 28081 9718 17526 11096 13070 15809 2656 12831 5867 17072 9065 9130 16547 11092 15382
18037 23542 4394 25110 21402 27054 19031 12036 18599 4922 21080 30278 6021 17732 6253 18307 12779 8658 17136 13244 21381 20739 15838 16923 23572 9691
17713 17727 15187 17192 14997 15579 20123 9988 21258 8316 10628 10683 7826 15655 25938 12030 14977 20462 12385 1306 20859 10743 17611 14464 17098 11001
19444 18245 2467 832 15544 20569 17325 16827 19839 13801 16423 12276 17603 15479 6806 14054 12205 17845 15842 14258 12899 24476 12162 19288 7478 11873
18388 17923 1417 7252 19314 15806 19158 13255 16001 12706 15818 27231 29501 17778 22917 10981 24276 23053 7070 13619 17977 16548 11800 15560 14734 13334
17707 19371 14044 13732 3669 14217 25029 12280 22575 6024 3579 19788 19027 14358 23943 14574 16241 0 18947 17010 21517 14446 10301 13047 15917 11323
19914 16938 15115 937 19196 18990 21298 11970 23426 18780 14955 22645 8927 18287 16624 12342 12823 8924 11076 14019 21223 17879 7046 17145 16507 7341
16945 17485 10749 14445 17435 25788 19042 12883 17422 8414 23219 8585 7737 15556 12799 10862 15882 10034 11435 5719 17685 11924 16695 17973 11074 10397
19576 21991 2894 36807 11841 20022 20177 11205 18579 12241 39745 25175 20573 16366 18260 14659 11637 12813 21379 9543 16035 15621 14112 12996 10891 9317
21359 11868 12925 25020 8717 16052 18454 16200 24301 10710 11443 11021 13514 15561 16589 19203 8736 13565 7489 9854 10836 9880 16057 15403 13688 7614
15850 19759 8399 7901 18333 22772 18786 13915 17627 18867 23917 19241 7491 16652 24604 17274 7115 17336 25535 0 10161 11805 19970 14516 15228 3688
18512 21218 11145 5984 9661 12403 18605 15984 20224 14223 9771 19495 10058 19926 21071 13911 10787 707 4402 3867 18759 1664 15928 17649 18773 13751
17781 19092 699 12914 24422 18140 26846 14566 18166 13572 14003 4544 0 13295 16817 22305 13831 13817 14149 20110 4986 8032 14884 21006 10820 9440
19217 23742 3639 8526 19828 25423 18986 12360 22756 15319 13944 35498 5937 12258 22337 13698 16915 10031 14085 13818 9707 12699 19343 16298 16414 6174
18141 18045 10701 1905 16912 25218 19711 16391 14363 9627 15279 19413 17323 16345 9329 14468 15609 16444 5079 19154 12573 14194 21488 17807 17318 10304
14819 25029 8127 11139 16772 14204 16970 9925 18112 13840 21977 31478 0 18996 19563 15876 14753 11174 16342 15770 20400 15586 15102 18089 18886 10255
17770 15562 18731 27520 12809 21164 19030 13497 18969 7789 17191 11430 11069 19687 22049 15871 15224 0 15162 10776 14636 12129 11457 17057 10100 8443
19604 15190 12781 20632 13807 26447 20809 13139 15695 16451 13419 13196 7324 17256 8108 18642 15270 18454 17125 12065 10221 17878 15922 13295 20016 17534
18153 17044 8405 25808 18631 22683 17123 14578 18087 12888 20364 3515 31630 20798 20459 25812 12716 21052 10737 6719 22272 0 14358 12981 20244 14795
14900 15213 10272 23336 19068 23055 17370 14089 29445 7619 7837 14100 18351 18775 11865 17094 15048 8019 10088 11529 9917 13478 16913 9755 16370 14701
16588 17969 3722 33822 17368 22154 19510 15635 8940 8002 14206 23502 18217 14529 21594 10060 11856 8792 11228 23037 27752 10416 16557 17611 10760 14090
14860 16218 6593 25057 15813 28162 21129 14993 18005 14343 8129 20617 21394 14291 4231 19023 11741 7128 15494 8532 9788 11044 14193 18621 15007 10626
15239 17295 6290 15152 27082 18628 15376 14424 17448 15010 15910 12265 9542 17121 4741 15410 10839 9218 10803 13678 19267 2509 18517 20936 7272 17912
19338 19758 7106 15846 20522 18578 13929 11996 20691 16830 23697 22428 16540 16033 20577 14901 13609 10847 9745 13766 4278 15104 13006 17450 16998 12350
20907 18923 3073 28042 16833 16414 20895 14764 16870 12178 10375 9581 15911 11462 21312 16479 10669 12349 6990 7351 16756 11876 18063 16088 8710 10070
20655 20519 10671 12784 22268 21543 18846 15849 13718 12398 6586 14304 8669 11909 22074 10334 14658 5523 16970 8952 10253 10585 13895 9674 13839 17292
19643 19166 7999 10931 19113 8875 18045 9835 13387 8456 7953 22064 18476 13599 11707 17132 10279 18821 12153 21060 13496 11306 18538 13662 14296 14166
20351 16848 15893 10151 17574 18390 24547 14344 19559 11742 534 0 12689 16466 32785 17449 13454 1741 20947 15969 18829 28053 9101 14849 17465 11008
15579 17309 5871 36508 19848 5961 15879 14018 15426 21529 27829 12567 12740 14794 14241 15080 8753 16568 11748 0 11204 24850 10288 14622 20769 10870
20409 16908 16265 5586 17272 16664 18551 11247 23814 6636 15315 14512 2878 11766 17145 16712 14580 6248 0 12357 16338 27036 18647 16588 19189 15639
17682 18387 25685 19117 14604 17205 20154 12837 24355 12727 5083 15770 5690 15105 19750 21458 11136 14904 18416 9034 9271 13490 15628 13539 12316 9895
13646 25827 7480 3002 18409 15057 23941 12081 13807 9210 15137 17533 4888 17542 11599 24723 9244 7385 10780 11786 11614 17124 18906 18757 19040 5778
17556 20882 6269 17079 31760 29997 16850 21188 16991 4111 18358 18836 14988 19920 30292 10217 7754 12925 12229 7384 19646 10668 15540 12158 15678 13690
14498 18870 0 12366 19971 24842 20696 11397 18711 7482 18625 22674 5882 19385 12157 11333 12077 28144 1892 22108 21248 17677 16386 16945 18681 22780
16481 14803 17474 28639 15414 29255 17743 14333 20635 15872 6504 12912 8275 18305 15499 12600 17014 19426 18325 14400 18602 12041 16938 19663 18188 9538
17111 18342 14451 13555 13708 16307 15171 14696 19173 11569 10170 13965 20789 16749 14094 18086 20640 19713 9483 2600 11408 14384 18210 13384 15146 13781
20658 20748 20111 24981 14259 13006 15871 17776 21063 18671 16857 9366 15306 18373 9634 16393 15062 21491 16919 14628 16558 18270 10230 14042 7836 7050
18409 22333 9947 26181 12428 19982 15518 10883 21678 16920 6512 8953 14467 17456 19241 18756 17398 8807 19041 12848 16433 6419 10349 17915 20779 11028
18523 24492 11316 8873 21473 17341 17833 13419 16997 13268 33903 30121 9140 12770 17025 10782 9015 9613 25372 18144 7748 9722 14899 10650 12489 16353
12353 15735 10563 16949 20553 17781 16322 20457 29967 14146 18688 12882 7681 8888 22421 8886 12470 11235 17438 17320 8196 19634 14675 16400 11227 13494
15780 23643 2183 456 10178 14341 17272 14745 17627 9071 14818 13098 7061 9827 2121 12454 10440 678 10331 13874 15671 3795 22793 15905 17129 13869
18861 14686 16852 12630 14358 20515 20664 16924 21047 12322 20767 20819 21424 13610 10933 8601 8847 12984 5144 11557 12532 23652 12823 15646 17912 3071
17372 18951 1686 36386 21311 15320 21054 19035 20187 11521 12928 24765 0 23798 5061 22681 12888 11459 16035 7786 10734 15821 20404 15858 15499 15104
18920 18444 15091 7131 15081 21691 21747 14185 20966 16734 17944 18240 10435 16896 15562 23055 14891 7636 14922 15209 20182 3074 17208 14023 19314 8847
18263 21871 8947 15838 8315 18580 22166 13059 22407 13296 17753 8378 14609 15857 7716 17181 14543 21837 25048 21794 22158 22807 13642 8677 19847 7957
15610 17516 11825 10295 23484 20170 15174 13470 14161 12545 21130 3691 10463 12321 24390 12021 13110 9141 6863 17956 14875 8410 13954 16588 21077 15547
20071 21463 6210 12903 15178 18817 25790 15191 21967 13141 20601 29730 23964 12919 2373 14953 9342 21405 19147 15305 21739 25389 13497 14369 21765 19914
20719 12431 15295 26021 16135 20527 20166 7505 12127 8627 27734 15489 11477 14962 19150 15599 17916 29185 14168 0 22060 23878 14699 15023 17723 18974
14016 21848 8040 14935 19760 21316 22606 18337 22707 11655 10776 16131 9450 11307 21661 10888 19108 38046 9897 23924 16040 24742 17824 14872 10954 7302
21341 18659 1929 6068 17192 19268 23645 15041 22278 15911 16999 13851 17482 15731 25209 16594 5487 15733 12933 18771 6352 6875 13752 17147 12358 16882
18815 14730 8869 19409 26756 16380 18265 15557 20437 14628 18726 19681 23314 12234 28772 9404 12891 15735 15990 4316 16348 13381 19775 18364 15754 8061
14521 13682 13409 5736 19577 7866 15665 13177 18014 7745 16977 19014 3610 11981 25678 3930 13466 4522 23314 9713 13407 16113 14173 15326 2876 12937
15109 19542 9839 23610 19370 16857 13667 14248 22987 14419 27750 30471 14134 16583 5954 12114 16608 1176 21683 11342 15892 7620 15489 13239 24510 9634
16589 14426 16641 20718 16556 18356 19648 11953 20787 11994 23013 19010 8331 13655 8634 13025 11477 5747 20705 24536 16650 25412 15267 19010 12167 8361
17780 19841 6328 11973 21013 15416 15129 13733 11267 10993 19304 20483 20558 19142 18156 16720 13460 14716 19790 14818 13935 10063 20949 17203 13297 14898
18827 17145 5001 8653 13884 27652 16464 14559 20130 14157 6734 10670 15026 12916 15129 16300 9096 18397 5169 12801 15248 11993 15178 17408 25122 5463
18102 21671 4667 21285 14189 15782 15978 13365 15169 17279 16095 23082 11112 17882 14598 12844 11980 15857 3667 12496 22593 20113 11324 20880 9385 7398
20893 16833 7989 15410 11910 21765 22513 15707 26096 6476 27274 17292 11285 20545 16727 15780 12222 10301 8711 13478 19673 4340 18375 13227 21426 14704
16874 16970 16122 10821 9176 19395 17704 15703 14520 6503 6753 25453 14125 17618 11313 15393 17043 14302 4582 16311 10098 20683 16406 15673 12694 8333
19531 19651 0 20040 29405 31052 21027 12240 17604 15397 21216 17541 5869 13380 30247 16714 16238 13543 17265 5836 14085 15331 12794 21671 25571 12710
16458 11687 7223 2848 10699 27923 22690 14021 15112 5335 17843 7063 5814 15570 15755 7461 17677 15488 22685 3045 10256 11230 12896 18421 22064 12281
18425 15085 6506 17433 10489 25407 18244 17179 16505 6847 10943 15220 13615 16927 25101 7175 17645 12515 23657 8852 14478 17093 13209 15970 25702 1463
14618 13088 12511 21939 24042 15557 22783 18184 16444 7457 14903 18424 20720 15960 13207 14530 8817 16657 13814 9304 15939 12513 12555 16743 10880 9071
15485 16505 12627 12362 15061 32406 19092 18731 23073 10406 22985 14140 15071 11768 26013 11546 13812 0 18823 23189 14992 8890 16287 24074 17622 15027
19600 21917 27857 18343 21402 22577 20758 13163 24160 18026 11050 17653 10152 10860 18761 15537 8752 10582 17046 1795 16663 10432 10780 19274 13897 6528
17678 20457 6464 15915 12121 13206 17872 11031 23394 13546 14697 10844 5911 17592 13391 15762 19206 14224 10441 7091 16689 8225 14532 17771 7393 7468
20000 18332 8189 13427 12840 27318 19114 15386 22131 18684 15289 15000 2751 17026 15615 16810 9794 9597 5432 9546 17050 12437 16491 17753 13635 12972
18370 19475 0 26325 10750 20184 20729 11254 22736 9273 3365 20968 4394 21145 11273 12146 24491 16233 20804 11977 20945 16552 14577 15888 25973 15455
11267 15654 6544 22288 14327 14876 24454 13453 23998 12627 18211 6545 17534 9008 16654 12683 12430 7593 18557 16398 11701 16759 11903 18591 3393 13362
16098 18343 3152 11601 14206 24042 15973 19051 20067 12896 9507 23654 13461 12701 23405 18996 10297 887 7942 15593 13286 22760 17731 11325 24639 18515
19504 21465 7178 0 17256 17690 19456 12667 15657 6751 17120 12504 9034 19651 17665 12226 12862 15046 26878 16590 12743 17433 11288 15507 15378 10563
18941 21401 0 16297 20096 14142 16361 14104 21765 8529 10926 8431 3030 16574 8641 15824 11998 20647 18461 3913 10656 16211 16956 19029 14397 7911
17782 17854 15845 16748 21746 16979 26582 15444 18753 7350 1971 26016 8039 17328 24945 9114 10913 11681 11545 5022 14923 9242 14192 18087 22821 11999
17186 17012 0 5492 12685 15893 17353 16136 19497 12108 16688 10496 14225 22921 25716 17162 12440 2706 17687 9427 13309 11534 18031 20642 11277 9735
14657 17427 9448 25123 17925 24676 21991 13465 15591 8946 0 11027 12770 15854 15511 16173 14847 17630 14105 9456 22985 22986 13788 18430 19582 10390
15921 19595 22449 13218 16032 13323 14883 13774 14337 7183 20901 25598 15594 11354 21458 14649 9445 2989 9867 16107 2141 16524 14293 7596 14029 9448
15540 19301 8061 9259 13125 14124 19359 13726 18285 9041 9016 18220 10551 16457 15683 17386 7272 12365 2744 12254 10384 14290 18002 12787 21327 11464
21457 20616 9600 14748 15524 22328 21099 13215 14161 11953 12234 22084 9441 15587 21069 18660 10863 21024 30160 4455 19114 20686 15752 15183 18865 11911
13832 17602 7035 21254 19021 21491 17739 12123 22987 8161 8546 18902 7654 12820 25069 18803 19382 14014 23463 15705 14411 16087 17490 13229 9545 13990
18177 16646 21653 7436 16395 29717 19452 16047 19454 16065 21096 20563 4762 14981 2804 11804 11334 5307 14148 16347 10298 17663 12241 14258 15777 8843
15583 17924 6248 22764 25864 20347 24234 20919 21060 16782 20875 23995 11129 17648 10591 17050 10792 9662 16514 21363 11951 21759 14984 17916 21040 13813
17319 14765 16488 23461 19676 28075 19062 14196 11455 10861 12884 14006 17203 16217 7301 18636 12934 13147 12562 17734 18019 14640 16160 14426 19391 12015
18691 17833 6860 11595 24426 12229 17200 15272 21599 14751 2443 7443 22373 11714 19099 17374 11567 0 14467 21269 20844 7281 14203 14005 20482 11338
19993 18937 13091 17510 9521 18178 14465 11079 18266 5325 23432 15201 15831 16897 25993 8225 15681 17972 619 7391 11295 11844 12622 13489 12354 10371
20992 21932 325 16005 15694 3154 21961 11648 21753 23079 19899 25826 5986 23922 27612 7750 13009 23948 6836 2935 11649 29307 16540 14036 13153 16072
