365
51 33 17 60 76 32 53 18 97 66 19 67 41 62 26 83 8 50 9 17 34 95 67 50 64 44
20523 11913 20188 15677 15594 22682 5283 14878 5027 8114 17579 23368 22828 10743 17443 13130 23974 10295 23017 25980 21724 20660 13936 8752 14190 16557
24469 8552 19565 17539 18269 15349 19871 23270 14548 17262 13570 20022 20928 19898 15830 15394 14360 10216 6030 11328 23171 11409 13272 18896 8350 17852
8083 16110 10390 16020 16847 19200 7072 22269 6285 9707 18853 16982 18840 16222 28081 6191 33201 24198 9229 11511 20794 24431 11192 14300 12274 21811
5144 13525 18617 19894 22267 29200 22475 13007 15210 17864 8202 20060 19434 17431 11109 12323 11922 6098 17002 9531 392 19510 18458 19357 7528 14197
9878 17672 22888 19414 16765 14677 19059 11746 27273 11858 13388 22008 20886 22418 22703 22841 28496 8414 12526 14709 9460 16230 897 14290 17828 12693
5444 8136 19306 26155 12447 30161 21555 0 17262 8776 9732 15382 18342 13695 10154 29028 16727 27802 16283 9453 21310 22218 19157 14362 9344 15249
8122 12359 29171 4937 14173 16903 8549 10407 15670 9393 17789 29987 19317 20119 13978 21244 15546 8872 18499 26396 19610 14631 23031 16261 8763 14915
12471 8977 12663 24152 13338 17088 14019 18298 17887 19295 22412 7425 10772 18733 17001 12590 22150 9660 30441 18515 26929 18581 8836 12525 17629 15611
10465 10916 20729 18987 15105 24222 20870 23627 8589 15786 19262 15690 20824 16479 22441 9891 21207 17301 23145 4829 17968 20455 10509 15184 11107 19433
4075 12573 20949 16516 10602 7493 13874 16098 12493 9774 10984 3471 10343 17918 13259 9094 18646 8027 4531 12508 11921 11099 11412 17677 12345 14396
3831 10918 20261 16485 16779 6070 13643 21553 24991 12653 8856 24973 25806 15458 6668 30868 17125 10167 21356 3314 27820 18925 9253 13845 11846 17669
6536 10478 9715 10606 21311 13093 13531 10001 14943 5892 10536 34850 27684 13556 17329 23633 30220 23670 9371 8440 18886 18866 13017 17043 10793 18751
11858 10632 13943 15301 16344 14230 14209 26140 19455 13951 13633 26161 26702 14543 9249 26989 17125 19198 1877 17247 20110 23858 15339 13782 13229 20419
11244 12682 20292 16970 14457 16062 25073 15615 24236 14429 15451 15851 19207 13366 20941 9172 16422 16895 15552 13441 29902 19729 9872 14177 12219 18786
7131 11548 8742 11266 14616 23412 20642 16613 14561 12404 18882 24227 15210 14758 13326 13686 26510 18084 16518 29596 35626 24335 9501 11734 9412 21081
6620 6516 17894 27574 14397 21390 21747 11679 343 15961 10493 20708 28424 14317 20142 27667 15318 6032 15602 4244 24234 20521 7864 15666 14226 18087
11930 8317 19586 11445 17341 8418 22989 16240 4350 13009 19852 17665 17869 17406 9918 15108 16381 17385 3617 17969 21980 12342 14381 13668 12782 18113
10780 12923 18999 11342 14885 21061 22655 28328 12336 24258 14776 20464 14136 17258 11773 17849 22031 26535 9672 35320 24477 19570 4519 16760 13939 12895
12548 11349 22011 19421 17444 14595 29392 21694 6324 17293 25760 25476 20620 19512 18806 21339 20006 30777 10805 11779 14845 20073 9889 16465 16748 18918
12331 6983 18918 21008 13406 13823 18853 12512 13228 23244 14688 13931 18982 18306 12613 18163 30978 192 16314 6370 28662 18999 9899 14543 9229 20929
7936 10161 17269 17889 13190 18021 17504 27098 8630 8623 19362 11683 22260 14575 15475 11451 19491 15086 18490 24465 24264 18298 13488 18161 9554 17672
1904 11322 14087 14738 16333 26128 13657 18918 13488 15977 22535 16874 18380 15909 24868 18163 14227 16065 18541 10205 13522 20656 0 11652 13438 15570
18704 7112 19773 24077 17371 22675 20008 19882 11241 25730 19147 17844 19643 14398 11745 11996 27203 17422 10391 22797 28184 22310 11382 16043 11304 18001
9218 9942 19641 23033 20415 15771 8411 26032 5913 27031 7433 35859 15340 17917 19733 18357 14095 21867 29897 24329 21717 20193 0 12204 9677 19041
11192 7338 13522 34876 9801 10778 16464 13563 14218 11844 13837 10538 17962 15350 15846 7200 19803 6834 13130 11423 498 21040 19036 16936 16055 19862
11123 9399 18445 8962 16846 11289 22516 24343 24761 12449 15633 29577 14802 17940 14462 11740 27985 18664 27765 21855 13052 13142 20816 12996 13503 16804
5514 12571 26688 5532 20538 19927 20258 12590 1334 3583 8512 29681 25449 17529 11467 5897 18433 21993 14548 20520 2510 13002 12323 17158 12021 18461
2989 12195 15634 9960 14307 5746 23536 11591 14336 0 24087 19063 18367 16811 18884 22603 26955 3264 18135 22711 23553 14208 15568 14484 10098 19250
14333 15417 13610 18546 18781 9967 20953 12419 13617 7863 16975 19275 18594 14683 679 27610 19972 15071 20419 7306 17645 16916 10070 9889 19544 23190
10510 14004 18974 15648 11578 16449 21016 10246 7020 617 13975 24393 18043 21105 12952 12241 25007 10362 28477 28425 24893 20207 15426 15709 9822 19914
12688 9365 14735 23827 13248 20278 14121 13117 11829 11541 13192 14978 20122 12471 4849 22306 18264 12357 13006 2462 15004 21873 20035 15129 14475 20789
13363 5326 23036 20173 17342 21465 16173 11940 15770 17131 12535 13788 22910 18567 12841 18330 13266 20367 6053 21282 30911 11800 14485 15514 13551 12414
8579 5934 19355 23950 16789 17931 21842 17682 26055 10485 20089 34071 20492 14675 15791 21405 19607 14511 16699 24197 23361 19864 5348 11156 11304 20233
4519 3394 23259 12269 15293 22723 17553 14465 9 9677 10556 19993 26288 14764 12407 15141 14630 11354 22382 9402 17966 17719 11822 13774 10091 19484
22542 12968 20815 15891 14353 11197 17615 19260 26146 10139 17091 19423 18495 17960 1376 16230 22396 3903 19877 2355 9628 16345 9555 15660 16936 17581
9261 9852 22968 12139 13988 8411 16439 8015 1508 11650 28183 24002 22869 12804 24046 20242 18052 0 5078 21261 13472 18306 12507 17428 9458 21437
12226 9761 9615 23894 14618 19103 26813 15187 16713 17900 16231 21012 24711 12363 19967 11928 16872 16750 19226 14885 25353 13715 8474 18810 5028 17870
11449 8706 20564 12067 20445 24117 27802 15764 9629 13922 12515 26532 20093 16515 0 19443 36077 3058 29157 4575 15170 24665 9078 12034 11823 16633
15715 11954 19090 29895 18341 13317 20980 19994 4116 17698 9723 12577 24344 18471 15278 15383 26952 28651 14920 19966 17598 22002 7122 18097 11635 17519
18197 14662 11724 18508 10638 14015 27228 15120 7557 12570 18839 20543 24474 18829 21216 10920 37468 17392 15557 17671 16290 18459 8397 17205 15949 14497
15285 15345 18315 18097 19427 12366 21913 12120 791 15449 10665 15201 17737 15584 14352 37161 13959 4201 15514 13231 9503 21935 10878 17001 13426 16827
14947 13957 16715 11366 20368 8411 26765 5125 630 18444 13826 21408 21471 14455 2474 9429 11014 15024 8660 2465 18828 22777 3127 14443 14249 22595
19407 10838 14353 19775 18584 9431 29829 17040 14060 15039 16827 17057 22593 16829 13325 19196 17373 23282 9489 16602 4068 13560 5614 15699 12355 12534
11490 10117 4134 25182 23306 15941 13022 19600 8672 13981 5056 22709 10239 24476 21119 27453 23288 6633 15215 22334 29453 24380 16175 14711 19812 16587
9390 12921 16500 21904 18760 10299 17151 16839 8879 29667 16642 23735 24731 19296 23541 21438 10754 23125 29189 21048 14437 24860 19149 15183 14757 17428
12567 10359 21940 5644 19807 16875 19811 21222 21638 4125 18506 9138 10367 16089 29733 7594 21334 10382 15724 13683 24826 26505 9729 17603 4355 15732
12506 7639 15874 21892 17655 17977 8948 10352 15372 29536 18488 20280 24351 20485 13256 12849 10799 15526 32089 3210 22144 15825 21135 11472 11922 13923
10422 10343 23025 25790 13085 648 17481 16554 21214 16191 14340 21334 22174 13439 20475 12969 22347 19106 20746 6008 26932 21731 19216 12360 11793 14020
15453 8485 14490 20800 18767 18062 22600 13334 8319 18883 15113 24760 24008 19478 18597 12240 21175 8474 10842 18554 7243 20767 20382 15018 11084 20940
6198 9015 14309 7379 13778 20904 14080 21683 30175 6908 19343 17349 20735 15533 18880 23896 17800 6150 4961 21223 19806 28117 17134 12838 12143 16538
10704 8306 26882 20556 15097 22489 17965 4870 4968 23768 15122 10743 11993 18753 18639 20224 16592 27291 25256 23859 22239 15366 19408 17483 9783 13300
12714 12911 19224 15351 18596 8179 18962 9272 9068 7417 8144 9077 23954 18080 21145 26224 14504 5034 0 22620 7607 15823 13764 16402 16563 20503
11779 12840 16308 17044 18588 25686 15247 21138 27426 10889 8255 26213 23985 15891 23579 17945 33980 24043 11989 22631 15330 16956 12789 11556 14669 16275
18901 9858 14689 26568 16437 19745 16941 21107 9361 15269 19997 19635 17648 15409 20194 16921 20310 23569 9051 30020 18823 20850 8921 11923 9052 17612
11655 9359 21360 12524 8810 7401 16016 10465 16037 9713 12510 11648 19528 18992 8376 14997 20029 11113 21930 15529 20179 21330 12342 18148 8932 18492
7567 12747 12908 20651 19095 23103 25523 14928 18432 18441 11197 27651 26699 16404 21076 14756 20513 14766 0 19232 20901 20559 12274 16886 12447 18872
14880 5076 15506 12477 17380 19210 16569 6037 10015 10143 20839 35121 19412 17977 6778 18499 20611 7759 18201 5205 12039 23754 22117 12478 11806 19500
4456 13572 12625 14828 19201 27958 24384 16207 24890 4410 27495 8399 13038 19726 21981 8712 18383 23038 29890 17750 15436 19161 6284 16656 16796 18573
11955 12131 19524 6238 21410 8711 19538 19735 22276 19273 25108 10840 20841 17129 27462 9896 30963 14698 16997 13149 32811 15673 11660 12382 9274 17785
650 10978 22236 18376 17585 15501 11198 19301 9839 13699 8748 27801 21115 10294 18772 13500 19158 13526 16700 7845 24642 19985 16996 11941 9850 17084
22895 9529 17113 22154 19664 21000 26326 23074 8729 22412 13020 21381 23418 19279 17733 10725 27779 9182 20848 13640 10964 14874 3916 9904 12716 14981
16349 11670 12063 3653 23860 20116 14288 24142 21282 18546 18659 26984 19728 16892 12773 16621 22830 17093 15812 21377 30443 14597 10763 18203 18466 17459
7831 10902 20622 14211 22413 22269 7249 32948 4502 21489 15865 11820 22434 17935 25637 14670 12026 10603 20297 6495 27519 18490 6968 17918 16575 10725
8391 9140 24353 19323 18685 28582 16379 18303 19637 21045 24092 20693 21645 12216 24038 16048 31232 10182 15313 7673 28792 17385 14041 13745 12086 20253
6400 8071 22404 14007 22582 27466 12414 18568 17965 4077 15036 15189 16811 16424 15884 7499 16331 12530 18515 18909 24441 28680 9268 14027 9821 21221
13257 17506 19243 14864 17092 15580 15159 4113 14248 13038 19235 20034 22084 16546 21379 19122 21004 12105 13811 26039 26177 21070 22400 18072 9011 15627
8268 11826 13145 16774 18996 26004 12834 14701 14990 3409 9241 27742 15695 11669 20167 20886 7814 16333 18592 17812 18669 18026 21465 13543 14335 17966
7138 12994 7895 21146 16152 23672 18469 18129 15135 13508 21092 25209 24558 18184 12726 14231 18180 23723 26735 25091 28188 13531 21321 16201 14841 23451
9438 7988 17132 18240 19898 18558 20509 22711 17477 21174 12238 17338 25054 10524 8351 21523 15082 4837 15366 14188 24917 22639 12584 13022 20264 19242
3687 10564 16799 34478 17800 4798 22613 14853 0 10090 11872 22571 24818 13532 20586 24380 17288 6449 15169 20821 4848 23527 12192 11322 13038 21473
8288 11237 15036 8672 18654 23106 10742 12580 17670 7171 28183 20571 19931 18458 11113 23375 20372 21177 22850 18870 27306 13896 8755 18336 13805 19120
11741 8682 12856 5808 21248 22148 26744 12210 10660 18572 12835 12306 15767 16382 23216 7858 17002 23469 18731 12086 22131 21841 10992 16542 13725 21558
12497 10834 18434 21983 14590 20111 21060 16842 25000 27558 24546 22680 24082 17487 8449 24178 24896 18225 6362 20441 14423 15759 12860 13750 8668 21371
11566 8759 13601 9277 16809 22315 20499 14330 22861 12185 10644 19056 15960 14425 20787 15006 33652 7746 2485 14388 12667 19184 15008 12407 11273 19035
19667 11250 22928 27309 19780 17580 16079 23448 17029 4607 21235 13482 22853 15693 5689 10890 23548 9801 25778 11454 22070 20667 10343 17770 11986 20040
10762 14918 18435 20331 18476 19782 26167 8659 6745 21194 18896 19174 31867 18291 22898 15016 15163 21116 10983 0 23000 22031 12699 14077 16107 15677
19351 10346 22268 18708 16975 25581 14299 17314 12323 14589 10356 21998 25401 14878 17033 19690 16935 4478 14404 20992 22575 22826 9153 15516 14359 20258
14137 9751 19884 11121 14305 18906 14375 18968 13622 13448 11683 15024 12771 15830 10544 16165 19557 6029 20913 17930 6127 20242 12493 14832 13880 17671
201 8922 14133 25341 23885 14522 10959 9456 0 12587 16432 16291 8673 15610 0 8457 14936 9852 17548 16649 10264 12809 16007 18816 17264 16828
17879 6147 21232 15068 12901 14551 15046 4799 12123 9471 10759 21143 18443 18792 8413 13895 18539 10588 9199 5214 19108 18075 14792 16573 12120 14980
11134 16591 21154 16527 15464 22816 27001 18142 20924 12065 23750 11278 17460 15109 17140 10754 15963 5221 6462 2229 13802 25548 5292 11340 16718 20383
10701 14304 26282 15085 11110 14725 11457 13940 12054 15548 29006 24266 18377 16100 16929 30339 33993 21727 14645 7158 12979 22910 11119 18506 11144 12977
7170 11570 25853 16680 15334 17212 15909 4383 17939 14707 28036 21887 17549 15036 23879 9943 19662 7341 21897 18703 19990 13930 20390 14209 15489 18707
6377 8417 22624 15626 17893 24426 21348 10064 16044 11327 11214 17788 12303 18411 15652 23589 4636 16836 19829 16005 17986 19211 16193 12380 12639 15755
15853 8138 25618 21816 13393 17924 19889 10926 24728 9434 22748 35608 22308 16781 24068 18683 23822 8590 20531 4250 19158 17924 3813 9975 13226 15279
11364 10804 17187 25951 17075 15369 10377 12958 8900 8865 16967 20398 20173 14478 7513 20697 18553 3142 4355 7418 9600 13739 14808 14086 9564 16884
11057 12450 24379 27855 12359 24523 22784 8712 12962 16953 24260 14614 19686 15896 11602 15781 23690 11223 3615 13293 14189 17446 22398 9641 7931 18442
14730 11100 20169 7229 12939 17420 24638 4077 16939 19012 21299 15702 20311 15321 12811 15455 18657 17206 23579 16345 13146 18193 13099 15301 8020 16723
10037 14970 15117 18667 17744 19211 19646 20803 8883 11837 16940 25084 19291 14736 22221 14205 9719 21931 18929 16523 17231 20156 16511 11877 11010 17142
11400 8386 20586 9682 14152 13282 26932 19518 13915 22451 12859 15658 17567 14642 11203 27369 22098 14366 16189 10046 18622 21705 18862 14568 14270 21998
17822 7015 18195 15552 14979 21590 17125 24238 22943 7686 15069 21315 33576 17090 1610 28243 28963 9810 24254 12042 27884 16455 12935 14550 14156 19842
4289 10406 17452 21637 19022 18372 21802 15490 6131 15211 11183 26333 13029 16728 18540 19608 20861 24856 18701 14324 19839 16558 16802 14662 13018 16208
11194 12428 23950 14332 16075 21005 19264 15191 21116 1896 11464 21431 17610 8243 8831 13289 14081 25341 6650 5605 19511 14668 8928 9928 16372 15416
13865 5762 23220 17280 17247 16382 31689 13840 3922 3086 31783 20982 22139 22150 14642 24523 4541 13920 2188 10246 17933 17320 17631 24086 11187 11844
8974 14286 17558 10769 19577 20027 18867 9740 5635 9665 18818 30930 23761 16521 29461 22149 12247 12931 23205 5481 8217 18033 13917 14880 15118 15459
11585 8590 22359 13064 22483 19938 16225 12532 15072 19448 24836 17837 20001 14859 21068 16864 27822 620 26903 19051 38295 19988 16906 19140 15870 14618
1769 12212 20970 13557 21526 18842 20765 27661 13147 11874 22581 26851 16335 19443 9608 11115 24046 9566 16181 10107 17259 11631 12635 12888 17769 15485
14452 11041 24994 13846 19699 18490 24599 28535 18538 14768 8665 27452 16078 16631 16582 24127 17837 9648 18333 28233 17165 15738 0 12475 16343 17206
0 18229 23810 21101 16741 23219 3489 18077 1778 20671 16286 17155 14640 16770 13507 16844 18986 19906 22372 23708 25985 20461 0 15772 13245 19397
5191 2985 18007 18910 12182 16991 31212 11904 16920 6820 20454 20609 12386 14730 18346 13139 20353 15563 17654 5134 26127 22157 14274 17058 7049 18869
9616 10700 11855 22945 17245 10936 30656 26439 23760 18617 12107 24822 18265 13169 20982 22647 14318 18945 17877 4755 16887 13901 12143 16129 16565 20842
11507 9577 19854 10198 19900 12878 14426 10148 12830 17323 12049 23343 25106 13758 10033 17917 18476 25220 10157 13722 13542 27562 19030 13419 13905 17067
17589 9297 19476 13314 15281 14261 18228 15523 7374 23869 20203 10010 22609 23974 16139 8405 14847 0 22323 11263 18902 18950 25148 11784 14056 18481
12590 10201 17769 19186 13521 14484 12308 11189 19556 3626 8651 18714 22375 18098 23751 16093 22029 14370 15297 17809 7476 22927 15739 12953 13690 16006
10133 9117 11697 12431 14972 29576 20186 13619 18702 19387 24367 18513 15826 18665 9278 27545 28867 18316 18248 19420 32485 21981 17987 12394 10741 23134
5255 16657 18803 10408 13992 8167 17158 16241 17339 23335 10810 11355 23570 16119 11912 16209 8633 21417 12600 80 16844 18736 10640 12437 12642 14652
12545 15021 17646 13556 15156 13906 22022 18155 12684 29988 13063 18323 16397 15816 19713 19124 36081 6994 23710 14525 17788 19354 16949 9129 11546 15797
20345 4593 13714 20937 21695 15713 19056 18191 15167 13862 13019 24103 21201 12671 20596 6537 29592 18892 20506 14115 17111 12388 21218 21092 13773 14506
9913 18531 21418 9293 18434 18464 15629 21786 28793 20527 9997 24986 21592 16336 13995 18229 13616 17801 14728 13339 19314 14870 16696 15626 12905 16664
6577 8909 11280 4222 12130 9300 18860 23975 27672 4146 25382 24714 18316 13390 11520 22088 18365 7181 9943 23367 9686 20472 6052 17276 10209 17388
12914 10989 23385 34422 24926 20056 25742 16910 18772 15591 22987 16316 20927 19983 25152 12541 24974 8807 16207 16029 10807 9426 21856 19746 9384 19934
12202 3633 16650 18552 10388 5250 25738 22661 13308 8286 12055 14701 17406 15119 4167 15382 28999 32730 17204 22154 9418 14586 5731 11228 15855 22963
9340 12606 6496 27380 10207 14966 27148 13272 9188 9846 9585 24508 17207 16336 11151 22722 11103 16866 20400 6188 29814 17448 13263 15551 9674 18645
19881 11192 14613 31345 16173 12028 7988 24315 17076 15678 13395 18873 24178 16171 21205 9933 18865 4389 12333 16714 3154 19748 6353 14359 11145 20131
20421 13791 22589 26538 14969 22852 20685 10340 14266 9424 16932 24560 17930 15982 13896 16081 18733 15494 14958 13765 10226 14828 15958 18462 11714 14917
11020 7407 22889 15121 13045 19103 18664 9309 15661 16289 14305 17419 23280 12876 3099 15174 31917 14068 10103 6969 19526 20865 2651 11294 13101 20305
8262 7646 17573 3160 14380 22311 28131 9976 9564 10531 20075 36079 14814 16887 8347 7951 5396 11748 22295 17149 19649 21603 2426 17332 16442 20118
14803 13629 18752 11412 18754 9020 21963 17708 14792 9939 22616 23452 17409 11114 7830 29589 16787 21939 17963 10846 12096 23128 13907 17080 13253 15902
18693 15821 15674 5659 13693 14631 22754 7999 31188 16264 14365 19615 23887 15007 16657 12988 30155 9771 15411 1134 11357 19773 19768 17824 17610 20101
6770 17236 14909 18473 14277 14373 23619 23312 13473 14803 14058 12353 22283 20466 21875 18354 22797 16529 30557 13735 0 22811 5024 12483 14110 17885
9603 11628 15265 22056 23882 18422 23256 16303 0 7987 8906 14449 20338 17383 11094 13819 16099 12358 16755 1981 22570 15943 15836 14981 14346 17819
1447 10931 11788 19759 17695 21417 15230 12316 17191 11982 24553 10644 18525 13700 19541 11417 36790 23489 13454 16911 33507 14105 10599 17171 20592 17033
11949 11236 14666 17088 22989 15567 20969 23287 20797 9111 13478 13865 8408 14358 13021 19201 18430 14014 13762 9412 14124 14616 21205 17521 9458 17538
10551 18242 18611 28797 7903 14845 12249 16857 0 18912 5546 21357 24774 15369 5722 17193 14067 964 24649 12190 22427 29179 8830 15158 6285 20602
3202 13250 26646 17024 15631 20508 25795 20522 32594 0 9760 18002 18563 17571 13870 16909 7968 15912 13740 0 23136 17667 9753 15177 12428 18781
14440 11624 10220 17062 15918 15996 7590 18553 15706 4350 20576 17425 12653 16717 9466 6987 17013 18107 31932 17031 16084 18271 8587 11337 8683 14913
11592 5583 18801 10548 14358 19690 28491 23342 15161 12406 21476 7255 24269 20066 21926 21124 14992 16211 4108 4775 22838 21172 14481 7946 14264 18338
5828 8942 7455 11863 19195 12177 17711 13656 18424 5861 19904 17701 13273 17605 8352 15130 16868 17265 21222 8606 14018 15349 10353 18153 14861 19857
15452 13176 12453 21183 14275 10352 17799 16311 30159 25039 21099 21374 20226 11755 18801 9945 23859 19779 27552 21391 20949 9524 13014 18611 16976 19935
3687 10561 19741 9781 8737 16883 11653 10333 28629 11702 12578 20861 23290 16225 13872 11393 19911 21872 2038 9757 7594 20383 4750 15165 17235 17830
8987 10507 22523 17695 16777 11737 10792 12005 13374 17163 24130 23120 21305 19652 6898 22188 12532 4410 15394 20478 9290 18954 12611 16225 13732 14089
13358 10612 22671 14892 16202 13521 12259 20689 17383 19847 6334 30018 22575 16012 30910 20886 15586 15044 21487 8690 8254 27506 12630 11941 14707 16640
13786 10905 17379 17696 16107 20061 17206 20188 0 21366 13820 21515 21465 18451 23322 18405 26593 33022 17098 11005 13708 19074 6800 10239 14310 16665
13741 12447 18287 11005 17826 18279 10331 10764 14632 26621 10420 19650 18636 23252 18015 14967 6310 14948 36338 22634 15421 22802 11325 16192 13797 16475
7806 3535 15602 14092 17517 16076 17780 14061 17119 26400 19446 20715 21792 18934 25972 13609 15895 18272 11898 7024 7499 18696 0 17787 9193 18587
9504 10196 6772 14956 13936 43 21583 21283 4587 23775 19947 26764 13702 13478 10112 12387 20631 13342 25825 11740 10999 21284 17243 19927 8831 14914
10982 17042 7875 24061 11298 10989 22138 14679 18338 5306 20056 24450 18319 14872 0 18103 14845 8022 16464 8613 8980 30369 7177 14968 12490 18283
13071 10289 18290 13191 15500 20435 19978 19035 17312 4447 27065 6867 15589 15525 15734 14117 24691 13505 16720 0 25564 21457 16932 12867 11907 21567
10481 15903 26837 11048 17354 12424 23473 33593 20144 16130 16540 20590 24486 20090 12428 11552 11259 6277 0 2512 8005 14687 14718 11398 9407 16831
8075 5015 21358 18608 8324 18366 12498 15380 2146 6696 23613 15211 24431 19876 23509 12076 19428 5984 20584 11587 27586 17924 824 15043 11518 16304
19361 7921 11712 11653 11742 12128 15777 5861 5060 4129 12640 20307 17946 16310 10607 19829 13594 12683 28574 9038 25346 17776 14686 15314 13096 17532
15968 8093 16463 17569 15456 13190 15190 10379 12142 18275 11111 18435 18340 19138 29551 12124 29799 17731 26447 2391 14502 21909 7999 11156 11470 20622
4229 9443 15162 21687 17295 11362 21656 23880 20745 24257 6206 25008 26207 15736 23636 20968 22956 12259 0 15199 8414 28745 16707 12919 18593 18316
13585 4865 19872 19403 15708 7918 23033 11093 17943 24832 19143 9820 20322 22404 12590 14987 13798 22092 26487 975 6727 23130 9120 16867 13476 19409
10903 7207 16335 4388 18615 10598 15686 10154 4419 24360 16928 9268 18943 13966 12276 17900 17334 7966 18171 4770 20930 13673 5602 15628 13090 15949
9804 12904 16843 2139 16981 17003 24646 15975 9400 18563 11778 16891 23099 23795 11005 15558 2440 6816 11828 13586 15568 7535 8220 15803 15038 18084
8359 0 17711 15884 12839 6372 15109 17747 11819 10515 31792 24841 30096 18434 13430 17808 22421 19840 6254 10161 9256 14575 11042 13501 9874 18130
3965 7803 20879 19623 14615 21633 14382 7798 26526 1864 15112 20795 15018 20289 13326 24141 12008 3833 22076 14105 13445 15106 18258 13484 14026 18285
9682 12186 14489 21734 16748 12572 23269 9811 16484 10504 19211 21297 21127 14328 29856 8652 27411 12199 23570 20535 24272 13892 12213 14307 14696 13632
11730 12849 27684 20690 15828 11713 14712 21035 5521 20582 11931 27904 26473 16895 1109 14122 30360 15017 3902 23066 16268 22949 21965 15940 16814 17607
8413 7070 17402 17399 13771 15439 18241 19040 16192 9821 16950 14738 27381 19105 17047 24237 18748 19221 19883 8238 15191 16423 11377 12902 17294 16823
14127 7560 17078 9238 17193 11246 16808 12436 17945 7213 12595 15076 31796 16938 10389 7329 12358 847 7930 18814 17467 14997 10199 16145 8352 14354
8371 12140 15834 9934 17745 17480 27858 21332 7615 17380 13463 29503 17307 21331 8363 18239 2482 20812 2685 14513 24681 22678 5915 9605 15364 13880
9834 13274 17628 1585 14825 22673 26221 13806 18938 6135 17791 16166 20619 15559 18570 20552 4082 14577 11626 18666 13034 20270 18562 16619 12152 21654
14128 17556 13860 10170 17564 24732 22551 20522 17092 26546 18471 13461 20092 18242 8267 15724 12860 908 20514 21161 24201 24891 12176 16676 13503 18761
5658 14978 16725 15143 19156 18634 20725 21971 11136 24462 12856 16353 21805 18620 5778 29280 26414 14778 21888 15567 18566 25185 13271 12662 9751 14659
3579 12283 15688 14690 18037 12603 16879 30616 2469 27804 20740 11840 21193 14308 3795 16392 15702 9734 7728 201 19676 11319 8940 16564 10726 17310
15775 8757 23166 16577 17018 18253 16967 18218 12634 11352 22343 19640 25580 18465 19203 23040 20760 18352 7936 18159 29247 15071 9613 13892 14371 15356
11567 7236 24019 10750 23702 13750 23044 20565 14294 17198 21244 21330 18645 18417 13529 17832 16680 8316 13127 14414 11495 20180 16321 10886 13740 21217
16711 9738 11344 16678 20631 5687 15334 31827 10832 9581 4919 27065 18948 14265 13295 5390 24107 16133 14456 19052 19190 20962 13547 20162 17781 19348
2185 13627 19329 17047 13526 29412 18354 17296 16642 15445 22674 29108 10829 15185 21319 15412 26771 13358 16930 8009 26404 10594 17977 17535 14850 14959
7353 10768 18844 26560 23552 26886 15883 10201 11287 18133 12486 11726 18074 15586 15433 18572 13892 26361 18010 3657 14043 19273 18602 11284 14824 16721
15924 14419 17833 19761 18216 20312 32298 24756 0 16297 9454 14432 19207 15962 6405 21427 17284 6897 30003 8566 11335 22860 7340 17898 14638 18618
15879 9693 10774 14040 14315 23793 13805 11089 10706 13298 17961 22304 15857 15180 9450 13325 18014 18849 11979 16072 24194 23347 12952 10800 13703 20833
11372 11595 17514 11131 19671 17345 32954 12779 10289 14674 18593 25835 17604 15670 12743 13880 10812 0 21214 9347 14122 17074 9992 12067 15363 18445
14588 15118 16910 2260 20841 20003 26216 9879 327 16977 18904 28910 16758 23558 19523 17529 19780 10872 25481 10717 21641 18720 9403 16264 19729 18681
11802 13246 12730 25104 17937 14699 20270 17053 15611 1569 6594 14592 7203 14519 21382 8802 16947 11766 28803 20433 29826 15638 15764 10398 15113 21138
15682 8812 13906 22233 13347 19442 24652 9448 10143 12769 19431 10634 17093 18008 14789 20062 6976 19562 15132 16208 14234 25049 13198 14601 14523 18212
11038 8482 23358 23840 14420 20261 23782 11176 23686 18605 18436 19934 18652 14476 11162 25899 5316 45307 21151 12796 15988 23573 16482 14155 13292 19770
5084 10361 12268 10671 22298 22027 18602 17087 16840 14535 22784 13141 21287 20527 17221 19800 26116 11419 16696 19936 11785 20085 19514 12212 11968 19804
9977 11943 15095 8266 18113 23960 17746 14554 12224 4726 24335 10874 22674 16222 18337 18460 14604 11404 14861 23009 13621 23729 18595 11914 13467 18330
13670 9474 24515 18356 16938 12629 19249 21239 20814 7198 16168 35016 17212 16838 12726 10093 18805 29293 23662 4237 21851 25956 12015 12389 13298 18861
7348 13757 20918 18679 20124 13470 23466 26850 7031 13577 5767 19934 19573 19562 18601 16397 10902 19455 13131 9222 13272 9718 11856 24044 14918 20819
4185 5919 22076 12361 18142 23487 14726 9089 12759 9763 17422 26129 13316 15432 23506 21733 18061 21590 22547 23353 10506 21583 12790 18975 10324 19248
11275 8946 19026 29826 17927 19845 17951 19397 686 8639 23842 19802 25109 18767 6335 13506 30280 27453 21323 16383 18331 27728 16080 12489 10286 16597
12205 17645 20511 16236 20334 31856 23942 19831 13851 9882 14307 17891 14225 16206 21314 10721 14541 7356 18236 8262 5778 12581 12207 14073 12244 16218
12940 10901 21633 20890 16839 16873 22517 10815 7801 22475 14121 9491 22543 14499 16088 19259 15032 10770 18812 17487 11933 17061 17711 15340 9160 19928
12533 9782 21384 12805 14678 17200 24752 20449 8530 20512 17265 7207 21254 12084 17009 16016 16053 17458 2374 20720 18210 22001 11189 16417 12142 22602
9480 9622 21400 13994 16692 7066 21916 12483 0 14737 13653 8888 21125 19261 13617 17775 20298 12244 12084 24756 5775 14283 0 18299 14642 16318
13268 10932 19214 21237 13025 14772 14058 23138 15558 15894 15604 21264 15875 14785 17961 6293 24655 21379 23685 9380 13209 20694 2973 15780 11424 18272
10117 5820 16956 19520 16005 12186 12396 13550 5287 14596 22742 13839 19072 18180 15188 17303 9069 18492 15187 5056 20157 23190 14635 10058 11253 15694
22734 7153 18889 18635 18455 22342 21911 32716 7923 6444 24600 8159 18715 12782 17186 11602 14504 0 11463 1623 17321 24741 4550 19137 12382 16197
10601 11624 14160 18228 20562 18280 23894 21946 19113 18318 20710 7795 18947 15909 19380 19256 25491 12966 8627 6454 0 20264 11992 11198 15866 15831
16820 9791 20100 17717 15389 22381 18168 19921 18085 21039 22170 25041 20144 17435 2072 17203 7747 18655 13333 1592 31039 15053 7932 20068 11782 15865
11652 12146 21877 20841 17289 15837 26112 16619 9852 15093 25996 23677 21056 15840 11811 8883 18640 25702 15773 25396 18183 11058 13957 13588 13185 18409
6914 8666 10823 25739 16470 20104 20724 4391 13527 9665 20373 26307 21642 15539 18947 11291 13904 12650 6039 11650 21796 17314 12887 20720 6843 20484
9248 12074 21660 12049 18379 8505 26569 8030 15734 17246 19165 23035 17816 16163 10221 14913 31449 19249 23883 16448 1160 15452 14601 20750 11814 20813
13021 7614 10229 7072 20210 23095 9763 17848 15399 11861 8878 16847 22275 21049 13197 17753 20826 11193 16113 14353 15345 16146 15063 11489 12077 16467
20026 11203 16918 14025 18279 14283 19718 12115 19372 3348 15327 20693 19362 7967 20834 17866 24568 13112 17955 11370 18864 19380 13143 15346 20985 13311
7543 10359 18830 19862 19212 21739 19188 10341 18326 16511 17724 29792 17233 14732 21532 23173 11433 16395 14131 7373 12062 18140 18694 19199 10495 16812
13714 3855 18186 30623 20605 21256 15187 10545 6523 5615 8019 25911 27154 14379 13458 10125 13696 9824 25198 19594 11087 15962 8314 18458 7206 18616
10435 7846 16828 22142 21311 10546 11207 25039 0 7883 9981 18990 26865 17811 0 14975 14877 9012 11834 17602 16076 26481 15487 12589 12948 20406
6834 10125 18691 12603 17975 25370 15446 15620 2065 16190 17188 10259 21738 15124 26967 4844 24144 9271 2058 13686 14991 20969 10679 14005 10547 18612
5169 14240 19320 15060 13869 10481 21736 16169 10518 23696 22671 17468 19509 14796 3776 25891 18099 15013 16778 7598 19636 10847 9770 15985 12338 18390
4647 17460 19314 16508 14954 14111 12798 12675 20407 20920 20855 11799 28929 18654 17790 15476 28383 14948 11587 11694 11530 11713 12062 16231 12153 20409
8203 3691 14953 681 23063 17242 25653 20328 22275 9206 20208 15229 11872 15862 8548 13574 22127 13746 21757 17940 36390 17700 23667 14115 11700 16739
11437 3055 19184 20414 18256 17187 17023 25229 7717 13619 13645 9906 19621 13956 14986 24219 15899 15305 14776 14238 17426 23183 7279 12383 8232 16757
4856 7564 21753 19333 21606 29059 23595 9029 21211 17346 18694 25475 18468 19769 17905 17133 30740 13183 18463 17827 4608 25491 6312 15104 11755 17215
7273 12627 26691 12715 12987 9545 11272 15189 10365 21474 14130 11231 21664 16332 5329 24491 29507 11503 17875 9790 17510 12231 9471 14509 13302 20162
11564 14190 17321 13821 16720 25568 21024 29969 16360 22526 16475 12936 16429 21870 11833 12984 12341 24356 8071 13330 35493 17924 14693 17381 17806 8369
22852 9684 19463 16910 17630 11845 12177 13767 14124 6762 21331 29998 11496 12518 29422 22689 31331 24170 26409 20467 29405 12987 14066 17425 17535 17046
24240 11223 17008 33022 22455 25570 21374 5179 18054 22625 19469 18345 9436 13405 5519 10244 7703 9275 31925 14855 9110 25882 3445 17430 11500 22281
25097 4514 21982 18567 16376 18450 28442 18430 23028 19413 14207 13665 26019 27362 23058 24287 16742 22043 14258 21487 18510 19335 11531 17750 12358 17554
10852 10502 25130 25837 15834 12057 13873 19280 8667 0 16102 16989 18914 19129 16967 8395 14506 3101 23785 3970 19346 22302 11519 17489 10264 18466
11685 13987 18674 11596 13585 24961 18612 14581 10602 29179 18734 11042 21464 22900 8022 17827 16050 15459 22870 20499 19829 22683 12057 20977 10520 17279
19091 15840 13669 13684 21059 19240 19684 23072 25297 14514 19799 21658 27394 18601 21908 9243 7394 18898 17116 11338 9882 17197 14197 17018 12687 19202
14951 13952 15105 24977 18702 2307 20730 18945 6226 11788 17699 20571 18890 12743 13865 27978 8761 9160 16994 16235 13048 18463 12858 14022 17271 14667
12525 12059 17085 24589 11560 16554 21486 0 13942 8679 17995 31279 17377 21887 16510 7492 21683 5224 8752 18959 23472 25949 16580 12513 14518 24086
15282 10002 21027 20740 24143 19926 24391 22056 13450 15801 21995 27539 20380 16436 21282 23348 25040 18420 19150 10444 17089 15651 17943 14142 9522 20493
16618 5916 18532 9985 13710 27276 11771 20380 20695 22866 17261 22210 15971 18922 23152 16366 19789 21756 8322 18946 14056 19378 9504 16395 12901 16733
11975 12538 14906 15435 15400 26170 13752 28231 19052 24482 10778 14412 24523 21054 0 24740 18509 8267 6228 11816 28841 20212 11241 8631 7586 18773
9850 13505 17607 9700 19703 11072 12671 6809 24467 14135 13660 21887 17511 14812 11496 12042 14943 14421 0 22174 23509 13750 0 14851 14822 15626
8726 8907 17017 20098 14750 23728 21365 14436 4018 28168 8611 17398 22137 16649 9211 16376 10357 9799 8178 7972 20075 15016 980 18872 13866 14666
11050 12353 26016 13243 15017 23197 17750 10496 13830 0 30083 14342 12546 19215 22747 24014 10575 10437 10710 7543 16776 22427 5388 18757 16244 16871
10166 9529 19356 15950 16005 19344 23753 9558 9681 16177 23637 28551 18427 13587 2610 18330 13666 22816 26762 7789 14339 13129 15439 15887 13270 15750
14478 11542 17863 12222 15132 18178 21036 14213 5171 0 15699 18002 26583 12693 17537 18192 28558 15234 11071 8555 26260 7825 15839 13787 11439 19852
11486 7758 17854 10988 15570 20809 15781 18279 10850 26767 13493 36235 15166 19760 10343 15819 8133 15451 12147 12398 14667 13878 11455 10594 12648 18408
14047 9877 20978 10006 24617 14939 16020 11114 16562 8454 25157 19761 24853 16311 28232 9028 22464 11599 11355 24290 29669 19751 18023 15241 12204 19446
10777 12053 18274 26939 17495 11074 11267 33081 14454 23305 14782 26651 10859 20775 16965 18149 8716 6291 20085 17278 6775 18348 6266 17173 10419 18429
14836 8117 19134 17058 15937 14153 9682 23503 10542 8237 14741 0 21150 14310 7922 27777 18569 2956 11744 33065 13062 15330 0 15167 9468 18696
15939 13361 18352 24098 20787 16168 23023 20516 23002 19956 29353 16172 21673 14088 12647 24336 22902 11970 18235 12279 19100 24391 13340 14293 13195 18192
8682 14356 15488 10465 19382 19485 20447 4677 21810 22641 17305 27947 12671 14652 10329 24535 5359 17815 13950 5478 21019 12479 23876 13659 12185 19628
17444 12219 25963 14489 14210 21111 34534 12585 4454 1685 8055 14964 15840 18433 0 18414 24887 17708 26592 16057 18506 22313 17327 14208 12677 16726
11124 11240 20383 20889 16244 6284 21737 18252 33448 15644 15063 12961 12761 21097 16499 17197 19567 18263 17218 13406 9125 30489 12888 11104 13576 16033
5334 13868 22322 0 13310 19157 25197 24991 17735 6079 19325 24818 18738 17976 17959 16739 20228 7205 8510 2571 20190 17254 23788 12752 15075 21182
6138 15319 15285 17759 11961 26121 8113 19602 5530 22746 10148 30725 18306 12871 20447 19038 20874 20736 6993 20438 15394 17419 8820 14792 9603 13503
2775 8278 15880 12880 12760 21850 26908 21552 13274 21708 19632 16445 15754 14932 21949 10256 34105 13449 19400 9397 15116 19842 10313 12813 11397 20929
4757 6342 17114 9660 18853 23163 27517 5578 14740 13828 17864 23947 26212 15062 15738 28937 22430 12750 9199 15580 11916 19834 10536 15174 17042 19229
13379 9996 18479 21109 15910 21480 23275 10327 13146 17405 22999 10188 17863 16803 11129 17776 22242 3718 22425 15790 24258 17488 14853 13737 13408 15969
10091 16530 19282 12888 10189 13833 16709 0 16986 25413 9993 22852 15852 17587 6619 20147 19085 17059 9308 5110 18281 25474 10141 14609 21396 18192
4978 9112 15561 16293 14079 17619 20637 20641 8022 17320 16935 13771 15109 20799 21911 25394 31912 18018 13411 12362 14020 23757 13415 16940 8813 16759
6775 4310 17889 9361 15606 17883 20482 21863 3809 5622 21516 28533 22351 15753 19015 13444 15660 12899 17031 0 29673 19740 10663 11497 11680 14605
11266 5725 20487 17094 10730 12618 21501 18325 11563 16194 29570 13224 10807 15100 20498 20565 10806 10314 6667 4413 18056 8499 21620 10548 14328 12734
8573 11723 21467 9974 11956 12990 17144 21016 11299 31177 20209 14474 18348 17701 22056 8328 14138 0 16417 0 27125 23382 9230 11402 13882 12481
13558 15691 27684 18071 14161 14221 12210 9851 9599 8843 19362 21905 23441 19928 10903 17086 16005 25737 35592 6881 27409 14850 2577 11191 14985 23219
8570 10098 23893 32425 15962 12041 12237 12132 8145 10349 20828 21025 8787 17447 24623 15663 13057 5980 24739 0 18203 25331 4921 17404 6713 18779
12359 15358 19536 26068 19768 19029 31186 26892 19806 19028 18709 9787 15145 17860 0 21662 19437 16357 21543 15035 11533 23622 17168 9885 13982 18249
10662 9776 18669 12837 16216 16442 23262 19409 25994 18573 16420 12942 23536 21695 10706 13242 17951 26414 16061 16022 18585 22518 5548 11987 13572 20367
22188 4777 21461 16229 17119 19806 15913 10981 12722 12586 18730 22794 15228 20535 12504 23643 21670 8531 17934 22202 14528 20426 6806 12091 11812 21175
19735 13082 18096 14242 10753 16839 12659 21923 5506 13239 21319 32882 23333 21105 25474 15807 9696 6855 20153 7 19962 16437 7811 11324 8564 21132
9369 3898 15154 13036 14301 10034 19665 12809 24822 14094 19537 5088 14991 12836 16153 17349 11665 13120 10956 14063 12297 26254 8759 9589 9423 18985
4774 4457 15594 17293 20847 19160 14661 25610 23684 0 15561 24533 21102 20621 7708 13002 16552 24429 6688 13198 16623 16734 10868 12262 14752 17495
9436 11991 13827 25578 16390 13920 22973 11587 16168 0 10100 18328 16111 16613 9230 17004 23336 17564 24703 10530 8054 21406 13008 13777 13127 18301
15480 11298 20618 22797 20772 17885 18409 12865 177 16586 14452 31262 20487 12129 13938 29444 19192 3610 12816 15741 25611 19739 12867 20580 9735 20716
13247 14906 18273 8905 15687 17410 16086 23639 16074 6384 18168 28090 18976 12648 9491 21138 10415 11592 20351 20464 18362 19233 7539 15610 17837 16274
66 10897 27784 20849 16683 16200 19102 15136 15319 12116 9082 20604 13154 12009 8595 16618 30522 18553 13714 5276 15709 21588 13983 12989 13796 17655
9382 16467 20133 20207 20010 19741 25980 14090 18183 16214 18881 12079 22150 22507 21948 11319 12845 14041 18482 12935 26315 17111 16273 14726 12611 17107
9168 7334 22954 18056 17745 14428 16113 15775 21236 16040 25500 23194 20644 18520 24947 20984 12915 22864 15697 20969 7791 25925 7415 15761 18495 20921
11025 6730 11085 15580 16347 16490 18843 23104 16783 13786 9089 11553 32505 14577 19850 5679 10870 21217 19000 8224 17174 24135 14605 14098 15698 18571
5408 9810 12122 11915 13526 24335 23182 11485 5601 9983 17381 20820 14835 13700 17632 22922 17836 25647 12481 28351 14662 16300 2570 13671 10722 14273
10460 9378 20634 6245 17085 20677 16776 13554 2685 31534 5734 18517 21508 11838 10998 13477 29966 7709 5886 21739 9996 17013 7433 18656 6677 17949
15231 4355 14012 5989 20265 14287 18598 15608 15296 8990 22820 26975 19979 14909 7369 9014 16955 23711 19854 18320 18563 26743 18142 17884 14732 17688
10840 10499 17819 26898 19261 26311 15712 18145 17359 13504 7380 22305 20975 19742 28792 23457 13287 8519 20949 14917 7063 16135 18775 19994 15476 17678
15357 14456 22278 10249 17765 28944 15710 9615 11471 7022 24152 9773 23322 13188 8442 15658 15647 11942 11753 10290 5891 17511 3069 16522 10753 17805
14145 11066 18981 21835 21562 0 10296 26240 12313 4894 22790 17177 17013 16193 26022 17421 38988 22597 7660 7621 14386 11181 11918 19362 12283 17899
10049 7376 20803 10997 10695 21138 18303 13910 0 12496 19785 17174 18238 13346 6593 9558 13892 13656 15944 6337 21164 21799 18098 17241 8885 19117
16726 7477 25117 5473 21298 11889 19956 25035 13061 7306 15269 18992 13309 18732 23375 15034 34217 8243 15782 15774 16748 19848 12833 13077 13763 18404
10585 10067 22269 25986 16687 13360 13068 7488 14990 12370 12810 29639 13623 16724 9897 25505 7799 21646 19020 17389 10785 20162 24091 12767 12088 16288
11746 10918 15133 23363 17728 17927 16223 19032 3252 11487 13237 28297 22420 15248 21437 22920 28335 0 7490 10915 990 18857 11662 18199 14628 14388
20207 14413 31368 4015 22059 25613 30435 14482 0 19237 22039 23368 17246 19716 0 20758 17751 19126 32852 8073 15443 16504 8696 18024 10343 16493
0 6367 18384 20083 16293 16569 21198 18359 9195 7010 7661 15078 24180 14819 17017 4032 24722 7621 13572 8262 14090 23603 15168 16672 9375 16495
6888 7442 23319 32597 16423 20165 14545 16662 24602 16741 15594 2465 19619 16079 14933 20698 7558 5635 18593 24789 27140 22554 0 13709 9355 18866
8308 9118 16790 24517 18026 13614 29363 21689 11230 18746 22975 19338 17966 20085 14824 15683 26039 6054 21768 9816 5976 20092 8294 16725 12056 18481
17420 4589 16775 19658 19726 14925 15953 21143 9599 10304 16913 5147 18240 25771 17655 21264 20275 20850 15524 14675 17536 23263 7307 21474 14358 19513
7811 12230 23204 17781 16602 18145 25254 18035 12246 33097 14666 22355 21390 18780 23182 15642 19842 14681 15441 8521 24363 12503 23970 13791 11143 13954
16341 12263 19823 31010 16337 12466 25127 7485 18648 23525 24684 11557 23188 15994 38611 21021 21680 6909 22526 12290 17847 14595 5471 16914 15952 17789
10364 11792 21399 19921 13722 13035 14272 12349 20353 7153 17476 25537 21552 13433 17320 18436 25505 23968 9869 12154 23817 21958 8870 16789 16794 20607
13285 13478 26796 21785 21164 23355 27143 23759 13407 11819 6471 30228 12653 17752 13926 15637 16159 26646 23306 17648 17634 19564 13448 17516 9496 16071
14223 11476 14687 15710 15384 14700 20949 24539 23711 14163 12865 24782 24818 14717 11255 18673 11978 14401 17343 25684 16282 17136 5124 17714 15737 16003
14682 6770 17685 14887 14596 15966 23982 5990 21824 16489 21379 23450 29784 15245 17713 20216 14718 5150 2340 11437 30276 25266 15097 9155 15151 17605
6409 8649 20591 11257 16983 21955 16888 17580 2963 11763 17429 20415 17952 22275 15815 12310 22097 8524 23219 11545 7609 19415 18664 16120 14185 18471
14477 11592 24279 13228 15998 20482 17324 2017 0 21816 6582 9846 22918 14785 18434 13890 36334 4852 10804 10966 18134 14835 12185 19547 15882 14053
12480 15632 25837 22010 13109 30696 19094 19918 17943 8597 12932 16032 17129 13432 8786 15120 35728 15842 8039 11583 16579 15859 10712 12116 13295 17695
16788 6958 19535 16132 16988 13532 18921 27847 6201 5389 34425 10475 15762 23281 12585 22976 17536 18717 19456 9765 16623 10893 9796 14820 14394 14009
15157 9534 22819 18295 18856 11937 24997 17428 11066 7847 22982 24274 22417 12644 28661 17884 1075 11148 7691 5697 23431 25425 8241 14556 12480 20747
12700 17996 13673 18782 15556 22115 16003 20038 22433 21955 11529 19893 19518 18941 21842 10707 11228 18589 26031 7889 20042 10358 10003 13671 14657 16525
7356 9389 20255 8829 15025 23019 18212 18955 8356 14625 18741 20041 19363 12026 19087 14520 12172 8041 23358 7396 12462 23142 19716 13802 8708 20617
6913 10224 17508 25252 17756 25261 24745 18492 14972 11757 13142 19712 18246 17334 21077 12367 13456 6226 22913 21265 20089 22351 10107 16407 9560 19322
7558 8616 19698 10249 16949 23265 18034 25603 5416 14988 20811 16548 17604 17813 21793 13205 13659 13726 10339 8119 19242 22826 3271 11133 15786 23388
15467 8686 17119 13421 16816 20721 19387 27366 19415 9364 13127 23234 24414 17810 14086 23581 30915 11964 20853 17044 15425 11973 9446 11739 19699 21280
16852 18893 11762 13803 12082 16004 28910 23460 14097 14697 13700 28836 19392 16027 27351 7869 20535 19116 24576 10699 16953 19598 9914 19054 10683 21090
14605 12626 23520 7151 10630 14502 12178 12501 8701 15931 13121 17050 19566 20235 11318 10638 16080 10425 12505 13177 20816 22294 11264 14732 14101 17530
9891 14339 21513 25706 16657 22852 16082 22661 12343 9240 13310 26991 16313 14121 5090 12540 11745 28008 22152 11988 15959 11493 11978 15556 12429 19839
18884 10957 13746 5909 14113 20455 23940 25516 0 16855 18062 1423 18519 20637 23737 9545 0 12542 16702 16263 20632 14575 5112 18239 12152 16530
11712 14627 22693 12580 15682 16155 19502 18900 17181 5892 14578 17117 19069 11544 7123 25676 21795 3974 23654 1028 19531 22401 15736 19607 12564 15926
16574 12813 16652 17303 16607 12824 23709 24276 9648 7562 19086 21098 17746 15059 21650 28065 21811 21043 14464 17353 18238 25565 9105 8505 11828 14661
11454 9273 18639 20053 22583 9128 11624 13784 10091 20603 4183 21424 13150 17084 9873 16432 2226 22403 14009 14404 17219 21746 16830 15169 18070 14010
7951 15942 9982 19178 19183 18261 18266 26528 22750 17978 11514 14512 16147 16601 20018 17472 27198 6353 14649 8983 22719 20271 11032 11302 12782 18222
13306 13011 28411 9251 17270 16156 20046 22691 14003 9258 11320 22232 13992 12786 11840 21333 15117 17481 10594 16002 15993 22405 7457 12558 16117 13781
11447 6879 16217 19715 19191 11104 16529 11984 12924 15372 4549 22448 22587 18249 0 19194 18281 12292 2466 15653 17482 14402 7653 16155 14224 19151
17131 6977 18751 0 15746 11832 25352 2100 17814 17695 17544 14665 19142 19038 14071 16609 19740 9275 8583 2499 36034 10043 12904 14242 7775 17986
10955 10493 13660 15055 17235 17584 24833 15510 22312 7967 14713 23563 29477 17095 4296 8312 2126 10970 23085 18485 19146 13813 23846 19537 7241 18626
3587 12484 20665 19067 18942 19396 22026 16181 29588 8166 11189 19185 17310 17266 10441 22094 10778 13603 23915 30376 16026 14969 8344 9710 8045 19981
17899 8914 20137 17905 15761 13099 18405 14673 17249 21062 19351 32230 15857 20440 23126 14725 30733 18526 22222 9379 25626 27489 9987 19270 12131 17661
10541 11176 23493 28285 23078 19856 20807 7180 6298 7598 22586 31425 16283 17294 11610 15880 14222 20641 25900 28962 26355 12559 16220 18407 17060 17874
12992 8217 20485 17326 18589 10476 32905 11491 24873 19267 25432 22492 19603 16279 20159 4863 10952 14489 16060 41249 21378 19622 7549 18471 16287 13622
13895 8327 17166 19647 21938 6655 14057 16167 5213 18000 17298 24346 22306 14483 25688 16686 20064 17994 19594 9743 23900 14986 17282 16500 13850 20607
19035 7907 17442 22239 16320 18372 13753 9190 20449 1400 12881 31229 20439 8377 22267 24050 2945 22884 11804 0 15562 17261 4214 16401 12429 21786
13890 7930 28614 18429 13945 25503 12649 13667 2587 15693 24598 18946 19721 13692 8725 9773 23523 11291 16235 9066 8415 21477 9056 11351 18244 18743
17749 6005 24134 20771 18512 14775 24215 22742 6443 16577 13 22708 14682 13312 2785 15485 18035 8657 10244 14561 9132 16659 2311 11700 9820 17584
7870 8000 17592 15127 13700 21412 17225 25791 9156 18577 9227 22672 14317 14068 11155 18100 26471 19069 10610 13795 18466 24332 11326 13606 14626 21511
10295 8668 19701 22506 15672 10208 23235 15016 0 15890 15681 6540 20277 13650 27409 16946 24733 12176 17019 9317 21291 16004 18011 16018 10571 14277
9338 11423 32103 0 13043 17761 22441 7528 12778 22932 27406 30034 15648 13887 5103 19621 5928 7413 17596 17743 26145 18022 8717 13601 13729 15345
15474 11781 17900 12257 21108 26142 24761 10528 21749 13643 11580 30611 15120 24452 18975 18786 18272 7656 6350 10918 21144 18135 6710 17165 12162 22168
14229 5544 17914 11029 14698 18018 16837 17447 20236 8576 16775 35592 15717 15652 27860 21118 7713 15373 10640 13945 17729 19717 14365 13647 17060 18514
7957 2221 17899 18235 12782 16124 9872 0 11441 15753 19072 19195 13033 16159 17062 24746 13338 16051 13645 13297 23280 14233 11917 17211 16946 19303
11568 10624 15728 22618 18346 27801 18849 9333 11714 13746 22017 13125 24672 17343 11949 14224 38019 21161 2870 8519 17181 25698 15549 13850 9061 18063
3873 15598 25414 7556 15722 18380 18589 14610 13793 18690 18534 27093 24748 19517 10071 11510 18522 18835 18397 13689 6286 20612 5857 14298 16863 20860
13578 14414 19895 18893 11867 10991 9937 12190 7375 12390 20003 2877 22831 16108 7772 22217 17099 0 27035 3110 19227 13813 6583 12688 9670 20263
10852 15979 18337 8954 15254 7584 16138 11114 22696 15731 13841 20164 17223 13812 12445 19932 6446 21735 16024 10245 5899 14135 10308 12221 16703 16109
10093 10704 18669 24922 15432 17292 26433 12557 2822 18418 10585 26856 26350 12630 0 16002 8164 7207 25114 24656 12997 24719 17406 15249 15655 21856
6105 11861 28446 17815 17189 12064 22150 22381 9065 2189 20747 22532 23500 21346 15498 12488 21488 9862 19580 21236 23850 19322 0 8866 7907 19197
5354 11650 16565 17573 16830 18963 22124 26014 5925 11435 21612 19336 13603 14273 4654 18936 15070 17719 19919 4608 7432 15910 13322 13071 5643 17082
9417 5498 25217 32277 17100 14895 20670 11947 27388 11494 18486 17301 19052 18323 7903 17708 22114 17259 10690 15136 12609 15590 14542 15900 10990 21801
8479 10809 19555 15671 14761 2231 16002 15376 21666 14557 14315 25786 16255 19254 10994 18375 31495 25826 32506 8999 9442 26896 15574 16360 11473 18534
16075 8517 20748 20129 13576 16720 23990 12325 12166 2903 24267 15028 25974 18364 18588 0 13286 25525 14785 16495 19890 14689 19410 14339 13750 17015
5600 18200 15982 28608 14443 27426 19235 22671 19629 18193 10917 23588 22805 14163 20434 14557 17986 15647 18970 19584 15565 16079 4182 11653 18475 16009
4762 11254 22714 10746 17465 23832 19553 12075 20768 21702 14269 15255 19422 20753 14106 14115 14128 20287 11214 22580 18481 26079 17432 16416 9748 15968
9369 11766 18171 21524 14269 17968 15864 24418 5894 15803 20036 20059 24924 14785 15772 20608 20515 6727 19666 1255 26698 24324 9014 17484 8174 17476
15263 7655 18617 12248 17775 17666 22488 15619 18964 20352 18971 27458 20092 10260 29673 20064 16909 13593 13197 15468 25295 24874 19418 13284 9855 15546
3151 9359 21415 8440 20824 16951 14844 26871 26362 7736 10794 23462 24420 16962 25036 17629 16546 7340 13957 9701 23714 17282 17713 13730 9709 18968
7766 8915 10970 18291 17284 21332 13808 21689 19721 29719 17204 18584 19238 14375 11748 24692 15371 13614 20717 22611 26030 23254 10062 9576 14520 16790
10146 12276 19315 14644 21076 21464 18748 13956 33272 16760 16464 17603 24125 22230 19922 8647 25847 16507 29035 12134 27704 16355 17117 23623 8777 20411
24916 6970 19104 15404 18911 14835 18232 25257 21130 8686 17117 23031 26106 18734 25518 18067 30972 8564 21586 20081 12919 28268 12243 13194 8881 18562
21425 8804 16446 15238 12192 18477 21952 18754 10652 17609 22372 26759 26583 17909 18329 16718 20617 19608 21546 22837 13109 20666 9019 7923 11382 16861
13052 10554 18434 19004 10906 9051 26486 6419 18468 2911 13493 6846 26204 19114 12564 11593 16470 0 20568 14750 23060 21338 14732 12906 15128 16752
11142 13307 21371 21006 14896 20350 18723 10663 25574 14678 14592 16950 19723 14449 26918 29088 11123 20967 12553 9221 9125 18579 14466 11696 9726 17373
16104 15207 22449 7950 18395 10431 12499 7424 7693 17126 12335 15228 22933 19183 14545 22790 19229 9256 8352 25147 18756 17738 14671 10419 16513 21114
7560 13115 12505 22447 19684 13317 10745 8424 8719 17343 12930 13125 20948 17450 19264 23440 34413 13435 20863 13178 13442 19164 13578 19130 15022 18096
11524 5543 13997 8680 19583 16000 17842 20420 15407 19924 19139 27240 22438 12609 5449 22620 8111 19666 18249 19047 12272 14988 9016 14734 14862 16718
11081 9773 15606 8546 14020 26727 23271 17952 16686 19290 6631 21612 21570 13921 11752 11206 26001 1948 8501 4130 18359 18063 13238 19552 16763 17986
6541 18963 19001 20922 13403 26292 17740 13674 11332 10845 6743 14447 22878 18746 17795 22884 4165 7000 17116 20546 8844 22194 7169 23498 13658 14008
9115 9669 13987 14349 16477 17603 15995 14331 7012 13730 20532 33070 23877 17659 17797 13648 26300 1548 27150 13239 24616 25116 10450 11824 14808 13740
13593 8001 17224 16224 17108 13663 14878 23821 16629 18532 13641 19800 12547 19799 17369 10170 25834 12176 28840 16673 17131 29317 17323 16119 14431 16663
4833 6848 18297 24754 14782 25749 14712 24859 18916 6820 19678 26673 17708 21771 0 18461 20406 12557 5232 8700 19866 10639 6139 17281 16708 18863
11707 13016 16949 22241 19102 3017 16961 18042 3496 0 9266 19500 17871 15814 15708 15802 15072 18632 15064 8682 17650 26810 16686 12089 13823 21663
9817 10529 19631 20018 15232 22257 17452 30543 24676 0 11511 22454 14921 17079 20082 17852 24099 20248 8496 5974 15411 19411 7295 13231 15641 18215
5949 9168 16842 8475 14594 14801 28753 19484 18618 19043 24140 18173 16511 10148 7102 9681 20912 32746 21453 8824 16765 21332 13947 14915 10657 17489
13106 9192 17600 15601 18771 14685 21724 30819 17246 9603 17641 24739 11454 19193 17592 10525 17761 16216 26719 25234 18666 19678 14078 14145 14104 11872
24485 12233 15019 20988 17345 13695 24449 23910 6468 16410 12738 16422 26911 24939 10112 21556 12615 10590 10866 13149 16300 10460 7126 11064 12931 14348
4097 10055 22173 17683 13491 8629 22152 24762 12338 18280 17813 18280 20578 15068 15830 14722 13230 0 21239 0 25812 14504 8488 15198 15796 16193
18142 12419 17205 13494 22805 17005 17227 5627 11560 12464 2466 16851 18929 8844 13060 14456 3025 4713 16660 4053 21708 26207 11220 14547 11780 17750
15592 14467 16483 37791 16917 23207 22299 22439 9471 9195 21282 12310 23104 16970 20432 17999 12617 19730 15063 10801 25498 17241 6609 10768 17013 21119
12308 8303 19001 25747 15249 10667 30295 12370 16422 23322 13052 19740 16126 14799 18893 17796 18016 12708 22053 0 7510 24448 9548 16452 15231 20721
10575 12974 19971 24485 16623 9672 8885 10844 9530 5846 21386 19782 26738 17342 16998 1591 12892 11837 20941 10741 13211 25434 12114 16516 2271 15152
12736 11038 13543 12748 15948 14692 25489 13187 18313 8321 4143 16854 28821 17472 7772 9709 20571 8554 17022 17935 10766 21001 172 16750 13039 13111
4014 9075 11483 18907 13404 21947 14040 15674 8395 22540 16180 11714 21198 15463 11771 22404 26872 7898 11055 13154 30760 17946 13985 12696 9750 16891
6278 10784 18999 11411 15609 15804 21749 6620 17657 17849 25933 24983 22257 15085 20406 8086 16435 9388 6559 24995 30454 16997 17007 16638 12104 19300
10679 19810 18351 21228 12051 14952 20398 13928 6605 14961 16181 17956 19653 18550 26901 18422 24150 16303 16882 18177 24885 15829 10543 11996 11896 17074
19042 14798 21350 11367 17436 25858 24160 1737 16450 10466 7663 24333 23062 19201 16393 22218 30292 7415 9475 16393 9148 16738 14463 10331 10090 21496
12035 4565 21876 11547 16793 16948 25137 24762 811 5416 17905 14072 23040 16246 8764 20545 17631 2863 17658 14516 9555 21600 8602 14574 12241 15198
20456 9927 12634 23997 14741 12764 21748 27270 14230 22443 19973 18272 12169 19621 12713 15278 12573 10455 11696 20829 21007 23672 14064 11217 10516 20827
12569 12765 18466 20080 14254 7921 26915 1108 19186 22729 15835 1331 25216 16375 22973 22690 14056 26487 11638 25105 14913 26723 8381 13440 15262 14473
7586 5165 17122 8331 25019 14647 8066 16278 20869 24463 15175 18373 18223 13472 10577 19903 13661 22213 18722 14000 6376 16933 9343 15781 9347 18549
15065 14366 15883 12649 19917 18435 29442 23155 15089 6852 8281 22163 21150 21454 9698 17444 8332 10932 7394 26904 16321 27692 16195 14069 13919 17461
9565 9371 17611 7245 18620 17448 17132 17922 19178 22154 15474 19749 21950 18593 7497 14595 24570 12545 27548 10710 11022 21941 8525 13777 16371 18365
8964 11697 15148 12751 10071 20168 10351 12852 19182 11518 8822 11072 19052 19970 27800 2407 15644 12991 18871 20667 17440 21205 7397 12240 8910 18986
12407 6965 17897 14589 10023 17172 4547 17673 18327 11759 14583 22052 12603 19983 14001 16840 25578 8803 25934 16660 17807 19766 8756 18864 15115 17951
7572 8293 12712 24377 18553 16045 27052 0 2645 10481 17696 16238 8578 16853 22571 23217 7195 6080 9286 20793 20737 17440 9086 13167 10923 12102
0 12705 14717 19792 22724 16464 23784 17397 24128 10851 10171 17543 29043 15005 10629 10406 19497 19118 20889 12219 15159 19338 11513 12208 15379 17189
6120 13971 13561 8844 18877 3046 5433 20398 10652 12463 21737 5865 26592 18557 32147 14220 19377 15591 7077 1371 2385 13119 9956 19445 15993 18848
14299 950 18653 7373 16962 36980 14399 21704 13068 17407 16574 22599 26496 20747 18136 29115 15243 16847 12308 16644 22384 17011 2727 14013 13816 20346
17560 9691 17541 10682 18623 21364 13397 24409 21007 16887 16140 12069 23541 17619 22675 20100 25916 6064 1235 0 11624 15930 3844 22676 13587 20770
14361 9734 17962 15800 18486 13940 10035 5283 21941 24017 13009 10721 13423 13313 30549 27506 31091 13541 16043 22021 16123 20044 8722 13609 13200 21130
9384 8770 18763 25423 14487 10268 16035 18260 18594 12882 18250 14710 20281 18796 11682 7732 9622 13519 16048 6943 23313 19512 2987 15679 14256 17242
