4
4
12
10
21
16
4
14
9
12
23
2
21
10
6
23
8
10
7
26
15
16
20
4
14
18
23
2
19
7
4
11
21
10
4
2
12
16
8
24
23
6
17
10
18
9
4
14
20
15
26
2
7
21
23
16
11
5
25
4
15
12
18
19
23
20
9
6
16
7
4
10
8
3
21
14
2
26
12
2
15
20
18
11
13
19
4
23
14
7
17
10
22
12
20
21
2
24
7
4
23
11
10
16
18
19
9
12
6
23
2
20
8
26
4
25
23
14
15
7
10
16
12
21
23
4
18
5
11
10
2
7
16
20
19
4
9
12
15
6
26
23
2
16
8
24
10
3
9
17
18
4
7
23
19
15
20
14
9
6
12
2
11
7
25
16
10
23
12
24
18
26
14
4
10
20
22
21
15
7
23
12
2
8
16
19
11
4
14
18
24
6
20
7
3
2
5
7
21
10
12
16
23
18
9
4
17
7
26
15
10
11
19
8
14
18
6
23
16
20
2
12
25
9
23
4
16
7
15
18
10
21
1
14
11
24
8
23
18
10
19
20
26
2
9
16
7
14
12
23
3
4
18
13
6
5
17
11
24
2
7
15
16
25
10
19
10
23
8
22
4
12
20
18
26
9
16
11
2
10
21
6
15
8
14
20
23
24
19
10
18
3
12
7
16
23
2
17
4
23
14
6
22
26
21
9
23
20
18
11
8
25
14
2
12
4
10
16
15
5
19
7
4
9
10
20
23
18
16
14
3
10
26
6
24
2
23
18
12
7
11
4
21
17
20
16
8
10
15
19
4
9
21
23
2
16
7
18
14
7
12
20
4
7
10
